IDTYPE,ranid,RUN_DATE,TXB2_M,TXB2_M_I,FASTING,TOT_CHOL,HDL_CHOL,TRIG,GLUCOSE,CREATINI,URALBUMI,URCREAT,A1C,DRAWDATE,ratio,logtxb,pat,logpat,patcat,cvper,res1,res2,iso,flag,ratioi,logiso,H010,x35,LVFEJFR,sdate,lvef2cat,lvef3cat,EVENT.x,examdate3_8,chfyn,chfdays,chfdate,sex,date3,date4,date8,date9,examdate4_9,daysexam1to2,ECGDATE,afibyn,afibbl,afibdays,afibdate,afibat,chfbl,chffu,chf_ef_asa_cat,chfafterfu,comparedays,atc_cod1,MEDSTREN,atccode3,atccode4,atccode5,atccode7,aspdose1,aspirin1,nsaid1,antihyper1,betab1,acearb1,lipid1,statin1,diuretic1,insulin1,nonins_diab1,anticoag1,atc_cod2,aspdose2,aspirin2,nsaid2,antihyper2,betab2,acearb2,lipid2,statin2,diuretic2,insulin2,nonins_diab2,anticoag2,aspirin,nsaid,antihyper,betab,acearb,lipid,statin,diuretic,insulinyn,nonins_diab,anticoag,x,crp,INSULIN,INSULIN_I,plate,mcp1,il6,placplate,plac,camplate,cam,exam,camdate,placdate,pselectin,H014,H011,H012,H013,H016,H038,H060,H061,H062,H066,H069,H070,H108,H136,H199,H212,H344,H393,H399,H655,H656,H658,H659,H661,H662,H702,H703,H704,H705,H706,H708,H709,H707,H700,H701,h014_n,h016_n,h212_n,h136_n,h344_n,h038_n,race2,race3,smoke,ethnic,pipe,dose_wk,catdose,pvd,chroniclung,age,bmi,currsmk,dmr,hr,lipr,hypertension,PROCNUM,vsurgyn,revascyn,pctayn,cabgyn,miyn,midate,cerebvascyn,cerebvascdate,RHYTHM,ECGLOC,afibhist,afibcurr,cancerbefore,EVENT1,EDATE1,dvtpe,ldl_chol,ualbumcat,ratiou,logualbumin,ratioucat,diab_comb,lipid_no_statin,lipid_statin,egfr,q2u,medianu,DATEDTH,LASTCON,DATE,EVENT.y,days,ratio2,censor,TXB2_quart,youden,youden2,EGFR_quant,TXB2_quant,event_type,years,censor4,censor10,censor12,censor14
1,2810200742,2018-12-08,4629.4,2,1,203,70,62,104,1,3,151.7,5.4,12072,3051.68094924193,8.02344784868359,,,,,34.68,,894.41,1,589.591298615689,6.37942958265172,0,64.56,0,12072,0,3,,12072,0,,,1,4610,5714,12072,14204,14204,2132,,0,0,,,,0,0,8,0,12072,"","","","","","","",,,,,,,,,,,,"","",,,,,,,,,,,,0,0,0,0,0,0,0,0,0,0,0,,0.73,23.25,2,020209CJB,223.916,0.8,22,182,22,116.721,8,13286,13286,34.68,0,0,0,0,0,8,0,0,0,0,0,0,0,0,0,0,0,184,68.75,0,0,0,0,0,0,1,,,,,7,1,,0,1,0,0,0,0,0,,1,1,0,2,0,,,0,0,60,27.3702037652009,0,,0,0,0,,0,0,0,0,0,,0,,,,0,0,0,,,0,120.6,0,19.77587343441,2.98446268129576,1,0,0,0,81,0,0,,17074,,,,37.6750734474312,1,Q2,low,low,Q1-Q3,Q1-Q3,,,,,,
1,2810201178,2018-11-26,11176.1,2,1,204,38,134,101,0.55,40.2,112.9,5.7,11388,9899.11426040744,9.20020056347441,1.26693629929221,0.236601623273356,1,,41.94,,1270.09,1,1124.96899911426,7.02551075791596,0,,0,11388,,,,11388,0,,,2,3917,5780,11388,13642,13642,2254,,0,0,,,,0,0,,0,11388,"","","","","","","",,,,,,,,,,,,"","",,,,,,,,,,,,0,0,0,0,0,0,0,0,0,0,0,,13.35,218.6,2,010909CJB,375.1,7.54,2,220.5,2,178.273,8,12953,12953,41.94,0,0,0,0,0,0,1,1,1,0,0,0,0,0,0,0,0,238,63.5,1,1,0,0,0,0,1,,,,1,4,2,,0,1,0,0,0,0,0,0,1,1,2,2,0,,,0,1,42,41.4987599148737,1,0,0,0,0,,0,0,0,0,0,,0,,,,0,0,0,,,0,139.2,1,356.067316209035,5.8751198034515,3,0,0,0,116,1,1,,16747,,,,85.3371919000641,1,Q4,high,high,Q4,Q4,,,,,,
1,2810201644,2018-01-06,1624,2,1,179,52,74,86,1.38,38.8,81.1,5.5,12032,2002.46609124538,7.60213474558835,2.69157608695652,0.990126927969675,0,,29.34,,773.92,1,954.278668310728,6.8609557339414,0,75.19,0,12032,0,3,,12032,0,,,1,4276,5638,12032,14048,14048,2016,,0,0,,,,0,0,8,0,12032,C09AA03,10 MG,C09,C09A,C09AA,C09AA03,"",,,,,1,,,1,,,,"","",,,,,,,,,,,,0,0,0,0,1,0,0,1,0,0,0,,0.64,32.48,2,021109CJB,345.58,1.07,35,167.7,35,137.26,8,13060,13060,29.34,1,0,0,0,0,8,0,0,0,0,0,0,0,0,0,0,0,172,69.25,0,0,0,0,0,0,1,,,,,3,5,,0,1,1,0,0,0,0,,1,1,0,2,0,,,0,0,45,25.2170630369229,0,0,1,0,1,,0,0,0,0,0,,0,,,,0,0,0,,,0,112.2,1,478.421701602959,6.17049256449,3,0,0,0,61,0,0,,16845,,,,32.8273129712357,1,Q1,low,low,Q1-Q3,Q1-Q3,,,,,,
1,2810201860,2017-11-26,347.8,2,1,248,74,91,92,0.71,3,12.7,5.4,12606,2738.58267716535,7.91519579444373,2.62382445141066,0.964632967704631,0,,37.76,,72.59,1,571.574803149606,6.3483953638203,0,66.13,0,12606,0,3,,12606,0,,,2,4532,5956,12606,14583,14583,1977,,0,0,,,,0,0,8,0,12606,"","","","","","","",,,,,,,,,,,,"","",,,,,,,,,,,,0,0,0,0,0,0,0,0,0,0,0,,0.35,38.57,2,020309bCJ,302.4,0.64,25,249.6,25,142.266,8,13785,13785,37.76,0,0,0,0,0,2,0,0,0,0,0,0,0,0,0,0,0,120,62,0,0,0,0,0,0,1,,,,,7,7,,0,1,0,0,0,0,0,1,1,1,0,2,0,,,0,0,59,21.9484309936362,0,0,0,0,0,,0,0,0,0,0,,0,,,,0,0,0,,,0,155.8,0,236.220472440945,5.4647655741857,2,0,0,0,93,0,0,,17573,,,,29.4471255609178,1,Q2,low,low,Q1-Q3,Q1-Q3,,,,,,
1,2810202292,2018-11-26,5411.9,2,1,186,51,84,106,0.78,5.7,101.4,5.4,11350,5337.17948717949,8.58245260649348,1.63056930693069,0.488929221894422,1,,11.52,,1014.51,1,1000.50295857988,6.90825811112075,0,75.51,0,11350,0,3,13,11350,0,,,2,4286,5638,11350,13741,13741,2391,13324,1,0,1890,13240,,0,0,8,0,11350,"","","","","","","",,,,,,,,,,,,"","",,,,,,,,,,,,0,0,0,0,0,0,0,0,0,0,0,,0.65,27.76,2,012109CJB,352.582,1.16,11,199.6,11,142.1,8,12743,12743,11.52,0,0,0,0,0,3,0,0,0,0,0,0,0,0,0,0,0,126,63.75,0,0,0,0,0,0,1,,,,,3,0,,0,0,0,0,0,0,0,1,1,1,0,,0,,,0,0,74,21.797956398681,0,0,0,0,0,,0,0,0,0,0,,1,13240,1,6,0,0,0,,,0,118.2,1,56.2130177514793,4.02914836266556,2,0,0,0,75,0,1,15392,,13240,13,,71.1623931623932,1,Q3,low,high,Q1-Q3,Q1-Q3,Cancer Death,,,,,
1,2810203128,2018-01-08,3282,2,1,214,70,76,87,0.96,7.3,58.9,5.4,11475,5572.15619694397,8.62553736698059,,,,,50.14,,319.31,1,542.122241086588,6.29549151307011,0,69.52,0,11475,0,3,,11475,0,,,2,4365,5611,11475,13422,13422,1947,,0,0,,,,0,0,8,0,11475,"","","","","","","",,,,,,,,,,,,"","",,,,,,,,,,,,0,0,0,0,0,0,0,0,0,0,0,,1.2,28.84,2,021109bCJ,403.66,1.21,37,180.8,37,141.023,8,12477,12477,50.14,0,0,0,0,0,2,0,0,0,0,0,0,0,0,0,0,0,126,63.5,0,0,0,0,0,0,1,,,,,4,1,,0,1,0,0,0,0,0,1,1,1,0,2,0,,,0,0,61,21.969931719639,0,0,0,0,0,,0,0,0,0,0,,0,,,,0,0,1,,,0,128.8,1,123.938879456706,4.81978853647894,2,0,0,0,64,0,1,,16262,,,,87.0649405772496,1,Q3,low,high,Q4,Q1-Q3,,,,,,
1,2810203468,2018-02-01,171.6,2,1,168,38,175,98,0.78,3,18.5,5.5,11763,927.567567567568,6.83256564095767,2.63937282229965,0.970541321623903,0,,39.18,,62.19,1,336.162162162162,5.81759366901961,0,56.32,0,11763,0,3,,11763,0,,,1,3943,5629,11763,13779,13779,2016,,0,0,,,,0,0,8,0,11763,"","","","","","","",,,,,,,,,,,,"","",,,,,,,,,,,,0,0,0,0,0,0,0,0,0,0,0,,2.03,103.5,2,021809CJB,243.66,0.94,43,210,43,144.119,8,12648,12648,39.18,0,0,0,0,0,8,0,0,0,0,0,0,0,0,0,0,0,264,72.5,0,0,0,0,0,0,1,,,,,7,1,,0,0,0,0,0,0,0,,1,1,0,,0,,,0,0,53,35.3129115295092,0,0,0,0,0,,0,0,0,0,0,,0,,,,0,0,0,,,0,95,0,162.162162162162,5.08859683556597,2,0,0,0,103,0,0,,16429,,,,9.00551036473367,1,Q1,low,low,Q1-Q3,Q1-Q3,,,,,,
7,2810203537,2017-08-19,1759.1,2,1,198,38,412,98,0.65,3,26.2,5.6,4539,6714.12213740458,8.8119683688259,2.76119402985075,1.01566320568736,0,,53.14,,210.15,1,802.099236641221,6.68723233667217,0,60.38,0,4539,0,3,,4539,0,,,2,4539,,,,,,,0,0,,,,0,0,8,0,4539,"","","","","","","",,,,,,,,,,,,"","",,,,,,,,,,,,0,0,0,0,0,0,0,0,0,0,0,,1.88,127.1,2,010809CJB,220.742,1.65,5,192.3,5,118.012,3,,,53.14,0,0,0,0,0,,0,0,0,0,0,0,,,,,0,112,57.25,0,0,0,0,0,0,,,,,,4,0,,1,0,0,0,,,0,,,,0,1,0,,,0,0,60,24.0255120963323,0,0,0,0,0,,0,0,0,0,0,,0,,,,0,0,0,,,0,77.6,0,114.503816793893,4.7406081568832,2,0,0,0,96,1,1,,8974,,,,69.9387722646311,1,Q4,high,high,Q1-Q3,Q4,,,,,,
1,2810203858,2018-11-26,4795.7,2,1,192,40,212,108,0.95,6.5,79.1,5.2,12373,6062.83185840708,8.70993227327865,1.48568398727466,0.39587526370355,1,,48.96,,553.41,1,699.633375474083,6.55055644851608,0,69.07,0,12373,0,3,,12373,0,,,1,4664,5797,12373,14728,14728,2355,,0,0,,,,0,0,8,0,12373,M01AE01,200 MG,M01,M01A,M01AE,M01AE01,"",,1,,,,,,,,,,"","",,,,,,,,,,,,0,1,0,0,0,0,0,0,0,0,0,,1.54,84.49,2,012009CJB,406.522,1.37,10,98.5,10,84.587,8,13779,13779,48.96,0,0,0,0,0,8,0,0,0,0,0,0,0,0,0,0,0,209,66.5,0,0,0,0,0,0,1,,,,,6,1,,0,1,0,0,0,0,0,,1,1,0,2,0,,,0,0,55,33.228337133366,0,0,0,0,0,,0,0,0,0,0,,0,,,,0,0,0,,,0,109.6,1,82.1744627054362,4.40884458111012,2,0,0,0,90,0,1,,17571,,,,67.3647984267453,1,Q3,high,high,Q1-Q3,Q1-Q3,,,,,,
1,2810203956,2018-01-01,1390.6,2,1,222,58,97,100,0.85,3,92.2,5.6,11625,1508.24295010846,7.31870064309046,3.87536514118793,1.35463988834993,0,,29.12,,1789.42,1,1940.80260303688,7.57085687940739,0,73.97,0,11625,0,3,,11625,0,,,2,4349,5399,11625,13624,13624,1999,12100,1,0,475,12100,,0,0,8,0,11625,"","","","","","","",,,,,,,,,,,,"","",,,,,,,,,,,,0,0,0,0,0,0,0,0,0,0,0,,2.32,59.55,2,021009CJB,521.324,1.16,34,292.9,34,164.392,8,12675,12675,29.12,0,0,0,0,0,2,0,0,0,0,0,0,0,0,0,0,0,177,64,,,,,,,1,,,,,8,8,,0,1,0,0,0,0,0,1,1,1,0,2,0,,,0,0,73,30.3821799049848,0,0,0,0,0,,0,0,0,0,0,,0,,2,1,0,0,1,,,0,144.6,0,32.5379609544469,3.4824074370877,2,0,0,0,68,0,0,,16390,,,,22.1800433839479,1,Q1,low,low,Q1-Q3,Q1-Q3,,,,,,
1,2810203994,2018-12-06,7550.7,2,1,253,62,142,98,0.95,13.1,140.4,5.3,12270,5377.99145299145,8.59007024757345,3.41396933560477,1.22787564237666,0,,54.12,,1506.04,1,1072.67806267806,6.97791366282846,0,63.91,0,12270,0,3,,12270,0,,,2,4612,5796,12270,14393,14393,2123,,0,0,,,,0,0,8,0,12270,C10AC02,1 GM,C10,C10A,C10AC,C10AC02,"",,,,,,1,,,,,,"","",,,,,,,,,,,,0,0,0,0,0,1,0,0,0,0,0,,4.15,57.01,2,012909CJB,345.702,2.08,18,280.5,18,193.934,8,13534,13534,54.12,0,0,0,0,0,2,0,0,0,0,0,0,0,0,0,0,0,187,64.25,0,0,0,0,0,0,1,,,,,3,1,,0,1,0,0,0,0,0,1,1,1,0,2,0,,,0,0,58,31.8493779957173,0,0,0,1,0,,0,0,0,0,0,,0,,,,0,0,0,,,0,162.6,1,93.3048433048433,4.53587201759753,2,0,1,0,66,0,1,,17325,,,,81.484718984719,1,Q3,low,high,Q1-Q3,Q1-Q3,,,,,,
1,2810204144,2017-10-01,2637.9,2,1,215,59,86,94,0.66,3,39,5.2,11684,6763.84615384616,8.81934696491151,2.56767515923567,0.943000882201729,0,,50.52,,433.37,1,1111.20512820513,7.0132004064449,0,,0,11684,,,15,11684,0,,,2,4287,5636,11684,14255,14255,2571,,0,0,,,,0,0,,0,11684,C10AA03,20 MG,C10,C10A,C10AA,C10AA03,"",,,,,,1,1,,,,,"","",,,,,,,,,,,,0,0,0,0,0,1,1,0,0,0,0,,1.8,55.77,2,012009CJB,389.728,2.45,9,219.8,9,151.55,8,13100,13100,50.52,0,0,0,0,0,2,0,0,0,0,0,0,0,0,0,0,0,132,59,0,0,0,0,0,0,1,,,,,7,8,,0,1,0,0,0,0,0,1,1,1,0,2,0,,,0,0,64,26.6609438705807,0,0,0,1,0,,0,0,0,0,0,,1,13672,,,0,0,0,,,0,138.8,0,76.9230769230769,4.3428059215206,2,0,0,1,93,1,1,,16892,13672,15,5208,72.7295285359802,1,Q4,high,high,Q1-Q3,Q4,Subarachnoid Hemmorhage,14.258726899384,1,1,1,0
1,2810204249,2017-09-15,4015.6,2,1,199,56,66,94,0.92,3,86.3,5.4,11066,4653.07068366165,8.44528264271608,1.90234857849197,0.643089216780387,0,,20.48,,1307.12,1,1514.62340672074,7.32292211062128,0,65.9,0,11066,0,3,,11066,0,,,1,,5638,11066,13485,13485,2419,,0,0,,,,0,0,8,0,11066,"","","","","","","",,,,,,,,,,,,"","",,,,,,,,,,,,0,0,0,0,0,0,0,0,0,0,0,,2.86,110.7,2,011409CJB,433.678,1.14,6,247.8,6,153.389,8,12531,12531,20.48,0,0,0,0,0,8,0,0,0,0,0,0,0,0,0,0,0,288,66.5,0,0,0,0,0,0,1,,,,,7,1,,0,1,0,0,0,0,0,,1,1,0,2,0,,,0,0,45,45.7883305952603,0,0,0,0,0,,0,0,0,0,0,,0,,,,0,0,0,,,0,129.8,0,34.7624565469293,3.54853796956086,2,0,0,0,100,0,1,,16324,,,,46.5307068366165,1,Q3,low,low,Q1-Q3,Q1-Q3,,,,,,
1,2810204309,2017-09-23,967.9,2,1,192,32,127,92,0.87,4.2,50.6,5.3,11908,1912.84584980237,7.55634738584972,1.69674711437566,0.528712955922905,0,,35.66,,658.49,1,1301.36363636364,7.17116794473385,0,61.14,0,11908,0,3,,11908,0,,,1,4627,5730,11908,14071,14071,2163,,0,0,,,,0,0,8,0,11908,M01AX25,1200 MG,M01,M01A,M01AX,M01AX25,"",,1,,,,,,1,,,,"","",,,,,,,,,,,,0,1,0,0,0,0,0,1,0,0,0,,3.73,103.2,2,011509CJB,311.464,2.07,7,229.5,7,256.753,8,13351,13351,35.66,1,0,0,0,0,8,0,0,0,0,1,0,0,0,0,0,0,165,66.5,0,0,0,0,0,0,1,,,,,5,1,,0,1,1,0,0,0,0,,1,1,0,2,1,,,0,0,60,26.2328977368679,0,0,1,0,1,,0,0,0,0,0,,0,,,,0,0,0,,,0,134.6,1,83.00395256917,4.41888822797804,2,0,0,0,94,0,0,,17144,,,,20.3494239340678,1,Q1,low,low,Q1-Q3,Q1-Q3,,,,,,
1,2810204393,2017-10-07,2789.9,2,1,247,63,158,96,0.87,3.2,75.4,5.2,11252,3700.1326259947,8.21612394285334,2.58991596638655,0.951625429774486,0,,23.52,,731.99,1,970.809018567639,6.87812976363999,0,71.63,0,11252,0,3,,11252,0,,,2,4301,5638,11252,13347,13347,2095,,0,0,,,,0,0,8,0,11252,"","","","","","","",,,,,,,,,,,,"","",,,,,,,,,,,,0,0,0,0,0,0,0,0,0,0,0,,1.53,32.48,2,012009CJB,379.648,0.78,10,188.4,10,123.951,8,12654,12654,23.52,0,0,0,0,0,2,0,0,0,0,0,0,0,0,0,0,0,150,64.25,0,0,0,0,0,0,1,,,,,3,1,,0,1,0,0,0,0,0,1,1,1,0,2,0,,,0,0,56,25.5476294083294,0,0,0,0,0,,0,0,0,0,0,,0,,,,0,0,0,,,0,152.4,0,42.4403183023873,3.74809881377391,2,0,0,0,74,0,0,,16446,,,,50.0017922431716,1,Q2,low,low,Q1-Q3,Q1-Q3,,,,,,
1,2810204830,2018-12-15,9042.1,2,1,237,35,234,206,0.99,19.9,163.2,9.1,11636,5540.50245098039,8.61984047075159,0.962894248608534,-0.0378116877431085,1,,59.9,,1091.65,1,668.90318627451,6.50563933556721,0,65.63,0,11636,0,3,,11636,0,,,1,4224,5643,11636,13710,13710,2074,11636,1,1,0,11636,1,0,0,8,0,11636,M01AE01,200 MG,M01,M01A,M01AE,M01AE01,"",,1,,1,,,,1,,,,"","",,,,,,,,,,,,0,1,0,1,0,0,0,1,0,0,0,,6.83,135.8,2,021409CJB,263.634,5.06,40,300.9,40,245.912,8,12576,12576,59.9,1,0,0,0,1,8,0,0,0,0,0,0,0,0,0,0,0,200,67.75,0,0,0,0,0,0,1,,,,,4,1,,0,1,1,1,0,0,0,,1,1,0,2,0,,,0,0,54,30.6349382459525,0,0,1,0,1,,0,0,0,0,0,,0,,1,3,1,1,0,,,0,155.2,1,121.936274509804,4.80349856818258,2,1,0,0,86,0,1,,16360,,,,64.4244471044232,1,Q3,low,low,Q1-Q3,Q1-Q3,,,,,,
1,2810207458,2018-11-26,7125,2,1,136,39,108,112,0.96,9.3,124.5,6,11455,5722.89156626506,8.65222947522018,1.07220573689416,0.0697179629791203,1,,66,,1544.42,1,1240.49799196787,7.12326818440251,0,,,11455,,,1,11455,0,,,1,4280,5705,11455,,,,11455,1,1,-1197,10258,,0,0,,0,11455,M01AH01,200 MG,M01,M01A,M01AH,M01AH01,"",,1,,1,1,1,1,1,,,1,"","",,,,,,,,,,,,0,1,0,1,1,1,1,1,0,0,1,,3.51,156.6,2,011609CJB,353.834,6.03,8,124.9,8,111.005,8,12882,12882,66,1,0,0,0,0,8,0,0,0,0,0,0,0,1,0,0,0,346,69.25,0,0,0,0,0,0,1,,,,,4,7,,0,1,1,0,0,1,0,,1,1,0,2,0,,,0,0,63,50.7273477370659,0,0,1,1,1,140,0,1,1,0,1,5948,0,,1,3,1,1,1,3,9100,1,75.4,1,74.6987951807229,4.31346396323659,2,0,0,1,84,0,1,13390,15035,2406,11,3580,68.1296615031555,0,Q3,high,high,Q1-Q3,Q1-Q3,Atherothrombotic Infarction of Brain,9.80150581793292,1,0,0,0
1,2810207626,2017-09-07,2742.6,2,1,232,131,56,100,0.73,16.7,44.3,5.5,11867,6190.97065462754,8.73084716350276,,,,,46.18,,296.26,1,668.758465011287,6.50542295609091,0,,0,11867,,,,11867,0,,,2,4634,5725,11867,14021,14021,2154,11867,1,1,-1119,10748,,0,0,,0,11867,C09CA03,5 MG,C09,C09C,C09CA,C09CA03,"",,,,,1,,,,,,1,"","",,,,,,,,,,,,0,0,0,0,1,0,0,0,0,0,1,,1.04,27.85,2,011309CJB,382.584,3.03,5,229.2,5,142.767,8,13357,13357,46.18,0,0,0,0,0,2,0,0,0,0,0,0,0,1,0,0,0,104,65.5,0,0,0,0,0,0,1,,,,,7,0,,0,1,0,0,0,1,0,1,1,1,0,2,0,,,0,0,74,17.0434045197675,0,0,0,0,0,,0,0,0,0,0,,0,,1,3,1,1,1,,,0,89.8,1,376.975169300226,5.93217932135376,3,0,0,0,81,0,1,15349,16562,15349,29,3482,76.4317364768832,0,Q3,high,high,Q1-Q3,Q1-Q3,Death,9.53319644079398,1,0,0,0
1,2810207982,2017-09-07,1854.4,2,1,207,69,89,87,0.63,3,92,5.5,11826,2015.65217391304,7.60869808152454,1.92002934702861,0.652340470833613,0,,36.86,,696.3,1,756.847826086957,6.62916221088755,0,69.04,0,11826,0,3,,11826,0,,,2,4609,5797,11826,13947,13947,2121,,0,0,,,,0,0,8,0,11826,M01AE01,200 MG / 30 MG,M01,M01A,M01AE,M01AE01,"",,1,,,,,,,,,,"","",,,,,,,,,,,,0,1,0,0,0,0,0,0,0,0,0,,0.55,48.15,2,011309CJB,309.61,1.44,5,186.6,5,115.82,8,13316,13316,36.86,0,0,0,0,0,1,0,0,0,0,0,0,0,0,0,0,0,144,64,0,0,0,0,0,0,1,,,,,4,0,,0,1,0,0,0,0,0,0,1,1,0,2,0,,,0,0,55,24.7177056854114,0,0,0,0,0,,0,0,0,0,0,,0,,,,0,0,0,,,0,120.2,0,32.6086956521739,3.48457899060121,2,0,0,0,101,0,0,,17109,,,,19.9569522169608,1,Q1,low,low,Q1-Q3,Q1-Q3,,,,,,
7,2810208821,2017-08-19,4738.6,2,0,185,49,29,101,0.69,14.5,56.2,5.9,3430,8431.67259786477,9.03975044150082,3.07164480322906,1.12221318465159,0,,54.3,,649.1,1,1154.98220640569,7.05184021712787,0,46.06,2,3430,1,2,,3430,0,,,2,3430,5767,,,5767,2337,,0,0,,,,0,0,7,0,3430,C09AA03,20/25,C03,C03A,C03AA,C03AA03,"",,,,,1,,,,,,,C03AA03,"",,,,,,,,1,,,,0,0,0,0,1,0,0,1,0,0,0,,27.03,142.2,2,010809CJB,117.398,5.28,4,237.2,4,174.7,3,,,54.3,1,0,0,0,0,,0,0,0,0,0,0,,,,,0,324,65,0,0,0,0,0,0,,1,,,,7,10,,0,1,1,0,,,0,,2,2,0,2,0,,,0,0,52,53.9167752891719,0,0,1,0,1,,0,0,0,0,0,,0,,,,0,0,0,,,0,130.2,1,258.007117437722,5.55298717150902,2,0,0,0,116,1,1,,7886,-30,6,4456,72.6868327402135,0,Q4,high,high,Q1-Q3,Q4,Angina,12.1998631074606,1,1,1,0
1,2810209667,2018-02-08,1929.9,2,1,173,62,67,140,1.25,3.4,106.7,6.3,12217,1808.7160262418,7.50037249476545,1.94274809160305,0.664103512789426,0,,49.92,,1327.01,1,1243.6832239925,7.12583259777922,0,61.45,0,12217,0,3,,12217,0,,,1,4409,5620,12217,14485,14485,2268,,0,0,,,,0,0,8,0,12217,C10AX09,40 MG,C10,C10A,C10AA,C10AA01,"",,,,,1,1,,1,,,,C10AA01,"",,,,,,1,1,,,,,0,0,0,0,1,1,1,1,0,0,0,,8.16,151.2,2,021909CJB,454.818,2,46,278.3,46,127.238,8,13008,13008,49.92,1,0,0,0,0,8,0,0,0,0,0,0,0,0,0,0,0,219,65,0,0,0,0,0,0,1,,,,,8,7,,0,1,1,0,0,0,0,,1,1,0,2,0,,,0,0,68,36.4437462602736,0,0,1,1,1,,0,0,0,0,0,,0,,,,0,0,0,,,0,97.6,0,31.8650421743205,3.46150955229655,2,1,0,1,59,0,0,,16789,,,,30.6562038346068,1,Q1,low,low,Q1-Q3,Q1-Q3,,,,,,
1,2810210126,2018-01-26,1178.8,2,1,234,70,71,99,0.74,3,22.6,5.7,12827,5215.92920353982,8.55947253057339,,,,,67.32,,383.42,1,1696.54867256637,7.43635127380176,0,65.7,0,12827,0,3,,12827,0,,,2,4521,5788,12827,,,,,0,0,,,,0,0,8,0,12827,C10AA05,10 MG,C10,C10A,C10AA,C10AA05,"",,,,,,1,1,,,,,"","",,,,,,,,,,,,0,0,0,0,0,1,1,0,0,0,0,,3.17,83.84,2,021709CJB,707.614,1.43,41,243.4,41,147.835,8,13751,13751,67.32,0,0,0,0,0,2,1,1,1,0,0,0,0,0,0,0,0,156,60.25,0,0,0,0,0,0,1,,,,,4,1,,0,1,0,0,0,0,0,1,1,1,2,2,0,,,0,0,51,30.2145484716582,1,0,0,1,0,,0,0,0,0,0,,0,,,,0,0,0,,,0,149.8,0,132.743362831858,4.88841766137201,2,0,0,1,94,0,1,,17535,,,,55.488608548296,1,Q3,low,low,Q1-Q3,Q1-Q3,,,,,,
1,2810210585,2018-02-01,984.9,2,1,197,74,46,96,0.77,3,20.4,5.5,12281,4827.94117647059,8.48217539831358,,,,,60.08,,264.64,1,1297.25490196078,7.16800569697325,0,64.36,0,12281,0,3,,12281,0,,,2,4382,,12281,14283,14283,2002,,0,0,,,,0,0,8,0,12281,M01AX25,1250 MG,M01,M01A,M01AX,M01AX25,"",,1,,,,1,,,,,,"","",,,,,,,,,,,,0,1,0,0,0,1,0,0,0,0,0,,0.45,33.76,2,021809CJB,513.854,0.94,44,92.4,44,111.767,8,13153,13153,60.08,0,0,0,0,0,2,0,0,0,0,0,0,0,0,0,0,0,132,61.75,0,0,0,0,0,0,1,,,,,8,6,,0,1,0,0,0,0,0,1,1,1,0,2,0,,,0,0,68,24.3391619239106,0,0,0,0,0,,0,0,0,0,0,,0,,,,0,0,0,,,0,113.8,0,147.058823529412,4.99083266680008,2,0,1,0,79,0,1,,16934,,,,61.1131794489948,1,Q3,low,low,Q1-Q3,Q1-Q3,,,,,,
1,2810211004,2018-02-17,922.1,2,1,183,58,69,98,0.86,3,35.5,5.5,12900,2597.46478873239,7.86229116705182,2.26003649635036,0.815380961981399,0,,38.46,,176.53,1,497.267605633803,6.20912832310791,0,63.54,0,12900,0,3,,12900,0,,,1,,,12900,14810,14810,1910,,0,0,,,,0,0,8,0,12900,M01AX25,600 MG,M01,M01A,M01AX,M01AX25,"",,1,,,,1,,,,,,"","",,,,,,,,,,,,0,1,0,0,0,1,0,0,0,0,0,,0.98,62.8,2,022009CJB,230.132,0.64,48,207.4,48,128.115,8,13610,13610,38.46,0,0,0,0,0,8,0,0,0,0,0,0,0,0,0,0,0,198,71.25,0,0,0,0,0,0,1,,,,,8,1,,0,1,0,0,0,0,0,,1,1,0,2,0,,,0,0,63,27.4221224342726,0,0,0,0,0,,0,0,0,0,0,,0,,,,0,0,0,,,0,111.2,0,84.5070422535211,4.43683487116888,2,0,1,0,92,0,0,,17391,,,,28.2333129210043,1,Q1,low,low,Q1-Q3,Q1-Q3,,,,,,
1,2810211053,2017-09-02,1481.1,2,1,266,81,57,93,0.61,3,41.1,5.5,11221,3603.6496350365,8.18970239841883,,,,,18.06,,538.83,1,1311.02189781022,7.17856218675938,0,64.41,0,11221,0,3,,11221,0,,,2,4355,5653,11221,13608,13608,2387,,0,0,,,,0,0,8,0,11221,"","","","","","","",,,,,,,,,,,,"","",,,,,,,,,,,,0,0,0,0,0,0,0,0,0,0,0,,0.32,33.03,2,011209CJB,412.66,0.86,3,187.9,3,135.641,8,12749,12749,18.06,0,0,0,0,0,2,0,0,0,0,0,0,0,0,0,0,0,140,62.75,0,0,0,0,0,0,1,,,,1,4,6,,0,0,0,0,0,0,0,1,1,1,0,,0,,,0,0,56,24.9980532024047,0,0,0,0,0,,0,0,0,0,0,,0,,,,0,0,1,,,0,173.6,0,72.992700729927,4.29035944614806,2,0,0,0,101,0,0,,16542,,,,35.679699356797,1,Q2,low,low,Q1-Q3,Q1-Q3,,,,,,
1,2810211771,2018-06-28,20000,3,1,225,32,421,106,0.78,48.4,134.9,5.6,11545,14825.7968865827,9.60412397531051,,,,,36.94,,871.44,1,645.989621942179,6.47078343854857,0,66.29,0,11545,0,3,,11545,0,,,2,4788,5776,11545,13737,13737,2192,,0,0,,,,0,0,8,0,11545,C10AA07,999 MG,C10,C10A,C10AA,C10AA07,"",,,,,,1,1,,,,,"","",,,,,,,,,,,,0,0,0,0,0,1,1,0,0,0,0,,1.32,87.02,2,011209CJB,48.684,1.68,3,199.2,3,147.32,8,13064,13064,36.94,,0,0,0,0,2,0,0,0,0,0,0,0,0,0,0,0,123,61.5,0,0,0,0,0,0,1,,,,,7,6,,0,1,,0,0,0,0,1,1,1,0,2,0,,,0,0,72,22.8644359727744,0,0,0,1,0,,0,0,0,0,0,,0,,,,0,0,0,,,0,108.8,1,358.7842846553,5.88272132949101,3,0,0,1,76,1,1,,15211,,,,195.076274823456,1,Q4,high,high,Q4,Q4,,,,,,
1,2810212122,2017-12-02,4356.1,2,1,199,67,66,113,0.76,3,95,6,11818,4585.36842105263,8.43062573501804,1.05602605863192,0.0545128617143786,1,,41.74,,1665.61,1,1753.27368421053,7.46923999607269,0,76.23,0,11818,0,3,,11818,0,,,2,4392,5659,11818,13924,13924,2106,,0,0,,,,0,0,8,0,11818,M01AE01,400 MG,M01,M01A,M01AE,M01AE01,"",,1,,,,,,1,,,,"","",,,,,,,,,,,,0,1,0,0,0,0,0,1,0,0,0,,6.33,55.17,2,020409CJB,403.468,2.79,26,181,26,104.879,8,12979,12979,41.74,1,0,0,0,0,2,0,0,0,0,0,0,0,0,0,0,0,202,67.25,0,0,0,0,0,0,1,,,,,5,1,,0,1,1,0,0,0,0,1,1,1,0,2,0,,,0,0,61,31.4030915094901,0,0,1,0,1,,0,0,0,0,0,,0,,,,0,0,0,,,0,118.8,0,31.5789473684211,3.45249067604971,2,0,0,0,85,0,1,,16766,,,,53.9455108359133,1,Q3,low,low,Q1-Q3,Q1-Q3,,,,,,
7,2810212216,2017-08-16,1996.5,2,1,213,67,113,100,0.55,3,33.9,5.6,4192,5889.38053097345,8.68090609810496,1.41300940438871,0.345721759298582,1,0.1,45.7,45.8,457.37,2,1349.17404129794,7.20724786293268,0,61.24,0,4192,0,3,,4192,0,,,2,4192,6163,,,6163,1971,,0,0,,,,0,0,8,0,4192,C10AX09,10 MG,C10,C10A,C10AX,C10AX09,"",,,,,,1,,,,,,"","",,,,,,,,,,,,0,0,0,0,0,1,0,0,0,0,0,,1.52,58.48,2,010609CJB,465.262,2.32,4,184.7,4,130.915,3,,,45.7,0,0,0,0,0,,0,0,0,0,0,0,,,,,0,137,63.25,0,0,0,0,0,0,1,,,,,3,6,,1,0,0,0,,,0,,1,1,0,1,0,,,0,0,66,24.0771523115325,0,0,0,1,0,,0,0,0,0,0,,0,,,,0,0,0,,,0,123.4,0,88.4955752212389,4.48295255326384,2,0,1,0,98,0,1,,8687,,,,60.0957197038107,1,Q3,high,low,Q1-Q3,Q1-Q3,,,,,,
1,2810213318,2018-02-03,403.1,2,1,223,57,135,91,1.03,3,49,5.5,12177,822.65306122449,6.71253455800059,2.01231060606061,0.69928361709231,0,,46.16,,313.89,1,640.591836734694,6.46239249393853,0,64.75,0,12177,0,3,14,12177,0,,,1,4170,5642,12177,13837,13837,1660,,0,0,,,,0,0,8,0,12177,M01AX05,1000 MG,M01,M01A,M01AX,M01AX05,"",,1,,,,,,1,,,,"","",,,,,,,,,,,,0,1,0,0,0,0,0,1,0,0,0,,0.32,105.1,2,021809bCJ,399.198,2.21,45,195.2,45,147.806,8,13024,13024,46.16,1,0,0,0,0,8,0,0,0,0,0,0,0,0,0,0,0,222,71.25,0,0,0,0,0,0,1,,,,,7,7,,0,1,1,0,0,0,0,,1,1,0,2,0,,,0,0,62,30.7460160626692,0,0,1,0,1,,0,0,0,0,0,,1,8773,,,0,0,0,,,0,139,0,61.2244897959184,4.11454726953962,2,0,0,0,77,0,0,,16805,8773,14,4628,10.6838059899284,0,Q1,low,low,Q1-Q3,Q1-Q3,Intracerebral Hemmorhage,12.6707734428474,1,1,1,0
1,2810213469,2018-12-15,4887.8,2,1,161,25,344,277,0.56,23.9,99.8,7.7,12590,4897.59519038076,8.49649958615472,1.24642556770395,0.22027990916525,1,,20.82,,1105.64,1,1107.85571142285,7.01018163447969,0,72.03,0,12590,0,3,,12590,0,,,2,4738,5835,12590,14949,14949,2359,,0,0,,,,0,0,8,0,12590,"","","","","","","",,,,,,,,,,,,"","",,,,,,,,,,,,0,0,0,0,0,0,0,0,0,0,0,,1.1,117.9,2,021109bCJ,355.752,2.51,37,321.1,37,160.224,8,13596,13596,20.82,0,0,0,0,1,2,0,0,0,0,0,0,0,0,0,0,0,218,65.75,0,0,0,0,0,0,1,,,,,4,1,,0,1,0,1,0,0,0,1,1,1,0,2,0,,,0,0,61,35.4544368820699,0,0,0,0,0,,0,0,0,0,0,,0,,,,0,0,0,,,0,67.2,1,239.478957915832,5.47846555460218,2,1,0,0,101,0,1,,17381,,,,48.4910414889184,1,Q3,low,low,Q1-Q3,Q1-Q3,,,,,,
1,2810214101,2017-09-13,4389,2,1,189,57,72,96,1.21,3.3,106,5.2,11727,4140.56603773585,8.32858778156426,3.11461126005362,1.13610434832127,0,,60,,878.69,1,828.952830188679,6.72016325386468,0,62.24,0,11727,0,3,,11727,0,,,1,4583,5715,11727,14005,14005,2278,,0,0,,,,0,0,8,0,11727,M01AH01,400 MG,M01,M01A,M01AH,M01AH01,"",,1,,,,,,,,,,"","",,,,,,,,,,,,0,1,0,0,0,0,0,0,0,0,0,,0.36,25.99,2,011409CJB,357.24,2.36,5,213.7,5,152.131,8,13206,13206,60,0,0,0,0,0,8,0,0,0,0,0,0,0,0,0,0,0,140,67,0,0,0,0,0,0,1,,,,,8,6,,0,1,0,0,0,0,0,,1,1,0,2,0,,,0,0,71,21.9272436762739,0,0,0,0,0,,0,0,0,0,0,,0,,,,0,0,1,,,0,117.6,0,31.1320754716981,3.4382386533425,2,0,0,0,60,0,0,,16786,15721,6,5059,69.0094339622642,1,Q2,low,high,Q1-Q3,Q1-Q3,Angina,13.8507871321013,1,1,1,0
1,2810215063,2018-06-28,20000,3,1,213,71,60,97,0.75,5,117.3,5.8,12190,17050.2983802217,9.74392298286479,2.54034729315628,0.932300801272894,0,,57.66,,1680.8,1,1432.90707587383,7.26746057985945,0,63.96,0,12190,0,3,,12190,0,,,2,4591,6199,12190,14518,14518,2328,,0,0,,,,0,0,8,0,12190,"","","","","","","",,,,,,,,,,,,"","",,,,,,,,,,,,0,0,0,0,0,0,0,0,0,0,0,,6.79,93.23,2,011209CJB,362.988,4.58,3,249.4,3,156.723,8,13707,13707,57.66,0,0,0,0,0,2,0,0,0,0,0,0,0,0,0,0,0,211,62.75,0,0,0,0,0,0,1,,,,,4,1,,0,1,0,0,0,0,0,1,1,1,0,2,0,,,0,0,64,37.6756373264814,0,0,0,0,0,,0,0,0,0,0,,0,,,,0,0,0,,,0,130,1,42.6257459505541,3.75245843575681,2,0,0,0,84,1,1,,17500,,,,202.979742621686,1,Q4,high,high,Q4,Q4,,,,,,
1,2810215118,2017-12-02,2116,2,1,205,74,122,90,1.04,3,23.7,5.2,12382,8928.27004219409,9.0969779308252,2.95614035087719,1.08388448195787,0,,37.74,,577.36,1,2436.11814345992,7.79816112661102,0,74.33,0,12382,0,3,,12382,0,,,2,4601,5768,12382,14496,14496,2114,,0,0,,,,0,0,8,0,12382,"","","","","","","",,,,,,,,,,,,"","",,,,,,,,,,,,0,0,0,0,0,0,0,0,0,0,0,,1.17,45.92,2,020409CJB,267.674,1.23,26,130.9,26,77.904,8,13545,13545,37.74,0,0,0,0,0,2,0,0,0,0,0,0,0,0,0,0,0,160,64,0,0,0,0,0,0,1,,,,,4,0,,0,1,0,0,0,0,0,1,1,1,0,2,0,,,0,0,70,27.4641174282349,0,0,0,0,0,,0,0,0,0,0,,0,,,,0,0,1,,,0,106.6,0,126.582278481013,4.84089251950916,2,0,0,0,54,1,1,,17332,,,,165.338334114705,1,Q4,high,high,Q4,Q4,,,,,,
1,2810215690,2018-01-13,172.8,2,1,208,68,120,104,0.74,3,18,5.2,11727,960,6.86693328446188,3.726723095526,1.31552932085637,0,,25.62,,248.68,1,1381.55555555556,7.23096535749306,0,68.45,0,11727,0,3,,11727,0,,,2,4523,5645,11727,13724,13724,1997,,0,0,,,,0,0,8,0,11727,M01AE02,220 MG,M01,M01A,M01AE,M01AE02,"",,1,,,,,,,,,,"","",,,,,,,,,,,,0,1,0,0,0,0,0,0,0,0,0,,2.88,77.13,2,021309CJB,372.252,0.91,39,238.4,39,122.18,8,12688,12688,25.62,0,0,0,0,0,2,0,0,0,0,0,0,0,0,0,0,0,206,66.25,0,0,0,0,0,0,1,,,,,7,2,,0,1,0,0,0,0,0,1,1,1,0,2,0,,,0,0,63,32.9990219254201,0,0,0,0,0,,0,0,0,0,0,,0,,,,0,0,0,,,0,116,0,166.666666666667,5.11599580975408,2,0,0,0,86,0,0,,16472,,,,11.1627906976744,1,Q1,low,low,Q1-Q3,Q1-Q3,,,,,,
1,2810215807,2017-11-21,2195.2,2,1,199,89,116,96,0.72,4,116.6,5.2,12148,1882.67581475129,7.54044934960327,0.76979405034325,-0.261632266996797,1,,18.36,,899.5,1,771.440823327616,6.64825996546229,0,72.19,0,12148,0,3,,12148,0,,,2,4527,5710,12148,14188,14188,2040,,0,0,,,,0,0,8,0,12148,M01AE01,200 MG,M01,M01A,M01AE,M01AE01,"",,1,,,,,,,,,,"","",,,,,,,,,,,,0,1,0,0,0,0,0,0,0,0,0,,1.26,25.22,2,012709bCJ,293.324,0.15,18,216.3,18,114.153,8,13425,13425,18.36,0,0,0,0,0,0,0,0,0,0,0,0,0,0,0,0,0,124,62.5,0,0,0,0,0,0,1,,,,,3,1,,0,1,0,0,0,0,0,0,1,1,0,2,0,,,0,0,52,22.3186161572323,0,0,0,0,0,,0,0,0,0,0,,0,,,,0,0,0,,,0,86.8,1,34.3053173241853,3.53530036618564,2,0,0,0,96,0,0,,17216,,,,19.6112064036592,1,Q1,low,low,Q1-Q3,Q1-Q3,,,,,,
1,2810215986,2018-02-22,714.7,2,1,266,69,136,98,0.53,3,40.6,5.5,12957,1760.34482758621,7.47326499360634,,,,,45.86,,740.32,1,1823.44827586207,7.50848464453909,0,,0,12957,,,,12957,0,,,2,,6030,12957,,,,,0,0,,,,0,0,,0,12957,C09CA03,160/25 MG,C09,C09C,C09CA,C09CA03,"",,,,,1,,,,,,,"","",,,,,,,,,,,,0,0,0,0,1,0,0,0,0,0,0,,4.81,63.47,2,022109CJB,595.258,3.02,50,274.4,50,154.489,8,13595,13595,45.86,1,0,0,0,0,2,1,1,1,0,0,0,0,0,0,0,0,172,61,0,0,0,0,0,0,1,,,,,3,2,,0,0,1,0,0,0,0,1,1,1,2,,0,,,0,0,68,32.4993286374641,1,0,1,0,1,,0,0,0,0,0,,0,,,,0,0,0,,,0,169.8,0,73.8916256157636,4.30259950104256,2,0,0,0,98,0,0,,17375,,,,17.9627023223082,1,Q1,low,low,Q1-Q3,Q1-Q3,,,,,,
1,2810216458,2018-06-28,20000,3,1,137,31,83,125,0.83,36.6,240.4,6.5,11167,8319.46755407654,9.02635353586317,1.68505516549649,0.521798302435466,0,,22.4,,1499.55,1,623.772878535774,6.43578632540834,0,64.87,0,11167,0,3,,11167,0,,,1,4545,5646,11167,13296,13296,2129,,0,0,,,,0,0,8,0,11167,C09AA06,20 MG,C09,C09A,C09AA,C09AA06,"",,,,,1,,,,,,,"","",,,,,,,,,,,,0,0,0,0,1,0,0,0,0,0,0,,3.49,89.72,2,011209CJB,354.458,4.44,3,207.6,3,170.403,8,12688,12688,22.4,1,0,0,0,0,8,0,0,0,0,0,0,0,0,0,0,0,276,69,0,0,0,0,0,0,1,,,,,3,7,,0,1,1,0,0,0,0,,1,1,0,2,0,,,0,0,67,40.75834238625,0,0,1,0,1,,0,0,0,0,0,,0,,,,0,0,0,,,0,89.4,1,152.246256239601,5.02549931672841,2,0,0,0,91,1,1,,16481,,,,91.4227203744675,1,Q4,high,high,Q4,Q4,,,,,,
7,2810217213,2017-08-10,551.6,2,1,171,47,112,124,0.93,3.9,26,6.1,3431,2121.53846153846,7.65989679388576,2.80266444629475,1.03057055267077,0,0.3,36.54,36.38,156.58,2,602.230769230769,6.40064070944638,0,71.41,0,3431,0,3,,3431,0,,,1,3431,5272,,,5272,1841,,0,0,,,,0,0,8,0,3431,C10AX09,20 MG,C10,C10A,C10AA,C10AA01,"",,,,,,1,,,,,,C10AA01,"",,,,,,1,1,,,,,0,0,0,0,0,1,1,0,0,0,0,,0.3,57.2,2,122308CJB,399.762,1.48,1,176.9,1,142.538,3,,,36.54,0,0,0,0,1,,0,0,0,0,0,0,,,,,0,144,65.5,0,0,0,0,0,0,1,,,,,8,1,,0,1,0,1,,,0,,1,1,0,2,0,,,0,0,55,23.5985601042935,0,0,0,1,0,,0,0,0,0,0,,0,,,,0,0,0,,,0,101.6,1,150,5.01063529409626,2,0,0,1,92,0,0,,8090,,,,23.0602006688963,1,Q1,low,low,Q1-Q3,Q1-Q3,,,,,,
1,2810217348,2018-06-30,20000,3,1,261,52,232,120,0.62,67.8,120.9,6.5,12565,16542.5971877585,9.71369398090347,1.23617619493908,0.212022901415561,1,,67.16,,1467.47,1,1213.788254756,7.10150153693048,0,66.67,0,12565,0,3,2,12565,0,,,2,4630,5810,12565,14760,14760,2195,,0,0,,,,0,0,8,0,12565,M01AE01,200 MG,M01,M01A,M01AE,M01AE01,"",,1,,,,,,1,,,,"","",,,,,,,,,,,,0,1,0,0,0,0,0,1,0,0,0,,6.03,134.1,2,020509CJB,357.166,4.36,29,205,29,179.702,8,13680,13680,67.16,0,0,0,0,2,2,1,0,0,55,0,0,0,0,0,0,0,220,62.75,1,1,1,1,1,1,1,,,,,4,1,,0,1,0,1,0,0,0,1,1,1,1,2,0,,,0,1,59,39.2826550323503,0,0,0,0,0,140,0,1,1,0,1,15868,0,,,,0,0,1,,,0,162.6,1,560.794044665012,6.32935371630774,3,0,0,0,99,1,1,,17466,15868,2,4901,167.09694129049,0,Q4,high,high,Q4,Q4,MI,13.4182067077344,1,1,1,0
1,2810218197,2018-01-14,2442.4,2,1,206,72,115,98,0.71,3,60.2,5.4,11934,4057.14285714286,8.30823427509398,,,,,22.08,,789.12,1,1310.83056478405,7.17841623420924,0,62.58,0,11934,0,3,,11934,0,,,2,4615,5900,11934,13989,13989,2055,,0,0,,,,0,0,8,0,11934,M01AH01,200 MG,M01,M01A,M01AH,M01AH01,"",,1,,,,,,,,,,"","",,,,,,,,,,,,0,1,0,0,0,0,0,0,0,0,0,,4.21,67.67,2,021409CJB,467.932,1.88,40,217,40,114.158,8,12879,12879,22.08,0,0,0,0,0,2,0,0,0,0,0,0,0,0,0,0,0,160,66,0,0,0,0,0,0,1,,,,,8,8,,0,1,0,0,0,0,0,1,1,1,0,2,0,,,0,0,63,25.8248450381198,0,0,0,0,0,,0,0,0,0,0,,0,,,,0,0,1,,,0,111,0,49.8338870431894,3.90869521533547,2,0,0,0,91,0,0,,16663,,,,44.5839874411303,1,Q2,low,low,Q1-Q3,Q1-Q3,,,,,,
1,2810218735,2018-05-23,7023.3,2,1,164,63,64,101,0.66,8,77.3,5.8,12035,9085.76972833118,9.1144647024291,3.65512820512821,1.29613116922903,0,,53.68,,562.87,1,728.163001293661,6.59052492601009,0,68.26,0,12035,0,3,,12035,0,,,2,4599,5758,12035,,,,,0,0,,,,0,0,8,0,12035,M01AH01,200 MG,M01,M01A,M01AH,M01AH01,"",,1,,,,,,1,,,,"","",,,,,,,,,,,,0,1,0,0,0,0,0,1,0,0,0,,2.32,45.2,2,020309bCJ,260.43,3.72,24,180.6,24,118.817,8,13216,13216,53.68,1,0,0,0,0,2,0,0,0,0,0,0,0,0,0,0,0,143,65,0,0,0,0,0,0,1,,,,,,6,,0,1,1,0,0,0,0,1,1,1,0,2,0,,,0,0,82,23.7966014393567,0,0,1,0,1,,0,0,0,0,0,,0,,,,0,0,0,1,6156,1,88.2,1,103.492884864166,4.6395028650686,2,0,0,0,82,1,1,13765,,13765,28,1730,110.802069857697,0,Q4,high,high,Q4,Q4,Death,4.73648186173854,1,0,0,0
1,2810218889,2018-12-06,5401.7,2,1,176,70,41,90,0.59,29.3,97.8,5.3,12484,5523.21063394683,8.61671460677071,3.66297262059974,1.298275009185,0,,24.82,,1261.21,1,1289.58077709611,7.16207246554334,0,75.03,0,12484,0,3,,12484,0,,,2,4529,5811,12484,14555,14555,2071,,0,0,,,,0,0,8,0,12484,C10AA05,10 MG,C10,C10A,C10AA,C10AA05,"",,,,,,1,1,,,,,"","",,,,,,,,,,,,0,0,0,0,0,1,1,0,0,0,0,,0.14,47.82,2,012309CJB,269.844,0.85,14,194,14,123.399,8,13828,13828,24.82,0,0,0,0,0,2,0,0,0,0,0,0,0,0,0,0,0,121,59.25,0,0,0,0,0,0,1,,,,,3,1,,0,1,0,0,0,0,0,1,1,1,0,2,0,,,0,0,55,24.2333956867882,0,0,0,1,0,,0,0,0,0,0,,0,,,,0,0,0,,,0,97.8,1,299.59100204499,5.70241821796439,2,0,0,1,103,0,1,,17620,,,,53.623404213076,1,Q3,low,low,Q1-Q3,Q1-Q3,,,,,,
7,2810219745,2017-08-19,4266.9,2,0,213,73,65,94,1.47,10.4,109.7,6.1,,3889.60802187785,8.2660636659512,2.80888429752066,1.03278735735589,0,,43.64,,1029.99,1,938.915223336372,6.84472519114559,0,78.15,0,,0,3,,,0,,,2,,,,,,,,0,0,,,,0,0,8,0,,C07AB02,37.5/25,C03,C03A,C03AA,C03AA03,"",,,,1,,,,1,,,,C03AA03,"",,,,,,,,1,,,,0,0,0,1,0,0,0,1,0,0,0,,1.38,34.55,2,010809CJB,351.096,3.01,5,228.2,5,123.304,3,,,43.64,1,0,0,0,0,,0,0,0,0,0,0,,,,,0,190,69,0,0,0,0,0,0,,1,,,,8,7,,0,0,1,0,,,0,,2,2,0,,0,,,0,0,69,28.0582791789402,0,0,1,0,1,,0,0,0,0,0,,0,,,,0,0,0,,,0,127,1,94.8040109389243,4.55181171784828,2,0,0,0,42,0,0,,,,8,,92.6097148066154,1,Q2,low,high,Q4,Q1-Q3,MI,,,,,
1,2810219804,2017-09-06,4495.3,2,1,224,66,166,96,0.64,3,107.3,5.9,11032,4189.46877912395,8.34032922185323,,,,,28.76,,960.24,1,894.911463187325,6.79672478956853,0,69.01,0,11032,0,3,,11032,0,,,2,4287,5685,11032,13223,13223,2191,,0,0,,,,0,0,8,0,11032,C10AX06,TABLET,C10,C10A,C10AX,C10AX06,"",,,,,,1,,,,,,"","",,,,,,,,,,,,0,0,0,0,0,1,0,0,0,0,0,,2.74,38.42,2,011309CJB,305.08,1.94,4,205.4,4,115.625,8,12539,12539,28.76,0,0,0,0,0,2,0,0,0,0,0,0,0,0,0,0,0,164,60,0,0,0,0,0,0,1,,,,,3,2,,0,1,0,0,0,0,0,1,1,1,0,2,0,,,0,0,58,32.0292640585281,0,0,0,0,0,,0,0,0,0,0,,0,,,,0,0,1,,,0,124.8,0,27.9589934762349,3.33073891801359,1,0,1,0,98,0,1,,16332,,,,42.7496814196322,1,Q3,low,low,Q1-Q3,Q1-Q3,,,,,,
1,2810220167,2018-02-10,2605.6,2,1,190,68,109,98,1.03,5.5,103.7,5.6,11963,2512.63259402121,7.82908632471463,1.30994152046784,0.26998249535238,1,,30.02,,1290.35,1,1244.31051108968,7.12633684913776,0,64.48,0,11963,0,3,,11963,0,,,2,4330,5603,11963,13685,13685,1722,,0,0,,,,0,0,8,0,11963,C10AA05,37.5/25MG,C03,C03A,C03AA,C03AA03,"",,,,1,,1,1,1,,,,C03AA03,"",,,,,,,,1,,,,0,0,0,1,0,1,1,1,0,0,0,,3.21,109.8,2,021909bCJ,270.834,3.31,48,220.3,48,138.946,8,12698,12698,30.02,1,0,0,0,0,2,0,0,0,0,0,0,0,0,0,0,0,190,66.75,0,0,0,0,0,0,1,,,,,4,1,,0,1,1,0,0,0,0,1,1,1,0,2,0,,,0,0,56,29.9817289446471,0,0,1,1,1,,0,0,0,0,0,,0,,,,0,0,0,,,0,100.2,1,53.0376084860174,3.97100125598508,2,0,0,1,61,0,0,,16479,,,,41.1906982626429,1,Q1,low,low,Q1-Q3,Q1-Q3,,,,,,
1,2810220604,2017-11-26,208.7,2,1,185,50,134,97,0.83,3,35.6,5.7,12138,586.23595505618,6.37372236221326,1.52146690518784,0.419674938680817,1,,72.22,,10,1,28.0898876404494,3.33540964112415,0,68.93,0,12138,0,3,,12138,0,,,2,4628,5720,12138,14127,14127,1989,15541,1,0,3403,15541,,0,0,8,0,12138,C10AA07,10 MG,C10,C10A,C10AA,C10AA07,"",,,,,,1,1,,,,,"","",,,,,,,,,,,,0,0,0,0,0,1,1,0,0,0,0,,3.99,104.3,2,020309CJB,,,23,215,23,132.797,8,13342,13342,72.22,0,0,0,0,0,2,0,0,0,0,0,0,0,0,0,0,0,162,63.5,0,0,0,0,0,0,1,,,,,3,0,,0,1,0,0,0,0,0,1,1,1,0,2,0,,,0,0,66,28.2470550681073,0,0,0,1,0,,0,0,0,0,0,,0,,1,1,0,0,0,,,0,108.2,0,84.2696629213483,4.43402192979226,2,0,0,1,73,0,0,,17066,,,,8.03062952131753,1,Q1,low,low,Q1-Q3,Q1-Q3,,,,,,
1,2810220813,2018-01-08,1396.2,2,1,208,95,81,111,0.9,36.1,15.6,4.9,11866,8950,9.0994088112689,1.36724313326551,0.312796400935929,1,,62.78,,233.66,1,1497.82051282051,7.3117663390216,0,71.24,0,11866,0,3,,11866,0,,,2,4346,5540,11866,,,,,0,0,,,,0,0,8,0,11866,C09CA03,160 MG,C09,C09C,C09CA,C09CA03,"",,,,1,1,,,1,,,,"","",,,,,,,,,,,,0,0,0,1,1,0,0,1,0,0,0,,6.15,32.58,2,021109bCJ,584.394,9.85,36,325.6,36,140.652,8,12875,12875,62.78,1,0,0,0,0,2,0,0,0,0,0,0,0,0,0,0,0,111,61.25,0,0,0,0,0,0,1,,,,,3,6,,0,1,1,0,0,0,0,1,1,1,0,2,0,,,0,0,71,20.802541896629,0,0,1,0,1,,0,0,0,0,0,,0,,,,0,0,0,1,13253,0,96.8,1,2314.10256410256,7.74677723006548,3,0,0,0,64,1,1,13294,,13206,11,,139.84375,1,Q4,high,high,Q4,Q4,Atherothrombotic Infarction of Brain,,,,,
1,2810221592,2018-01-14,1643.6,2,1,171,68,152,92,2.37,383.1,36.6,5.7,11598,4490.71038251366,8.40976618259003,,,,,50.5,,210.19,1,574.289617486339,6.35313382915266,0,74.82,0,11598,0,3,13,11598,1,-922,10676,2,,4599,11598,,,,12010,1,0,50,11648,,1,0,6,1,11598,C09CA03,30 MG,C09,C09C,C09CA,C09CA03,"",,,,1,1,,,1,,,,"","",,,,,,,,,,,,0,0,0,1,1,0,0,1,0,0,0,,2.02,40.52,2,021409CJB,424.506,24.97,41,153.5,41,105.956,8,12533,12533,50.5,1,0,0,0,0,2,0,0,0,0,0,0,0,0,0,0,0,126,59.5,0,0,1,1,0,0,1,,,,,7,0,,0,1,1,0,0,0,0,1,1,1,0,2,0,,,0,1,84,25.0231642331797,0,0,1,0,1,,0,0,0,0,0,,1,11830,1,1,0,0,1,1,11635,0,72.6,1,10467.2131147541,9.25600309028142,3,0,0,0,18,0,1,12025,,2269,6,,249.483910139648,1,Q3,low,high,Q4,Q1-Q3,Angina,,,,,
1,2810221770,2017-10-25,3055.2,2,1,228,38,124,86,0.74,3,67.8,5.3,12295,4506.19469026549,8.41320832695305,1.17512437810945,0.161373995704186,1,,27.04,,1035.44,1,1527.19764011799,7.33118972717592,0,49.71,1,12295,1,2,,12295,0,,,2,4545,5792,12295,14361,14361,2066,,0,0,,,,0,0,7,0,12295,"","","","","","","",,,,,,,,,,,,"","",,,,,,,,,,,,0,0,0,0,0,0,0,0,0,0,0,,0.88,24.05,2,012109CJB,207.98,1.64,11,62.8,11,69.64,8,13674,13674,27.04,0,0,0,0,0,2,0,0,0,0,0,0,0,0,0,0,0,159,65.75,0,0,0,0,0,0,1,,,,,4,10,,0,1,0,0,0,0,0,1,1,1,0,2,0,,,0,0,65,25.8589700194913,0,0,0,0,0,,0,0,0,0,0,,0,,,,0,0,0,,,0,165.2,0,44.2477876106195,3.7898053727039,2,0,0,0,85,0,1,,17466,13734,30,5171,53.014055179594,1,Q3,low,low,Q1-Q3,Q1-Q3,IC,14.1574264202601,1,1,1,0
1,2810221786,2018-01-28,640,2,1,262,93,96,102,0.64,3.1,31.6,5.1,12480,2025.3164556962,7.61348124174894,3.88459139114161,1.3570178022629,0,,46.34,,541.26,1,1712.84810126582,7.44591282029183,0,67.17,0,12480,0,3,,12480,0,,,2,5000,6384,12480,14622,14622,2142,,0,0,,,,0,0,8,0,12480,"","","","","","","",,,,,,,,,,,,"","",,,,,,,,,,,,0,0,0,0,0,0,0,0,0,0,0,,0.33,71.18,2,021709CJB,301.152,1.23,42,233.5,42,144.862,8,13387,13387,46.34,0,0,0,0,0,2,0,0,0,0,0,0,0,0,0,0,0,128,64.5,0,0,0,0,0,0,1,,,,,8,1,,0,1,0,0,0,0,0,1,1,1,0,2,0,,,0,0,59,21.6319740373391,0,,0,0,0,,0,0,0,0,0,,0,,,,0,0,0,,,0,149.8,0,98.1012658227848,4.58600026988037,2,0,0,0,98,0,0,,17171,,,,20.6664944458796,1,Q1,low,low,Q1-Q3,Q1-Q3,,,,,,
1,2810221839,2018-06-30,20000,3,1,178,29,204,115,0.97,5.3,125.6,5.6,12649,15923.5668789809,9.67555548449012,1.41304347826087,0.345745873406542,1,,60.6,,1484.6,1,1182.00636942675,7.07496858663744,0,61.62,0,12649,0,3,,12649,0,,,1,4628,5786,12649,14753,14753,2104,,0,0,,,,0,0,8,0,12649,M01AX25,"",M01,M01A,M01AX,M01AX25,"",,1,,,,,,,,,,"","",,,,,,,,,,,,0,1,0,0,0,0,0,0,0,0,0,,3.21,212,2,020609CJB,532.842,2.27,29,167.7,29,142.843,8,13757,13757,60.6,0,0,0,0,0,8,0,0,0,0,0,0,0,0,0,0,0,325,70.5,0,0,0,0,0,0,1,,,,,4,1,,0,1,0,0,0,0,0,,1,1,0,2,0,,,0,0,61,45.9738357231355,0,0,0,0,0,,0,0,0,0,0,,0,,,,0,0,0,,,0,108.2,1,42.1974522292994,3.74235984550612,2,0,0,0,84,1,1,,17543,,,,189.56627236882,1,Q4,high,high,Q4,Q4,,,,,,
1,2810222144,2018-01-14,1994.1,2,1,246,126,71,86,0.76,5.9,192.2,5.3,12517,1037.51300728408,6.94458178916755,2.63754045307443,0.969846836343117,0,,44.14,,1350.72,1,702.767950052029,6.55502675204603,0,62.95,0,12517,0,3,,12517,0,,,2,4524,5714,12517,14472,14472,1955,,0,0,,,,0,0,8,0,12517,"","","","","","","",,,,,,,,,,,,"","",,,,,,,,,,,,0,0,0,0,0,0,0,0,0,0,0,,58.13,37.35,2,021409CJB,273.052,4.84,40,224,40,113.92,8,13457,13457,44.14,0,0,0,0,0,2,0,0,0,0,0,0,0,0,0,0,0,153,64.25,0,0,0,0,0,0,1,,,,,4,6,,0,1,0,0,0,0,0,1,1,1,0,2,0,,,0,0,59,26.058581996496,0,0,0,0,0,,0,0,0,0,0,,0,,,,0,0,0,,,0,105.8,1,30.6971904266389,3.42417113335762,2,0,0,0,86,0,0,,17241,,,,12.0641047358614,1,Q1,low,low,Q1-Q3,Q1-Q3,,,,,,
1,2810222496,2017-10-25,1183.4,2,1,248,69,115,95,0.76,3,25.5,5.3,11857,4640.78431372549,8.44263866406631,2.53538123971476,0.930344016155663,0,,39.12,,462,1,1811.76470588235,7.50205662490545,0,70.17,0,11857,0,3,,11857,0,,,2,4857,,11857,14028,14028,2171,,0,0,,,,0,0,8,0,11857,"","","","","","","",,,,,,,,,,,,"","",,,,,,,,,,,,0,0,0,0,0,0,0,0,0,0,0,,3.74,63.46,2,012209CJB,396.61,2.67,12,124.5,12,84.587,8,13225,13225,39.12,0,0,0,0,0,2,0,0,0,0,0,0,0,0,0,0,0,135,63,0,0,0,0,0,0,1,,,,,7,6,,0,0,0,0,0,0,0,1,1,1,0,,0,,,0,0,63,23.9143335429528,0,,0,0,0,,0,0,0,0,0,,0,,,,0,0,0,,,0,156,0,117.647058823529,4.76768911548587,2,0,0,0,83,0,1,,17017,,,,55.9130640207891,1,Q3,low,low,Q1-Q3,Q1-Q3,,,,,,
1,2810222713,2018-12-17,4109.4,2,1,181,68,116,103,0.84,3,41.7,5.3,12436,9854.6762589928,9.19570136861525,1.83623693379791,0.607718332781741,0,,40.06,,779.93,1,1870.33573141487,7.53387322925003,0,69.41,0,12436,0,3,,12436,0,,,2,5131,,12436,,,,,0,0,,,,0,0,8,0,12436,M01AH01,200 MG,M01,M01A,M01AH,M01AH01,"",,1,,,,,,,,,,"","",,,,,,,,,,,,0,1,0,0,0,0,0,0,0,0,0,,5.3,167.9,2,020509CJB,446.522,2.27,29,231,29,144.215,8,13554,13554,40.06,1,0,0,0,0,2,0,0,0,0,0,0,0,0,0,0,0,177,64.75,0,0,1,1,1,1,1,,,,,3,6,,0,1,1,0,0,0,0,1,1,1,0,2,0,,,0,1,67,29.6824218818009,0,0,1,0,1,140,0,1,1,0,0,,0,,,,0,0,1,,,0,89.8,0,71.9424460431655,4.27586643884549,2,0,0,0,72,1,1,,17340,,,,136.870503597122,1,Q4,high,high,Q4,Q4,,,,,,
1,2810223472,2017-09-02,1606.3,2,1,190,57,135,91,1.53,19.6,44.1,5.4,12171,3642.40362811791,8.20039908009901,2.18272425249169,0.780573753735735,0,,37.4,,288.98,1,655.283446712018,6.48506788510076,0,65.29,0,12171,0,3,,12171,0,,,2,,5939,12171,,,,,0,0,,,,0,0,8,0,12171,C07AA12,40 MG,C07,C07A,C07AA,C07AA12,"",,,,1,,,,,,,,"","",,,,,,,,,,,,0,0,0,1,0,0,0,0,0,0,0,,4.78,31.57,2,011209CJB,352.032,2.62,3,204.7,3,123.77,8,13696,13696,37.4,1,0,0,0,0,2,0,0,0,0,0,0,0,0,0,0,0,114,63.75,0,0,0,0,0,0,1,,,,,3,0,,0,0,1,0,0,0,0,1,1,1,0,,0,,,0,0,79,19.7219605511875,0,0,1,0,1,,0,0,0,0,0,,0,,,,0,0,1,,,0,106,1,444.444444444444,6.09682506276581,3,0,0,0,32,0,0,12453,13309,12453,29,282,113.825113378685,0,Q2,low,high,Q4,Q1-Q3,Death,0.772073921971253,0,0,0,0
1,2810224307,2018-12-06,9867.1,2,1,193,41,232,109,0.78,5.6,68.3,6.2,12195,14446.7057101025,9.5782216890099,,,,,30.68,,822.05,1,1203.58711566618,7.09306163986823,0,63.52,0,12195,0,3,40,12195,1,4334,16529,2,4511,5722,12195,14450,14450,2255,9672,1,1,-2538,9657,,0,1,8,1,12195,C10AX09,10 MG,C10,C10A,C10AX,C10AX09,"",,,,1,,1,,,,1,1,"","",,,,,,,,,,,,0,0,0,1,0,1,0,0,0,1,1,,6.42,133.9,2,012709CJB,293.602,2.47,17,234.3,17,153.322,8,13486,13486,30.68,1,0,0,0,1,2,0,0,0,0,0,0,0,1,0,0,0,164,59.75,0,0,0,0,0,0,1,,,,,7,6,,0,1,1,1,0,1,0,1,1,1,0,2,0,,,0,0,80,32.2978520994244,0,1,1,1,1,,0,0,0,0,0,,0,,1,1,1,0,1,,,0,105.6,1,81.99121522694,4.4066121101465,2,1,1,0,72,1,1,,17277,16529,40,5082,200.64869041809,1,Q4,high,high,Q4,Q4,CHF,13.9137577002053,1,1,1,0
1,2810226039,2018-02-17,2566.8,2,1,214,91,40,102,0.94,3,70.2,5.8,11917,3656.41025641026,8.20423714083269,3.0334008097166,1.1096843695688,0,,27.96,,698.99,1,995.712250712251,6.90345831093616,0,72.49,0,11917,0,3,,11917,0,,,2,4421,5616,11917,13350,13350,1433,,0,0,,,,0,0,8,0,11917,"","","","","","","",,,,,,,,,,,,"","",,,,,,,,,,,,0,0,0,0,0,0,0,0,0,0,0,,0.19,31.34,2,022009CJB,326.696,1.41,49,182.5,49,115.101,8,12594,12594,27.96,0,0,0,0,0,2,0,0,0,0,0,0,0,0,0,0,0,128,62,0,0,0,0,0,0,1,,,,,8,1,,0,1,0,0,0,0,0,1,1,1,0,2,0,,,0,0,65,23.4116597265453,0,0,0,0,0,,0,0,0,0,0,,0,,,,0,0,0,,,0,115,0,42.7350427350427,3.75501925661848,2,0,0,0,64,0,0,,16374,,,,57.1314102564103,1,Q2,low,low,Q1-Q3,Q1-Q3,,,,,,
1,2810226219,2017-12-31,1755.5,2,1,223,40,143,104,0.71,6.1,15,6,12553,11703.3333333333,9.36762898049437,2.54861821903787,0.935551337415971,0,,60.24,,285.47,1,1903.13333333333,7.55125692965167,0,66.62,0,12553,0,3,,12553,0,,,2,4552,5758,12553,14303,14303,1750,,0,0,,,,0,0,8,0,12553,C09CA01,100 MG,C09,C09C,C09CA,C09CA01,"",,,,,1,,,,,,1,"","",,,,,,,,,,,,0,0,0,0,1,0,0,0,0,0,1,,5.88,81.26,2,021009CJB,540.106,2.72,33,243.1,33,203.852,8,13611,13611,60.24,1,0,0,0,0,2,0,0,0,0,0,0,0,0,0,0,0,213,64.25,0,0,0,0,0,0,1,,,,,7,1,,0,1,1,0,0,0,0,1,1,1,0,2,0,,,0,0,62,36.2776337598278,0,0,1,0,1,,0,0,0,0,0,,0,,,,0,0,0,1,12401,1,154.4,1,406.666666666667,6.00799384905919,3,0,0,0,91,1,1,,17199,,,,128.608058608059,1,Q4,high,high,Q4,Q4,,,,,,
1,2810226239,2018-01-10,2552,2,1,159,53,97,133,0.95,4.6,39.8,7.1,12472,6412.06030150754,8.76593591816238,1.19852262234534,0.181089650263045,1,,53.74,,548.59,1,1378.36683417085,7.22865462381779,0,61.95,0,12472,0,3,,12472,0,,,1,,5680,12472,14593,14593,2121,,0,0,,,,0,0,8,0,12472,M01AX05,1000 MG,M01,M01A,M01AX,M01AX05,"",,1,,1,1,1,1,,,1,,"","",,,,,,,,,,,,0,1,0,1,1,1,1,0,0,1,0,,1.31,47.39,2,021209CJB,378.256,2.64,38,176.6,38,109.061,8,13460,13460,53.74,1,0,0,0,1,8,0,0,0,0,0,0,0,0,0,0,0,203,69.25,0,0,0,0,0,0,1,,,,,3,2,,0,1,1,1,0,0,0,,1,1,0,2,0,,,0,0,71,29.7619988168335,0,1,1,1,1,,0,0,0,0,0,,0,,,,0,0,1,,,0,86.6,1,115.577889447236,4.74994467018679,2,1,0,1,80,0,1,,17244,,,,80.1507537688442,1,Q3,high,high,Q1-Q3,Q1-Q3,,,,,,
1,2810226538,2018-01-10,1160.8,2,1,228,70,111,88,0.9,3,29.2,5.9,12078,3975.34246575342,8.28786617828383,6.54325259515571,1.87843438054603,0,,29.58,,436.12,1,1493.56164383562,7.30891891155204,0,70.8,0,12078,0,3,,12078,0,,,2,4293,5645,12078,14185,14185,2107,,0,0,,,,0,0,8,0,12078,M01AE01,200 MG,M01,M01A,M01AE,M01AE01,"",,1,,,,,,,,,,"","",,,,,,,,,,,,0,1,0,0,0,0,0,0,0,0,0,,0.28,29.16,2,021209CJB,340.688,1.17,38,176.9,38,108.023,8,13065,13065,29.58,0,0,0,0,0,2,0,0,0,0,0,0,0,0,0,0,0,151,67,0,0,0,0,0,0,1,,,,,6,1,,0,1,0,0,0,0,0,1,1,1,0,2,0,,,0,0,59,23.6500985365526,0,0,0,0,0,,0,0,0,0,0,,0,,,,0,0,0,,,0,135.8,0,102.739726027397,4.63219885837601,2,0,0,0,70,0,0,,16849,,,,56.7906066536204,1,Q2,low,low,Q1-Q3,Q1-Q3,,,,,,
1,2810226894,2017-11-23,1513,2,1,304,62,186,111,0.62,3,28.1,5.9,12189,5384.34163701068,8.59125032343675,,,,,44.66,,892.73,1,3176.97508896797,8.06368479318368,0,70.19,0,12189,0,3,,12189,0,,,2,4495,5712,12189,14272,14272,2083,,0,0,,,,0,0,8,0,12189,C10AX08,10 MG,C10,C10A,C10AX,C10AX08,"",,,,1,1,1,,1,,,,"","",,,,,,,,,,,,0,0,0,1,1,1,0,1,0,0,0,,4.21,60.59,2,013009CJB,394.17,0.85,20,243.6,20,159.886,8,13432,13432,44.66,1,0,0,0,0,2,0,0,0,0,0,0,0,0,0,0,0,182,63,0,0,0,0,0,0,1,,,,,3,1,,0,1,1,0,0,0,0,1,1,1,0,2,0,,,0,0,57,32.240064480129,0,0,1,1,1,,0,0,0,0,0,,0,,,,0,0,0,,,0,204.8,0,106.761565836299,4.67059799131055,2,0,1,0,100,0,1,,17220,,,,53.8434163701068,1,Q3,low,low,Q1-Q3,Q1-Q3,,,,,,
1,2810227600,2018-12-06,5992,2,1,205,111,48,90,0.76,16.8,134.1,5.3,12406,4468.30723340791,8.40476492089752,2.35380835380835,0.856034592528266,0,,35.72,,1199.64,1,894.586129753915,6.79636118646755,0,67.35,0,12406,0,3,,12406,0,,,2,4550,5789,12406,14619,14619,2213,,0,0,,,,0,0,8,0,12406,M01AE01,200 MG,M01,M01A,M01AE,M01AE01,"",,1,,,,,,,,,,"","",,,,,,,,,,,,0,1,0,0,0,0,0,0,0,0,0,,0.14,36.16,2,012309CJB,290.036,0.83,14,169.1,14,93.647,8,13744,13744,35.72,0,0,0,0,0,2,0,0,0,0,0,0,0,0,0,0,0,105,62.5,0,0,0,0,0,0,1,,,,,8,1,,0,1,0,0,0,0,0,1,1,1,0,2,0,,,0,0,57,18.8988281976564,0,0,0,0,0,,0,0,0,0,0,,0,,,,0,0,0,,,0,84.4,1,125.279642058166,4.83054837510372,2,0,0,0,87,0,1,,17536,,,,51.3598532575621,1,Q3,low,low,Q1-Q3,Q1-Q3,,,,,,
7,2810227900,2017-08-13,2363.3,2,1,189,48,90,96,1.06,3,77.7,5,3257,3041.57014157014,8.02012915500073,3.26336248785228,1.18275810180344,0,3,31.06,32.4,,2,,,0,58.42,0,3257,0,3,,3257,0,,,1,3257,5053,,,5053,1796,,0,0,,,,0,0,8,0,3257,C09CA08,20 MG,C09,C09C,C09CA,C09CA08,"",,,,1,1,,,,,,,"","",,,,,,,,,,,,0,0,0,1,1,0,0,0,0,0,0,,0.81,57.8,2,123008CJB,209.21,0.88,3,190.6,3,134.269,3,,,31.06,1,0,0,0,0,,0,0,0,0,0,0,,,,,0,191,72,0,0,0,0,0,0,,1,,,,8,1,,0,1,1,0,,,0,,2,2,0,2,0,,,0,0,52,25.9044268088536,0,0,1,0,1,,0,0,0,0,0,,0,,,,0,0,1,,,0,123,0,38.6100386100386,3.65351231027665,2,0,0,0,93,0,0,,7811,,,,32.7050552857004,1,Q2,low,low,Q1-Q3,Q1-Q3,,,,,,
1,2810228369,2017-10-22,1223.9,2,1,215,56,147,107,0.72,3.4,47.9,5.7,12341,2555.11482254697,7.84585244195952,1.21234567901235,0.192557060687981,1,,21.84,,381.48,1,796.409185803758,6.68011310628193,0,67.35,0,12341,0,3,,12341,0,,,2,4528,5790,12341,14408,14408,2067,15447,1,0,2646,14987,,0,0,8,0,12341,"","","","","","","",,,,,,,,,,,,"","",,,,,,,,,,,,0,0,0,0,0,0,0,0,0,0,0,,26.66,79.78,2,012109CJB,596.444,1.73,11,166.8,11,124.475,8,13722,13722,21.84,0,0,0,0,0,2,0,0,0,0,0,0,0,0,0,0,0,143,58.5,0,0,0,0,0,0,1,,,,,4,0,,0,1,0,0,0,0,0,1,1,1,0,2,0,,,0,0,80,29.3785202955021,0,0,0,0,0,,0,0,0,0,0,,0,,1,6,0,0,0,,,0,129.6,0,70.9812108559499,4.26241520618738,2,0,0,0,79,0,0,,17514,,,,32.3432256018604,1,Q1,low,low,Q1-Q3,Q1-Q3,,,,,,
1,2810228521,2017-09-07,433,2,1,228,56,88,103,0.85,3,28.3,5.5,11117,1530.03533568905,7.33304610934139,2.06467259498787,0.724971664199997,0,,41.04,,264.52,1,934.69964664311,6.84022524414536,0,67.71,0,11117,0,3,,11117,0,,,2,4313,5622,11117,13315,13315,2198,,0,0,,,,0,0,8,0,11117,C10AX06,COMPLEX,C02,C02K,C02KB,C02KB,"",,,,,,1,,,,,,C02KB,"",,,1,,,,,,,,,0,0,1,0,0,1,0,0,0,0,0,,0.91,45.79,2,011309CJB,412.084,3.3,4,193.9,4,175.033,8,12609,12609,41.04,0,0,0,0,0,2,0,0,0,0,0,0,0,0,0,0,0,175,67.75,0,0,0,0,0,0,1,,,,,8,8,,0,1,0,0,0,0,0,1,1,1,0,2,0,,,0,0,62,26.8055709652085,0,0,0,0,0,,0,0,0,0,0,,0,,,,0,0,0,,,0,154.4,0,106.007067137809,4.66350576300106,2,0,1,0,73,0,0,,16402,,,,20.9593881601239,1,Q1,low,low,Q1-Q3,Q1-Q3,,,,,,
7,2810228792,2017-08-12,724.2,2,1,249,45,135,99,1.15,9,236.5,5.8,3266,306.215644820296,5.72428957538765,1.53937007874016,0.431373292966829,1,3.7,84.78,89.28,1212.82,2,512.820295983087,6.23992548357341,0,59.15,0,3266,0,3,,3266,0,,,1,3266,5155,,,5155,1889,,0,0,,,,0,0,8,0,3266,"","","","","","","",,,,,,,,,,,,"","",,,,,,,,,,,,0,0,0,0,0,0,0,0,0,0,0,,1.76,134.8,2,122908CJB,,,3,203.7,3,162.592,3,,,84.78,0,0,0,0,0,,1,0,0,49,0,0,,,,,0,268,76.5,0,0,0,0,0,0,,1,,,,8,1,,0,1,0,0,,,0,,2,2,1,2,0,,,0,0,53,32.1971578199212,0,0,0,0,0,,0,0,0,0,0,,0,,,,0,0,0,3,2841,1,177,1,38.0549682875264,3.63903164838637,2,0,0,0,84,0,0,,7858,,,,3.64542434309876,1,Q1,low,low,Q1-Q3,Q1-Q3,,,,,,
1,2810229343,2018-11-26,5700.1,2,1,255,89,152,98,0.56,4.3,76.2,5.5,11836,7480.44619422572,8.92004772082389,2.36516424751719,0.860847468799718,0,,28.12,,738.76,1,969.501312335958,6.8767818283032,0,62.53,0,11836,0,3,,11836,0,,,2,4493,5701,11836,14094,14094,2258,,0,0,,,,0,0,8,0,11836,M01AH01,200 MG,M01,M01A,M01AH,M01AH01,"",,1,,,,1,1,,,,,"","",,,,,,,,,,,,0,1,0,0,0,1,1,0,0,0,0,,4.01,67.67,2,010909CJB,520.72,5.38,1,182.3,1,120.655,8,13419,13419,28.12,0,0,0,0,0,2,0,0,0,0,0,0,0,0,0,0,0,136,60.5,0,0,0,0,0,0,1,,,,,3,,,0,1,0,0,0,0,0,1,1,1,0,2,0,,,0,0,65,26.123644898065,0,0,0,1,0,,0,0,0,0,0,,0,,,,0,0,0,,,0,135.6,1,56.4304461942257,4.03300883898905,2,0,0,1,98,1,1,,17213,,,,76.3310836145482,1,Q4,high,high,Q1-Q3,Q4,,,,,,
1,2810229606,2017-12-23,2221.2,2,1,207,60,115,102,0.84,3,39.6,5.5,12209,5609.09090909091,8.63214393709511,1.50498164656529,0.408780703153248,1,,19,,284.97,1,719.621212121212,6.57872497929786,0,79.89,0,12209,0,3,,12209,0,,,2,4616,5720,12209,14626,14626,2417,,0,0,,,,0,0,8,0,12209,C07AB03,25 MG,C07,C07A,C07AB,C07AB03,"",,,,1,,,,1,,,,"","",,,,,,,,,,,,0,0,0,1,0,0,0,1,0,0,0,,0.67,39.45,2,020709CJB,385.312,2.11,31,242.2,31,181.473,8,13302,13302,19,1,0,0,0,0,2,0,0,0,0,0,0,0,0,0,0,0,116,58.75,0,0,0,0,0,0,1,,,,,6,6,,0,0,1,0,0,0,0,1,1,1,0,,0,,,0,0,88,23.6291369821309,0,0,1,0,1,,0,0,0,0,0,,0,,,,0,0,0,,,0,124,0,75.7575757575758,4.32753844938981,2,0,0,0,62,0,1,15402,15349,15402,28,3193,90.4692082111437,0,Q3,high,high,Q4,Q1-Q3,Death,8.7419575633128,1,0,0,0
1,2810230139,2017-08-26,3332.6,2,1,265,69,173,112,0.85,5,102.8,5.6,11305,3241.82879377432,8.08389289207155,1.81733457595527,0.597370908927094,0,,46.38,,479.56,1,466.498054474708,6.14525384980648,0,61.41,0,11305,0,3,,11305,0,,,2,4357,5744,11305,13513,13513,2208,,0,0,,,,0,0,8,0,11305,C10AX09,10 MG,C10,C10A,C10AX,C10AX09,"",,,,,,1,,,,,,"","",,,,,,,,,,,,0,0,0,0,0,1,0,0,0,0,0,,1.37,62.38,2,010909CJB,578.378,3.6,1,196.6,1,138.337,8,12895,12895,46.38,0,0,0,0,0,2,1,1,1,0,0,0,0,0,0,0,0,170,65,0,0,0,0,0,0,1,,,,,3,10,,0,1,0,0,0,0,0,1,1,1,2,2,0,,,0,0,55,28.2896660467877,1,0,0,1,0,,0,0,0,0,0,,0,,,,0,0,0,,,0,161.4,1,48.6381322957199,3.88440783839517,2,0,1,0,77,0,0,,16689,,,,42.1016726464197,1,Q2,low,low,Q1-Q3,Q1-Q3,,,,,,
1,2810230514,2018-12-06,5767.5,2,1,216,57,148,92,0.77,9.9,127.3,5.4,12135,4530.6362922231,8.41861767047264,,,,,47.68,,1522.9,1,1196.30793401414,7.08699537128238,0,66.47,0,12135,0,3,,12135,0,,,2,4557,5723,12135,14131,14131,1996,,0,0,,,,0,0,8,0,12135,M01AE01,800 MG,M01,M01A,M01AE,M01AE01,"",,1,,,,,,,,,,"","",,,,,,,,,,,,0,1,0,0,0,0,0,0,0,0,0,,2.27,62.66,2,012909CJB,417.376,1.09,19,173.5,19,107.251,8,13390,13390,47.68,0,0,0,0,0,3,0,0,0,0,0,0,0,0,0,0,0,153,67.75,0,0,0,0,0,0,1,,,,,6,1,,0,1,0,0,0,0,0,1,1,1,0,2,0,,,0,0,54,23.4357277581537,0,0,0,0,0,,0,0,0,0,0,,0,,,,0,0,0,,,0,129.4,1,77.7690494893951,4.35374353055932,2,0,0,0,88,0,1,,17181,,,,51.484503320717,1,Q3,low,low,Q1-Q3,Q1-Q3,,,,,,
1,2810231017,2018-12-22,3481.7,2,1,202,48,79,107,0.84,3.7,174.8,5.6,11561,1991.81922196796,7.59680368200221,0.925619834710744,-0.0772916743016464,1,,57.56,,1548.63,1,885.943935926773,6.78665367086794,0,69.29,0,11561,0,3,,11561,0,,,1,,,11561,13567,13567,2006,,0,0,,,,0,0,8,0,11561,"","","","","","","",,,,,,,,,,,,"","",,,,,,,,,,,,0,0,0,0,0,0,0,0,0,0,0,,0.93,64.05,2,021709CJB,266.95,0.46,42,242.6,42,143.71,8,12464,12464,57.56,0,0,0,0,0,8,0,0,0,0,0,0,0,0,0,0,0,150,67.25,0,0,0,0,0,0,1,,,,,3,7,,0,1,0,0,0,0,0,,1,1,0,2,0,,,0,0,58,23.3191273585322,0,,0,0,0,,0,0,0,0,0,,0,,,,0,0,0,,,0,138.2,0,21.1670480549199,3.05244563541088,1,0,0,0,97,0,0,15631,,15631,22,4070,20.5342187831749,0,Q1,low,low,Q1-Q3,Q1-Q3,CHD Death,11.1430527036277,1,1,0,0
1,2810232507,2018-01-13,2001.7,2,1,211,42,121,98,0.84,3,53.7,5.6,12055,3727.56052141527,8.22350928296993,2.55166374781086,0.936745596539195,0,,30.02,,563.75,1,1049.81378026071,6.95636807529016,0,57.48,0,12055,0,3,,12055,0,,,1,4168,5643,12055,14017,14017,1962,,0,0,,,,0,0,8,0,12055,"","","","","","","",,,,,,,,,,,,"","",,,,,,,,,,,,0,0,0,0,0,0,0,0,0,0,0,,1.77,49.25,2,021209CJB,307.044,1.28,38,247.2,38,182.788,8,13031,13031,30.02,0,0,0,0,0,8,0,0,0,0,0,0,0,0,0,0,0,215,69.25,0,0,0,0,0,0,1,,,,,8,8,,0,1,0,0,0,0,0,,1,1,0,2,0,,,0,0,67,31.5213287961537,0,0,0,0,0,,0,0,0,0,0,,0,,,,0,0,0,,,0,144.8,0,55.8659217877095,4.02295456613543,2,0,0,0,91,0,0,,16815,,,,40.9622035320359,1,Q2,low,low,Q1-Q3,Q1-Q3,,,,,,
1,2810233612,2018-12-06,5968.6,2,1,243,30,265,166,0.8,1354.7,96.3,8.5,11119,6197.92315680166,8.73196954020721,1.13424487259167,0.125967119024209,1,,39.36,,1810.39,1,1879.94807892004,7.5389994378469,0,43.7,2,11119,1,2,,11119,0,,,2,4385,,11119,,,,,0,0,,,,0,0,7,0,11119,C10AA05,40 MG,C10,C10A,C10AA,C10AA05,"",,,,1,,1,1,,,1,,"","",,,,,,,,,,,,0,0,0,1,0,1,1,0,0,1,0,,16.68,66.15,2,012109CJB,302.888,5.39,11,206.2,11,202.685,8,12512,12512,39.36,0,0,0,0,1,2,0,0,0,0,0,0,0,0,0,0,0,154,67.25,0,0,0,0,0,0,1,,,,,4,,,0,1,0,1,0,0,0,1,1,1,0,2,0,,,0,0,58,23.9409707547597,0,1,0,1,0,,0,0,0,0,0,,0,,,,0,0,1,1,4600,1,160,1,14067.497403946,9.55162226676475,3,1,0,1,81,0,1,,16304,,,,76.5175698370576,1,Q3,high,high,Q1-Q3,Q1-Q3,,,,,,
1,2810234151,2018-12-22,4265.1,2,1,170,46,129,119,0.97,9.7,183.4,5.5,13082,2325.57251908397,7.75172153247549,1.96380952380952,0.674886221425336,0,,41.08,,1119.51,1,610.419847328244,6.41414699472382,0,64.65,0,13082,0,3,,13082,0,,,1,4573,6902,13082,,,,,0,0,,,,0,0,8,0,13082,C10AA01,10/40 MG,C10,C10A,C10AA,C10AA01,"",,,,1,1,1,1,,,,,"","",,,,,,,,,,,,0,0,0,1,1,1,1,0,0,0,0,,0.65,81.97,2,022009CJB,231.232,0.97,48,165.1,48,180.245,8,13789,13789,41.08,1,0,0,0,0,8,0,0,0,0,0,0,0,2,0,0,0,173,71,0,0,0,0,0,0,1,,,,,7,2,,0,1,1,0,0,1,0,,1,1,0,2,0,,,0,0,58,24.128760814554,0,0,1,1,1,,0,0,0,0,0,,0,,,,0,0,0,,,0,98.2,1,52.8898582333697,3.96821160466911,2,0,0,1,86,0,0,,17570,,,,27.041540919581,1,Q1,low,low,Q1-Q3,Q1-Q3,,,,,,
1,2810234491,2018-07-06,20000,3,1,229,85,79,98,0.92,12.8,281.8,5.3,12335,7097.232079489,8.86746013905964,3.11985018726592,1.13778498376659,0,,30.12,,2156.41,1,765.227111426544,6.64017266744883,0,66,0,12335,0,3,,12335,0,,,2,,5429,12335,14570,14570,2235,,0,0,,,,0,0,8,0,12335,C10AX06,"",C10,C10A,C10AX,C10AX06,"",,,,,,1,,,,,,"","",,,,,,,,,,,,0,0,0,0,0,1,0,0,0,0,0,,0.4,32.54,2,021909bCJ,311.984,0.81,47,239.4,47,159.762,8,13111,13111,30.12,0,0,0,0,0,0,0,0,0,0,0,0,0,0,0,0,0,139,66.5,0,0,0,0,0,0,1,,,,,4,0,,0,1,0,0,0,0,0,0,1,1,0,2,0,,,0,0,59,22.0992290025736,0,0,0,0,0,,0,0,0,0,0,,0,,,,0,0,0,,,0,128.2,1,45.4222853087296,3.81600285044313,2,0,1,0,68,1,1,,16892,,,,104.371059992485,1,Q4,high,high,Q4,Q4,,,,,,
1,2810234716,2017-10-25,507.6,2,1,237,105,73,100,0.84,3,39.5,5.3,12470,1285.06329113924,7.15856324992125,4.43993085566119,1.49063880327359,0,,35.22,,522.55,1,1322.91139240506,7.18759018712153,0,64.79,0,12470,0,3,12,12470,0,,,2,4516,5817,12470,14568,14568,2098,,0,0,,,,0,0,8,0,12470,"","","","","","","",,,,,,,,,,,,"","",,,,,,,,,,,,0,0,0,0,0,0,0,0,0,0,0,,0.51,30.02,2,012109CJB,239.356,1.73,11,145,11,97.61,8,13849,13849,35.22,0,0,0,0,0,2,0,0,0,0,0,0,0,0,0,0,0,125,66.5,0,0,0,0,0,0,1,,,,,7,0,,0,1,0,0,0,0,0,1,1,1,0,2,0,,,0,0,62,19.8734073764151,0,0,0,0,0,,0,0,0,0,0,,1,6465,,,0,0,0,,,0,117.4,0,75.9493670886076,4.33006689574317,2,0,0,0,74,0,0,,17641,6465,12,5171,17.3657201505303,1,Q1,low,low,Q1-Q3,Q1-Q3,TIA,14.1574264202601,1,1,1,0
1,2810234772,2017-12-24,1281.6,2,1,221,102,75,105,0.73,3,21.4,5.3,11524,5988.78504672897,8.69764384027438,1.89004457652303,0.63660041425534,0,,34.38,,170.92,1,798.691588785047,6.68297487473611,0,65.64,0,11524,0,3,,11524,0,,,2,4517,5649,11524,13638,13638,2114,,0,0,,,,0,0,8,0,11524,C09AA03,10 MG,C09,C09A,C09AA,C09AA03,"",,,,1,1,,,1,,,,"","",,,,,,,,,,,,0,0,0,1,1,0,0,1,0,0,0,,0.73,24,2,020709CJB,364.27,1.06,31,212.4,31,141.747,8,12608,12608,34.38,1,0,0,0,0,2,0,0,0,0,0,0,0,0,0,0,0,115,62,0,0,0,0,0,0,1,,,,,6,7,,0,1,1,0,0,0,0,1,1,1,0,2,0,,,0,0,67,21.033913035568,0,0,1,0,1,,0,0,0,0,0,,0,,,,0,0,0,,,0,104,0,140.18691588785,4.94297664562244,2,0,0,0,85,0,1,,16394,,,,70.4562946673997,1,Q3,high,high,Q1-Q3,Q1-Q3,,,,,,
1,2810236001,2017-11-26,929.7,2,1,212,90,74,92,0.96,4.1,45.2,5.8,12050,2056.85840707965,7.62893505261172,2.59427443237907,0.953306875355818,0,,36.92,,573.67,1,1269.1814159292,7.1461274172517,0,60.8,0,12050,0,3,,12050,0,,,2,4669,5768,12050,14241,14241,2191,,0,0,,,,0,0,8,0,12050,"","","","","","","",,,,,,,,,,,,"","",,,,,,,,,,,,0,0,0,0,0,0,0,0,0,0,0,,0.71,48.08,2,020309CJB,269.56,1.72,23,228,23,119.121,8,13250,13250,36.92,0,0,0,0,0,2,0,0,0,0,0,0,0,0,0,0,0,158,64.25,0,0,0,0,0,0,1,,,,,8,1,,0,1,0,0,0,0,0,1,1,1,0,2,0,,,0,0,57,26.9101696434403,0,0,0,0,0,,0,0,0,0,0,,0,,,,0,0,0,,,0,107.2,1,90.7079646017699,4.50764516585421,2,0,0,0,66,0,0,,17038,,,,31.1645213193886,1,Q1,low,low,Q1-Q3,Q1-Q3,,,,,,
1,2810236331,2018-02-10,2971.2,2,1,225,57,98,97,0.75,3.7,72.8,5.6,12590,4081.31868131868,8.31417542138389,1.12948517940718,0.121761935465046,1,,30.2,,624.69,1,858.090659340659,6.75470975747316,0,60.25,0,12590,0,3,,12590,0,,,2,4638,5958,12590,14857,14857,2267,,0,0,,,,0,0,8,0,12590,C03AA03,25 MG,C03,C03A,C03AA,C03AA03,"",,,,,,,,1,,,,"","",,,,,,,,,,,,0,0,0,0,0,0,0,1,0,0,0,,2.66,37.44,2,021909bCJ,256.522,1.4,47,243.1,47,165.726,8,13363,13363,30.2,1,0,0,0,0,3,0,0,0,0,0,0,0,0,0,0,0,131,59.25,1,1,0,0,1,1,1,,,,,3,7,,0,1,1,0,0,0,0,1,1,1,0,2,0,,,0,1,67,26.2361556609029,0,0,1,0,1,,0,0,0,0,0,,0,,,,0,0,0,,,0,148.4,0,50.8241758241758,3.92837214342968,2,0,0,0,82,0,0,,17144,,,,49.7721790404717,1,Q2,low,low,Q1-Q3,Q1-Q3,,,,,,
1,2810236645,2018-01-28,560.2,2,1,167,38,164,126,0.99,3.5,56.7,5.5,12223,988.007054673721,6.89568983808039,2.86046511627907,1.05098423967885,0,,47.94,,304.98,1,537.883597883598,6.28764217594125,0,69.84,0,12223,0,3,,12223,0,,,2,4332,,12223,,,,,0,0,,,,0,0,8,0,12223,C09AA03,20 MG,C09,C09A,C09AA,C09AA03,"",,,,,1,,,,,,,"","",,,,,,,,,,,,0,0,0,0,1,0,0,0,0,0,0,,8.93,158.2,2,021709CJB,367.964,2.04,43,224.8,43,137.179,8,13124,13124,47.94,1,0,0,0,1,2,0,0,0,0,0,0,0,0,0,0,0,165,62,0,0,0,0,0,0,1,,,,,8,2,,0,1,1,1,0,0,0,1,1,1,0,2,0,,,0,0,71,30.1790926162498,0,0,1,0,1,140,0,1,1,0,0,,0,,,,0,0,0,,,0,96.2,0,61.7283950617284,4.1227440367438,2,0,0,0,57,0,0,,16905,,,,17.333457099539,1,Q1,low,low,Q1-Q3,Q1-Q3,,,,,,
1,2810237207,2018-12-06,6369.4,2,1,195,52,205,88,0.81,14.4,89.7,5.8,11998,7100.78037904125,8.86795996953049,2.33394833948339,0.847561399721974,0,,80.42,,1165.32,1,1299.13043478261,7.1694504233176,0,68.84,0,11998,0,3,,11998,0,,,2,4594,5720,11998,,,,,0,0,,,,0,0,8,0,11998,C03AA03,25 MG,C03,C03A,C03AA,C03AA03,"",,,,,,,,1,,,,"","",,,,,,,,,,,,0,0,0,0,0,0,0,1,0,0,0,,4.27,80.92,2,012709CJB,604.962,3.57,16,224.9,16,152.846,8,13297,13297,80.42,1,0,0,0,0,2,0,0,0,0,0,0,0,0,0,0,0,122,59,0,0,0,0,0,0,1,,,,,6,6,,0,1,1,0,0,0,0,1,1,1,0,2,0,,,0,0,80,24.6411753955367,0,0,1,0,1,,0,0,0,0,0,,0,,,,0,0,1,,,0,102,1,160.535117056856,5.07851271649934,2,0,0,0,69,1,1,12324,,12324,27,326,102.909860565815,0,Q4,high,high,Q4,Q4,,0.892539356605065,0,0,0,0
1,2810237807,2018-12-17,1138.1,2,1,186,47,233,96,0.95,3,32.1,5.7,12384,3545.48286604361,8.17342964013997,2.35271565495208,0.85557025881877,0,,29.28,,127.23,1,396.355140186916,5.98231062800673,0,70.96,0,12384,0,3,,12384,0,,,2,4606,5778,12384,14485,14485,2101,,0,0,,,,0,0,8,0,12384,C10AX06,10 MG,C10,C10A,C10AX,C10AX06,"",,,,,1,1,1,,,,,"","",,,,,,,,,,,,0,0,0,0,1,1,1,0,0,0,0,,0.53,64.03,2,020609CJB,278.172,0.72,29,202.4,29,142.586,8,13497,13497,29.28,1,0,0,0,0,2,0,0,0,0,0,0,0,0,0,0,0,168,65.25,0,0,0,0,0,0,1,,,,,8,6,,0,1,1,0,0,0,0,1,1,1,0,2,0,,,0,0,67,27.7430281376615,0,0,1,1,1,,0,0,0,0,0,,0,,,,0,0,0,,,0,92.4,0,93.4579439252336,4.53751153751428,2,0,0,1,62,0,0,,17283,,,,57.1852075168325,1,Q2,low,low,Q1-Q3,Q1-Q3,,,,,,
1,2810238224,2017-09-27,2593.5,2,1,272,114,57,92,0.77,7.6,74.3,5.3,11136,3490.57873485868,8.15782282805583,4.66412213740458,1.53989963597044,0,,57.94,,630.24,1,848.236877523553,6.74315993348697,0,73.95,0,11136,0,3,,11136,0,,,2,4271,5368,11136,13314,13314,2178,,0,0,,,,0,0,8,0,11136,M01AX25,800 MG,M01,M01A,M01AX,M01AX25,"",,1,,,,,,,,,,"","",,,,,,,,,,,,0,1,0,0,0,0,0,0,0,0,0,,0.45,64.56,2,011609CJB,479.754,1.54,8,169.7,8,121.703,8,12566,12566,57.94,1,0,0,0,0,2,0,0,0,0,0,0,0,2,0,0,0,136,64.5,0,0,0,0,0,0,1,,,,,8,6,,0,1,1,0,0,1,0,1,1,1,0,2,0,,,0,0,69,22.9839724146728,0,0,1,0,1,,0,0,0,0,0,,0,,,,0,0,1,,,0,146.6,1,102.28802153432,4.62779257455071,2,0,0,0,79,0,0,,16359,,,,44.1845409475783,1,Q2,low,low,Q1-Q3,Q1-Q3,,,,,,
1,2810238299,2018-01-26,2756.8,2,1,211,81,62,93,0.85,3,81.7,5.5,12038,3374.29620563036,8.1239420498958,3.11151339608979,1.1351092303657,0,,34.78,,1210.84,1,1482.05630354957,7.30118579673327,0,69.22,0,12038,0,3,,12038,0,,,2,4710,5728,12038,14041,14041,2003,,0,0,,,,0,0,8,0,12038,"","","","","","","",,,,,,,,,,,,"","",,,,,,,,,,,,0,0,0,0,0,0,0,0,0,0,0,,14.69,63.08,2,021709CJB,346.708,4.22,42,195.8,42,102.564,8,12949,12949,34.78,0,0,0,0,0,2,0,0,0,0,0,0,0,0,0,0,0,147,63.75,0,0,0,0,0,0,1,,,,,8,1,,0,1,0,0,0,0,0,1,1,1,0,2,0,,,0,0,58,25.4309491317945,0,0,0,0,0,,0,0,0,0,0,,0,,,,0,0,0,,,0,117.6,0,36.7197062423501,3.60331356578429,2,0,0,0,76,0,0,,16733,,,,44.3986342846099,1,Q2,low,low,Q1-Q3,Q1-Q3,,,,,,
1,2810238441,2017-12-31,3446.4,2,1,167,61,89,89,0.91,3,105.5,5.4,11646,3266.72985781991,8.09154472003404,2.56410256410256,0.941608539858445,0,,21.08,,1557.7,1,1476.49289099526,7.29742488640453,0,61.76,0,11646,0,3,,11646,0,,,2,4211,5661,11646,13689,13689,2043,,0,0,,,,0,0,8,0,11646,"","","","","","","",,,,,,,,,,,,"","",,,,,,,,,,,,0,0,0,0,0,0,0,0,0,0,0,,4.6,38.69,2,020909CJB,150.056,0.69,33,154.8,33,97.21,8,12710,12710,21.08,0,0,0,0,0,0,0,0,0,0,0,0,0,0,0,0,0,131,63.25,0,0,0,0,0,0,1,,,,,8,1,,0,1,0,0,0,0,0,0,1,1,0,2,0,,,0,0,43,23.0226784876698,0,0,0,0,0,,0,0,0,0,0,,0,,,,0,0,0,,,0,88.2,0,28.436018957346,3.34765661473413,1,0,0,0,77,0,0,,16495,,,,42.4250630885702,1,Q2,low,low,Q1-Q3,Q1-Q3,,,,,,
1,2810238953,2018-01-06,1970.9,2,1,175,51,115,102,,3,42.7,5.6,11715,4615.69086651054,8.43721683595196,,,,,,,341.02,,798.64168618267,6.68291239234352,0,65.96,0,11715,0,3,,11715,0,,,2,4362,5632,11715,13766,13766,2051,,0,0,,,,0,0,8,0,11715,"","","","","","","",,,,,,,,,,,,"","",,,,,,,,,,,,0,0,0,0,0,0,0,0,0,0,0,,,,,"",,,,,,,,,,,0,0,0,0,0,2,0,0,0,0,0,0,0,0,0,0,0,145,61.5,0,0,0,0,0,0,1,,,,,7,6,,0,1,0,0,0,0,0,1,1,1,0,2,0,,,0,0,73,26.954009886604,0,0,0,0,0,,0,0,0,0,0,,0,,,,0,0,0,,,0,101,0,70.2576112412178,4.25216864741567,2,0,0,0,,0,1,,16528,,,,,1,Q3,low,,,Q1-Q3,,,,,,
1,2810239368,2017-09-02,2843.6,2,1,138,32,142,127,0.73,3,29.3,5.6,11418,9705.11945392491,9.1804088040204,1.75658419792498,0.563371126630394,0,,35.98,,420.53,1,1435.25597269625,7.26909849047176,0,65.58,0,11418,0,3,,11418,0,,,1,4412,5673,11418,13555,13555,2137,,0,0,,,,0,0,8,0,11418,C10AA05,10 MG,C10,C10A,C10AA,C10AA05,"",,,,1,,1,1,,,,,"","",,,,,,,,,,,,0,0,0,1,0,1,1,0,0,0,0,,0.62,117,2,011209CJB,346.124,3.43,3,191,3,168.384,8,12937,12937,35.98,1,0,0,0,0,8,0,0,0,0,0,0,0,0,0,0,0,229,70,0,0,0,0,0,0,1,,,,,8,1,,0,1,1,0,0,0,0,,1,1,0,2,0,,,0,0,64,32.8582942880171,0,0,1,1,1,,0,0,0,0,0,,0,,,,0,0,0,,,0,77.6,0,102.389078498294,4.62878005162723,2,1,0,1,98,1,1,,16730,,,,99.0318311624991,1,Q4,high,high,Q4,Q4,,,,,,
7,2810239536,2018-11-24,4265.5,2,1,161,74,47,102,0.82,33.9,152.6,6,3279,2795.21625163827,7.93566475348648,3.07531865585168,1.12340852380872,0,2.2,17.74,17.2,1452.04,2,951.533420707733,6.8580748103524,0,58.16,0,3279,0,3,,3279,0,,,2,3279,5197,,,5197,1918,,0,0,,,,0,0,8,0,3279,"","","","","","","",,,,,,,,,,,,"","",,,,,,,,,,,,0,0,0,0,0,0,0,0,0,0,0,,2.78,42.57,2,010509CJB,168.972,2.69,3,147.3,3,83.835,3,,,17.74,0,0,0,0,0,,0,0,0,0,0,0,,,,,0,212,64.5,0,0,0,0,0,0,,1,,,,7,1,,0,1,0,0,,,0,,2,2,0,2,0,,,0,0,54,35.8279569993429,0,,0,0,0,,0,0,0,0,0,,0,,,,0,0,0,1,-4614,1,77.6,1,222.149410222805,5.40335017451819,2,0,0,0,94,0,0,,7812,,,,29.7363431025348,1,Q2,low,low,Q1-Q3,Q1-Q3,,,,,,
1,2810240703,2017-08-30,1902.5,2,1,165,74,54,91,0.7,7.5,143.7,5.6,12047,1323.93876130828,7.18836648263895,2.48480355819125,0.910193605394218,0,,33.24,,1178.21,1,819.90953375087,6.70919400947802,0,65.91,0,12047,0,3,,12047,0,,,2,5155,6220,12047,14582,14582,2535,,0,0,,,,0,0,8,0,12047,M01AX05,1500 MG/1200 MG,M01,M01A,M01AX,M01AX25,"",,1,,,,1,,,,,,M01AX25,"",,1,,,,,,,,,,0,1,0,0,0,1,0,0,0,0,0,,5.78,27.49,2,011209CJB,300.816,8.78,3,207.2,3,123.142,8,13575,13575,33.24,0,0,0,0,0,2,0,0,0,0,0,0,0,0,0,0,0,127,66,0,0,0,0,0,0,1,,,,,4,0,,0,1,0,0,0,0,0,1,1,1,0,2,0,,,0,0,65,20.4984707490076,0,0,0,0,0,,0,0,0,0,0,,0,,,,0,0,0,,,0,80.2,1,52.1920668058455,3.95493050643942,2,0,1,0,91,0,0,,17368,,,,14.5487775967943,1,Q1,low,low,Q1-Q3,Q1-Q3,,,,,,
1,2810240796,2017-10-22,3477.9,2,1,115,49,108,100,0.86,21,41,5.8,12443,8482.68292682927,9.04578206162825,1.62527472527473,0.485676863199904,1,,51.06,,1023.29,1,2495.82926829268,7.82237632502346,0,73.59,0,12443,0,3,4,12443,0,,,1,4510,5798,12443,,,,,0,0,,,,0,0,8,0,12443,C10AX09,10 MG,C10,C10A,C10AX,C10AX09,"",,,,,1,1,1,1,,,,"","",,,,,,,,,,,,0,0,0,0,1,1,1,1,0,0,0,,1.69,62.29,2,012109CJB,362.156,1.4,11,183.6,11,116.845,8,13830,13830,51.06,0,0,0,0,0,8,1,1,1,0,0,0,0,0,1,0,0,167,66.75,0,0,0,0,0,0,1,,,,,7,6,,0,1,0,0,0,0,0,,1,1,2,2,0,,,1,0,69,26.3523617566109,1,0,1,1,1,,0,0,0,0,1,11567,0,,,,0,0,1,,,0,44.4,1,512.195121951219,6.23870565000125,3,0,0,1,88,1,1,13311,,11156,30,,96.3941241685144,1,Q4,high,high,Q4,Q4,IC,,,,,
1,2810241023,2017-12-23,1214.4,2,1,149,44,89,96,0.8,3,19.6,5.7,11592,6195.91836734694,8.73164602639299,2.00102040816327,0.693657254531729,0,,21.62,,369.7,1,1886.22448979592,7.54233248569421,0,65.31,0,11592,0,3,,11592,0,,,2,4326,5459,11592,,,,,0,0,,,,0,0,8,0,11592,M01AE01,800 MG,M01,M01A,M01AE,M01AE01,"",,1,,,1,1,1,,,,,"","",,,,,,,,,,,,0,1,0,0,1,1,1,0,0,0,0,,12.59,69.1,2,020709CJB,505.3,5.53,31,162.9,31,133.107,8,12685,12685,21.62,1,0,0,0,0,2,1,1,1,0,0,0,0,0,0,0,0,158,60.75,0,0,0,0,0,0,1,,,,,4,0,,0,1,1,0,0,0,0,1,1,1,2,2,0,,,0,0,66,30.1002522444002,1,0,1,1,1,,0,0,0,0,0,,0,,,,0,0,0,,,0,87.2,0,153.061224489796,5.03083800141378,2,0,0,1,77,0,1,,16471,,,,80.466472303207,1,Q3,high,high,Q1-Q3,Q1-Q3,,,,,,
1,2810241153,2017-09-07,1501.1,2,1,145,75,68,89,0.76,3,31.7,6.1,11147,4735.33123028391,8.46280695677099,4.60727272727273,1.52763608265457,0,,34.46,,173.79,1,548.233438485804,6.3067011788815,0,,0,11147,,,,11147,0,,,2,4481,5631,11147,13377,13377,2230,,0,0,,,,0,0,,0,11147,M01AX25,1200 MG,M01,M01A,M01AX,M01AX25,"",,1,,,,,,,,,,"","",,,,,,,,,,,,0,1,0,0,0,0,0,0,0,0,0,,0.57,45.06,2,011309CJB,248.566,1.11,5,177.9,5,95.333,8,12636,12636,34.46,0,0,0,0,0,2,0,0,0,0,0,0,0,0,0,0,0,121,65.25,0,0,0,0,0,0,1,,,,,8,8,,0,1,0,0,0,0,0,1,1,1,0,2,0,,,0,0,62,19.9815857420062,0,0,0,0,0,,0,0,0,0,0,,0,,,,0,0,0,,,0,56.4,0,94.6372239747634,4.55005088676701,2,0,0,0,84,0,1,,16429,,,,56.3729908367132,1,Q3,low,low,Q1-Q3,Q1-Q3,,,,,,
1,2810241183,2017-11-21,978.6,2,1,175,62,98,88,,3,30.8,5.7,11965,3177.27272727273,8.06377847486359,1.88347055098163,0.633116112764458,0,,25.4,,241.69,1,784.707792207792,6.66531140925845,0,67.3,0,11965,0,3,1,11965,0,,,2,4601,5721,11965,13972,13972,2007,11200,1,1,-765,11200,,0,0,8,0,11965,C10AA01,10 MG,C10,C10A,C10AA,C10AA01,"",,,,1,,1,1,1,,,1,"","",,,,,,,,,,,,0,0,0,1,0,1,1,1,0,0,1,,,22.92,2,012909CJB,,,,,,,,,,25.4,1,0,0,0,0,2,0,0,0,0,0,0,0,1,0,0,0,130,60.5,0,0,0,0,0,0,1,,,,,3,6,,0,1,1,0,0,1,0,1,1,1,0,2,0,,,0,0,74,24.9711311525622,0,0,1,1,1,,0,0,0,0,1,15685,0,,1,1,1,0,0,1,6648,1,93.4,0,97.4025974025974,4.57885287767072,2,0,0,1,,0,0,15685,,15685,1,,,1,Q2,low,,,Q1-Q3,MI,,,,,
1,2810241187,2018-12-06,5774.8,2,0,172,64,231,97,0.75,4,119.2,5.5,11718,4844.63087248322,8.4856263341125,1.65444546287809,0.503465884933911,1,,32.36,,2939.32,1,2465.87248322148,7.81030097242032,0,67.86,0,11718,0,3,12,11718,0,,,2,,5650,11718,13769,13769,2051,,0,0,,,,0,0,8,0,11718,M01AB05,75 MG,M01,M01A,M01AB,M01AB05,"",,1,,,,1,1,,,,,"","",,,,,,,,,,,,0,1,0,0,0,1,1,0,0,0,0,,1.47,40.38,2,012909CJB,268.5,2,19,236.3,19,191.148,8,12975,12975,32.36,0,0,0,0,0,2,1,1,1,0,0,0,0,0,0,0,0,119,63,0,0,0,0,0,0,1,,,,,4,6,,0,1,0,0,0,0,0,1,1,1,2,2,0,,,0,0,58,21.0800421600843,1,0,0,1,0,,0,0,0,0,0,,1,14420,,,0,0,0,,,0,61.8,1,33.5570469798658,3.51324688547078,2,0,0,1,88,0,1,,16766,14420,12,5048,55.0526235509457,1,Q3,low,low,Q1-Q3,Q1-Q3,TIA,13.8206707734428,1,1,1,0
1,2810241263,2018-01-26,2469.4,2,1,224,101,56,84,0.67,8.3,136.7,5.1,12512,1806.43745427944,7.49911192739183,2.04508356004664,0.715438649318494,0,,36.36,,1797.7,1,1315.06949524506,7.18164479131056,0,67.71,0,12512,0,3,,12512,0,,,2,5049,6231,12512,14590,14590,2078,,0,0,,,,0,0,8,0,12512,"","","","","","","",,,,,,,,,,,,"","",,,,,,,,,,,,0,0,0,0,0,0,0,0,0,0,0,,6.37,21.76,2,021409CJB,694.946,1.98,41,232.2,41,110.995,8,13444,13444,36.36,0,0,0,0,0,2,0,0,0,0,0,0,0,0,0,0,0,191,65.25,0,0,0,0,0,0,1,,,,,3,1,,0,1,0,0,0,0,0,1,1,1,0,2,0,,,0,0,52,31.5411807993652,0,,0,0,0,,0,0,0,0,0,,0,,,,0,0,1,,,0,111.8,1,60.7168983174836,4.10622205005479,2,0,0,0,101,0,0,,17228,,,,17.8855193493014,1,Q1,low,low,Q1-Q3,Q1-Q3,,,,,,
1,2810241345,2018-12-15,7680.1,2,1,201,51,91,116,0.99,7.8,193.7,5.7,12294,3964.94579246257,8.28524746246542,2.24333063864188,0.807961653788047,0,,61.88,,1061.14,1,547.826535880227,6.30595869647399,0,67.07,0,12294,0,3,,12294,0,,,2,4603,5780,12294,14570,14570,2276,,0,0,,,,0,0,8,0,12294,M01AE01,200 MG,M01,M01A,M01AE,M01AE01,"",,1,,,,,,,,,,"","",,,,,,,,,,,,0,1,0,0,0,0,0,0,0,0,0,,7.16,115.8,2,021109CJB,255.174,1.62,36,221.1,36,150.674,8,13312,13312,61.88,0,0,0,0,0,0,0,0,0,0,0,0,0,0,0,0,0,173,64.25,0,0,0,0,0,0,1,,,,,7,2,,0,1,0,0,0,0,0,0,1,1,0,2,0,,,0,0,44,29.4649325842733,0,0,0,0,0,,0,0,0,0,0,,0,,,,0,0,0,,,0,131.8,1,40.2684563758389,3.69556844226473,2,0,0,0,69,0,0,,17097,,,,57.4629824994576,1,Q2,low,low,Q1-Q3,Q1-Q3,,,,,,
1,2810241816,2018-06-30,10345.1,2,1,233,65,90,99,0.79,3,85.3,5.8,11925,12127.9015240328,9.40326398812894,,,,,22.04,,1012.37,1,1186.8347010551,7.07904512716607,0,69.34,0,11925,0,3,,11925,0,,,2,4273,5628,11925,14443,14443,2518,13402,1,0,1477,13402,,0,0,8,0,11925,"","","","","","","",,,,,,,,,,,,"","",,,,,,,,,,,,0,0,0,0,0,0,0,0,0,0,0,,3.61,39.67,2,020609CJB,506.734,1.89,29,212.6,29,130.592,8,13036,13036,22.04,0,0,0,0,0,2,0,0,0,0,0,0,0,0,0,0,0,148,62.5,0,0,0,0,0,0,1,,,,,3,6,,0,1,0,0,0,0,0,1,1,1,0,2,0,,,0,0,74,26.6383483166966,0,,0,0,0,,0,0,0,0,0,,0,,1,1,0,0,1,,,0,150,0,35.1699882766706,3.56019311315261,2,0,0,0,74,1,1,,16822,,,,163.890561135579,1,Q4,high,high,Q4,Q4,,,,,,
1,2810241823,2018-12-15,7536.8,2,1,265,72,179,102,0.7,11.3,81.3,5.8,12699,9270.35670356704,9.13457713716878,,,,,37.04,,1111.31,1,1366.92496924969,7.2203189480557,0,,,,,,2,12699,1,1916,14615,2,,,12699,15107,15107,2408,,0,0,,,,0,1,,1,12699,C07AB03,25 MG,C07,C07A,C07AB,C07AB03,"",,,,1,,,,,,,,"","",,,,,,,,,,,,0,0,0,1,0,0,0,0,0,0,0,,13.16,33.69,2,021109bCJ,461.196,2.09,36,207.1,36,141.157,8,13709,13709,37.04,1,0,0,0,0,2,0,0,0,0,0,0,0,0,0,0,0,129,61,0,0,0,0,0,0,1,,,,,3,2,,0,0,1,0,0,0,0,1,1,1,0,,0,,,0,0,81,24.374496478098,0,0,1,0,1,140,0,1,1,0,1,14612,0,,,,0,0,0,,,0,157.2,1,138.991389913899,4.93441198814667,2,0,0,0,81,1,1,,17494,0,30,4795,114.448848192186,0,Q4,high,high,Q4,Q4,IC,13.1279945242984,1,1,1,0
1,2810241876,2017-11-26,510.5,2,1,222,85,55,98,1.35,3,17.8,5.5,11915,2867.97752808989,7.96136236629477,3.61566156615662,1.28527484471965,0,,46.68,,138.38,1,777.415730337079,6.65597525276072,0,74.42,0,11915,0,3,,11915,0,,,2,4243,5629,11915,13898,13898,1983,,0,0,,,,0,0,8,0,11915,"","","","","","","",,,,,,,,,,,,"","",,,,,,,,,,,,0,0,0,0,0,0,0,0,0,0,0,,0.41,37.21,2,020309CJB,509.306,0.65,23,177.5,23,120.174,8,13118,13118,46.68,0,0,0,0,0,2,0,0,0,0,0,0,0,0,0,0,0,117,61.25,0,0,0,0,0,0,1,,,,,3,0,,0,1,0,0,0,0,0,1,1,1,0,2,0,,,0,0,66,21.9270036207711,0,0,0,0,0,,0,0,0,0,0,,0,,,,0,0,0,,,0,126,0,168.539325842697,5.12716911035221,2,0,0,0,41,0,0,,16906,,,,69.9506714168265,1,Q2,low,high,Q1-Q3,Q1-Q3,,,,,,
1,2810241952,2017-12-31,1456.1,2,1,166,62,54,87,1.2,85.6,69.8,5.8,12225,2086.10315186246,7.64305308393662,1.70658682634731,0.534495367851895,0,,39.14,,980.3,1,1404.44126074499,7.24739482348745,0,67.34,0,12225,0,3,,12225,0,,,1,4583,5737,12225,,,,14294,1,0,2069,14294,,0,0,8,0,12225,C09AA03,"",C09,C09A,C09AA,C09AA03,"",,,,1,1,,,,,,,"","",,,,,,,,,,,,0,0,0,1,1,0,0,0,0,0,0,,1.26,27.5,2,020909CJB,355.364,3.8,32,313.8,32,230.993,8,13297,13297,39.14,1,0,0,0,0,8,0,0,0,0,0,0,0,0,0,0,0,113,58.25,0,0,0,0,0,0,1,,,,,8,6,,0,1,1,0,0,0,0,,1,1,0,2,0,,,0,0,83,23.4148940364045,0,0,1,0,1,,0,0,0,0,0,,0,,1,1,0,0,0,,,0,93.2,1,1226.36103151862,7.11180655236151,3,0,0,0,56,0,0,14315,,14315,28,2090,37.251841997544,0,Q1,low,low,Q1-Q3,Q1-Q3,Death,5.72210814510609,1,0,0,0
1,2810242028,2018-11-26,10278,2,1,216,38,372,123,0.9,35.3,144.7,6.4,11326,7102.97166551486,8.86826851990283,2.38054968287526,0.867331420207703,0,,52.66,,500.03,1,345.563234277816,5.84517564897292,0,,0,11326,,,,11326,0,,,2,4329,5716,11326,13527,13527,2201,,0,0,,,,0,0,,0,11326,C10AA05,20 MG,C10,C10A,C10AA,C10AA05,"",,,,,,1,1,,,,,"","",,,,,,,,,,,,0,0,0,0,0,1,1,0,0,0,0,,5.59,142.5,2,010909CJB,,,2,204.2,2,160.877,8,12888,12888,52.66,0,0,0,0,0,2,0,0,0,0,0,0,0,0,0,0,0,158,62.75,0,0,0,0,0,0,1,,,,,3,6,,0,1,0,0,0,0,0,1,1,1,0,2,0,,,0,0,72,28.2120886141425,0,0,0,1,0,,0,0,0,0,0,,0,,,,0,0,0,,,0,103.6,1,243.953006219765,5.49697560928395,2,0,0,1,64,1,1,,16682,14708,11,5356,110.98393227367,1,Q4,high,high,Q4,Q4,Atherothrombotic Infarction of Brain,14.6639288158795,1,1,1,0
1,2810243223,2018-01-14,3923.7,2,1,237,63,99,106,0.84,3.4,89.9,5.7,12513,4364.51612903226,8.38126260967373,2.21319018404908,0.794434996847218,0,,44.34,,826.15,1,918.965517241379,6.82324859960752,0,,0,12513,,,,12513,0,,,2,4578,5852,12513,14584,14584,2071,,0,0,,,,0,0,,0,12513,C09AA03,10 MG,C09,C09A,C09AA,C09AA03,"",,,,,1,,,,,,,"","",,,,,,,,,,,,0,0,0,0,1,0,0,0,0,0,0,,1.29,106.6,2,021409CJB,269.748,2.28,40,233,40,134.059,8,13458,13458,44.34,1,0,0,0,0,2,0,0,0,0,0,0,0,0,0,0,0,233,65.5,0,0,0,0,0,0,1,,,,,6,5,,0,1,1,0,0,0,0,1,1,1,0,2,0,,,0,0,59,38.1837812798637,0,0,1,0,1,,0,0,0,0,0,,0,,,,0,0,0,,,0,154.2,0,37.8197997775306,3.63283276912668,2,0,0,0,76,0,1,,17242,,,,57.427843803056,1,Q3,low,low,Q1-Q3,Q1-Q3,,,,,,
7,2810243867,2018-11-24,10374.8,2,1,234,52,80,93,0.6,4.7,192.2,5.9,3847,5397.91883454735,8.59376875725656,,,,,19.22,,1113.15,1,579.162330905307,6.36158280253615,0,71.4,0,3847,0,3,,3847,0,,,2,3847,5842,,,5842,1995,,0,0,,,,0,0,8,0,3847,C10AX06,4000 MG,C10,C10A,C10AX,C10AX06,"",,,,,,1,,,,,,"","",,,,,,,,,,,,0,0,0,0,0,1,0,0,0,0,0,,0.53,73.99,2,010809CJB,251.48,1.14,5,135.6,5,90.627,3,,,19.22,0,0,0,0,0,,0,0,0,0,0,0,,,,,0,140,65,0,0,0,0,0,0,,1,,,,7,1,,0,1,0,0,,,0,,2,2,0,2,0,,,0,0,54,23.2973720385311,0,0,0,0,0,,0,0,0,0,0,,0,,,,0,0,1,,,0,166,1,24.4536940686785,3.19678129116196,1,0,1,0,120,0,1,,8274,,,,44.9826569545612,1,Q3,low,low,Q1-Q3,Q1-Q3,,,,,,
1,2810244035,2018-06-30,20000,3,1,215,105,67,85,0.9,7.9,140,5,12350,14285.7142857143,9.56701531591492,1.96601382488479,0.676008053686411,0,,41.62,,1107.14,1,790.814285714286,6.67306315602238,0,70.85,0,12350,0,3,,12350,0,,,2,4559,5785,12350,14595,14595,2245,,0,0,,,,0,0,8,0,12350,"","","","","","","",,,,,,,,,,,,"","",,,,,,,,,,,,0,0,0,0,0,0,0,0,0,0,0,,0.16,16.34,2,020209CJB,301.186,0.77,22,233.9,22,113.02,8,13572,13572,41.62,1,0,0,0,0,0,0,0,0,0,0,0,0,0,0,0,0,110,64.75,0,0,0,0,0,0,1,,,,,8,1,,0,1,1,0,0,0,0,0,1,1,0,2,0,,,0,0,52,18.446702864396,0,0,1,0,1,,0,0,0,0,0,,0,,,,0,0,1,,,0,96.6,1,56.4285714285714,4.03297561584581,2,0,0,0,74,1,1,,17360,,,,193.050193050193,1,Q4,high,high,Q4,Q4,,,,,,
1,2810244939,2017-09-07,2624.7,2,1,143,49,58,84,0.72,3.9,45,5.3,11369,5832.66666666667,8.6712295789981,4.9167327517843,1.59264423506826,0,,32.32,,642.94,1,1428.75555555556,7.2645591035043,0,,0,11369,,,,11369,0,,,1,,,11369,,,,,0,0,,,,0,0,,0,11369,C07AB02,25 MG,C07,C07A,C07AB,C07AB02,"",,,,1,,,,,,,,"","",,,,,,,,,,,,0,0,0,1,0,0,0,0,0,0,0,,1.07,42.77,2,011409CJB,372.072,6.49,5,165.2,5,118.75,8,12853,12853,32.32,1,0,0,0,0,8,0,0,0,0,0,0,0,0,0,0,0,144,65.75,0,0,0,0,0,0,1,,,,,5,6,,0,0,1,0,0,0,0,,1,1,0,,0,,,0,0,71,23.4194445459544,0,0,1,0,1,,0,0,0,0,0,,0,,,,0,0,1,,,0,82.4,1,86.6666666666667,4.46206934234742,2,0,0,0,94,0,1,13768,,13768,28,2399,62.0496453900709,0,Q3,high,low,Q1-Q3,Q1-Q3,Death,6.56810403832991,1,0,0,0
7,2810245130,2018-11-24,20000,3,1,259,58,101,101,1.16,32.6,390.3,5.5,3304,5124.2633871381,8.54174206433765,2.40386384544618,0.877077378399403,0,4.6,34.42,36.74,1461.18,2,374.373558800922,5.92525411924874,0,61.74,0,3304,0,3,,3304,0,,,1,3304,5297,,,5297,1993,,0,0,,,,0,0,8,0,3304,C09CA03,160/12.5 MG,C03,C03A,C03AA,C03AA03,"",,,,,1,,,,,,,C03AA03,"",,,,,,,,1,,,,0,0,0,0,1,0,0,1,0,0,0,,0.88,127.9,2,010609CJB,280.954,0.46,4,257.3,4,164.287,3,,,34.42,1,0,0,0,0,,0,0,0,0,0,0,,,,,0,244,69.5,0,0,0,0,0,0,,1,,,,8,2,,0,1,1,0,,,0,,2,2,0,2,0,,,0,0,55,35.516145769624,0,0,1,0,1,,0,0,0,0,0,,0,,,,0,0,0,,,0,180.8,1,83.525493210351,4.42515189316823,2,0,0,0,82,0,1,,7790,,,,62.4910169163183,1,Q3,low,low,Q1-Q3,Q1-Q3,,,,,,
1,2810246216,2018-02-17,1569.2,2,0,238,74,207,91,0.93,9.3,32.3,5.6,11967,4858.20433436533,8.48842417009488,2.67210973220118,0.982868322271715,0,,25.8,,197.03,1,610,6.41345895716736,0,71.87,0,11967,0,3,,11967,0,,,2,4553,5695,11967,,,,,0,0,,,,0,0,8,0,11967,M01AH01,200 MG,M01,M01A,M01AH,M01AH01,"",,1,,1,,,,1,,,,"","",,,,,,,,,,,,0,1,0,1,0,0,0,1,0,0,0,,2.57,41.27,2,022009CJB,618.99,3.6,49,182,49,128.191,8,12645,12645,25.8,1,0,0,0,0,2,0,0,0,0,0,0,0,1,0,0,0,180,62,0,0,0,0,0,0,1,,,,,6,10,,0,1,1,0,0,1,0,1,1,1,0,2,0,,,0,0,60,32.9226464904543,0,0,1,0,1,,0,0,0,0,0,,0,,,,0,0,1,,,0,122.6,1,287.925696594427,5.66270244891274,2,0,0,0,67,0,1,12452,,12452,27,485,72.5105124532138,0,Q3,low,high,Q1-Q3,Q1-Q3,,1.32785763175907,0,0,0,0
1,2810246563,2017-09-17,941.9,2,1,233,105,66,90,0.66,4.6,33.8,5.4,11301,2786.68639053254,7.93260849532789,2.44029244516653,0.892117886699572,0,,60.08,,303.72,1,898.579881656805,6.80081560784415,0,65.91,0,11301,0,3,,11301,0,,,2,4376,5692,11301,13429,13429,2128,,0,0,,,,0,0,8,0,11301,"","","","","","","",,,,,,,,,,,,"","",,,,,,,,,,,,0,0,0,0,0,0,0,0,0,0,0,,0.39,43.66,2,011509CJB,556.762,0.65,7,167.2,7,103.86,8,12755,12755,60.08,0,0,0,0,0,2,0,0,0,0,0,0,0,0,0,0,0,125,61.25,0,0,0,0,0,0,1,,,,,6,6,,0,0,0,0,0,0,0,1,1,1,0,,0,,,0,0,61,23.4262859196272,0,0,0,0,0,,0,0,0,0,0,,0,,,,0,0,1,,,0,114.8,1,136.094674556213,4.91335077998821,2,0,0,0,95,0,0,,16548,,,,29.3335409529742,1,Q2,low,low,Q1-Q3,Q1-Q3,,,,,,
1,2810246871,2018-07-06,20000,3,1,192,42,207,103,1.03,4.9,310.1,5.3,11783,6449.53240890035,8.77176291241782,1.9469387755102,0.666258280343614,0,,31.66,,2106.52,1,679.303450499839,6.52106793567771,0,67.39,0,11783,0,3,,11783,0,,,1,4345,5595,11783,14220,14220,2437,,0,0,,,,0,0,8,0,11783,"","","","","","","",,,,,,,,,,,,"","",,,,,,,,,,,,0,0,0,0,0,0,0,0,0,0,0,,1.19,91.34,2,021309CJB,277.364,2.56,39,228.5,39,159.105,8,12739,12739,31.66,0,0,0,0,0,8,0,0,0,0,0,0,0,0,0,0,0,220,72,0,0,0,0,0,0,1,,,,,7,1,,0,1,0,0,0,0,0,,1,1,0,2,0,,,0,0,58,29.8375596751194,0,0,0,0,0,,0,0,0,0,0,,0,,,,0,0,0,,,0,108.6,1,15.8013544018059,2.76009565799231,1,0,0,0,80,0,1,,16523,,,,80.6191551112544,1,Q3,high,high,Q1-Q3,Q1-Q3,,,,,,
1,2810247865,2017-09-27,1877.4,2,1,174,65,78,139,0.61,3,15.3,6.5,12219,12270.5882352941,9.41496047749259,2.82506527415144,1.03853147022578,0,,51.94,,212.47,1,1388.69281045752,7.23611815951725,0,65.19,0,12219,0,3,,12219,0,,,2,4604,5795,12219,14987,14987,2768,,0,0,,,,0,0,8,0,12219,C09AA06,20 MG,C09,C09A,C09AA,C09AA06,"",,,,,1,,,,,1,,"","",,,,,,,,,,,,0,0,0,0,1,0,0,0,0,1,0,,12.94,154.1,2,011609CJB,345.906,3.72,8,211.2,8,136.97,8,13654,13654,51.94,1,0,0,0,1,2,0,0,0,0,0,0,0,0,0,0,0,213,62.75,1,1,0,0,0,0,1,,,,,4,1,,0,1,1,1,0,0,0,1,1,1,0,2,0,,,0,1,59,38.03275237223,0,1,1,0,1,,0,0,0,0,0,,0,,,,0,0,0,,,0,93.4,0,196.078431372549,5.27851473925186,2,1,0,0,99,1,1,,17447,,,,123.945335710042,1,Q4,high,high,Q4,Q4,,,,,,
7,2810247888,2017-08-19,2137.6,2,1,223,50,175,101,0.84,3,72,5.8,3830,2968.88888888889,7.99594305031436,1.55891553701773,0.443990410941349,1,,43.76,,389.85,1,541.458333333333,6.29426611672765,0,71.29,0,3830,0,3,,3830,0,,,2,3830,5568,,,5568,1738,,0,0,,,,0,0,8,0,3830,M01AC06,15 MG,M01,M01A,M01AC,M01AC06,"",,1,,,,1,1,,,,,"","",,,,,,,,,,,,0,1,0,0,0,1,1,0,0,0,0,,2.65,124.5,2,010809CJB,441.952,2.11,5,267.9,5,166.412,3,,,43.76,0,0,0,0,0,,0,0,0,0,0,0,,,,,0,151,59,0,0,0,0,0,0,1,,,,,2,0,,1,0,0,0,,,0,,1,1,0,1,0,,,0,0,58,30.4985039731642,0,0,0,1,0,,0,0,0,0,0,,0,,,,0,0,0,,,0,138,0,41.6666666666667,3.72970144863419,2,0,0,1,77,0,0,,7889,,,,38.5569985569986,1,Q2,low,low,Q1-Q3,Q1-Q3,,,,,,
1,2810248135,2018-12-22,4377.5,2,1,244,45,178,105,0.63,5.1,141.4,5.8,11891,3095.82743988685,8.03781049668563,2.01376720901126,0.700007201226109,0,,37.58,,1304.72,1,922.715700141443,6.82732116987428,0,70.24,0,11891,0,3,,11891,0,,,1,3806,,11891,,,,,0,0,,,,0,0,8,0,11891,M01AX05,1500 + ? MG,M01,M01A,M01AX,M01AX25,"",,1,,,1,,,,,,,M01AX25,"",,1,,,,,,,,,,0,1,0,0,1,0,0,0,0,0,0,,3.49,108.8,2,021809bCJ,,,45,232.2,45,190.152,8,12742,12742,37.58,1,0,0,0,0,8,0,0,0,0,0,0,0,0,0,0,0,247,69.75,0,0,0,0,0,0,1,,,,,2,1,,0,1,1,0,0,0,0,,1,1,0,2,0,,,0,0,64,35.6955552620783,0,0,1,0,1,,0,0,0,0,0,,0,,,,0,0,0,,,0,163.4,1,36.0678925035361,3.58540306524994,2,0,0,0,104,0,0,,16523,,,,29.7675715373735,1,Q2,low,low,Q1-Q3,Q1-Q3,,,,,,
1,2810249657,2018-12-17,3853.6,2,1,231,49,116,87,0.69,5.9,107.7,5.3,12286,3578.08727948004,8.18258365714176,2.07297514033681,0.728984841262493,0,,27.1,,558.17,1,518.263695450325,6.25048417730599,0,68.93,0,12286,0,3,,12286,0,,,2,,6157,12286,14333,14333,2047,,0,0,,,,0,0,8,0,12286,M01AX25,1200 MG,M01,M01A,M01AX,M01AX25,"",,1,,,,,,,,,,"","",,,,,,,,,,,,0,1,0,0,0,0,0,0,0,0,0,,0.61,21.76,2,020509CJB,326.41,1.11,29,248.4,29,167.055,8,13407,13407,27.1,0,0,0,0,0,2,0,0,0,0,0,0,0,0,0,0,0,125,62.75,0,0,0,0,0,0,1,,,,,4,3,,0,1,0,0,0,0,0,1,1,1,0,2,0,,,0,0,61,22.3196903592899,0,0,0,0,0,,0,0,0,0,0,,0,,,,0,0,0,,,0,158.8,1,54.7818012999072,4.00335804573147,2,0,0,0,94,0,0,,17193,,,,38.0647582923408,1,Q2,low,low,Q1-Q3,Q1-Q3,,,,,,
1,2810249920,2017-12-02,934.5,2,1,176,54,98,101,0.98,77.3,108.3,5.5,11685,862.880886426593,6.76027665887676,1.99356499356499,0.689924490049221,0,,31.48,,951.41,1,878.494921514312,6.77821012675024,0,69.05,0,11685,0,3,,11685,0,,,1,4342,5702,11685,13883,13883,2198,,0,0,,,,0,0,8,0,11685,C10AA05,10 MG,C10,C10A,C10AA,C10AA05,"",,,,,,1,1,,,,,"","",,,,,,,,,,,,0,0,0,0,0,1,1,0,0,0,0,,0.9,35.66,2,020409CJB,358.462,1.73,26,233.7,26,181.54,8,12846,12846,31.48,0,0,0,0,0,8,0,0,0,0,0,0,0,0,0,0,0,237,73.75,0,0,0,0,0,0,1,,,,,7,6,,0,0,0,0,0,0,0,,1,1,0,,0,,,0,0,69,30.6358482294672,0,0,0,1,0,,0,0,0,0,0,,0,,,,0,0,1,,,0,102.4,1,713.758079409049,6.57054408056857,3,0,0,1,78,0,0,,16633,,,,11.0625754670076,1,Q1,low,low,Q1-Q3,Q1-Q3,,,,,,
1,2810250286,2018-12-08,5925.7,2,1,222,89,79,101,0.8,8.5,184.6,5.6,11371,3210.02166847237,8.0740329664042,2.19320214669052,0.785362643341058,0,,50.68,,1055.06,1,571.538461538462,6.34833178025027,0,61.55,0,11371,0,3,,11371,0,,,2,4355,5627,11371,13496,13496,2125,,0,0,,,,0,0,8,0,11371,"","","","","","","",,,,,,,,,,,,"","",,,,,,,,,,,,0,0,0,0,0,0,0,0,0,0,0,,0.98,56.58,2,013009CJB,278.598,0.8,21,227.3,21,114.225,8,12606,12606,50.68,0,0,0,0,0,2,0,0,0,0,0,0,0,0,0,0,0,177,67,0,0,0,0,0,0,1,,,,,7,0,,0,1,0,0,0,0,0,1,1,1,0,2,0,,,0,0,64,27.7223009335749,0,0,0,0,0,,0,0,0,0,0,,0,,,,0,0,0,,,0,117.2,1,46.0455037919827,3.82963012040966,2,0,0,0,78,0,0,,16394,,,,41.154123954774,1,Q2,low,low,Q1-Q3,Q1-Q3,,,,,,
7,2810250643,2018-11-24,5068.7,2,1,188,63,85,90,0.79,6.3,88.5,5.8,3807,5727.34463276836,8.6530072874243,3.43203526818516,1.23315345785064,0,4,35.48,37.56,948.71,2,1071.98870056497,6.97727080105745,0,71.26,0,3807,0,3,,3807,0,,,2,3807,5736,,,5736,1929,,0,0,,,,0,0,8,0,3807,C09AA03,20/12.5 MG,C03,C03A,C03AA,C03AA03,"",,,,,1,,,,,,,C03AA03,"",,,,,,,,1,,,,0,0,0,0,1,0,0,1,0,0,0,,0.79,34.93,2,122308CJB,292.432,1.68,2,95.4,2,112.753,3,,,35.48,1,0,0,0,0,,0,0,0,0,0,0,,,,,0,136,63,0,0,0,0,0,0,,,1,,,3,2,,0,1,1,0,,,0,,2,3,0,2,0,,,0,0,64,24.0914767543821,0,0,1,0,1,,0,0,0,0,0,,0,,,,0,0,0,,,0,108,1,71.1864406779661,4.26530236036574,2,0,0,0,79,0,1,,8442,,,,72.4980333261818,1,Q3,high,high,Q1-Q3,Q1-Q3,,,,,,
1,2810250988,2017-08-29,4651.2,2,1,190,76,73,121,0.93,3,159.3,6.3,12227,2919.77401129943,7.9792614988767,1.07422186751796,0.071596555308605,1,,44.44,,1230.44,1,772.404268675455,6.64950807704796,0,59.5,0,12227,0,3,,12227,0,,,1,4498,5805,12227,14432,14432,2205,,0,0,,,,0,0,8,0,12227,"","","","","","","",,,,,,,,,,,,"","",,,,,,,,,,,,0,0,0,0,0,0,0,0,0,0,0,,0.36,32.88,2,010909CJB,408.944,1.84,2,160.1,2,127.267,8,13786,13786,44.44,0,0,0,0,0,8,1,1,1,0,0,0,0,0,0,0,0,165,64,0,0,0,0,0,0,1,,,,,5,1,,0,1,0,0,0,0,0,,1,1,2,2,0,,,0,0,56,28.3223710978672,1,0,0,0,0,,0,0,0,0,0,,0,,,,0,0,0,3,15068,0,99.4,0,18.8323917137476,2.93557835073424,1,0,0,0,91,0,0,,17580,,,,32.0854286955982,1,Q2,low,low,Q1-Q3,Q1-Q3,,,,,,
1,2810251580,2017-09-23,2394.3,2,1,268,58,82,102,0.78,3,90.3,5.3,11504,2651.4950166113,7.88287891711522,2.63165680473373,0.967613611622871,0,,40.7,,1216.95,1,1347.67441860465,7.20613573307434,0,70.03,0,11504,0,3,,11504,0,,,2,,,11504,13647,13647,2143,,0,0,,,,0,0,8,0,11504,"","","","","","","",,,,,,,,,,,,"","",,,,,,,,,,,,0,0,0,0,0,0,0,0,0,0,0,,0.43,21.83,2,011509CJB,555.758,1.18,7,218.6,7,183.712,8,12952,12952,40.7,0,0,0,0,0,2,0,0,0,0,0,0,0,0,0,0,0,152,64.5,0,0,0,0,0,0,1,,,,,8,5,,0,1,0,0,0,0,0,1,1,1,0,2,0,,,0,0,57,25.6879691693402,0,0,0,0,0,,0,0,0,0,0,,0,,,,0,0,0,,,0,193.6,0,33.2225913621263,3.50323010722731,2,0,0,0,84,0,0,,16745,,,,31.5654168644202,1,Q1,low,low,Q1-Q3,Q1-Q3,,,,,,
1,2810251963,2017-12-24,480.9,2,1,207,76,78,91,0.64,3,57.1,5.4,11889,842.206654991243,6.73602541760974,2.36552346570397,0.860999336016177,0,,37.94,,1117.96,1,1957.89842381786,7.5796269442258,0,67.27,0,11889,0,3,,11889,0,,,2,,5853,11889,14081,14081,2192,,0,0,,,,0,0,8,0,11889,"","","","","","","",,,,,,,,,,,,"","",,,,,,,,,,,,0,0,0,0,0,0,0,0,0,0,0,,1.11,41.71,2,020709CJB,260.46,2.67,31,230.3,31,158.867,8,12973,12973,37.94,0,0,0,0,0,2,0,0,0,0,0,0,0,0,,0,0,164,64.25,0,0,0,0,0,0,1,,,,,7,2,,0,1,0,0,0,0,0,1,1,1,0,2,0,,,0,0,62,27.9320748197735,0,0,0,0,0,,0,0,0,0,0,,0,,,,0,0,0,,,0,115.4,0,52.5394045534151,3.96156345098828,2,0,0,0,96,0,0,,16759,,,,8.77298598949212,1,Q1,low,low,Q1-Q3,Q1-Q3,,,,,,
7,2810252253,2017-08-16,3317.7,2,1,126,43,261,112,0.54,3,28.5,5.9,3310,11641.0526315789,9.36229314946291,,,,7.6,17.76,19.78,578.98,2,2031.50877192983,7.61653403337555,0,68.67,0,3310,0,3,,3310,0,,,2,3310,5159,,,5159,1849,,0,0,,,,0,0,8,0,3310,C10AA05,10 MG,C10,C10A,C10AA,C10AA05,"",,,,,1,1,1,,,,,"","",,,,,,,,,,,,0,0,0,0,1,1,1,0,0,0,0,,0.63,54.53,2,010609CJB,,,,,,,,,,17.76,1,0,0,0,0,,0,0,0,0,0,0,,,,,0,169,67,0,0,0,0,0,0,,,1,,,8,0,,0,1,1,0,,,0,,2,3,0,2,0,,,0,0,56,26.469315580645,0,0,1,1,1,,0,0,0,0,0,,0,,,,0,0,1,,,0,30.8,0,105.263157894737,4.65646348037564,2,0,0,1,105,1,1,,7819,,,,110.867167919799,1,Q4,high,high,Q4,Q4,,,,,,
1,2810252473,2018-02-08,1829,2,1,167,67,41,128,1.92,3,52,7,12089,3517.30769230769,8.16545111579753,3.47324239244491,1.24508856471691,0,,55.2,,359.85,1,692.019230769231,6.53961374536048,0,67.38,0,12089,0,3,,12089,0,,,1,,,12089,13538,13538,1449,,0,0,,,,0,0,8,0,12089,C10AX09,10 MG,C10,C10A,C10AX,C10AX09,"",,,,,1,1,,1,1,1,,"","",,,,,,,,,,,,0,0,0,0,1,1,0,1,1,1,0,,1.71,288.2,2,021909CJB,251.826,2.51,46,231.8,46,163.363,8,12887,12887,55.2,1,0,0,0,1,8,0,0,0,0,0,0,0,0,0,0,0,168,67.5,0,0,0,0,0,0,1,,,,,8,1,,0,1,1,1,0,0,0,,1,1,0,2,0,,,0,0,71,25.9243185153037,0,1,1,1,1,,0,0,0,0,0,,0,,,,0,0,1,,,0,91.8,0,57.6923076923077,4.05512384906882,2,1,1,0,34,0,0,,16668,,,,103.450226244344,1,Q2,low,high,Q4,Q1-Q3,,,,,,
1,2810252651,2018-12-06,3537.5,2,1,202,60,116,107,1.08,3,172.5,5,12394,2050.72463768116,7.62594849146817,2.53620689655172,0.930669617060973,0,,29.38,,1075.95,1,623.739130434783,6.43573222075723,0,68.73,0,12394,0,3,,12394,0,,,1,4673,5787,12394,14419,14419,2025,,0,0,,,,0,0,8,0,12394,"","","","","","","",,,,,,,,,,,,"","",,,,,,,,,,,,0,0,0,0,0,0,0,0,0,0,0,,0.43,66.09,2,012709CJB,331.026,0.55,,,,,,,,29.38,0,0,0,0,0,8,0,0,0,0,0,0,0,0,0,0,0,163,67.75,0,0,0,0,0,0,1,,,,,8,1,,0,1,0,0,0,0,0,,1,1,0,2,0,,,0,0,59,24.9674746704513,0,,0,0,0,,0,0,0,0,0,,0,,,,0,0,0,,,0,118.8,0,17.3913043478261,2.85597033117883,1,0,0,0,75,0,0,,17489,,,,27.3429951690821,1,Q1,low,low,Q1-Q3,Q1-Q3,,,,,,
1,2810253193,2018-07-06,20000,3,1,175,53,112,92,0.67,3.6,155.5,5.1,11572,12861.7363344051,9.46201200690493,2.10974729241877,0.746568173689206,0,,28.98,,1150.77,1,740.04501607717,6.60671101688471,0,66.7,0,11572,0,3,,11572,0,,,2,4360,5698,11572,13722,13722,2150,,0,0,,,,0,0,8,0,11572,"","","","","","","",,,,,,,,,,,,"","",,,,,,,,,,,,0,0,0,0,0,0,0,0,0,0,0,,0.81,48.84,2,021309CJB,237.488,2.05,39,161.7,39,111.729,8,12526,12526,28.98,0,0,0,0,0,2,0,0,0,0,0,0,0,0,0,0,0,157,65,0,0,0,0,0,0,1,,,,,6,1,,0,1,0,0,0,0,0,1,1,1,0,2,0,,,0,0,63,26.1263386432098,0,0,0,0,0,,0,0,0,0,0,,0,,,,0,0,0,,,0,99.6,0,23.1511254019293,3.14204339282491,1,0,0,0,94,1,1,,16310,,,,136.826982280906,1,Q4,high,high,Q4,Q4,,,,,,
1,2810253212,2018-06-28,20000,3,1,148,29,63,98,1.05,5.1,310.6,5.1,11651,6439.15003219575,8.77015182780963,1.32810867293626,0.2837558797365,1,,54.78,,1660.82,1,534.713457823567,6.28173101056178,0,57.39,0,11651,0,3,,11651,0,,,1,4230,5627,11651,13709,13709,2058,,0,0,,,,0,0,8,0,11651,"","","","","","","",,,,,,,,,,,,"","",,,,,,,,,,,,0,0,0,0,0,0,0,0,0,0,0,,1.1,204.1,2,011609CJB,586.13,2.34,8,241.4,8,225.153,8,13087,13087,54.78,0,0,0,0,0,8,0,0,0,0,0,0,0,0,0,0,0,198,69,0,0,0,0,0,0,1,,,,,4,5,,0,1,0,0,0,0,0,,1,1,0,2,0,,,0,0,43,29.2396804075272,0,,0,0,0,,0,0,0,0,0,,0,,,,0,0,0,,,0,106.4,1,16.4198325820992,2.79848990799783,1,0,0,0,87,0,1,,16880,,,,74.0132187608707,1,Q3,high,high,Q1-Q3,Q1-Q3,,,,,,
1,2810253684,2018-06-28,20000,3,1,171,45,166,109,0.89,4.9,176.9,5.6,11652,11305.8224985868,9.33307313735848,1.61262304574407,0.477862074214706,1,,37.48,,1309.6,1,740.305257207462,6.60706261087928,0,62.79,0,11652,0,3,,11652,0,,,1,4386,5650,11652,,,,,0,0,,,,0,0,8,0,11652,M01AE01,200 MG,M01,M01A,M01AE,M01AE01,"",,1,,1,,1,1,,,,,"","",,,,,,,,,,,,0,1,0,1,0,1,1,0,0,0,0,,0.48,140.8,2,012609CJB,525.462,1.28,15,172.9,15,155.027,8,12968,12968,37.48,0,0,0,0,0,8,0,0,0,0,0,0,0,0,0,1,0,181,65.25,0,0,0,0,0,0,1,,,,,4,1,,0,1,0,0,1,0,0,,1,1,0,2,0,,,0,0,64,29.8898100768853,0,0,0,1,0,140,0,1,1,0,0,,0,,,,0,0,0,,,0,92.8,1,27.6992651215376,3.32140588293298,1,0,0,1,90,1,1,,16759,6752,6,5107,125.620249984297,1,Q4,high,high,Q4,Q4,Angina,13.9822039698836,1,1,1,0
1,2810254390,2017-11-23,1622.2,2,1,229,43,213,97,0.63,3,34.7,5.5,12399,4674.92795389049,8.44996903067152,,,,,36.26,,371.45,1,1070.46109510086,6.97584476463309,0,69.24,0,12399,0,3,,12399,0,,,2,4491,5786,12399,14459,14459,2060,,0,0,,,,0,0,8,0,12399,"","","","","","","",,,,,,,,,,,,"","",,,,,,,,,,,,0,0,0,0,0,0,0,0,0,0,0,,0.88,74.73,2,013009CJB,572.622,1.09,21,203.1,21,155.828,8,13631,13631,36.26,0,0,0,0,0,0,0,0,0,0,0,0,0,0,0,0,0,240,68,0,0,0,0,0,0,1,,,,,4,1,,0,1,0,0,0,0,0,0,1,1,0,2,0,,,0,0,51,36.4921145067204,0,0,0,0,0,,0,0,0,0,0,,0,,,,0,0,0,,,0,143.4,0,86.4553314121038,4.45962788069743,2,0,0,0,104,0,1,,17419,,,,44.9512303258701,1,Q3,low,low,Q1-Q3,Q1-Q3,,,,,,
1,2810254708,2018-01-10,156.3,1,1,168,110,52,110,1.15,3,98.4,5.5,12085,158.841463414634,5.06790661935732,1.20783645655877,0.188830706704031,1,,43.6,,692.21,1,703.465447154472,6.55601875971848,0,59.61,0,12085,0,3,,12085,0,,,1,4218,5718,12085,14156,14156,2071,,0,0,,,,0,0,8,0,12085,C10AX06,1200 MG,C10,C10A,C10AX,C10AX06,"",,,,1,1,1,,1,,,,"","",,,,,,,,,,,,0,0,0,1,1,1,0,1,0,0,0,,2.45,75.25,2,021109bCJ,235.102,3.72,37,283.8,37,154.284,8,13081,13081,43.6,1,0,0,0,0,8,0,0,0,0,0,0,0,0,0,0,0,182,63.25,0,0,0,0,0,0,1,,,,,8,7,,0,0,1,0,0,0,0,,1,1,0,,0,,,0,0,61,31.985705990503,0,0,1,0,1,,0,0,0,0,0,,0,,,,0,0,0,,,0,47.6,0,30.4878048780488,3.41732676359204,2,0,1,0,68,0,0,,16866,,,,2.33590387374462,1,Q1,low,low,Q1-Q3,Q1-Q3,,,,,,
7,2810254839,2018-11-24,11647.9,2,1,205,58,90,85,1.02,10.7,151.9,5.6,3405,7668.13693219223,8.94482896162114,1.89078014184397,0.63698951736644,0,,51.64,,2339.38,1,1540.07899934167,7.33958899236578,0,76.26,0,3405,0,3,,3405,0,,,1,3405,5057,,,5057,1652,,0,0,,,,0,0,8,0,3405,"","","","","","","",,,,,,,,,,,,"","",,,,,,,,,,,,0,0,0,0,0,0,0,0,0,0,0,,0.26,26.21,2,010809CJB,265.254,1.09,5,222,5,162.887,3,,,51.64,0,0,0,0,0,,0,0,0,0,0,0,,,,,0,145,65,0,0,0,0,0,0,,,1,,,7,1,,0,1,0,0,,,0,,2,3,0,2,0,,,0,0,53,24.1294210399072,0,,0,0,0,,0,0,0,0,0,,0,,,,0,0,0,,,0,129,1,70.4410796576695,4.25477661084827,2,0,0,0,84,1,1,,7812,,,,91.2873444308599,1,Q4,high,high,Q4,Q4,,,,,,
1,2810255674,2018-06-28,20000,3,1,149,35,99,93,0.74,11.9,158.5,5.7,11381,12618.2965299685,9.44290314520688,1.00143266475645,0.00143163947143789,1,,21.22,,1629.98,1,1028.3785488959,6.93573861645764,0,62.35,0,11381,0,3,,11381,0,,,2,4333,5677,11381,,,,,0,0,,,,0,0,8,0,11381,"","","","","","","",,,,,,,,,,,,"","",,,,,,,,,,,,0,0,0,0,0,0,0,0,0,0,0,,14.84,210.7,2,012709CJB,312.68,4.57,16,218,16,116.33,8,12680,12680,21.22,0,0,0,0,0,2,0,0,0,0,0,0,0,0,0,0,0,265,63.25,0,0,0,0,0,0,1,,,,,3,2,,0,1,0,0,0,0,0,1,1,1,0,2,0,,,0,0,59,46.5725938872709,0,0,0,0,0,,0,0,0,0,0,,0,,,,0,0,1,,,0,94.2,1,75.0788643533123,4.31853908578229,2,0,0,0,89,1,1,,16471,,,,141.778612696275,1,Q4,high,high,Q4,Q4,,,,,,
1,2810256511,2017-08-26,2801.3,2,1,243,102,61,83,0.69,283.9,74.5,5.2,11952,3760.13422818792,8.2322099347329,2.61254295532646,0.960324059385982,0,,52.3,,691.79,1,928.577181208054,6.83365350195636,0,74.8,0,11952,0,3,,11952,0,,,2,,5608,11952,14164,14164,2212,,0,0,,,,0,0,8,0,11952,"","","","","","","",,,,,,,,,,,,"","",,,,,,,,,,,,0,0,0,0,0,0,0,0,0,0,0,,7.27,3.52,2,010909CJB,343.646,3.72,1,200.4,1,139.785,8,13545,13545,52.3,0,0,0,0,0,2,0,0,0,0,0,0,0,0,0,0,0,89,59.5,1,1,0,0,1,1,1,,,,,8,7,,0,1,0,0,0,0,0,1,1,1,0,2,0,,,0,1,61,17.6750921964523,0,0,0,0,0,,0,0,0,0,0,,0,,,,0,0,0,,,0,128.8,1,3810.73825503356,8.24557821707555,3,0,0,0,94,0,0,16702,,16702,28,4750,40.001427959446,0,Q2,low,low,Q1-Q3,Q1-Q3,Death,13.0047912388775,1,1,1,0
1,2810256791,2017-10-30,4964.3,2,1,174,78,50,105,0.87,4.5,144.6,5.6,12133,3433.12586445367,8.14122645589475,5.69401947148818,1.73941640850019,0,,18.22,,1200.95,1,830.532503457815,6.72206706550342,0,,0,12133,,,,12133,0,,,1,4570,5711,12133,14301,14301,2168,,0,0,,,,0,0,,0,12133,"","","","","","","",,,,,,,,,,,,"","",,,,,,,,,,,,0,0,0,0,0,0,0,0,0,0,0,,0.18,23.53,2,012609CJB,437.988,0.94,15,212.6,15,154.408,8,13443,13443,18.22,0,0,0,0,0,8,0,0,0,0,0,0,0,0,0,0,0,128,66.25,0,0,0,0,0,0,1,,,,,8,7,,0,1,0,0,0,0,0,,1,1,0,2,0,,,0,0,65,20.5042466332708,0,,0,0,0,,0,0,0,0,0,,0,,,,0,0,0,,,0,86,1,31.1203319502075,3.43786136603375,2,0,0,0,91,0,0,,17234,,,,37.7266578511392,1,Q2,low,low,Q1-Q3,Q1-Q3,,,,,,
1,2810256959,2018-06-30,20000,3,1,169,43,138,108,0.86,5.2,96.9,5.6,12585,20639.834881321,9.9349782196275,1.55741279069767,0.443025976980288,1,,29.3,,2908,1,3001.03199174407,8.00671150574478,0,61.06,0,12585,0,3,,12585,0,,,1,4533,5829,12585,14767,14767,2182,,0,0,,,,0,0,8,0,12585,C10AA01,20 MG,C10,C10A,C10AA,C10AA01,"",,,,,1,1,1,,,,,"","",,,,,,,,,,,,0,0,0,0,1,1,1,0,0,0,0,,1.39,57.44,2,013009CJB,298.612,0.94,20,177.4,20,112.5,8,13834,13834,29.3,1,0,0,0,0,8,0,0,0,0,0,0,0,0,0,0,0,235,71.25,0,0,0,0,0,0,1,,,,,3,1,,0,1,1,0,0,0,0,,1,1,0,2,0,,,0,0,47,32.5464584447174,0,0,1,1,1,,0,0,0,0,0,,0,,,,0,0,0,,,0,98.4,1,53.6635706914345,3.9827343856728,2,0,0,1,103,1,1,,17622,,,,200.386746420592,1,Q4,high,high,Q4,Q4,,,,,,
1,2810257213,2018-12-22,5792.6,2,0,207,45,139,91,0.85,3,121.6,5.5,12060,4763.65131578947,8.4687697363166,3.24769101595298,1.17794428721788,0,,39.06,,1280.52,1,1053.05921052632,6.9594547408725,0,74.16,0,12060,0,3,,12060,0,,,2,4417,5642,12060,14652,14652,2592,,0,0,,,,0,0,8,0,12060,C09CA08,"",C09,C09C,C09CA,C09CA08,"",,,,,1,,,,,,,"","",,,,,,,,,,,,0,0,0,0,1,0,0,0,0,0,0,,3.2,176.9,2,021409CJB,,,,,,,,,,39.06,1,0,0,0,0,2,0,0,0,0,0,0,0,0,0,0,0,164,61,0,0,0,0,0,0,1,,,,,5,0,,0,1,1,0,0,0,0,1,1,1,0,2,0,,,0,0,68,30.9877319566518,0,0,1,0,1,,0,0,0,0,0,,0,,,,0,0,0,,,0,134.2,0,24.671052631579,3.20563059811818,1,0,0,0,70,0,1,,16772,,,,68.0521616541354,1,Q3,low,high,Q1-Q3,Q1-Q3,,,,,,
1,2810257277,2018-12-08,5182.6,2,1,140,36,188,107,0.92,3.7,143.8,5.9,11267,3604.03337969402,8.18980888053163,2.13548387096774,0.758693258457817,0,,42.62,,1294.87,1,900.465924895688,6.80291232369538,0,59.83,0,11267,0,3,,11267,0,,,2,4258,5631,11267,13502,13502,2235,,0,0,,,,0,0,8,0,11267,M01AE01,200 MG,M01,M01A,M01AE,M01AE01,"",,1,,,,1,1,,,,,"","",,,,,,,,,,,,0,1,0,0,0,1,1,0,0,0,0,,1.34,43.81,2,013009CJB,391.794,1.77,21,211.7,21,151.75,8,12501,12501,42.62,0,0,0,0,0,2,1,1,1,0,0,0,0,0,0,0,0,189,66.25,0,0,0,0,0,0,1,,,,,7,1,,0,1,0,0,0,0,0,1,1,1,2,2,0,,,0,0,58,30.2758016694389,1,0,0,1,0,,0,0,0,0,0,,0,,,,0,0,0,,,0,66.4,0,25.7301808066759,3.24766465334537,1,0,0,1,69,0,0,,16289,,,,52.2323678216525,1,Q2,low,low,Q1-Q3,Q1-Q3,,,,,,
7,2810257631,2017-08-10,3788,2,1,147,61,46,95,0.8,5.7,107.3,5.6,4138,3530.28890959925,8.16913499065741,2.42693190512624,0.886627869130517,0,0.3,21.4,21.32,1114.52,2,1038.69524697111,6.94572063428328,0,77.3,0,4138,0,3,,4138,0,,,2,4138,5894,,,5894,1756,,0,0,,,,0,0,8,0,4138,"","","","","","","",,,,,,,,,,,,"","",,,,,,,,,,,,0,0,0,0,0,0,0,0,0,0,0,,0.61,56.49,2,122308CJB,223.74,0.8,1,158.2,1,106.175,3,,,21.4,0,0,0,0,0,,0,0,0,0,0,0,,,,,0,156,62,0,0,0,0,0,0,,,1,,,7,1,,0,1,0,0,,,0,,2,3,0,2,0,,,0,0,50,28.532960291727,0,0,0,0,0,,0,0,0,0,0,,0,,,,0,0,0,,,0,76.8,1,53.1220876048462,3.97259280418599,2,0,0,0,86,0,0,,8783,,,,41.0498710418518,1,Q2,low,low,Q1-Q3,Q1-Q3,,,,,,
1,2810257958,2018-01-08,4213.2,2,1,136,49,58,117,0.83,3,134.5,5.4,12088,3132.4907063197,8.04958371990858,1.7468443197756,0.557810914287939,0,,33.2,,970.29,1,721.405204460967,6.58120098283344,0,56.91,1,12088,0,3,,12088,0,,,1,4238,5655,12088,14212,14212,2124,,0,0,,,,0,0,8,0,12088,B01AC06,81 MG,B01,B01A,B01AC,B01AC06,81 MG,1,,,,,,,,,,,"","",,,,,,,,,,,,1,0,0,0,0,0,0,0,0,0,0,,0.19,47.11,2,021109bCJ,209.67,0.54,36,162.6,36,144.758,8,13095,13095,33.2,0,0,0,0,0,8,0,0,0,0,0,0,0,0,0,0,0,195,72.5,0,0,0,0,0,0,1,,,,,3,1,,0,1,0,0,0,0,0,,1,1,0,2,0,,,0,0,45,26.0834005615693,0,0,0,0,0,,0,0,0,0,0,,0,,,,0,0,0,,,0,75.4,0,22.3048327137546,3.10480336860835,1,0,0,0,106,0,0,,16880,,,,29.5517991162236,1,Q2,low,low,Q1-Q3,Q1-Q3,,,,,,
1,2810258614,2017-08-23,4767.3,2,1,199,59,108,101,0.8,4.6,95.6,5.9,12043,4986.71548117155,8.51453275181744,1.38846153846154,0.328196327317353,1,,70.1,,3221.11,1,3369.36192468619,8.12247866556363,0,70.08,0,12043,0,3,,12043,0,,,2,4537,5818,12043,14275,14275,2232,,0,0,,,,0,0,8,0,12043,C10AB04,600 MG,C10,C10A,C10AB,C10AB04,"",,,,,,1,1,,,,,"","",,,,,,,,,,,,0,0,0,0,0,1,1,0,0,0,0,,7.77,42.46,2,010809CJB,484.204,4.23,1,160.5,1,122.923,8,13658,13658,70.1,0,0,0,0,0,2,0,0,0,0,0,0,0,0,0,0,0,160,62,0,0,0,0,0,0,1,,,,,3,6,,0,1,0,0,0,0,0,1,1,1,0,2,0,,,0,0,76,29.2645746581816,0,0,0,1,0,,0,0,0,0,0,,0,,,,0,0,0,,,0,118.4,1,48.1171548117155,3.87363876241983,2,0,0,1,72,0,1,,17270,,,,69.2599372384937,1,Q3,low,high,Q1-Q3,Q1-Q3,,,,,,
1,2810259252,2018-02-01,1703.2,2,1,136,52,92,97,0.98,3,55.2,6,12698,3085.50724637681,8.03447134628431,3.20013802622498,1.16319394207078,0,,43.02,,572.44,1,1037.02898550725,6.94411515914772,0,67.52,0,12698,0,3,,12698,0,,,2,4558,,12698,14714,14714,2016,,0,0,,,,0,0,8,0,12698,C07AB03,25 MG,C07,C07A,C07AB,C07AB03,"",,,,1,,,,,,,,"","",,,,,,,,,,,,0,0,0,1,0,0,0,0,0,0,0,,3.14,40.89,2,021809bCJ,339.49,3.48,44,153.7,44,89.417,8,13551,13551,43.02,1,0,0,0,0,2,0,0,0,0,0,0,0,0,0,0,0,140,62,0,0,0,0,0,0,1,,,,,7,7,,0,1,1,0,0,0,0,1,1,1,0,2,0,,,0,0,59,25.6065028259089,0,0,1,0,1,,0,0,0,0,0,,0,,,,0,0,0,,,0,65.6,0,54.3478260869565,3.9954046143672,2,0,0,0,63,0,0,,17332,,,,48.9763054980446,1,Q2,low,low,Q1-Q3,Q1-Q3,,,,,,
1,2810259987,2017-09-07,1899.4,2,1,173,78,98,123,0.89,3,46.3,6.1,12313,4102.37580993521,8.31932155070476,1.64423076923077,0.497272657361287,1,,40.82,,429.23,1,927.062634989201,6.83202113069342,0,68.2,0,12313,0,3,,12313,0,,,2,4558,5807,12313,14555,14555,2242,15004,1,0,1570,13883,,0,0,8,0,12313,C10AA01,20/12.5 MG,C03,C03A,C03AA,C03AA03,"",,,,1,1,1,1,,,,,C03AA03,"",,,,,,,,1,,,,0,0,0,1,1,1,1,1,0,0,0,,2.47,74.56,2,011309CJB,367.274,1.99,5,192.8,5,111.214,8,13799,13799,40.82,1,0,0,0,0,2,0,0,0,0,0,0,0,0,0,0,0,185,63.25,0,0,0,0,0,0,1,,,,,3,6,,0,0,1,0,0,0,0,1,1,1,0,,0,,,0,0,69,32.5129429024344,0,0,1,1,1,,0,0,0,0,0,,0,,1,2,0,0,0,,,0,75.4,0,64.7948164146868,4.17122560655806,2,0,0,1,66,0,0,,17592,,,,62.1572092414425,1,Q2,low,low,Q1-Q3,Q1-Q3,,,,,,
1,2810260096,2018-12-22,4527.2,2,1,177,56,62,90,0.89,6.9,96.2,5.6,11781,4706.02910602911,8.45659975414474,2.54,0.932164081030445,0,,28.78,,710.03,1,738.076923076923,6.60404805098026,0,,0,11781,,,,11781,0,,,2,4317,5620,11781,13561,13561,1780,,0,0,,,,0,0,,0,11781,"","","","","","","",,,,,,,,,,,,"","",,,,,,,,,,,,0,0,0,0,0,0,0,0,0,0,0,,1.14,47.27,2,021809bCJ,410.094,1.15,45,219.2,45,130.22,8,12630,12630,28.78,0,0,0,0,0,2,0,0,0,0,0,0,0,0,0,0,0,141,62.25,0,0,0,0,0,0,1,,,,,3,1,,0,1,0,0,0,0,0,1,1,1,0,2,0,,,0,0,57,25.5826785423349,0,0,0,0,0,,0,0,0,0,0,,0,,,,0,0,0,,,0,108.6,1,71.7255717255717,4.27284733291369,2,0,0,0,72,0,1,,16411,,,,65.3615153615154,1,Q3,low,high,Q1-Q3,Q1-Q3,,,,,,
1,2810260482,2018-01-14,2095.9,2,1,215,54,145,101,0.87,4.3,95.9,5.5,11530,2185.50573514077,7.68960253847781,3.27166504381694,1.18529904302869,0,,38.86,,484.84,1,505.568300312826,6.22568314370101,0,73,0,11530,0,3,,11530,0,,,2,4139,5617,11530,13537,13537,2007,,0,0,,,,0,0,8,0,11530,M01AX05,500 + 400 MG,M01,M01A,M01AX,M01AX25,"",,1,,,,1,,,,,,M01AX25,"",,1,,,,,,,,,,0,1,0,0,0,1,0,0,0,0,0,,1.68,108.1,2,021309CJB,352.38,1.01,39,173.9,39,143.224,8,12484,12484,38.86,0,0,0,0,0,2,0,0,0,0,0,0,0,0,0,0,0,146,61.5,0,0,0,0,0,0,1,,,,,3,2,,0,1,0,0,0,0,0,1,1,1,0,2,0,,,0,0,65,27.1398996099598,0,0,0,1,0,,0,0,0,0,0,,0,,,,0,0,0,,,0,132,1,44.8383733055266,3.80306431979226,2,0,1,0,70,0,0,,16268,,,,31.221510502011,1,Q1,low,low,Q1-Q3,Q1-Q3,,,,,,
1,2810260713,2018-11-26,3543.2,2,1,163,56,49,106,0.87,10.5,145.3,5.6,11259,2438.54094975912,7.79915516802084,3.06288873531444,1.11935850179564,0,,11.76,,1340.39,1,922.498279421886,6.82708551078762,0,65.7,0,11259,0,3,,11259,0,,,1,4234,5539,11259,13418,13418,2159,,0,0,,,,0,0,8,0,11259,M01AE01,200 MG,M01,M01A,M01AE,M01AE01,"",,1,,,,1,1,,,,,"","",,,,,,,,,,,,0,1,0,0,0,1,1,0,0,0,0,,0.64,35.64,2,011409CJB,313.5,1.23,6,158.7,6,109.995,8,12730,12730,11.76,0,0,0,0,0,8,0,0,0,0,0,0,0,0,0,0,0,174,69.75,0,0,0,0,0,0,1,,,,,7,1,,0,1,0,0,0,0,0,,1,1,0,2,0,,,0,0,59,25.1458567433264,0,0,0,1,0,,0,0,0,0,0,,0,,,,0,0,0,,,0,97.2,1,72.2642807983482,4.28032996556938,2,0,0,1,94,0,0,,16523,,,,25.9419249974374,1,Q1,low,low,Q1-Q3,Q1-Q3,,,,,,
1,2810260766,2017-11-25,3417.5,2,1,208,55,69,90,0.91,3,97.6,5.5,12429,3501.5368852459,8.16095726116715,2.83560545308741,1.0422554780775,0,,25.12,,1313.08,1,1345.36885245902,7.20442349418557,0,74.92,0,12429,0,3,,12429,0,,,2,4588,5791,12429,14534,14534,2105,,0,0,,,,0,0,8,0,12429,C10AA05,10 MG,C10,C10A,C10AA,C10AA05,"",,,,,,1,1,,,,,"","",,,,,,,,,,,,0,0,0,0,0,1,1,0,0,0,0,,0.32,39.95,2,020209CJB,210.532,1.42,22,202.7,22,139.766,8,13643,13643,25.12,0,0,0,0,0,2,0,0,0,0,0,0,0,0,0,0,0,163,67.25,1,1,0,0,0,0,1,,,,,7,1,,0,1,0,0,0,0,0,1,1,1,0,2,0,,,0,1,56,25.3401183962717,0,0,0,1,0,,0,0,0,0,0,,0,,,,0,0,0,,,0,139.2,0,30.7377049180328,3.4254900742312,2,0,0,1,71,0,0,,17431,,,,49.3174209189564,1,Q2,low,low,Q1-Q3,Q1-Q3,,,,,,
1,2810261744,2017-12-24,4175,2,1,187,59,80,98,1,4.5,91.7,5.4,12365,4552.88985823337,8.42351744401063,1.52990732940185,0.425207164551571,1,,45.14,,1571.58,1,1713.82769901854,7.44648456844455,0,67.86,0,12365,0,3,,12365,0,,,1,,,12365,14505,14505,2140,,0,0,,,,0,0,8,0,12365,C09AA03,20 MG  12.5 MG,C03,C03A,C03AA,C03AA03,"",,,,,1,,,,,,,C03AA03,"",,,,,,,,1,,,,0,0,0,0,1,0,0,1,0,0,0,,1.4,37.29,2,020709CJB,223.17,1.11,32,203.9,32,131.182,8,13442,13442,45.14,1,0,0,0,0,8,0,0,0,0,0,0,0,0,0,0,0,200,65.75,0,0,0,0,0,0,1,,,,,8,1,,0,1,1,0,0,0,0,,1,1,0,2,0,,,0,0,62,32.5270063138256,0,0,1,0,1,,0,0,0,0,0,,0,,,,0,0,0,,,0,112,1,49.0730643402399,3.89331029649599,2,0,0,0,80,0,1,,17228,,,,56.9111232279171,1,Q3,low,low,Q1-Q3,Q1-Q3,,,,,,
1,2810263098,2018-11-26,4304.2,2,1,214,45,170,115,0.9,3,101.8,5.6,11466,4228.09430255403,8.34950665103515,,,,,37.54,,1018.91,1,1000.89390962672,6.90864878930959,0,49.8,2,11466,1,2,,11466,0,,,1,,,11466,,,,,0,0,,,,0,0,7,0,11466,C10AX06,TAB,C10,C10A,C10AX,C10AX06,"",,,,,,1,1,,,,,"","",,,,,,,,,,,,0,0,0,0,0,1,1,0,0,0,0,,1.04,81.86,2,011409CJB,217.356,1.22,6,243.1,6,157.828,8,12937,12937,37.54,0,0,0,0,0,8,1,1,1,0,0,0,0,0,0,0,0,194,71.75,0,0,0,0,0,0,1,,,,,8,2,,0,1,0,0,0,0,0,,1,1,2,2,0,,,0,0,58,26.4949760799496,1,0,0,1,0,,0,0,0,0,0,,0,,,,0,0,0,,,0,135,0,29.4695481335953,3.38335746353382,1,0,0,1,94,0,1,,16730,,,,44.9797266229152,1,Q3,low,low,Q1-Q3,Q1-Q3,,,,,,
1,2810263331,2018-01-28,1487.9,2,1,241,53,158,139,0.97,12.4,63.1,6.4,11682,2358.00316957211,7.76557042527458,1.19444444444444,0.177681177237452,1,,45.62,,476.62,1,755.340729001585,6.62716894413614,0,69.13,0,11682,0,3,,11682,0,,,2,3959,5088,11682,13680,13680,1998,,0,0,,,,0,0,8,0,11682,M01AE01,200 MG,M01,M01A,M01AE,M01AE01,"",,1,,,1,,,1,,,,"","",,,,,,,,,,,,0,1,0,0,1,0,0,1,0,0,0,,6.29,91.75,2,021709CJB,340.402,2.49,42,209.8,42,158,8,12585,12585,45.62,1,0,0,0,0,2,0,0,0,0,0,0,0,0,0,0,0,228,64,0,0,0,0,0,0,1,,,,,7,2,,0,1,1,0,0,0,0,1,1,1,0,2,0,,,0,0,60,39.1363673352347,0,0,1,0,1,,0,0,0,0,0,,0,,,,0,0,0,,,0,156.4,1,196.513470681458,5.28073098204596,2,1,0,0,63,0,0,,16369,,,,37.4286217392398,1,Q1,low,low,Q1-Q3,Q1-Q3,,,,,,
1,2810263611,2018-07-06,20000,3,1,163,44,169,100,0.93,3,106.3,5,11700,18814.6754468485,9.84239245317632,1.66553767993226,0.510148002191697,0,,54.46,,669.26,1,629.595484477893,6.44507752502838,0,72.76,0,11700,0,3,2,11700,1,3284,14984,1,4314,5645,11700,13923,13923,2223,,0,0,,,,0,1,8,1,11700,C09AA03,5 MG,C09,C09A,C09AA,C09AA03,"",,,,,1,,,,,,,"","",,,,,,,,,,,,0,0,0,0,1,0,0,0,0,0,0,,2.76,102,2,021109bCJ,651.18,1.74,37,138.3,37,123.294,8,12707,12707,54.46,1,0,0,0,0,8,0,0,0,0,0,0,0,0,0,0,0,196,70.5,0,0,0,0,0,0,1,,,,,7,1,,0,1,1,0,0,0,0,,1,1,0,2,0,,,0,0,70,27.7257593899525,0,0,1,0,1,,0,0,0,0,1,14983,0,,,,0,0,1,,,0,85.2,0,28.2220131702728,3.34010228230234,1,0,0,0,83,1,1,14984,,14983,2,,226.682836709019,1,Q4,high,high,Q4,Q4,MI,,,,,
1,2810264008,2017-12-14,1977.2,2,1,127,42,99,94,1.36,163.6,127.2,5.4,11540,1554.40251572327,7.34884651651487,3.24980047885076,1.17859360333429,0,,42.08,,1251.01,1,983.498427672956,6.89111603912215,0,81.81,0,11540,0,3,,11540,0,,,1,4354,5694,11540,,,,,0,0,,,,0,0,8,0,11540,C10AA05,20 MG,C10,C10A,C10AA,C10AA05,"",,,,,1,1,1,1,,,,"","",,,,,,,,,,,,0,0,0,0,1,1,1,1,0,0,0,,0.36,38.36,2,020409bCJ,312.304,1.81,26,148.1,26,112.348,8,12694,12694,42.08,1,0,0,0,0,8,0,0,0,0,0,0,0,0,0,0,0,166,63.5,0,0,0,0,0,0,1,,,,,8,6,,0,1,1,0,0,0,0,,1,1,0,2,0,,,0,0,78,28.9445132179371,0,0,1,1,1,,0,0,0,0,0,,0,,,,0,0,0,,,0,65.2,1,1286.16352201258,7.15941905224476,3,0,0,1,49,0,0,16342,,16342,28,4802,31.7225003208831,0,Q1,low,low,Q1-Q3,Q1-Q3,Death,13.1471594798084,1,1,1,0
1,2810264062,2017-09-06,3040.8,2,1,115,45,51,112,0.81,3.6,51,6.1,11419,5962.35294117647,8.69322047093881,1.23188405797101,0.208544751893057,1,,50.86,,1059.57,1,2077.58823529412,7.63896299769009,0,52.71,1,11419,1,2,,11419,0,,,1,4413,5680,11419,13768,13768,2349,,0,0,,,,0,0,7,0,11419,C10AA01,20 MG,C10,C10A,C10AA,C10AA01,"",,,,,1,1,1,,,,,"","",,,,,,,,,,,,0,0,0,0,1,1,1,0,0,0,0,,2.82,64.25,2,011309CJB,345.192,1.81,4,229.8,4,129.887,8,12930,12930,50.86,1,0,0,0,0,8,0,0,0,0,0,0,0,0,0,0,0,183,67.25,0,0,0,0,0,0,1,,,,,4,1,,0,1,1,0,0,0,0,,1,1,0,2,0,,,0,0,63,28.4493353774093,0,0,1,1,1,,0,0,0,0,0,,0,,,,0,0,0,,,0,59.8,0,70.5882352941177,4.25686349171988,2,0,0,1,95,0,1,,16723,,,,62.7616099071208,1,Q3,high,low,Q1-Q3,Q1-Q3,,,,,,
1,2810264259,2018-02-08,3053.6,2,1,126,34,59,112,0.87,3,72.6,5.6,12989,4206.06060606061,8.34428176558836,1.29484386347131,0.258390119134486,1,,44.56,,797.84,1,1098.95316804408,7.00211334025095,0,73.16,0,12989,0,3,,12989,0,,,1,4562,5794,12989,14919,14919,1930,,0,0,,,,0,0,8,0,12989,C03AA03,10/20 MG,C09,C09A,C09AA,C09AA07,"",,,,,,,,1,,,,C09AA07,"",,,,,1,,,,,,,0,0,0,0,1,0,0,1,0,0,0,,1.37,97.73,2,021909CJB,329.182,2.52,46,196.5,46,157.39,8,13799,13799,44.56,1,0,0,0,0,8,0,0,0,0,0,0,0,0,0,0,0,209,68.5,0,0,0,0,0,0,1,,,,,3,6,,0,1,1,0,0,0,0,,1,1,0,2,0,,,0,0,62,31.3163224227242,0,0,1,0,1,,0,0,0,0,0,,0,,,,0,0,0,,,0,80.2,0,41.3223140495868,3.7214026458195,2,0,0,0,92,0,1,16338,,16338,27,3349,45.7180500658762,0,Q3,low,low,Q1-Q3,Q1-Q3,,9.16906228610541,1,0,0,0
7,2810264534,2017-08-12,1356.5,2,1,231,57,168,112,0.66,3,26.7,6.4,3221,5080.52434456929,8.53316975268087,2.99068804966374,1.09550347787415,0,2.7,42.44,44.08,424.82,2,1591.0861423221,7.37217217038063,0,70.83,0,3221,0,3,,3221,0,,,2,3221,5048,,,5048,1827,,0,0,,,,0,0,8,0,3221,C10AX06,1000 MG,C10,C10A,C10AX,C10AX06,"",,,,,,1,,,,,,"","",,,,,,,,,,,,0,0,0,0,0,1,0,0,0,0,0,,0.87,63.51,2,122908CJB,197.714,1.77,2,178.4,2,123.008,3,,,42.44,0,0,0,0,0,,0,0,0,0,0,0,,,,,0,150,62.5,0,0,0,0,0,0,,,1,,,7,1,,0,1,0,0,,,0,,2,3,0,2,0,,,0,0,53,26.998325996652,0,0,0,0,0,,0,0,0,0,0,,0,,,,0,0,0,,,0,140.4,0,112.359550561798,4.72170400224404,2,0,1,0,101,0,1,,6133,,,,50.3022212333593,1,Q3,low,low,Q1-Q3,Q1-Q3,,,,,,
1,2810264549,2018-06-28,20000,3,1,133,58,120,339,1.13,163.8,200.5,11,12377,9975.06234413965,9.2078434917776,,,,,24.56,,1860.74,1,928.049875311721,6.83308547628997,0,59.81,0,12377,0,3,,12377,0,,,2,4515,5965,12377,15002,15002,2625,,0,0,,,,0,0,8,0,12377,C10AA05,10 MG,C10,C10A,C10AA,C10AA05,"",,,,,,1,1,,,1,,"","",,,,,,,,,,,,0,0,0,0,0,1,1,0,0,1,0,,3.24,34.22,2,012209CJB,482.816,4.61,12,160.1,12,98.449,8,13743,13743,24.56,1,0,0,0,0,2,0,0,0,0,0,0,0,0,0,0,0,117,62.75,0,0,0,0,0,0,1,,,,,3,6,,0,1,1,0,0,0,0,1,1,1,0,2,0,,,0,0,72,20.8912301762954,0,1,0,1,1,,0,0,0,0,0,,0,,,,0,0,0,,,0,51,1,816.957605985038,6.70558720365448,3,1,0,1,49,1,1,15509,,15509,28,3132,203.572700900809,0,Q4,high,high,Q4,Q4,Death,8.57494866529774,1,0,0,0
1,2810264994,2017-12-23,829.5,2,1,167,50,108,83,0.67,10.6,31.7,5.5,12466,2616.71924290221,7.86967661473536,,,,,38.78,,346.01,1,1091.5141955836,6.99532118147904,0,64.57,0,12466,0,3,,12466,0,,,2,4512,5782,12466,,,,,0,0,,,,0,0,8,0,12466,"","","","","","","",,,,,,,,,,,,"","",,,,,,,,,,,,0,0,0,0,0,0,0,0,0,0,0,,3.05,38.08,2,020609CJB,609.852,1.26,30,222.8,30,108.594,8,13567,13567,38.78,0,0,0,0,0,2,0,0,0,0,0,0,0,0,0,0,0,147,64.75,0,0,0,0,0,0,1,,,,,5,6,,0,1,0,0,0,0,0,1,1,1,0,2,0,,,0,0,78,24.6515029187838,0,0,0,0,0,,0,0,0,0,0,,0,,,,0,0,0,,,0,95.4,1,334.384858044164,5.81229259921692,3,0,0,0,84,0,0,16132,,13687,11,,31.1514195583596,1,Q1,low,low,Q1-Q3,Q1-Q3,Atherothrombotic Infarction of Brain,,,,,
1,2810267076,2018-06-30,13033,2,1,220,69,92,90,0.73,8.4,94.9,5.7,12450,13733.4035827187,9.52758636190293,2.66048667439166,0.978509066356029,0,,38.74,,1098.28,1,1157.30242360379,7.05384707903986,0,55.34,0,12450,0,3,,12450,0,,,2,4601,5783,12450,,,,,0,0,,,,0,0,8,0,12450,C10AX06,2400 MG,C10,C10A,C10AX,C10AX06,"",,,,,,1,,,,,,"","",,,,,,,,,,,,0,0,0,0,0,1,0,0,0,0,0,,1.93,28.52,2,020509CJB,469.3,2.88,28,232,28,145.053,8,13575,13575,38.74,0,0,0,0,0,2,0,0,0,0,0,0,0,0,0,0,0,125,64,0,0,0,0,0,0,1,,,,,7,8,,0,1,0,0,0,0,0,1,1,1,0,2,0,,,0,0,73,21.4563417408085,0,0,0,0,0,,0,0,0,0,0,,0,,,,0,0,1,,,0,132.6,1,88.5142255005269,4.48316327921552,2,0,1,0,82,1,1,13453,,13453,27,1003,167.480531496569,0,Q4,high,high,Q4,Q4,,2.7460643394935,0,0,0,0
1,2810267580,2017-09-13,497.6,2,1,244,115,53,108,0.58,3,17,5.4,11945,2927.05882352941,7.98175338335685,4.36149471974005,1.47281482423812,0,,34.86,,368.94,1,2170.23529411765,7.68259087112531,0,67.79,0,11945,0,3,41,11945,1,4114,16059,2,4551,5707,11945,14076,14076,2131,,0,0,,,,0,1,8,1,11945,C10AX06,3,C10,C10A,C10AX,C10AX06,"",,,,,,1,,,,,,"","",,,,,,,,,,,,0,0,0,0,0,1,0,0,0,0,0,,2.14,19.73,2,011409CJB,604.648,4.3,5,130,5,96.019,8,13427,13427,34.86,1,0,0,0,0,1,0,0,0,0,0,0,0,0,0,0,0,123,62,0,0,0,0,0,0,1,,,,,4,8,,0,1,1,0,0,0,0,0,1,1,0,2,0,,,0,0,72,22.4971417684771,0,0,0,0,1,,0,0,0,0,0,,0,,,,0,0,0,,,0,118.4,0,176.470588235294,5.17315422359403,2,0,1,0,92,0,0,16162,,16059,41,,31.8158567774936,1,Q2,low,low,Q1-Q3,Q1-Q3,CHF,,,,,
1,2810267664,2017-09-23,1637.9,2,1,194,50,121,97,0.54,3.2,41.7,5.2,11132,3927.81774580336,8.27583926967167,,,,,39.86,,757.65,1,1816.90647482014,7.50489059476551,0,69.71,0,11132,0,3,,11132,0,,,2,4348,5621,11132,14014,14014,2882,,0,0,,,,0,0,8,0,11132,C09CA03,80/12.5,C03,C03A,C03AA,C03AA03,"",,,,,1,,,,,,,C03AA03,"",,,,,,,,1,,,,0,0,0,0,1,0,0,1,0,0,0,,2.66,47.72,2,011509CJB,,,7,266.4,7,150.54,8,12581,12581,39.86,1,0,0,0,0,2,1,1,1,0,0,0,0,0,0,0,0,149,63.25,0,0,0,0,0,0,1,,,,,3,1,,0,1,1,0,0,0,0,1,1,1,2,2,0,,,0,0,54,26.186099959258,1,0,1,0,1,,0,0,0,0,0,,0,,,,0,0,0,,,0,119.8,0,76.7386091127098,4.34040495998306,2,0,0,0,107,0,0,,16374,,,,36.7085770635828,1,Q2,low,low,Q1-Q3,Q1-Q3,,,,,,
7,2810268081,2017-08-12,1510.1,2,1,180,64,59,85,0.62,4,94.2,5.6,3213,1603.07855626327,7.37968115718752,1.91077085533263,0.647506749817719,0,0.3,43.32,43.48,507.22,2,538.450106157113,6.28869483892802,0,64.97,0,3213,0,3,,3213,0,,,2,3213,5200,,,5200,1987,,0,0,,,,0,0,8,0,3213,"","","","","","","",,,,,,,,,,,,"","",,,,,,,,,,,,0,0,0,0,0,0,0,0,0,0,0,,0.64,37.24,2,122908CJB,284.926,0.93,2,106.2,2,79.395,3,,,43.32,0,0,0,0,0,,0,0,0,0,0,0,,,,,0,131,64,0,0,0,0,0,0,,,1,,,7,6,,0,1,0,0,,,0,,2,3,0,2,0,,,0,0,65,22.4862461443673,0,0,0,0,0,,0,0,0,0,0,,0,,,,0,0,0,,,0,104.2,1,42.4628450106157,3.74862945851971,2,0,0,0,95,0,0,,7810,,,,16.8745111185607,1,Q1,low,low,Q1-Q3,Q1-Q3,,,,,,
1,2810268347,2018-06-30,20000,3,1,214,66,118,107,0.69,5.9,179.7,5.7,11739,11129.6605453534,9.31736894473471,2.64661016949153,0.973279639823368,0,,32.76,,2254.16,1,1254.40178074569,7.1344140691947,0,,0,11739,,,,11739,0,,,2,4335,5707,11739,13861,13861,2122,,0,0,,,,0,0,,0,11739,"","","","","","","",,,,,,,,,,,,"","",,,,,,,,,,,,0,0,0,0,0,0,0,0,0,0,0,,6.87,69.05,2,020409CJB,356.542,3.2,26,206.6,26,133.383,8,12895,12895,32.76,0,0,0,0,0,2,1,1,1,0,0,0,0,0,0,0,0,185,62.75,1,1,0,0,0,0,1,,,,,3,1,,0,1,0,0,0,0,0,1,1,1,2,2,0,,,0,1,51,33.0331417317491,1,0,0,0,0,,0,0,0,0,0,,0,,,,0,0,0,,,0,124.4,1,32.8324986087924,3.4914188361043,2,0,0,0,101,1,1,,16682,,,,110.194658864885,1,Q4,high,high,Q4,Q4,,,,,,
1,2810268629,2018-01-10,1910.6,2,1,212,57,111,97,0.86,3,21.4,5,12459,8928.03738317757,9.09695187179619,2.48960498960499,0.912124059179309,0,,48.6,,392.85,1,1835.7476635514,7.51520712358212,0,69.05,0,12459,0,3,,12459,0,,,1,5053,6464,12459,14531,14531,2072,,0,0,,,,0,0,8,0,12459,M01AE01,20-25 MG,C03,C03A,C03AA,C03AA03,325 MG,1,1,,,1,,,,,,,C03AA03,"",,,,,,,,1,,,,1,1,0,0,1,0,0,1,0,0,0,,0.83,10.82,2,021209CJB,248.766,1.54,38,221.7,38,167.26,8,13446,13446,48.6,1,0,0,0,0,8,0,0,0,0,0,0,0,0,0,0,0,168,65.25,0,0,0,0,0,0,1,,,,,8,1,,0,1,1,0,0,0,0,,1,1,0,2,0,,,0,0,66,27.7430281376615,0,0,1,0,1,,0,0,0,0,0,,0,,,,0,0,0,,,0,132.8,0,140.18691588785,4.94297664562244,2,0,0,0,90,1,1,,17230,,,,99.2004153686397,1,Q4,high,high,Q4,Q4,,,,,,
1,2810268917,2017-11-23,3048.7,2,1,177,68,50,102,0.84,3,89.9,5.7,12540,3391.21245828699,8.12894279374216,2.89150943396226,1.0617786612642,0,,29.62,,781.59,1,869.399332591769,6.76780255088907,0,68.14,0,12540,0,3,,12540,0,,,1,4518,5793,12540,14627,14627,2087,,0,0,,,,0,0,8,0,12540,C10AA05,10 MG,C10,C10A,C10AA,C10AA05,"",,,,,,1,1,,,,,"","",,,,,,,,,,,,0,0,0,0,0,1,1,0,0,0,0,,0.72,66.52,2,013009CJB,462.1,1.19,20,214.9,20,130.353,8,13783,13783,29.62,0,0,0,0,0,8,0,0,0,0,0,0,0,0,0,0,0,178,69.25,0,0,0,0,0,0,1,,,,,7,1,,0,1,0,0,0,0,0,,1,1,0,2,0,,,0,0,61,26.096728026583,0,0,0,1,0,,0,0,0,0,0,,0,,,,0,0,0,,,0,99,0,33.3704115684093,3.50766962617267,2,0,0,1,95,0,0,,17571,,,,35.6969732451262,1,Q2,low,low,Q1-Q3,Q1-Q3,,,,,,
1,2810268939,2018-12-08,6955.9,2,1,235,69,68,92,0.67,12.8,125.7,5.3,11944,5533.73110580748,8.61861756968452,2.00226244343891,0.694277762930231,0,,40.02,,1084.93,1,863.110580747812,6.76054281815616,0,,0,11944,,,,11944,0,,,2,4256,5652,11944,14084,14084,2140,,0,0,,,,0,0,,0,11944,M01AE01,200 MG,M01,M01A,M01AE,M01AE01,"",,1,,,,,,,,,,"","",,,,,,,,,,,,0,1,0,0,0,0,0,0,0,0,0,,2.39,33.28,2,020409bCJ,294.03,1.37,27,256.3,27,167.755,8,13083,13083,40.02,0,0,0,0,0,2,0,0,0,0,0,0,0,0,0,0,0,155,60.75,0,0,0,0,0,0,1,,,,,3,0,,0,1,0,0,0,0,0,1,1,1,0,2,0,,,0,0,68,29.5287284676078,0,0,0,0,0,,0,0,0,0,0,,0,,,,0,0,0,,,0,152.4,1,101.829753381066,4.62330233431151,2,0,0,0,90,0,1,,16870,,,,61.4859011756386,1,Q3,low,low,Q1-Q3,Q1-Q3,,,,,,
1,2810269128,2018-12-08,4264.1,2,1,170,40,74,100,0.98,3,89.5,5.6,11437,4764.35754189944,8.46891797843556,2.63626834381551,0.969364411085553,0,,38.52,,1418.38,1,1584.78212290503,7.36820221497306,0,63.73,0,11437,0,3,,11437,0,,,1,4431,5651,11437,13873,13873,2436,,0,0,,,,0,0,8,0,11437,C07AB03,50 MG,C07,C07A,C07AB,C07AB03,"",,,,1,,,,,,,,"","",,,,,,,,,,,,0,0,0,1,0,0,0,0,0,0,0,,0.73,44.47,2,020409bCJ,276.658,1.85,27,202.8,27,184.884,8,12572,12572,38.52,1,0,0,0,0,8,0,0,0,0,0,0,0,0,0,0,0,172,67.5,0,0,0,0,0,0,1,,,,,6,1,,0,1,1,0,0,0,0,,1,1,0,2,0,,,0,0,67,26.5415641942395,0,0,1,0,1,,0,0,0,0,0,,0,,,,0,0,0,,,0,115.2,0,33.5195530726257,3.51212894236944,2,0,0,0,79,0,1,,16359,,,,60.3083233151828,1,Q3,low,low,Q1-Q3,Q1-Q3,,,,,,
1,2810269238,2017-10-22,1864.9,2,1,204,36,144,132,0.62,3,19.4,6.3,11946,9612.88659793815,9.17085983125621,1.58691468890314,0.461791683894657,1,,24.14,,917.3,1,4728.35051546392,8.46133169243442,0,63.7,0,11946,0,3,,11946,0,,,2,4614,5714,11946,14095,14095,2149,,0,0,,,,0,0,8,0,11946,"","","","","","","",,,,,,,,,,,,"","",,,,,,,,,,,,0,0,0,0,0,0,0,0,0,0,0,,3.05,51.56,2,012109CJB,442.9,2.23,11,196.9,11,125.447,8,13338,13338,24.14,0,0,0,0,0,0,1,1,1,0,0,0,0,0,0,0,0,200,62,0,0,0,0,0,0,1,,,,,3,1,,0,0,0,0,0,0,0,0,1,1,2,,0,,,0,0,52,36.580718322727,1,,0,0,0,,0,0,0,0,0,,0,,,,0,0,0,,,0,139.2,0,154.639175257732,5.04109450158097,2,1,0,0,104,1,1,,17130,,,,92.4316019032514,1,Q4,high,high,Q4,Q4,,,,,,
1,2810269869,2017-12-16,560.1,2,1,160,49,145,92,0.84,3,20.4,5.6,12166,2745.58823529412,7.91775062435371,2.83606557377049,1.04241773032447,0,,42.48,,290.94,1,1426.17647058824,7.26275234548324,0,67.57,0,12166,0,3,,12166,0,,,2,4687,5893,12166,14659,14659,2493,,0,0,,,,0,0,8,0,12166,C10AB05,48 MG,C10,C10A,C10AB,C10AB05,"",,,,,,1,1,,,,,"","",,,,,,,,,,,,0,0,0,0,0,1,1,0,0,0,0,,1.28,59.32,2,020509CJB,165.166,2.85,28,187.6,28,121.246,8,13294,13294,42.48,0,0,0,0,0,2,1,1,1,0,0,0,0,0,0,0,0,172,63.5,0,0,0,0,0,0,1,,,,,4,1,,0,1,0,0,0,0,0,1,1,1,2,2,0,,,0,0,61,29.9907004426818,1,0,0,1,0,,0,0,0,0,0,,0,,,,0,0,0,,,0,82,0,147.058823529412,4.99083266680008,2,0,0,1,75,0,0,,17080,,,,36.6078431372549,1,Q2,low,low,Q1-Q3,Q1-Q3,,,,,,
1,2810270857,2017-11-23,1554.1,2,1,159,66,41,93,0.8,4.9,42.1,5.4,12486,3691.44893111639,8.21377432422132,,,,,29.48,,292.03,1,693.657957244656,6.5419789820167,0,66.13,0,12486,0,3,,12486,0,,,2,4586,5793,12486,14655,14655,2169,,0,0,,,,0,0,8,0,12486,M01AX25,"",M01,M01A,M01AX,M01AX25,"",,1,,,,,,,,,,"","",,,,,,,,,,,,0,1,0,0,0,0,0,0,0,0,0,,0.5,32.35,2,013009CJB,165.832,0.78,21,230.9,21,127.533,8,13720,13720,29.48,0,0,0,0,0,0,0,0,0,0,0,0,0,0,0,0,0,131,64.75,0,0,0,0,0,0,1,,,,,8,1,,0,0,0,0,0,0,0,0,1,1,0,,0,,,0,0,51,21.968346138508,0,0,0,0,0,,0,0,0,0,0,,0,,,,0,0,0,,,0,84.8,1,116.389548693587,4.75694274341038,2,0,0,0,85,0,0,,17508,,,,43.4288109543105,1,Q2,low,low,Q1-Q3,Q1-Q3,,,,,,
1,2810271100,2018-01-26,2362,2,1,161,51,206,89,1.25,4.2,58.4,5.9,12070,4044.52054794521,8.30511829291122,2.5327868852459,0.929320232164489,0,,26.94,,599.78,1,1027.02054794521,6.93441721746473,0,70.11,0,12070,0,3,,12070,0,,,1,4376,5831,12070,14122,14122,2052,,0,0,,,,0,0,8,0,12070,C10AB05,145 MG,C10,C10A,C10AB,C10AB05,"",,,,,1,1,1,,,,,"","",,,,,,,,,,,,0,0,0,0,1,1,1,0,0,0,0,,1.96,111.3,2,021709CJB,353.312,1.77,42,222.2,42,140.137,8,12981,12981,26.94,1,0,0,0,0,8,0,0,0,0,0,0,0,0,0,0,0,200,70.75,1,1,0,0,0,0,1,,,,,7,6,,0,0,1,0,0,0,0,,1,1,0,,0,,,0,1,67,28.0920038921824,0,0,1,1,1,,0,0,0,0,0,,0,,,,0,0,0,,,0,68.8,1,71.9178082191781,4.27552391443728,2,0,0,1,59,0,0,,16765,,,,68.5511957278849,1,Q2,low,high,Q1-Q3,Q1-Q3,,,,,,
7,2810273108,2017-08-10,1699.1,2,1,247,101,123,99,0.71,3,36.8,6.1,4045,4617.11956521739,8.43752631890492,,,,3.6,44.8,42.6,459.99,2,1249.97282608696,7.13087709092961,0,79.72,0,4045,0,3,,4045,0,,,2,4045,5704,,,5704,1659,,0,0,,,,0,0,8,0,4045,"","","","","","","",,,,,,,,,,,,"","",,,,,,,,,,,,0,0,0,0,0,0,0,0,0,0,0,,1.1,104.7,2,122208CJB,270.32,0.43,1,195.3,1,98.572,3,,,44.8,0,0,0,0,0,,0,0,0,0,0,0,,,,,0,116,58.25,0,0,0,0,0,0,,,1,,,7,6,,0,0,0,0,,,0,,2,3,0,,0,,,0,0,60,24.0365283913533,0,0,0,0,0,,0,0,0,0,0,,0,,,,0,0,0,,,0,121.4,0,81.5217391304348,4.40086972247536,2,0,0,0,93,0,1,,8714,,,,49.6464469378214,1,Q3,low,low,Q1-Q3,Q1-Q3,,,,,,
1,2810273501,2017-09-06,3651.1,2,1,202,58,81,104,0.87,5.7,100.5,5.9,11195,3632.93532338308,8.19779622952574,1.27841945288754,0.245624512503228,1,,48.96,,937.69,1,933.024875621891,6.83843186246608,0,,0,11195,,,4,11195,1,3507,14702,2,4320,5700,11195,13329,13329,2134,13532,1,0,874,12069,,0,1,,1,11195,C07AB02,25 MG,C07,C07A,C07AB,C07AB02,"",,,,1,,,,,,,,"","",,,,,,,,,,,,0,0,0,1,0,0,0,0,0,0,0,,1.17,51.43,2,011309CJB,,,4,287.3,4,203.261,8,12699,12699,48.96,1,0,0,0,0,2,0,0,0,0,0,0,0,0,0,0,0,134,57.75,0,0,0,0,0,0,1,,,,,3,0,,0,1,1,0,0,0,0,1,1,1,0,2,0,,,0,0,76,28.2492182457801,0,0,1,0,1,,0,0,0,0,1,14455,0,,1,1,0,0,0,,,0,127.8,1,56.7164179104478,4.03806372632351,2,0,0,0,65,0,0,15989,,14455,4,,55.8913126674321,1,Q2,low,low,Q1-Q3,Q1-Q3,MI,,,,,
1,2810273631,2017-12-02,960.5,2,1,218,66,118,88,0.8,3,31.3,5.4,11556,3068.69009584665,8.0290060706506,1.42932199149362,0.357200200013139,1,,29.4,,187.43,1,598.817891373802,6.39495753081288,0,70.56,0,11556,0,3,2,11556,0,,,2,4353,5622,11556,13736,13736,2180,,0,0,,,,0,0,8,0,11556,"","","","","","","",,,,,,,,,,,,"","",,,,,,,,,,,,0,0,0,0,0,0,0,0,0,0,0,,2.59,46.33,2,020409CJB,273.092,2.98,25,252.9,25,155.98,8,12725,12725,29.4,0,0,0,0,0,2,0,0,0,0,0,0,0,0,0,0,0,119,62.25,1,1,0,0,0,0,1,,,,,3,6,,0,1,0,0,0,0,0,1,1,1,0,2,0,,,0,1,70,21.5910549399848,0,0,0,0,0,,0,0,0,0,1,15435,0,,,,0,0,0,,,0,128.4,0,95.8466453674121,4.56274947010414,2,0,0,0,75,0,0,,16513,15435,2,4957,40.9158679446219,0,Q2,low,low,Q1-Q3,Q1-Q3,MI,13.5715263518138,1,1,1,0
1,2810273905,2018-02-03,1054.7,2,1,246,53,124,99,0.83,3,138.1,5.9,11914,763.721940622737,6.63820377085541,2.86317567567568,1.05193138493055,0,,61.02,,1998.27,1,1446.97320782042,7.27722921078655,0,68.13,0,11914,0,3,2,11914,0,,,2,4715,5775,11914,,,,,0,0,,,,0,0,8,0,11914,M01AE02,375 MG,M01,M01A,M01AE,M01AE02,"",,1,,,,,,,,,,"","",,,,,,,,,,,,0,1,0,0,0,0,0,0,0,0,0,,6.66,67.74,2,021909CJB,322.132,2.58,45,196.4,45,163.039,8,12740,12740,61.02,0,0,0,0,0,2,0,0,0,0,0,0,0,0,0,0,0,205,61.75,0,0,0,0,0,0,1,,,,,7,1,,0,1,0,0,0,0,0,1,1,1,0,2,0,,,0,0,63,37.7994560181945,0,0,0,0,0,,0,0,0,0,1,15975,0,,,,0,0,0,,,0,168.2,0,21.7233888486604,3.078389507235,1,0,0,0,75,0,0,,16521,15975,2,4607,10.1829592083032,0,Q1,low,low,Q1-Q3,Q1-Q3,MI,12.6132785763176,1,1,1,0
7,2810275486,2017-08-10,2063.9,2,1,242,58,70,87,0.82,3,89.3,5.8,3379,2311.19820828667,7.74552137392097,,,,3.5,37.78,39.68,615.58,2,689.339305711086,6.53573361091362,0,78.86,0,3379,0,3,,3379,0,,,2,3379,5340,,,5340,1961,,0,0,,,,0,0,8,0,3379,M01AX05,"",M01,M01A,M01AX,M01AX25,"",,1,,,,1,,1,,,1,M01AX25,"",,1,,,,,,,,,,0,1,0,0,0,1,0,1,0,0,1,,0.94,70.3,2,122308CJB,360.08,0.96,2,147.8,2,115.501,3,,,37.78,1,0,0,0,0,,0,0,0,0,0,0,,,,,0,157,64.75,0,0,0,0,0,0,,1,,,1,8,1,,0,1,1,0,,,0,,2,2,0,2,0,,,0,0,59,26.3284759064561,0,0,1,0,1,,0,0,0,0,0,,0,,,,0,0,0,2,-1247,1,170,0,33.5946248600224,3.51436607976779,2,0,1,0,91,0,0,,8020,,,,25.3977825086448,1,Q1,low,low,Q1-Q3,Q1-Q3,,,,,,
1,2810275803,2018-07-06,20000,3,1,125,21,145,102,1.72,29.1,154.7,6.3,11762,12928.2482223659,9.4671699809452,1.02356637863315,0.0232929785674387,1,,12.24,,1527.47,1,987.37556561086,6.89505047932742,0,67.95,0,11762,0,3,,11762,0,,,1,4230,5639,11762,,,,,0,0,,,,0,0,8,0,11762,C10AA02,20 MG,C10,C10A,C10AA,C10AA02,"",,,,,,1,1,,1,1,,"","",,,,,,,,,,,,0,0,0,0,0,1,1,0,1,1,0,,37.7,51.11,2,021909CJB,393.324,5.64,46,247.5,46,210.092,8,12553,12553,12.24,0,0,0,0,1,8,0,0,0,0,0,0,0,0,0,0,0,182,69,0,0,0,0,0,0,1,,,,,3,7,,0,0,0,1,0,0,0,,1,1,0,,0,,,0,0,76,26.8768779503533,0,1,0,1,0,,0,0,0,0,0,,0,,,,0,0,1,1,13324,0,75,1,188.106011635423,5.23700569558056,2,1,0,1,38,1,1,13354,,13354,27,1592,340.217058483312,0,Q4,high,high,Q4,Q4,,4.35865845311431,1,0,0,0
1,2810275901,2017-10-28,2926,2,1,228,74,118,89,1.24,25.7,119.9,5.7,11929,2440.36697247706,7.79990370553469,2.42409867172676,0.885459773536497,0,,60.3,,749.24,1,624.88740617181,6.43757148338231,0,64.97,0,11929,0,3,12,11929,0,,,2,4671,5709,11929,14008,14008,2079,,0,0,,,,0,0,8,0,11929,C09AA03,20 MG,C09,C09A,C09AA,C09AA03,"",,,,,1,,,,,,,"","",,,,,,,,,,,,0,0,0,0,1,0,0,0,0,0,0,,3.26,47.55,2,012309CJB,430.628,1.31,13,237,13,150.378,8,13282,13282,60.3,1,0,0,0,0,2,0,0,0,0,0,0,0,0,0,0,0,149,63,0,0,0,0,0,0,1,,,,,6,0,,0,1,1,0,0,0,0,1,1,1,0,2,0,,,0,0,71,26.3943385029627,0,0,1,0,1,,0,0,0,0,0,,1,15710,,,0,0,0,,,0,130.4,1,214.345287739783,5.36758820884984,2,0,0,0,44,0,0,,17074,15710,12,5145,55.4628857381151,1,Q1,low,low,Q1-Q3,Q1-Q3,TIA,14.0862422997947,1,1,1,0
1,2810275911,2017-09-23,1926,2,1,199,42,105,114,0.99,3,63.9,5,11405,3014.08450704225,8.01105141696267,1.38448566610455,0.325328710454703,1,,45.04,,782.06,1,1223.88106416275,7.10978228854931,0,69.44,0,11405,0,3,,11405,0,,,1,4349,5770,11405,13987,13987,2582,,0,0,,,,0,0,8,0,11405,C09AA03,5 MG,C09,C09A,C09AA,C09AA07,"",,,,1,1,,,,,,,C09AA07,"",,,,,1,,,,,,,0,0,0,1,1,0,0,0,0,0,0,,0.31,128.2,2,011509CJB,482.53,1.17,7,242.6,7,188.056,8,12854,12854,45.04,1,0,0,0,0,8,0,0,0,0,0,0,0,0,0,0,0,185,68.5,0,0,0,0,0,0,1,,,,,3,1,,0,1,1,0,0,0,0,,1,1,0,2,0,,,0,0,58,27.7201897043253,0,0,1,0,1,,0,0,0,0,0,,0,,,,0,0,0,,,0,136,0,46.9483568075117,3.84904820626676,2,0,0,0,84,0,0,,16647,,,,35.8819584171697,1,Q2,low,low,Q1-Q3,Q1-Q3,,,,,,
1,2810276910,2017-08-23,2780.3,2,1,284,94,88,102,0.74,3,57.2,5.4,12132,4860.66433566434,8.48893040213383,2.48179271708684,0.908981168825442,0,,49.18,,938.36,1,1640.48951048951,7.40274995828715,0,65.14,0,12132,0,3,,12132,0,,,2,,5839,12132,14805,14805,2673,,0,0,,,,0,0,8,0,12132,"","","","","","","",,,,,,,,,,,,"","",,,,,,,,,,,,0,0,0,0,0,0,0,0,0,0,0,,1,52.28,2,010809CJB,281.52,0.63,1,205,1,125.69,8,13742,13742,49.18,0,0,0,0,0,2,0,0,0,0,0,0,0,0,0,0,0,144,63.5,0,0,0,0,0,0,1,,,,,8,1,,0,1,0,0,0,0,0,1,1,1,0,2,0,,,0,0,52,25.1084933938731,0,0,0,0,0,,0,0,0,0,0,,0,,,,0,0,1,,,0,172.4,0,52.4475524475525,3.95981366926449,2,0,0,0,93,0,1,,17536,,,,52.2652079103692,1,Q3,low,low,Q1-Q3,Q1-Q3,,,,,,
1,2810277020,2018-06-30,20000,3,1,209,53,164,99,0.95,3.2,155.8,5.8,12446,12836.9704749679,9.46008460508757,,,,,45.04,,1502.56,1,964.415917843389,6.87152265160775,0,65.15,0,12446,0,3,,12446,0,,,2,5202,6826,12446,14568,14568,2122,,0,0,,,,0,0,8,0,12446,M01AE01,200 MG,M01,M01A,M01AE,M01AE01,"",,1,,,,,,,,,,"","",,,,,,,,,,,,0,1,0,0,0,0,0,0,0,0,0,,5.63,69.42,2,020209CJB,,,,,,,,,,45.04,0,0,0,0,0,0,0,0,0,0,0,0,0,0,0,0,0,215,63.75,0,0,0,0,0,0,1,,,,,5,1,,0,1,0,0,0,0,0,0,1,1,0,2,0,,,0,0,52,37.1949256009239,0,0,0,0,0,,0,0,0,0,0,,0,,,,0,0,0,,,0,123.2,0,20.5391527599487,3.02233295535117,1,0,0,0,69,1,1,,17459,,,,186.043050361854,1,Q4,high,high,Q4,Q4,,,,,,
1,2810277070,2018-12-17,2076.4,2,1,145,55,70,97,1.03,3,51,5.6,12733,4071.37254901961,8.31173545721684,1.47253705318221,0.386986799678429,1,,39.56,,865.32,1,1696.70588235294,7.43644393398043,0,64.86,0,12733,0,3,41,12733,1,3663,16396,1,5580,,12733,15358,15358,2625,,0,0,,,,0,1,8,1,12733,"","","","","","","",,,,,,,,,,,,"","",,,,,,,,,,,,0,0,0,0,0,0,0,0,0,0,0,,1.95,154.3,2,020509CJB,573.362,2.36,28,189.1,28,99.154,8,13855,13855,39.56,2,0,0,0,0,8,0,0,0,0,0,0,0,0,0,0,0,204,69.75,0,0,0,0,0,0,1,,,,,8,1,,0,1,1,0,0,0,0,,1,1,0,2,0,,,0,0,55,29.4813492852792,0,0,0,0,1,,0,0,0,0,0,,0,,,,0,0,0,,,0,76,0,58.8235294117647,4.07454193492592,2,0,0,0,81,0,0,16977,13765,16396,41,3663,50.2638586298717,0,Q2,low,low,Q1-Q3,Q1-Q3,CHF,10.0287474332649,1,1,0,0
1,2810277795,2018-01-28,2956.4,2,1,172,53,102,109,0.57,13.3,129.6,5.6,11706,2281.17283950617,7.73244499298065,2.46240276577355,0.901137607304232,0,,62.76,,1805.55,1,1393.1712962963,7.23933793556377,0,70.97,0,11706,0,3,,11706,0,,,2,4507,5689,11706,13464,13464,1758,,0,0,,,,0,0,8,0,11706,M01AB05,75 MG,M01,M01A,M01AB,M01AB05,"",,1,,,,1,1,,,,,"","",,,,,,,,,,,,0,1,0,0,0,1,1,0,0,0,0,,1.75,93.27,2,021809CJB,287.052,0.96,43,176.6,43,121.408,8,12602,12602,62.76,0,0,0,0,0,2,0,0,0,0,0,0,0,0,0,0,0,151,62.75,0,0,0,0,0,0,1,,,,,8,2,,0,1,0,0,0,0,0,1,1,1,0,2,0,,,0,0,65,26.9621859540222,0,0,0,1,0,,0,0,0,0,0,,0,,,,0,0,1,,,0,98.6,1,102.623456790123,4.63106653029167,2,0,0,1,97,0,0,,16383,,,,23.5172457681049,1,Q1,low,low,Q1-Q3,Q1-Q3,,,,,,
1,2810277865,2018-06-30,20000,3,1,221,55,167,101,0.78,4.4,143.3,5.6,12218,13956.7341242149,9.54371740369009,,,,,39.64,,1405.67,1,980.92812281926,6.88849918758365,0,,0,12218,,,,12218,0,,,2,4544,5716,12218,14365,14365,2147,,0,0,,,,0,0,,0,12218,M01AE01,200 MG,M01,M01A,M01AE,M01AE01,"",,1,,,,,,,,,,"","",,,,,,,,,,,,0,1,0,0,0,0,0,0,0,0,0,,4.19,57.6,2,012909CJB,338.87,1.89,19,203.2,19,134.526,8,13479,13479,39.64,0,0,0,0,0,2,0,0,0,0,0,0,0,0,0,0,0,223,68.25,0,0,0,0,0,0,1,,,,,6,1,,0,1,0,0,0,0,0,1,1,1,0,2,0,,,0,0,49,33.6593065409292,0,0,0,0,0,,0,0,0,0,0,,0,,,,0,0,1,,,0,132.6,1,30.7048150732729,3.42441948507223,2,0,0,0,89,1,1,,17270,,,,156.81723735073,1,Q4,high,high,Q4,Q4,,,,,,
1,2810277880,2018-12-15,6454.3,2,1,227,57,101,91,0.85,3,87.2,5.6,12719,7401.72018348624,8.90946770940614,,,,,39.12,,996.58,1,1142.86697247706,7.0412952724871,0,65.3,0,12719,0,3,2,12719,0,,,2,4524,5810,12719,14708,14708,1989,,0,0,,,,0,0,8,0,12719,"","","","","","","",,,,,,,,,,,,"","",,,,,,,,,,,,0,0,0,0,0,0,0,0,0,0,0,,0.9,23.28,2,020909CJB,280.456,1.46,32,163.5,32,118.988,8,13785,13785,39.12,0,0,0,0,0,2,1,1,1,0,0,0,0,0,0,0,0,93,60,0,0,0,0,0,0,1,,,,,3,2,,0,1,0,0,0,0,0,1,1,1,2,2,0,,,0,0,58,18.1629363258727,1,0,0,0,0,,0,0,0,0,1,17269,0,,,,0,0,0,,,0,149.8,0,34.4036697247706,3.53816323673531,2,0,0,0,76,1,1,,17571,17269,2,4852,97.3910550458716,0,Q4,high,high,Q4,Q4,MI,13.284052019165,1,1,1,0
7,2810277925,2017-08-22,3805.8,2,1,174,43,95,126,0.79,10,77.7,6.8,3436,4898.0694980695,8.4965964264824,1.47272727272727,0.387115969439968,1,,51.84,,1185.74,1,1526.04890604891,7.3304372598557,0,60.42,0,3436,0,3,,3436,0,,,1,3436,5111,,,5111,1675,,0,0,,,,0,0,8,0,3436,C10AX09,20 MG,C10,C10A,C10AA,C10AA01,"",,,,,,1,,,,1,,C10AA01,"",,,,,,1,1,,,,,0,0,0,0,0,1,1,0,0,1,0,,1.74,130.3,2,010809CJB,226.058,1.28,5,147.4,5,130.458,3,,,51.84,1,0,0,0,1,,0,0,0,0,0,0,,,,,0,152,64.25,0,0,0,0,0,0,,,1,,,8,1,,0,1,1,1,,,0,,2,3,0,2,0,,,0,0,55,25.8882644671071,0,1,0,1,1,,0,0,0,0,0,,0,,,,0,0,0,,,0,112,1,128.700128700129,4.85748511460258,2,1,0,1,101,0,1,,7838,,,,48.4957376046485,1,Q3,low,low,Q1-Q3,Q1-Q3,,,,,,
1,2810278032,2018-12-06,5328.9,2,1,230,51,114,86,1.15,15.9,93.1,5.4,12298,5723.84532760473,8.65239611857902,2.49006622516556,0.91230930657497,0,,42,,1443.85,1,1550.85929108486,7.34656443764579,0,67.98,0,12298,0,3,,12298,0,,,1,4606,5792,12298,14442,14442,2144,,0,0,,,,0,0,8,0,12298,"","","","","","","",,,,,,,,,,,,"","",,,,,,,,,,,,0,0,0,0,0,0,0,0,0,0,0,,0.94,50.28,2,012209CJB,297.582,1.01,12,139.3,12,124.275,8,13666,13666,42,0,0,0,0,0,8,0,0,0,0,0,0,0,0,0,0,0,175,69.25,0,0,0,0,0,0,1,,,,,6,7,,0,1,0,0,0,0,0,,1,1,0,2,0,,,0,0,69,25.656895531753,0,,0,0,0,,0,0,0,0,0,,0,,,,0,0,0,,,0,156.2,1,170.78410311493,5.1404002039253,2,0,0,0,65,0,1,,17458,,,,88.0591588862266,1,Q3,high,high,Q4,Q1-Q3,,,,,,
1,2810278181,2018-01-26,1053.2,2,1,250,48,185,108,0.66,6.8,37.7,5.6,12477,2793.63395225464,7.93509851915628,2.85446985446985,1.04888613566221,0,,60.38,,305.03,1,809.098143236074,6.69592022396018,0,80.01,0,12477,0,3,,12477,0,,,2,4523,5763,12477,14129,14129,1652,,0,0,,,,0,0,8,0,12477,M01AX05,500/400 MG,M01,M01A,M01AX,M01AX25,"",,1,,,,,,,,,,M01AX25,"",,1,,,,,,,,,,0,1,0,0,0,0,0,0,0,0,0,,3.11,116.1,2,021709CJB,383.46,1.91,42,265.7,42,175.596,8,13394,13394,60.38,0,0,0,0,0,0,0,0,0,0,0,0,0,0,0,0,0,219,64.5,0,0,0,0,0,0,1,,,,,7,1,,0,1,0,0,0,0,0,0,1,1,0,2,0,,,0,0,49,37.0109555795099,0,0,0,0,0,,0,0,0,0,0,,0,,,,0,0,0,,,0,165,1,180.371352785146,5.19501779671023,2,0,0,0,104,0,0,,17178,,,,26.8618649255254,1,Q2,low,low,Q1-Q3,Q1-Q3,,,,,,
1,2810278560,2017-09-15,4459.5,2,1,142,49,64,107,1.02,3,142.2,5.4,11171,3136.07594936709,8.05072759972521,1.42845394736842,0.356592703714993,1,,51.66,,1503.38,1,1057.22925457103,6.96340685409437,0,64.72,0,11171,0,3,,11171,0,,,1,4219,5654,11171,13691,13691,2520,,0,0,,,,0,0,8,0,11171,C10AX09,10 MG,C10,C10A,C10AX,C10AX09,"",,,,1,,1,1,,,,,"","",,,,,,,,,,,,0,0,0,1,0,1,1,0,0,0,0,,0.34,44.73,2,011509CJB,327.92,0.6,6,165.3,6,128.096,8,12632,12632,51.66,1,0,0,0,0,8,0,0,0,0,0,0,0,0,0,0,0,187,69.75,0,0,0,0,0,0,1,,,,,2,1,,0,0,1,0,0,0,0,,1,1,0,,0,,,0,0,65,27.0245701781726,0,0,1,1,1,141,0,1,1,1,0,,0,,,,0,0,0,,,0,80.2,0,21.0970464135021,3.04913305028111,1,0,0,1,77,0,0,,15552,5999,6,4381,40.7282590826895,0,Q2,low,low,Q1-Q3,Q1-Q3,Angina,11.9945242984257,1,1,0,0
1,2810279271,2018-12-15,6302.9,2,1,216,53,127,109,0.84,3,63.6,5.4,12357,9910.22012578616,9.20132183956838,2.07225130890052,0.728635605121836,0,,49.54,,890.69,1,1400.45597484277,7.24455315889208,0,66.11,0,12357,0,3,2,12357,0,,,2,4698,5713,12357,14406,14406,2049,,0,0,,,,0,0,8,0,12357,C03AA03,25 MG,C03,C03A,C03AA,C03AA03,"",,,,,,,,1,,,,"","",,,,,,,,,,,,0,0,0,0,0,0,0,1,0,0,0,,12.52,152.9,2,021109bCJ,662.496,22.22,36,320.6,36,204.604,8,13365,13365,49.54,1,0,0,0,0,2,0,0,0,0,0,0,0,0,0,0,0,182,63,0,0,0,0,0,0,1,,,,,3,6,,0,1,1,0,0,0,0,1,1,1,0,2,0,,,0,0,72,32.240064480129,0,0,1,0,1,140,0,1,1,0,1,14834,0,,,,0,0,0,,,0,137.6,0,47.1698113207547,3.85375409730417,2,0,0,0,69,1,1,,17102,14834,2,4745,143.626378634582,0,Q4,high,high,Q4,Q4,MI,12.9911019849418,1,1,1,0
1,2810279395,2017-09-07,4181.7,2,1,144,60,58,106,0.76,3,69.5,5.5,12132,6016.8345323741,8.7023165748213,,,,,20.86,,914.61,1,1315.98561151079,7.18234117832305,0,73.98,0,12132,0,3,,12132,0,,,2,,5638,12132,,,,,0,0,,,,0,0,8,0,12132,B01AA03,5 MG,B01,B01A,B01AA,B01AA03,"",,,,,,,,,,,1,"","",,,,,,,,,,,,0,0,0,0,0,0,0,0,0,0,1,,0.43,127,2,011309CJB,267.662,1.71,4,212.1,4,133.916,8,13623,13623,20.86,0,0,0,0,0,2,0,0,0,0,0,0,0,0,0,0,0,162,62,0,0,0,0,0,0,1,,,,,3,6,,0,1,0,0,0,0,0,1,1,1,0,2,0,,,0,0,70,29.6303818414089,0,0,0,0,0,,0,0,0,0,0,,0,,,,0,0,1,2,4850,1,72.4,0,43.1654676258993,3.7650408150795,2,0,0,0,79,0,1,,17416,,,,76.1624624351152,1,Q3,high,high,Q1-Q3,Q1-Q3,,,,,,
1,2810279951,2018-12-22,7701.1,2,1,206,38,127,103,0.9,5.7,144.1,5.4,13008,5344.27480916031,8.58378113776414,2.47887323943662,0.907804117996836,0,,52.66,,1111.13,1,771.082581540597,6.64779547747808,0,61.77,0,13008,0,3,,13008,0,,,1,4599,5859,13008,14695,14695,1687,,0,0,,,,0,0,8,0,13008,"","","","","","","",,,,,,,,,,,,"","",,,,,,,,,,,,0,0,0,0,0,0,0,0,0,0,0,,1.09,66.44,2,022009CJB,271.606,1.9,49,214.7,49,208.825,8,13681,13681,52.66,0,0,0,0,0,8,0,0,0,0,0,0,0,0,0,0,0,146,68,0,0,0,0,0,0,1,,,,,8,1,,0,1,0,0,0,0,0,,1,1,0,2,0,,,0,0,62,22.1993696582549,0,0,0,0,0,,0,0,0,0,0,,0,,,,0,0,0,,,0,142.6,1,39.5558639833449,3.67771395081717,2,0,0,0,91,0,1,,17461,,,,58.7282946061572,1,Q3,low,low,Q1-Q3,Q1-Q3,,,,,,
1,2810280146,2017-09-23,3969.9,2,1,203,63,102,103,0.65,3,77,5.4,11789,5155.71428571429,8.54786094858152,2.65341812400636,0.975848666961394,0,,26.86,,1096.48,1,1424,7.26122509197192,0,65.74,0,11789,0,3,,11789,0,,,2,4579,5708,11789,13895,13895,2106,,0,0,,,,0,0,8,0,11789,"","","","","","","",,,,,,,,,,,,"","",,,,,,,,,,,,0,0,0,0,0,0,0,0,0,0,0,,4.52,111.9,2,011509CJB,,,7,251.7,7,136.174,8,13232,13232,26.86,0,0,0,0,0,2,0,0,0,0,0,0,0,0,0,0,0,201,61,0,0,0,0,0,0,1,,,,,6,7,,0,1,0,0,0,0,0,1,1,1,0,2,0,,,0,0,58,37.9788666054086,0,0,0,0,0,,0,0,0,0,0,,0,,,,0,0,0,,,0,119.6,0,38.961038961039,3.66256214579656,2,0,0,0,98,0,1,,17025,,,,52.6093294460641,1,Q3,low,low,Q1-Q3,Q1-Q3,,,,,,
1,2810280436,2017-12-16,5000,2,1,164,59,118,101,0.89,3,56.3,5.9,12393,8880.9946714032,9.09166884225868,1.94522821576763,0.665379304772148,0,,33.64,,1320.75,1,2345.91474245116,7.76043068688687,0,68.12,0,12393,0,3,12,12393,0,,,2,4552,5761,12393,14632,14632,2239,11124,1,1,-2797,9596,,0,0,8,0,12393,C10AA07,10 MG,C10,C10A,C10AA,C10AA07,"",,,,1,,1,1,1,,,1,"","",,,,,,,,,,,,0,0,0,1,0,1,1,1,0,0,1,,6.46,179.5,2,020409bCJ,341.826,4.73,51,204,27,113.205,8,13539,13546,33.64,1,0,0,0,0,2,0,0,0,0,0,0,0,0,0,0,0,194,61.25,0,0,0,0,0,0,1,,,,,4,2,,0,1,1,0,0,0,0,1,1,1,0,2,0,,,0,0,69,36.3575957472615,0,0,1,1,1,,0,0,0,0,0,,1,11090,1,1,1,0,0,,,0,81.4,0,53.2859680284192,3.9756730325046,2,0,0,1,66,1,1,,17326,11090,12,4933,134.560525324291,0,Q4,high,high,Q4,Q4,TIA,13.5058179329227,1,1,1,0
1,2810280498,2017-10-28,3948.7,2,1,200,32,240,126,0.85,6.4,77.8,5.5,12417,5075.4498714653,8.53217044460499,1.85899814471243,0.620037710735813,0,,65.84,,1042.57,1,1340.06426735219,7.20047285250547,0,68.5,0,12417,0,3,40,12417,1,4515,16932,1,4670,6152,12417,14499,14499,2082,12417,1,1,-3005,9412,,0,1,8,1,12417,C07AB02,100 MG,C07,C07A,C07AB,C07AB02,"",,,,1,,,,,,,1,"","",,,,,,,,,,,,0,0,0,1,0,0,0,0,0,0,1,,1.45,96.17,2,012309CJB,462.314,1.72,14,92.7,14,101.554,8,13757,13757,65.84,0,0,0,0,0,8,0,0,0,0,0,0,0,1,0,0,0,230,69.25,0,0,0,0,0,0,1,,,,,7,7,,0,1,0,0,0,1,0,,1,1,0,2,0,,,0,0,67,33.7204912703039,0,0,0,0,0,,0,0,0,0,0,,0,,1,3,1,1,0,,,0,120,1,82.2622107969152,4.40991183816342,2,0,0,0,90,0,1,,17549,16932,40,5132,56.3938874607255,1,Q3,low,low,Q1-Q3,Q1-Q3,CHF,14.0506502395619,1,1,1,0
1,2810281100,2018-07-06,20000,3,1,170,58,99,105,0.95,3.9,145.9,5.6,12624,13708.0191912269,9.52573628299548,2.21340629274966,0.794532637868659,0,,42.18,,1435.45,1,983.85880740233,6.89148239834454,0,69.49,0,12624,0,3,,12624,0,,,2,5120,6503,12624,14521,14521,1897,,0,0,,,,0,0,8,0,12624,C09CA04,75 MG   50 MG,C03,C03A,C03AA,C03AA03,"",,,,1,1,,,1,,,,C03AA03,"",,,,,,,,1,,,,0,0,0,1,1,0,0,1,0,0,0,,7.67,162.1,2,021909bCJ,214.984,3.53,47,168.5,47,115.701,8,13370,13370,42.18,1,0,0,0,0,2,0,0,0,0,0,0,0,0,0,0,0,223,63.75,0,0,0,0,0,0,,,,,,6,1,,0,1,1,0,0,0,0,1,1,1,0,2,0,,,0,0,67,38.5789228325862,0,0,1,0,1,,0,0,0,0,0,,0,,,,0,0,0,,,0,92.2,1,26.7306374228924,3.285810376589,1,0,0,0,62,1,1,,17151,,,,221.097083729466,1,Q4,high,high,Q4,Q4,,,,,,
1,2810282001,2017-10-29,2274.8,2,1,216,81,62,89,0.82,3,36.6,5.7,12531,6215.30054644809,8.73476936101342,2.92809139784946,1.07435081072441,0,,21.46,,470.96,1,1286.77595628415,7.15989511030078,0,64.44,0,12531,0,3,,12531,0,,,2,4515,5844,12531,14891,14891,2360,,0,0,,,,0,0,8,0,12531,"","","","","","","",,,,,,,,,,,,"","",,,,,,,,,,,,0,0,0,0,0,0,0,0,0,0,0,,1.04,36.57,2,012609CJB,316.892,1.45,15,232.9,15,142.471,8,13849,13849,21.46,0,0,0,0,0,2,0,0,0,0,0,0,0,0,0,0,0,129,59.25,0,0,0,0,0,0,1,,,,,7,1,,0,1,0,0,0,0,0,1,1,1,0,2,0,,,0,0,57,25.83560366608,0,0,0,0,0,,0,0,0,0,0,,0,,,,0,0,0,,,0,122.6,0,81.9672131147541,4.40631932724293,2,0,0,0,79,0,1,,17640,,,,78.6746904613682,1,Q3,high,high,Q1-Q3,Q1-Q3,,,,,,
1,2810282207,2018-01-10,1860,2,1,192,65,95,105,0.82,3,37,5.9,12306,5027.02702702703,8.52258404005112,4.07886178861789,1.40581797611779,0,,39.3,,652.65,1,1763.91891891892,7.47529327117867,0,79.96,0,12306,0,3,,12306,0,,,2,4620,5713,12306,14354,14354,2048,,0,0,,,,0,0,8,0,12306,C10AA05,10 MG,C10,C10A,C10AA,C10AA05,"",,,,,1,1,1,1,,,,"","",,,,,,,,,,,,0,0,0,0,1,1,1,1,0,0,0,,1.3,126.3,2,021209CJB,284.942,1.36,38,199.4,38,115.425,8,13290,13290,39.3,1,0,0,0,0,2,0,0,0,0,0,0,0,0,0,0,0,172,63.75,0,0,0,0,0,0,1,,,,,3,0,,0,1,1,0,0,0,0,1,1,1,0,2,0,,,0,0,66,29.7559404807391,0,0,1,1,1,,0,0,0,0,0,,0,,,,0,0,0,,,0,108,0,81.0810810810811,4.39544965500602,2,0,0,1,75,0,1,,17074,,,,67.027027027027,1,Q3,low,high,Q1-Q3,Q1-Q3,,,,,,
1,2810282799,2018-01-26,4421.6,2,1,173,66,57,111,0.86,3,45.2,5.5,11707,9782.30088495575,9.18832999966896,2.19423076923077,0.785831538286602,0,,49,,694.54,1,1536.59292035398,7.33732285507812,0,60.74,0,11707,0,3,,11707,0,,,1,,5717,11707,,,,,0,0,,,,0,0,8,0,11707,"","","","","","","",,,,,,,,,,,,"","",,,,,,,,,,,,0,0,0,0,0,0,0,0,0,0,0,,1.62,65.69,2,021709CJB,417.008,1.21,,,,,,,,49,0,0,0,0,0,8,1,1,1,0,0,0,0,0,0,0,0,172,66.75,0,0,0,0,0,0,1,,,,,5,5,,0,1,0,0,0,0,0,,1,1,2,2,0,,,0,0,59,27.1413546235753,1,,0,0,0,,0,0,0,0,0,,0,,,,0,0,0,,,0,95.6,0,66.3716814159292,4.19527048081206,2,0,0,0,95,1,1,,16416,,,,102.971588262692,1,Q4,high,high,Q4,Q4,,,,,,
1,2810282877,2018-12-15,4218.3,2,1,204,54,83,82,0.76,6,136,5.3,11987,3101.69117647059,8.03970278251692,1.73709293089754,0.552212986632421,0,,21.14,,2025.26,1,1489.16176470588,7.30596866661247,0,66.92,0,11987,0,3,,11987,0,,,2,4272,5628,11987,14154,14154,2167,,0,0,,,,0,0,8,0,11987,C10AB05,145 MG,C10,C10A,C10AB,C10AB05,"",,,,,,1,,,,,,"","",,,,,,,,,,,,0,0,0,0,0,1,0,0,0,0,0,,1.53,21.51,2,021009CJB,383.546,1.27,34,184.2,34,116.645,8,13037,13037,21.14,0,0,0,0,0,2,0,0,0,0,0,0,0,0,0,0,0,150,64.25,0,0,0,0,0,0,1,,,,,3,1,,0,1,0,0,0,0,0,1,1,1,0,2,0,,,0,0,55,25.5476294083294,0,0,0,1,0,,0,0,0,0,0,,0,,,,0,0,0,,,0,133.4,1,44.1176470588235,3.78685986247414,2,0,1,0,88,0,0,,16232,,,,35.2464906417112,1,Q2,low,low,Q1-Q3,Q1-Q3,,,,,,
1,2810283919,2017-09-06,1485,2,1,210,54,134,91,0.58,3,78.9,6.1,11342,1882.12927756654,7.54015900937306,1.11552612214864,0.109326152051173,1,,32.94,,582.12,1,737.794676806084,6.60366557018139,0,65.9,0,11342,0,3,,11342,0,,,2,,5988,11342,13631,13631,2289,,0,0,,,,0,0,8,0,11342,B01AC06,325 MG,B01,B01A,B01AC,B01AC06,325 MG,1,,,,,,,,,,,"","",,,,,,,,,,,,1,0,0,0,0,0,0,0,0,0,0,,2.66,22.79,2,011309CJB,438.318,0.77,4,189.3,4,129.458,8,12839,12839,32.94,0,0,0,0,0,2,0,0,0,0,0,0,0,0,0,0,0,115,61.25,0,0,0,0,0,0,1,,,,,6,1,,0,0,0,0,0,0,0,1,1,1,0,,0,,,0,0,61,21.5521830460571,0,0,0,0,0,,0,0,0,0,0,,0,,,,0,0,0,,,0,129.2,0,38.0228136882129,3.63818633979842,2,0,0,0,99,0,0,,16632,,,,19.0114068441065,1,Q1,low,low,Q1-Q3,Q1-Q3,,,,,,
1,2810284396,2018-01-26,3550.5,2,1,204,27,268,99,1.12,3,160.4,5.2,11871,2213.52867830424,7.70234320817783,2.28119180633147,0.824698028469963,0,,56.82,,1170.3,1,729.613466334165,6.5925148957364,0,59.58,0,11871,0,3,,11871,0,,,1,4388,5509,11871,13882,13882,2011,,0,0,,,,0,0,8,0,11871,"","","","","","","",,,,,,,,,,,,"","",,,,,,,,,,,,0,0,0,0,0,0,0,0,0,0,0,,1.29,42.86,2,021709CJB,542.782,1.54,42,248.4,42,164.302,8,12792,12792,56.82,0,0,0,0,0,8,0,0,0,0,0,0,0,0,0,0,0,212,71.75,0,0,0,0,0,0,1,,,,,7,1,,0,1,0,0,0,0,0,,1,1,0,2,0,,,0,0,54,28.9532728296357,0,,0,0,0,,0,0,0,0,0,,0,,,,0,0,0,,,0,123.4,0,18.7032418952618,2.92869687221783,1,0,0,0,74,0,0,,16576,,,,29.912549706814,1,Q1,low,low,Q1-Q3,Q1-Q3,,,,,,
1,2810284757,2017-10-25,1931.4,2,1,224,83,49,100,0.84,3,25.5,5.8,12074,7574.11764705883,8.93249214135653,4.16364902506964,1.42639185927274,0,,44.78,,653.88,1,2564.23529411765,7.84941558220672,0,72.26,0,12074,0,3,,12074,0,,,2,4508,5705,12074,14177,14177,2103,,0,0,,,,0,0,8,0,12074,"","","","","","","",,,,,,,,,,,,"","",,,,,,,,,,,,0,0,0,0,0,0,0,0,0,0,0,,0.48,41.49,2,012209CJB,384.222,1.82,13,202.3,13,152.503,8,13435,13435,44.78,0,0,0,0,0,2,0,0,0,0,0,0,0,0,0,0,0,101,58.25,0,0,0,0,0,0,1,,,,,3,0,,0,0,0,0,0,0,0,1,1,1,0,,0,,,0,0,61,20.9283566166094,0,0,0,0,0,,0,0,0,0,0,,0,,,,0,0,0,,,0,131.2,0,117.647058823529,4.76768911548587,2,0,0,0,75,1,1,,17227,,,,100.988235294118,1,Q4,high,high,Q4,Q4,,,,,,
1,2810285447,2018-05-23,15000,2,1,204,71,105,94,0.58,25.6,193.9,5.3,11496,7735.94636410521,8.95363310382383,2.14072229140722,0.761143291436088,0,,60.78,,1970.15,1,1016.06498194946,6.92369258470483,0,67.63,0,11496,0,3,,11496,0,,,2,4389,5673,11496,13735,13735,2239,,0,0,,,,0,0,8,0,11496,C10AA05,10 MG,C10,C10A,C10AA,C10AA05,"",,,,,,1,1,,,,,"","",,,,,,,,,,,,0,0,0,0,0,1,1,0,0,0,0,,1.54,52.33,2,011509CJB,484.848,3.63,7,251,7,175.596,8,12937,12937,60.78,0,0,0,0,0,2,1,1,1,0,0,0,0,0,0,0,0,118,63,0,0,0,0,0,0,1,,,,,3,0,,0,1,0,0,0,0,0,1,1,1,2,2,0,,,0,0,64,20.902898948655,1,0,0,1,0,,0,0,0,0,0,,0,,,,0,0,0,,,0,112,1,132.026817947396,4.88300506821905,2,0,0,1,97,1,1,,16730,,,,79.7520243722186,1,Q4,high,high,Q1-Q3,Q4,,,,,,
1,2810285515,2018-02-22,1666.2,2,1,188,48,238,103,0.98,4.3,159.1,5.5,12201,1047.26587052168,6.95393811418516,1.30097087378641,0.263110811721276,1,,60.68,,880.34,1,553.324952859837,6.31594544713376,0,64.81,0,12201,0,3,,12201,0,,,1,4242,5772,12201,14310,14310,2109,,0,0,,,,0,0,8,0,12201,"","","","","","","",,,,,,,,,,,,"","",,,,,,,,,,,,0,0,0,0,0,0,0,0,0,0,0,,0.75,51.87,2,022109CJB,287.272,1.02,49,186.4,49,135.002,8,12852,12852,60.68,0,0,0,0,0,8,0,0,0,0,0,0,0,0,0,0,0,219,72.75,0,0,0,0,0,0,1,,,,,3,2,,0,1,0,0,0,0,0,,1,1,0,2,0,,,0,0,55,29.0926801430604,0,,0,0,0,,0,0,0,0,0,,0,,,,0,0,1,,,0,92.4,1,27.027027027027,3.29683736633791,1,0,0,0,86,0,0,,16632,,,,12.1775101223452,1,Q1,low,low,Q1-Q3,Q1-Q3,,,,,,
1,2810286470,2018-01-13,703,2,1,192,69,80,87,0.79,3,46.8,5.7,11717,1502.13675213675,7.31464387487516,2.30266920877026,0.834068975598165,0,,28.64,,413.07,1,882.628205128205,6.78290405318888,0,62.42,0,11717,0,3,,11717,0,,,2,4382,5673,11717,13545,13545,1828,,0,0,,,,0,0,8,0,11717,"","","","","","","",,,,,,,,,,,,"","",,,,,,,,,,,,0,0,0,0,0,0,0,0,0,0,0,,1.19,60.37,2,021309CJB,394.66,1.39,39,220,39,139.88,8,12673,12673,28.64,0,0,0,0,0,2,0,0,0,0,0,0,0,0,0,0,0,155,66.75,0,0,0,0,0,0,1,,,,,8,7,,0,1,0,0,0,0,0,1,1,1,0,2,0,,,0,0,67,24.4587788758964,0,0,0,0,0,,0,0,0,0,0,,0,,,,0,0,0,,,0,107,0,64.1025641025641,4.16048436472665,2,0,0,0,77,0,0,,16457,,,,19.5082695082695,1,Q1,low,low,Q1-Q3,Q1-Q3,,,,,,
1,2810287253,2018-12-22,7099.1,2,1,194,85,100,95,0.64,4.6,48.3,5.3,12267,14697.9296066253,9.59546191976079,4.63177159590044,1.53293942901615,0,,32.38,,754.09,1,1561.26293995859,7.3532503496095,0,76.59,0,12267,0,3,,12267,0,,,2,4475,6030,12267,14185,14185,1918,13383,1,0,1116,13383,,0,0,8,0,12267,"","","","","","","",,,,,,,,,,,,"","",,,,,,,,,,,,0,0,0,0,0,0,0,0,0,0,0,,1.04,54.24,2,022109CJB,572.874,1.94,50,215.2,50,114.377,8,12888,12888,32.38,0,0,0,0,0,2,0,0,0,0,0,0,0,0,0,0,0,174,65.75,0,0,0,0,0,0,1,,,,,7,1,,0,1,0,0,0,0,0,1,1,1,0,2,0,,,0,0,64,28.2984954930282,0,,0,0,0,,0,0,0,0,0,,0,,1,1,0,0,0,,,0,89,1,95.2380952380952,4.55638002181866,2,0,0,0,94,1,1,,15452,,,,156.360953261971,1,Q4,high,high,Q4,Q4,,,,,,
1,2810287522,2018-12-22,5859,2,1,151,41,119,136,1.22,24.2,80.2,6.3,12533,7305.48628428928,8.89638089066041,1.40513126491647,0.34013072540849,1,,66.96,,521.79,1,650.610972568579,6.47791187920379,0,57.89,0,12533,0,3,,12533,0,,,1,4508,5720,12533,,,,,0,0,,,,0,0,8,0,12533,M01AX05,750 MG,M01,M01A,M01AX,M01AX05,"",,1,1,,,1,1,1,,,,"","",,,,,,,,,,,,0,1,1,0,0,1,1,1,0,0,0,,4.86,167.5,2,021809CJB,364.456,3.55,43,229.1,43,148.578,8,13412,13412,66.96,1,0,0,0,0,8,0,0,0,0,0,0,0,0,0,0,0,185,68.75,1,1,1,1,0,0,1,,,,,4,7,,0,1,1,0,0,0,0,,1,1,0,2,0,,,0,1,84,27.5189548726205,0,0,1,1,1,,0,0,0,0,0,,0,,,,0,0,1,,,0,86.2,1,301.745635910224,5.70958439727231,3,1,0,1,54,1,1,14120,15580,11231,11,3047,135.286783042394,0,Q4,high,high,Q4,Q4,Atherothrombotic Infarction of Brain,8.34223134839151,1,0,0,0
1,2810289120,2018-02-08,3808.9,2,1,226,90,59,94,0.85,3,63.7,5.6,11732,5979.43485086342,8.69608133593408,2.84078847611827,1.04408164607637,0,,47.16,,685.69,1,1076.43642072213,6.98141125395679,0,64.31,0,11732,0,3,,11732,0,,,2,4221,5648,11732,,,,,0,0,,,,0,0,8,0,11732,M01AH01,200 MG,M01,M01A,M01AH,M01AH01,"",,1,,,,,,,,,,"","",,,,,,,,,,,,0,1,0,0,0,0,0,0,0,0,0,,0.91,54.72,2,021909CJB,441.446,1.55,46,255.4,46,146.758,8,12529,12529,47.16,0,0,0,0,0,2,0,0,0,0,0,0,0,0,0,0,0,159,64.5,1,1,0,0,0,0,1,,,,,5,6,,0,0,0,0,0,0,0,1,1,1,0,,0,,,0,1,77,26.8709677495072,0,0,0,0,0,,0,0,0,0,0,,0,,,,0,0,0,,,0,124.2,0,47.0957613814757,3.85218300507213,2,0,0,0,66,0,1,,16310,,,,90.5974977403549,1,Q3,high,high,Q4,Q1-Q3,,,,,,
1,2810289314,2018-12-08,5053.3,2,1,144,53,52,102,0.87,3,95.1,5.1,12590,5313.6698212408,8.57803799063718,,,,,38.68,,888.41,1,934.185068349106,6.83967456458457,0,62.3,0,12590,0,3,,12590,0,,,1,4912,6331,12590,14821,14821,2231,,0,0,,,,0,0,8,0,12590,M01AE01,600 MG,M01,M01A,M01AE,M01AE01,"",,1,,,,,,,,,,"","",,,,,,,,,,,,0,1,0,0,0,0,0,0,0,0,0,,2.1,21.28,2,020409bCJ,209.424,0.7,27,242.1,27,162.668,8,13730,13730,38.68,0,0,0,0,0,8,0,0,0,0,0,0,0,0,0,0,0,170,72.5,0,0,0,0,0,0,1,,,,,8,1,,0,1,0,0,0,0,0,,1,1,0,2,0,,,0,0,54,22.7393748485476,0,0,0,0,0,,0,0,0,0,0,,0,,,,0,0,0,,,0,80.6,0,31.5457413249211,3.4514385980989,2,0,0,0,98,0,1,,17517,,,,54.2211206249061,1,Q3,low,low,Q1-Q3,Q1-Q3,,,,,,
1,2810289343,2018-01-08,2105.8,2,1,193,54,68,114,0.94,3,93.4,5.4,12642,2254.60385438972,7.72072956217595,2.10673234811166,0.745138096905739,0,,40.74,,586.92,1,628.394004282655,6.44316736509256,0,67.84,0,12642,0,3,,12642,0,,,1,4573,5810,12642,,,,,0,0,,,,0,0,8,0,12642,M01AE02,220 MG,M01,M01A,M01AE,M01AE02,"",,1,,,,,,,,,,"","",,,,,,,,,,,,0,1,0,0,0,0,0,0,0,0,0,,0.58,30.34,2,021109CJB,272.956,1.41,36,235.4,36,183.598,8,13659,13659,40.74,0,0,0,0,0,8,0,0,0,0,0,0,0,0,0,0,0,187,68.25,0,0,0,0,0,0,1,,,,,8,8,,0,1,0,0,0,0,0,,1,1,0,2,0,,,0,0,78,28.2255171441873,0,0,0,0,0,,0,0,0,0,0,,0,,,,0,0,0,,,0,125.4,0,32.1199143468951,3.46947622241545,2,0,0,0,77,0,0,14725,,13179,11,,29.2805695375289,1,Q1,low,low,Q1-Q3,Q1-Q3,Atherothrombotic Infarction of Brain,,,,,
1,2810289616,2017-12-16,3803,2,1,213,38,231,106,1.15,3,123,5.5,11925,3091.86991869919,8.03653133854393,1.31309297912713,0.272385407076307,1,,53.66,,900.95,1,732.479674796748,6.5964355927885,0,62.97,0,11925,0,3,,11925,0,,,1,4318,5676,11925,14311,14311,2386,,0,0,,,,0,0,8,0,11925,"","","","","","","",,,,,,,,,,,,"","",,,,,,,,,,,,0,0,0,0,0,0,0,0,0,0,0,,0.77,71.5,2,020409bCJ,371.756,0.93,28,162.6,28,139.775,8,13059,13059,53.66,0,0,0,0,0,8,0,0,0,0,0,0,0,0,0,0,0,216,71,0,0,0,0,0,0,1,,,,,4,1,,0,1,0,0,0,0,0,,1,1,0,2,0,,,0,0,52,30.1260828667263,0,,0,0,0,,0,0,0,0,0,,0,,,,0,0,0,,,0,128.8,0,24.390243902439,3.19418321227783,1,0,0,0,73,0,0,,16845,,,,42.3543824479341,1,Q2,low,low,Q1-Q3,Q1-Q3,,,,,,
1,2810290575,2017-11-13,3538.5,2,1,270,89,75,98,0.74,3.6,92.2,5.4,11699,3837.85249457701,8.25266824294138,4.31535947712418,1.46218062978481,0,,27.78,,901.5,1,977.765726681128,6.88527009806892,0,65.97,0,11699,0,3,,11699,0,,,2,4396,5663,11699,13786,13786,2087,,0,0,,,,0,0,8,0,11699,"","","","","","","",,,,,,,,,,,,"","",,,,,,,,,,,,0,0,0,0,0,0,0,0,0,0,0,,0.4,40.51,2,012709bCJ,268.724,0.84,18,170.2,18,102.574,8,12968,12968,27.78,0,0,0,0,0,2,0,0,0,0,0,0,0,0,0,0,0,141,61.5,0,0,0,0,0,0,1,,,,,4,6,,0,0,0,0,0,0,0,1,1,1,0,,0,,,0,0,66,26.2104509931804,0,0,0,0,0,,0,0,0,0,0,,0,,,,0,0,1,,,0,166,0,39.0455531453362,3.66472899388165,2,0,0,0,84,0,0,,16759,,,,45.6887201735358,1,Q2,low,low,Q1-Q3,Q1-Q3,,,,,,
1,2810291158,2018-06-30,20000,3,1,199,71,106,105,0.89,5.6,151.2,5.6,12308,13227.5132275132,9.49005427477879,2.62344280860702,0.964487504252743,0,,28.6,,1676.04,1,1108.49206349206,7.01075586934834,0,57.99,0,12308,0,3,,12308,0,,,2,4692,5789,12308,14272,14272,1964,,0,0,,,,0,0,8,0,12308,M01AE01,37.5 MG / 25 MG,C03,C03A,C03AA,C03AA03,"",,1,,,,,,1,,,,C03AA03,"",,,,,,,,1,,,,0,1,0,0,0,0,0,1,0,0,0,,4.03,144.3,2,012709bCJ,431.882,2.18,18,225.9,18,131.096,8,13576,13576,28.6,1,0,0,0,0,2,0,0,0,0,0,0,0,0,0,0,0,243,66.25,0,0,0,0,0,0,1,,,,,8,1,,0,1,1,0,0,0,0,1,1,1,0,2,0,,,0,0,63,38.92603071785,0,0,1,0,1,,0,0,0,0,0,,0,,,,0,0,1,,,0,106.8,1,37.037037037037,3.61191841297781,2,0,0,0,69,1,1,,17367,,,,191.703090253815,1,Q4,high,high,Q4,Q4,,,,,,
7,2810291689,2017-08-19,4222.2,2,1,186,51,159,114,0.89,3,70,6.1,3858,6031.71428571429,8.70478654213929,1.66994535519126,0.512790904450945,0,,47.54,,373.99,1,534.271428571429,6.28090400302788,0,62.51,0,3858,0,3,,3858,0,,,1,3858,5414,,,5414,1556,,0,0,,,,0,0,8,0,3858,C10AX09,40 MG,C10,C10A,C10AA,C10AA01,"",,,,,,1,,,,,,C10AA01,"",,,,,,1,1,,,,,0,0,0,0,0,1,1,0,0,0,0,,5.08,82.92,2,010809CJB,398.432,1.81,5,166.5,5,129.853,3,,,47.54,0,0,0,0,0,,0,0,0,0,0,0,,,,,1,170,64.75,0,0,0,0,0,0,1,,,,,1,1,,0,1,0,0,,,1,,1,1,0,2,0,,,1,0,60,28.5085407904302,0,0,0,1,0,,0,0,0,0,0,,0,,,,0,0,0,,,0,103.2,0,42.8571428571429,3.75787232560089,2,0,0,1,93,0,1,,8295,,,,64.8571428571429,1,Q3,high,low,Q1-Q3,Q1-Q3,,,,,,
1,2810291844,2017-12-16,1730.7,2,1,137,60,96,147,0.66,3,28,6.6,12639,6181.07142857143,8.72924690574384,1.26059979317477,0.231587634027977,1,,52.4,,606.09,1,2164.60714285714,7.67999416570645,0,,0,12639,,,,12639,0,,,1,,,12639,15124,15124,2485,,0,0,,,,0,0,,0,12639,M01AE02,15/500,A10,A10B,A10BG,A10BG03,"",,1,,,1,1,1,1,,1,,A10BG03,"",,,,,,,,,,1,,0,1,0,0,1,1,1,1,0,1,0,,1.22,158.9,2,020409bCJ,304.696,1.66,27,163,27,120.065,8,13777,13777,52.4,1,0,0,0,1,8,0,0,0,0,0,0,0,0,0,0,0,290,69.25,0,0,0,0,0,0,1,,,,,6,1,,0,1,1,1,0,0,0,,1,1,0,2,0,,,0,0,58,42.5171411669049,0,1,1,1,1,,0,0,0,0,0,,0,,,,0,0,0,,,0,57.8,0,107.142857142857,4.67416305747504,2,1,0,1,107,0,1,,17564,,,,57.7670226969293,1,Q3,high,low,Q1-Q3,Q1-Q3,,,,,,
1,2810292015,2018-06-30,20000,3,1,225,76,86,98,0.75,5.1,118.8,5.6,11473,16835.0168350168,9.73121633159568,1.63381160324392,0.490915691898159,1,,48.28,,1618.63,1,1362.48316498317,7.21706417048541,0,77.26,0,11473,0,3,,11473,0,,,2,4318,5663,11473,13490,13490,2017,,0,0,,,,0,0,8,0,11473,"","","","","","","",,,,,,,,,,,,"","",,,,,,,,,,,,0,0,0,0,0,0,0,0,0,0,0,,1.42,70.36,2,020309CJB,319.824,2.14,23,217.5,23,127.762,8,12676,12676,48.28,0,0,0,0,0,2,0,0,0,0,0,0,0,0,0,0,0,169,61.5,0,0,0,0,0,0,1,,,,,3,2,,0,1,0,0,0,0,0,1,1,1,0,2,0,,,0,0,56,31.4153632471453,0,,0,0,0,,0,0,0,0,0,,0,,,,0,0,0,,,0,131.8,1,42.9292929292929,3.75955441178387,2,0,0,0,89,1,1,,16464,,,,189.157492528279,1,Q4,high,high,Q4,Q4,,,,,,
1,2810292103,2017-10-01,4449.1,2,1,187,51,190,94,0.76,5.2,45.4,5.5,12195,9799.77973568282,9.19011518845534,1.91342412451362,0.648894372373949,0,,93.4,,427.59,1,941.828193832599,6.84782287347584,0,71.2,0,12195,0,3,,12195,0,,,2,4550,5785,12195,14329,14329,2134,,0,0,,,,0,0,8,0,12195,C10AA04,80 MG,C10,C10A,C10AA,C10AA04,"",,,,,,1,1,,,,,"","",,,,,,,,,,,,0,0,0,0,0,1,1,0,0,0,0,,0.44,78.94,2,012009CJB,501.676,1.41,9,215.2,9,122.923,8,13610,13610,93.4,1,0,0,0,0,2,0,0,0,0,0,0,0,0,0,0,0,127,59.5,0,0,0,0,0,0,1,,,,,3,7,,0,1,1,0,0,0,0,1,1,1,0,2,0,,,0,0,75,25.2217607747129,0,0,1,1,1,,0,0,0,0,0,,0,,,,0,0,0,,,0,98,1,114.537444933921,4.74090179952222,2,0,0,1,77,1,1,,17402,,,,127.269866697179,1,Q4,high,high,Q4,Q4,,,,,,
1,2810294569,2018-01-08,4430.2,2,1,202,34,270,100,1.1,5.9,83.6,5.6,12437,5299.28229665072,8.5753266746444,2.1806864064603,0.779639692590066,0,,48.5,,671.97,1,803.791866028708,6.68934036256692,0,68.03,0,12437,0,3,,12437,0,,,1,4519,5703,12437,14492,14492,2055,,0,0,,,,0,0,8,0,12437,"","","","","","","",,,,,,,,,,,,"","",,,,,,,,,,,,0,0,0,0,0,0,0,0,0,0,0,,0.59,107,2,021109bCJ,266.19,1.64,36,211.7,36,188.59,8,13445,13445,48.5,0,0,0,0,0,8,1,0,0,45,0,0,0,0,0,0,0,224,72.75,0,0,0,0,1,1,1,,,,,6,1,,0,1,0,0,0,0,0,,1,1,1,2,0,,,0,1,52,29.7568965846827,0,,0,0,0,,0,0,0,0,0,,0,,,,0,0,0,,,0,114,1,70.5741626794259,4.25666410980316,2,0,0,0,77,0,1,,17230,,,,68.8218480084509,1,Q3,low,high,Q1-Q3,Q1-Q3,,,,,,
1,2810294712,2018-01-26,3603.1,2,1,169,56,90,116,0.94,4.7,103.4,6.2,11684,3484.62282398453,8.15611508892561,1.52137266706803,0.419612997774899,1,,38.86,,1506.99,1,1457.43713733075,7.28443478681818,0,65.07,0,11684,0,3,,11684,0,,,2,4308,5613,11684,13694,13694,2010,,0,0,,,,0,0,8,0,11684,M01AE01,37.5/25 MG,C03,C03A,C03AA,C03AA03,"",,1,,1,1,1,1,1,,,,C03AA03,"",,,,,,,,1,,,,0,1,0,1,1,1,1,1,0,0,0,,0.54,85.71,2,021409CJB,443.256,1.23,41,212.9,41,117.188,8,12617,12617,38.86,1,0,0,0,,2,0,0,0,0,0,0,0,0,0,0,0,127,59.25,0,0,0,0,0,0,1,,,,,7,8,,0,1,1,,0,0,0,1,1,1,0,2,0,,,0,0,70,25.435051671257,0,0,1,1,1,,0,0,0,0,0,,0,,,,0,0,1,1,10156,1,95,1,45.4545454545455,3.81671282562382,2,0,0,1,61,0,0,,16401,7977,7,4717,57.1249643276152,0,Q2,low,low,Q1-Q3,Q1-Q3,Coronary Insufficiency,12.9144421629021,1,1,1,0
1,2810294730,2018-02-17,251,2,1,222,38,476,162,0.85,34.4,34.4,7.7,11983,729.651162790698,6.59256656074052,1.70081967213115,0.531110294937496,0,,58.8,,275.98,1,802.267441860465,6.68744202093215,0,67.15,0,11983,0,3,1,11983,1,-6182,5801,2,4392,5648,11983,,,,,0,0,,,,1,0,6,1,11983,C10AA05,5 MG,C09,C09A,C09AA,C09AA07,"",,,,1,,1,1,,,,,C09AA07,"",,,,,1,,,,,,,0,0,0,1,1,1,1,0,0,0,0,,2.59,83.39,2,022009CJB,432.68,2.19,48,192.3,48,109.766,8,12683,12683,58.8,1,0,0,0,,2,0,0,0,0,0,0,0,0,0,0,0,106,58.5,0,0,0,0,0,0,1,,,,,4,2,,0,1,1,,0,0,0,1,1,1,0,2,0,,,0,0,79,21.7770849742883,0,0,1,1,1,141,0,1,0,1,1,5801,0,,,,0,0,0,,,0,88.8,1,1000,6.90775527898214,3,1,0,1,65,0,0,,16026,5801,1,4043,11.2254025044723,0,Q1,low,low,Q1-Q3,Q1-Q3,MI,11.0691307323751,1,1,0,0
1,2810295152,2018-06-28,20000,3,1,174,46,114,88,1,4.5,165.9,5.5,11150,12055.4550934298,9.39727254132782,2.16796875,0.773790669266872,0,,62.24,,1671.34,1,1007.43821579265,6.91516596766514,0,69.04,0,11150,0,3,,11150,0,,,1,,5675,11150,13305,13305,2155,,0,0,,,,0,0,8,0,11150,"","","","","","","",,,,,,,,,,,,"","",,,,,,,,,,,,0,0,0,0,0,0,0,0,0,0,0,,0.83,45.82,2,011309CJB,484.248,1.58,4,223,4,159.905,8,12653,12653,62.24,0,0,0,0,0,8,0,0,0,0,0,0,0,0,0,0,0,164,68.25,0,0,0,0,0,0,1,,,,,8,1,,0,1,0,0,0,0,0,,1,1,0,2,0,,,0,0,62,24.7539294740466,0,0,0,0,0,,0,0,0,0,0,,0,,,,0,0,0,,,0,105.2,1,27.124773960217,3.30044747856201,1,0,0,0,80,1,1,,16446,,,,150.693188667872,1,Q4,high,high,Q4,Q4,,,,,,
1,2810295795,2018-12-15,5117.1,2,1,129,42,77,99,0.93,6.4,54.5,5.7,12183,9389.17431192661,9.14731263563383,1.05040504050405,0.049175842646926,1,,58.08,,575.24,1,1055.48623853211,6.96175682933707,0,67.38,0,12183,0,3,,12183,0,,,1,4873,6266,12183,,,,,0,0,,,,0,0,8,0,12183,C10AA01,10/40,C10,C10A,C10AA,C10AA01,"",,,,,,1,1,,,,,"","",,,,,,,,,,,,0,0,0,0,0,1,1,0,0,0,0,,2.56,101.9,2,021009CJB,,,33,207,33,159.229,8,13240,13240,58.08,0,0,0,0,0,8,0,0,0,0,0,0,0,0,0,0,0,226,70.25,0,0,0,0,0,0,1,,,,,2,6,,0,1,0,0,0,0,0,,1,1,0,2,0,,,0,0,70,32.1974438607,0,0,0,1,0,,0,0,0,0,0,,0,,,,0,0,0,,,0,71.6,1,117.43119266055,4.76585256767857,2,0,0,1,83,1,1,,17025,,,,113.122582071405,1,Q4,high,high,Q4,Q4,,,,,,
1,2810295805,2018-06-28,20000,3,1,229,59,176,94,0.63,5.4,105.3,5.7,12309,18993.3523266857,9.85184431938429,2.62186788154898,0.963886995646711,0,,42.68,,1313.74,1,1247.616334283,7.12899007721207,0,65.97,0,12309,0,3,,12309,0,,,2,4532,5826,12309,14534,14534,2225,,0,0,,,,0,0,8,0,12309,"","","","","","","",,,,,,,,,,,,"","",,,,,,,,,,,,0,0,0,0,0,0,0,0,0,0,0,,1.39,28.93,2,011509CJB,323.722,0.66,7,208.3,7,159.391,8,13757,13757,42.68,0,0,0,0,0,2,0,0,0,0,0,0,0,0,0,0,0,124,59,0,0,0,0,0,0,1,,,,,8,2,,0,0,0,0,0,0,0,1,1,1,0,,0,,,0,0,59,25.0451290905455,0,,0,0,0,,0,0,0,0,0,,0,,,,0,0,0,,,0,134.8,1,51.2820512820513,3.93734081341244,2,0,0,0,98,1,1,,17550,,,,193.809717619241,1,Q4,high,high,Q4,Q4,,,,,,
1,2810295823,2018-07-06,20000,3,1,221,83,70,114,0.9,7.3,186.4,5.5,11873,10729.6137339056,9.28076283627273,3.40470193115029,1.22515739719421,0,,57.68,,1944.33,1,1043.09549356223,6.94994800743698,0,62.17,0,11873,0,3,,11873,0,,,1,,,11873,13701,13701,1828,,0,0,,,,0,0,8,0,11873,"","","","","","","",,,,,,,,,,,,"","",,,,,,,,,,,,0,0,0,0,0,0,0,0,0,0,0,,5.36,103.5,2,022109CJB,528.952,2.8,49,218.7,49,146.053,8,12523,12523,57.68,0,0,0,0,0,8,0,0,0,0,0,0,0,0,0,0,0,208,69.75,0,0,0,0,0,0,1,,,,,5,1,,0,1,0,0,0,0,0,,1,1,0,2,0,,,0,0,67,30.0594149575396,0,0,0,0,0,,0,0,0,0,0,,0,,,,0,0,0,,,0,124,1,39.1630901287554,3.66773472488499,2,0,0,0,88,1,1,,16303,,,,121.927428794382,1,Q4,high,high,Q4,Q4,,,,,,
1,2810296079,2018-12-08,4891,2,1,216,58,91,120,1.02,3,78.6,5.4,12266,6222.64631043257,8.73595054709229,1.47088353413655,0.38586326386657,1,,48.46,,1193.43,1,1518.35877862595,7.32538527958538,0,66.34,0,12266,0,3,,12266,0,,,1,4578,5725,12266,14510,14510,2244,,0,0,,,,0,0,8,0,12266,C07AB03,50 MG,C07,C07A,C07AB,C07AB03,"",,,,1,,,,,,,,"","",,,,,,,,,,,,0,0,0,1,0,0,0,0,0,0,0,,1.73,192.9,2,020309CJB,219.008,1.45,23,279.3,23,208.282,8,13467,13467,48.46,1,0,0,0,0,8,0,0,0,0,0,0,0,0,0,0,0,226,72.5,0,0,0,0,0,0,1,,,,,8,1,,0,1,1,0,0,0,0,,1,1,0,2,0,,,0,0,55,30.2299924457162,0,0,1,0,1,,0,0,0,0,0,,0,,,,0,0,0,,,0,139.8,0,38.1679389312977,3.64199586821509,2,0,0,0,82,0,1,,17255,,,,75.8859306150314,1,Q3,high,high,Q1-Q3,Q1-Q3,,,,,,
1,2810296093,2017-10-29,686.1,2,1,234,68,157,104,0.74,3.2,19.5,5.6,12313,3518.46153846154,8.16577911011524,2.26930320150659,0.819472824682817,0,,15.26,,139.19,1,713.794871794872,6.5705956266577,0,,0,12313,,,,12313,0,,,2,4522,5785,12313,14478,14478,2165,,0,0,,,,0,0,,0,12313,"","","","","","","",,,,,,,,,,,,"","",,,,,,,,,,,,0,0,0,0,0,0,0,0,0,0,0,,0.95,98.97,2,012609CJB,436.7,1.04,15,223.5,15,121.236,8,13625,13625,15.26,0,0,0,0,0,2,0,0,0,0,0,0,0,0,0,0,0,117,61,0,0,0,0,0,0,1,,,,,4,6,,0,1,0,0,0,0,0,1,1,1,0,2,0,,,0,0,78,22.1071014568796,0,0,0,0,0,,0,0,0,0,0,,0,,,,0,0,0,,,0,134.6,0,164.102564102564,5.10049162321812,2,0,0,0,78,0,0,,17416,,,,45.1084812623274,1,Q2,low,low,Q1-Q3,Q1-Q3,,,,,,
1,2810296431,2017-11-18,3292.7,2,1,200,80,104,100,1.09,6.2,40.1,6,12352,8211.22194513716,9.01325702756357,,,,,41.78,,282.66,1,704.887780548629,6.55803861361557,0,73.63,0,12352,0,3,2,12352,0,,,2,4562,5791,12352,14374,14374,2022,,0,0,,,,0,0,8,0,12352,C10AX06,1000 MG,C10,C10A,C10AX,C10AX06,"",,,,,1,1,1,,,,,"","",,,,,,,,,,,,0,0,0,0,1,1,1,0,0,0,0,,1.03,26.37,2,012909CJB,270.126,0.87,19,77.3,19,92.637,8,13600,13600,41.78,1,0,0,0,0,2,0,0,0,0,0,0,0,0,0,0,0,102,65,0,0,0,0,0,0,1,,,,,5,6,,0,1,1,0,0,0,0,1,1,1,0,2,0,,,0,0,83,16.9737996280726,0,0,1,1,1,,0,0,0,0,1,16714,0,,,,0,0,0,,,0,99.2,1,154.613466334165,5.04092823672066,2,0,0,1,47,1,1,,17391,16714,2,5039,174.706849896535,0,Q4,high,high,Q4,Q4,MI,13.7960301163587,1,1,1,0
1,2810297268,2017-10-30,4696.2,2,1,206,58,175,97,0.88,3,75.8,5.3,12001,6195.51451187335,8.73158084337861,1.08851113716295,0.0848108333010814,1,,46.48,,899.57,1,1186.76781002639,7.07898876471413,0,78.19,0,12001,0,3,,12001,0,,,2,4596,5709,12001,13986,13986,1985,,0,0,,,,0,0,8,0,12001,"","","","","","","",,,,,,,,,,,,"","",,,,,,,,,,,,0,0,0,0,0,0,0,0,0,0,0,,1.55,95.53,2,012609CJB,396.898,1.29,15,201.5,15,146.596,8,13311,13311,46.48,0,0,0,0,0,2,0,0,0,0,0,0,0,0,0,0,0,204,65,0,0,0,0,0,0,1,,,,,8,8,,0,1,0,0,0,0,0,1,1,1,0,2,0,,,0,0,83,33.9475992561453,0,0,0,0,0,,0,0,0,0,0,,0,,,,0,0,0,,,0,113,0,39.5778364116095,3.67826927500192,2,0,0,0,61,0,1,,17035,,,,101.565811670055,1,Q3,high,high,Q4,Q1-Q3,,,,,,
1,2810299135,2018-11-26,15660,2,1,217,88,48,107,0.75,3,133.3,5.2,11279,11747.9369842461,9.37143292834822,2.0253045923149,0.705720105205133,0,,40.7,,1009.08,1,756.999249812453,6.62936226243624,0,62.38,0,11279,0,3,,11279,0,,,1,4700,5695,11279,,,,13591,1,0,2123,13402,,0,0,8,0,11279,"","","","","","","",,,,,,,,,,,,"","",,,,,,,,,,,,0,0,0,0,0,0,0,0,0,0,0,,3.29,24.27,2,010909CJB,603.864,0.92,2,250.7,2,149.797,8,12853,12853,40.7,0,0,0,0,0,8,1,1,1,0,0,0,0,0,0,0,0,143,69.25,0,0,1,1,0,0,1,,,,,3,7,,0,1,0,0,0,0,0,,1,1,2,2,0,,,0,1,61,20.9653489202324,1,,0,0,0,,0,0,0,0,0,,0,,1,2,0,0,0,,,0,119.4,0,22.5056264066016,3.11376534046558,1,0,0,0,99,1,1,13685,14169,13685,27,2406,118.6660301439,0,Q4,high,high,Q4,Q4,,6.58726899383984,1,0,0,0
1,2810299151,2017-12-31,4002.6,2,1,191,61,120,102,0.56,7.4,33.8,5.7,12617,11842.0118343195,9.37940881244264,1.01565762004175,0.0155363042151446,1,,48.88,,554.92,1,1641.77514792899,7.40353334271164,0,58.57,0,12628,0,3,41,12617,1,2329,14946,2,4599,6391,12617,,,,15134,1,0,2329,14946,,0,1,8,1,12628,"","","","","","","",,,,,,,,,,,,"","",,,,,,,,,,,,0,0,0,0,0,0,0,0,0,0,0,,0.74,38.18,2,020909CJB,1655.632,1.13,33,203.6,33,116.921,8,13680,13680,48.88,0,0,0,0,0,2,0,0,0,0,0,0,0,0,0,0,0,116,63.25,0,0,0,0,0,0,1,,,,,3,8,,0,0,0,0,0,0,0,1,1,1,0,,0,,,0,0,80,20.3864939280129,0,0,0,0,0,,0,0,0,0,0,,0,,1,1,0,0,0,,,0,106,1,218.934911242604,5.38877447670329,2,0,0,0,88,1,1,,16182,14946,41,3565,134.568316299086,0,Q4,high,high,Q4,Q4,CHF,9.76043805612594,1,0,0,0
1,2810299296,2018-02-22,462.2,2,1,211,41,178,123,1.17,3,39.1,5.7,12709,1182.09718670077,7.07504541683705,1.27065527065527,0.239532728554198,1,,46.16,,468.56,1,1198.3631713555,7.0887118807783,0,67.01,0,12709,0,3,,12709,0,,,1,4597,5728,12709,14804,14804,2095,,0,0,,,,0,0,8,0,12709,C10AA01,10 MG,C09,C09A,C09AA,C09AA07,"",,,,1,,1,1,,,,,C09AA07,"",,,,,1,,,,,,,0,0,0,1,1,1,1,0,0,0,0,,0.33,133.2,2,022109CJB,220.668,1.27,49,215.6,49,205.338,8,13359,13359,46.16,1,0,0,0,0,8,0,0,0,0,0,0,0,0,0,0,0,240,72.75,0,0,0,0,0,0,1,,,,,4,1,,0,0,1,0,0,0,0,,1,1,0,,0,,,0,0,57,31.8823891978744,0,0,1,1,1,,0,0,0,0,0,,0,,,,0,0,0,,,0,134.4,0,76.7263427109975,4.34024510065893,2,0,0,1,69,0,0,,17139,,,,17.1318432855184,1,Q1,low,low,Q1-Q3,Q1-Q3,,,,,,
1,2810299593,2017-10-30,4263.8,2,0,147,66,39,61,0.95,3.6,145.5,4.9,12448,2930.44673539519,7.98291015980699,2.38393839383938,0.86875390735888,0,,25.06,,1203.2,1,826.941580756014,6.71773405257212,0,61.05,0,12448,0,3,,12448,0,,,1,4532,5785,12448,14609,14609,2161,,0,0,,,,0,0,8,0,12448,"","","","","","","",,,,,,,,,,,,"","",,,,,,,,,,,,0,0,0,0,0,0,0,0,0,0,0,,0.32,81.93,2,012609CJB,440.704,0.97,15,168.1,15,124.123,8,13759,13759,25.06,0,0,0,0,0,8,0,0,0,0,0,0,0,0,0,0,0,160,65.5,0,0,0,0,0,0,1,,,,,4,1,,0,1,0,0,0,0,0,,1,1,0,2,0,,,0,0,55,26.2206223381038,0,0,0,0,0,,0,0,0,0,0,,0,,,,0,0,0,,,0,73.2,0,24.7422680412371,3.20851303783265,1,0,0,0,90,0,0,,17550,,,,32.5605192821688,1,Q2,low,low,Q1-Q3,Q1-Q3,,,,,,
1,2810299944,2017-10-28,2706.3,2,1,205,45,442,91,0.7,3,17.3,5.5,12265,15643.3526011561,9.65780135181506,1.27230046948357,0.240826655170276,1,,53.48,,569.47,1,3291.73410404624,8.09916978819654,0,68.01,0,12265,0,3,,12265,0,,,2,4537,5782,12265,,,,,0,0,,,,0,0,8,0,12265,"","","","","","","",,,,,,,,,,,,"","",,,,,,,,,,,,0,0,0,0,0,0,0,0,0,0,0,,1.07,125.7,2,012309CJB,329.418,1.09,13,184.1,13,126.143,8,13618,13618,53.48,0,0,0,0,0,2,1,0,0,65,0,0,0,0,0,0,0,157,61.5,,,,,,,1,,,,,4,7,,0,1,0,0,0,0,0,1,1,1,1,2,0,,,0,0,70,29.1846865668746,0,0,0,0,0,,0,0,0,0,0,,0,,,,0,0,0,,,0,71.6,0,173.410404624277,5.15566106614651,2,0,0,0,88,1,1,,14681,,,,177.765370467683,1,Q4,high,high,Q4,Q4,,,,,,
1,2810300570,2017-11-21,4327,2,1,184,87,52,88,0.79,3.7,173.9,5.7,12526,2488.21161587119,7.81931950485274,3.6708984375,1.30043643796472,0,,22,,2829.57,1,1627.12478435883,7.39456980025766,0,65.64,0,12526,0,3,,12526,0,,,2,4558,5876,12526,14532,14532,2006,,0,0,,,,0,0,8,0,12526,"","","","","","","",,,,,,,,,,,,"","",,,,,,,,,,,,0,0,0,0,0,0,0,0,0,0,0,,0.45,13.02,2,012909CJB,376.116,0.43,19,111.2,19,76.709,8,13786,13786,22,0,0,0,0,0,2,0,0,0,0,0,0,0,0,0,0,0,122,62.5,0,0,0,0,0,0,1,,,,,6,1,,0,1,0,0,0,0,0,1,1,1,0,2,0,,,0,0,54,21.958638477277,0,0,0,0,0,,0,0,0,0,0,,0,,,,0,0,0,,,0,86.6,0,21.2765957446809,3.05760767727208,1,0,0,0,85,0,0,,17577,,,,29.2730778337787,1,Q1,low,low,Q1-Q3,Q1-Q3,,,,,,
1,2810300602,2018-07-06,20000,3,1,195,80,55,93,0.86,4.8,145,5.4,11720,13793.1034482759,9.53192399610364,,,,,50.14,,1776.87,1,1225.4275862069,7.11104511203987,0,60.83,0,11720,0,3,,11720,0,,,1,,5687,11720,13632,13632,1912,14651,1,0,2194,13914,,0,0,8,0,11720,"","","","","","","",,,,,,,,,,,,"","",,,,,,,,,,,,0,0,0,0,0,0,0,0,0,0,0,,4.64,24.59,2,021809bCJ,760.154,6.01,44,223,44,143.919,8,12586,12586,50.14,0,0,0,0,0,8,0,0,0,0,1,1,0,0,0,0,0,224,69.25,1,1,1,0,0,0,1,,,,,2,6,,0,1,0,0,0,0,0,,1,1,0,2,2,,,0,1,65,32.8408262806438,0,0,0,0,0,,0,0,0,0,0,,0,,1,1,0,0,0,,,0,104,1,33.1034482758621,3.49963745447541,2,0,0,0,91,1,1,,16367,,,,151.572565365669,1,Q4,high,high,Q4,Q4,,,,,,
1,2810301144,2018-06-30,20000,3,1,203,68,54,90,0.84,9.9,200.3,5.4,11658,9985.02246630055,9.20884149585245,,,,,29.26,,1147.49,1,572.885671492761,6.3506861706161,0,66.24,0,11658,0,3,,11658,0,,,2,4233,5702,11658,13684,13684,2026,,0,0,,,,0,0,8,0,11658,M01AE01,"",M01,M01A,M01AE,M01AE01,"",,1,,,,,,,,,,"","",,,,,,,,,,,,0,1,0,0,0,0,0,0,0,0,0,,0.54,35.5,2,020309bCJ,250.966,0.65,24,193.2,24,132.168,8,12847,12847,29.26,0,0,0,0,0,0,0,0,0,0,0,0,0,0,0,0,0,149,66.75,0,0,0,0,0,0,1,,,,,8,1,,0,1,0,0,0,0,0,0,1,1,0,2,0,,,0,0,48,23.5119874355391,0,0,0,0,0,,0,0,0,0,0,,0,,,,0,0,0,,,0,124.2,1,49.4258612081877,3.90047379345091,2,0,0,0,82,1,1,,16635,,,,121.768566662202,1,Q4,high,high,Q4,Q4,,,,,,
1,2810301184,2018-07-06,20000,3,1,174,64,324,102,0.83,13,151.8,5.3,12328,13175.2305665349,9.48609387356269,2.16739319965126,0.773525154941286,0,,39.96,,2289.82,1,1508.44532279315,7.31883481186541,0,70.96,0,12328,0,3,,12328,0,,,2,4614,5761,12328,14449,14449,2121,15114,1,0,671,12999,,0,0,8,0,12328,C10AX06,37.5+25 MG,C03,C03A,C03AA,C03AA03,"",,,,1,,1,1,1,,,,C03AA03,"",,,,,,,,1,,,,0,0,0,1,0,1,1,1,0,0,0,,1.62,135.6,2,021309CJB,,,,,,,,,,39.96,1,0,0,0,0,2,0,0,0,0,0,0,0,0,0,0,0,165,61.5,0,0,0,0,0,0,1,,,,,4,6,,0,1,1,0,0,0,0,1,1,1,0,2,0,,,0,0,75,30.6718043537217,0,0,1,1,1,,0,0,0,0,0,,0,,1,2,0,0,0,,,0,45.2,1,85.6389986824769,4.45014077148214,2,0,0,1,69,1,1,,16689,12710,11,4361,190.945370529491,0,Q4,high,high,Q4,Q4,Atherothrombotic Infarction of Brain,11.9397672826831,1,1,0,0
1,2810301245,2018-06-28,20000,3,1,172,44,197,102,1.02,22.5,185,6.2,12299,10810.8108108108,9.2883019134459,1.79166666666667,0.583146285345617,0,,45.66,,1204.94,1,651.318918918919,6.47899941306371,0,69.01,0,12299,0,3,1,12299,0,,,2,4571,5791,12299,14400,14400,2101,,0,0,,,,0,0,8,0,12299,M01AX05,1500 MG,M01,M01A,M01AX,M01AX05,"",,1,,,1,1,1,,,,,"","",,,,,,,,,,,,0,1,0,0,1,1,1,0,0,0,0,,2.72,139.5,2,012009CJB,512.88,3.07,10,183.9,10,118.95,8,13701,13701,45.66,1,0,0,0,0,2,0,0,0,0,0,0,0,0,0,0,0,160,60.75,0,0,0,0,0,0,1,,,,,3,6,,0,1,1,0,0,0,0,1,1,1,0,2,0,,,0,0,77,30.4812680955952,0,0,1,1,1,140,0,1,1,0,1,14763,0,,,,0,0,1,1,11195,1,88.6,1,121.621621621622,4.80091476311419,2,0,0,1,53,1,1,,17493,14763,1,5194,203.977562468129,1,Q4,high,high,Q4,Q4,MI,14.2203969883641,1,1,1,0
1,2810301512,2017-10-25,4682.4,2,1,188,53,129,120,0.64,4,62.5,6,11972,7491.84,8.92156970722275,1.76318312559923,0.567120769603549,0,,35.3,,1105.2,1,1768.32,7.477785222295,0,71.52,0,11972,0,3,,11972,0,,,2,4657,5722,11972,14059,14059,2087,11810,1,1,-162,11810,,0,0,8,0,11972,"","","","","","","",,,,,,,,,,,,"","",,,,,,,,,,,,0,0,0,0,0,0,0,0,0,0,0,,3.86,110.9,2,012209CJB,269.07,1.43,12,85.9,12,61.647,8,13344,13344,35.3,0,0,0,0,0,2,0,0,0,0,0,0,0,0,0,0,0,192,62,0,0,0,0,0,0,1,,,,,3,6,,0,1,0,0,0,0,0,1,1,1,0,2,0,,,0,0,60,35.1174895898179,0,0,0,0,0,,0,0,0,0,0,,0,,2,1,1,0,1,,,0,109.2,1,64,4.15888308335967,2,0,0,0,97,1,1,,17136,,,,77.2354639175258,1,Q4,high,high,Q1-Q3,Q4,,,,,,
1,2810301804,2018-02-03,2039.1,2,1,166,76,128,90,0.71,3,106.2,5.8,12466,1920.05649717514,7.56010989020096,2.54319761668322,0.933422193480963,0,,48.3,,2271.51,1,2138.89830508475,7.6680461647473,0,70.43,0,12466,0,3,,12466,0,,,2,4610,5791,12466,14685,14685,2219,,0,0,,,,0,0,8,0,12466,"","","","","","","",,,,,,,,,,,,"","",,,,,,,,,,,,0,0,0,0,0,0,0,0,0,0,0,,1.85,22.48,2,021809bCJ,374.958,1.23,45,264.8,45,128.086,8,13302,13302,48.3,0,0,0,0,0,2,1,1,1,0,0,0,0,0,0,0,0,128,61.25,0,0,0,0,0,0,1,,,,,3,1,,0,1,0,0,0,0,0,1,1,1,2,2,0,,,0,0,57,23.9885167816983,1,0,0,0,0,,0,0,0,0,0,,0,,,,0,0,0,,,0,64.4,0,28.2485875706215,3.34104345884241,1,0,0,0,95,0,0,,17083,,,,20.2111210228962,1,Q1,low,low,Q1-Q3,Q1-Q3,,,,,,
1,2810302149,2018-01-06,4410,2,1,175,74,83,91,0.59,12.8,44.3,5.3,11818,9954.8532731377,9.20581547737789,,,,,49.04,,689.42,1,1556.25282167043,7.35003617333294,0,77.66,0,11818,0,3,,11818,0,,,2,4337,5780,11818,14226,14226,2408,,0,0,,,,0,0,8,0,11818,C10AX06,1200 MG,C10,C10A,C10AX,C10AX06,"",,,,,,1,,1,,,,"","",,,,,,,,,,,,0,0,0,0,0,1,0,1,0,0,0,,0.35,84.91,2,021109CJB,538.334,1.58,34,201.7,34,104.222,8,12855,12855,49.04,1,0,0,0,0,2,0,0,0,0,0,0,0,0,0,0,0,178,65.25,0,0,0,0,0,0,1,,,,,4,3,,0,1,1,0,0,0,0,1,1,1,0,2,0,,,0,0,68,29.3943988601414,0,0,1,0,1,,0,0,0,0,0,,0,,,,0,0,1,,,0,84.4,1,288.939051918736,5.66621577285662,2,0,1,0,94,1,1,14677,16111,14677,27,2859,105.902694395082,0,Q4,high,high,Q4,Q4,,7.82751540041068,1,0,0,0
1,2810302550,2017-12-02,678.1,2,1,180,46,188,95,0.54,3,31.6,5.9,11496,2145.88607594937,7.67130783508502,1.28023171614772,0.247041089788297,1,,38.08,,654.32,1,2070.63291139241,7.63560959382194,0,75.5,0,11496,0,3,,11496,0,,,2,4483,5653,11496,13611,13611,2115,,0,0,,,,0,0,8,0,11496,M01AB02,150 MG,M01,M01A,M01AB,M01AB02,"",,1,,,,1,1,,,,,"","",,,,,,,,,,,,0,1,0,0,0,1,1,0,0,0,0,,3.32,93.01,2,020409CJB,436.708,0.35,25,177.4,25,127.648,8,12663,12663,38.08,0,0,0,0,0,2,0,0,0,0,0,0,0,0,0,0,0,195,65.5,0,0,0,0,0,0,1,,,,,4,7,,0,1,0,0,0,0,0,1,1,1,0,2,0,,,0,0,66,31.9563834745641,0,0,0,1,0,,0,0,0,0,0,,0,,,,0,0,1,,,0,96.4,0,94.9367088607595,4.55321044705738,2,0,0,1,98,0,0,,16451,,,,21.8967966933609,1,Q1,low,low,Q1-Q3,Q1-Q3,,,,,,
1,2810302717,2018-12-06,5996.5,2,1,241,79,103,102,0.75,22.6,121.6,5.4,11426,4931.33223684211,8.5033644611278,1.67044738500315,0.513091485762617,0,,18.5,,975.36,1,802.105263157895,6.6872398500742,0,68.22,0,11426,0,3,,11426,0,,,2,4325,5644,11426,13420,13420,1994,,0,0,,,,0,0,8,0,11426,M01AX05,1.5 G/1.2 G,M01,M01A,M01AX,M01AX25,325 MG,1,1,,,,,,,,,,M01AX25,"",,1,,,,,,,,,,1,1,0,0,0,0,0,0,0,0,0,,2.95,59.44,2,012709CJB,354.804,3.28,17,227.5,17,138.156,8,12715,12715,18.5,0,0,0,0,0,2,0,0,0,0,0,0,0,0,0,0,0,150,59.75,,,0,0,0,0,1,,,,,3,8,,0,1,0,0,0,0,0,1,1,1,0,2,0,,,0,0,83,29.5407183836199,0,0,0,0,0,,0,0,0,0,0,,0,,,,0,0,0,,,0,141.4,1,185.855263157895,5.22496821572831,2,0,0,0,74,0,1,,16419,,,,66.6396248221906,1,Q3,low,high,Q1-Q3,Q1-Q3,,,,,,
1,2810303442,2018-01-28,829,2,1,210,69,109,100,1.03,3,87.4,5.1,12684,948.512585812357,6.8548950584619,1.33027027027027,0.285382132318685,1,,60,,682.61,1,781.018306636156,6.66059858956005,0,60.82,0,12684,0,3,,12684,0,,,1,4565,5783,12684,14711,14711,2027,,0,0,,,,0,0,8,0,12684,"","","","","","","",,,,,,,,,,,,"","",,,,,,,,,,,,0,0,0,0,0,0,0,0,0,0,0,,0.45,33.94,2,021709CJB,445.95,1.47,42,190.2,42,140.861,8,13591,13591,60,0,0,0,0,0,8,0,0,0,0,0,0,0,0,0,0,0,188,67.5,0,0,0,0,0,0,1,,,,,7,1,,0,1,0,0,0,0,0,,1,1,0,2,0,,,0,0,56,29.0105469099827,0,,0,0,0,,0,0,0,0,0,,0,,,,0,0,0,,,0,119.2,0,34.324942791762,3.53587228498876,2,0,0,0,81,0,0,,17375,,,,11.7100319236093,1,Q1,low,low,Q1-Q3,Q1-Q3,,,,,,
1,2810303705,2018-02-10,3801.7,2,1,199,49,112,110,0.81,3,65,5.7,12181,5848.76923076923,8.67398653018857,3.14748603351955,1.14660404960152,0,,50.76,,572.3,1,880.461538461538,6.78044624550751,0,65,0,12181,0,3,,12181,0,,,1,4627,5678,12181,14497,14497,2316,,0,0,,,,0,0,8,0,12181,"","","","","","","",,,,,,,,,,,,"","",,,,,,,,,,,,0,0,0,0,0,0,0,0,0,0,0,,1.57,39.15,2,021909bCJ,196.41,2.64,47,239,47,188.533,8,12943,12943,50.76,0,0,0,0,0,8,1,1,1,0,0,0,0,0,0,0,0,148,68.5,0,0,0,0,0,0,1,,,,,3,7,,0,1,0,0,0,0,0,,1,1,2,2,0,,,0,0,65,22.1761517634602,1,0,0,0,0,,0,0,0,0,0,,0,,,,0,0,0,,,0,127.6,0,46.1538461538462,3.83198029775461,2,0,0,0,93,0,1,,14859,,,,62.8899917287014,1,Q3,high,low,Q1-Q3,Q1-Q3,,,,,,
1,2810304257,2017-09-30,4226.7,2,1,166,60,67,106,0.77,3,67.5,5.7,11801,6261.77777777778,8.74221941383695,,,,,30.08,,1406.17,1,2083.21481481482,7.64166756355521,0,,0,11801,,,,11801,0,,,2,4566,5789,11801,13887,13887,2086,,0,0,,,,0,0,,0,11801,M01AE01,200 MG,M01,M01A,M01AE,M01AE01,"",,1,,,,,,,,,,"","",,,,,,,,,,,,0,1,0,0,0,0,0,0,0,0,0,,14.45,82.59,2,011609CJB,420.138,6.49,9,209.5,9,121.036,8,13221,13221,30.08,0,0,0,0,0,0,0,0,0,0,0,0,0,0,0,0,0,303,64.25,0,0,0,0,0,0,1,,,,,8,1,,0,1,0,0,0,0,0,0,1,1,0,2,0,,,0,0,53,51.6062114048254,0,0,0,0,0,,0,0,0,0,0,,0,,,,0,0,0,,,0,92.6,0,44.4444444444444,3.79423996977176,2,0,0,0,88,0,1,,17013,,,,71.1565656565657,1,Q3,high,high,Q1-Q3,Q1-Q3,,,,,,
1,2810304743,2018-01-14,4411.1,2,1,184,84,78,93,0.85,5.9,106.6,5.6,11595,4137.99249530957,8.32796604470055,2.51932838734869,0.923992353045574,0,,37.6,,516.77,1,484.774859287054,6.1836845755042,0,81.14,0,11595,0,3,,11595,0,,,2,4397,5642,11595,13567,13567,1972,,0,0,,,,0,0,8,0,11595,C03AA03,25 MG,C03,C03A,C03AA,C03AA03,"",,,,,,,,1,,,,"","",,,,,,,,,,,,0,0,0,0,0,0,0,1,0,0,0,,0.9,27.76,2,021309CJB,352.718,1.23,40,234.7,40,119.479,8,12548,12548,37.6,1,0,0,0,0,2,0,0,0,0,0,0,0,0,0,0,0,129,60.25,0,0,0,0,0,0,1,,,,,3,6,,0,0,1,0,0,0,0,1,1,1,0,,0,,,0,0,73,24.9851073900251,0,0,1,0,1,,0,0,0,0,0,,0,,,,0,0,0,,,0,84.4,1,55.3470919324578,4.01362411816207,2,0,0,0,68,0,0,,16332,,,,60.852830813376,1,Q2,low,low,Q1-Q3,Q1-Q3,,,,,,
1,2810306248,2018-06-28,20000,3,1,182,40,127,92,1.36,62.1,301.5,5.6,11620,6633.4991708126,8.79988772235698,0.910335689045936,-0.0939418584326145,1,,77.36,,2610.27,1,865.761194029851,6.76360911306305,0,59.15,0,11620,0,3,,11620,0,,,1,4264,5635,11620,13744,13744,2124,,0,0,,,,0,0,8,0,11620,"","","","","","","",,,,,,,,,,,,"","",,,,,,,,,,,,0,0,0,0,0,0,0,0,0,0,0,,15.04,52.8,2,011309CJB,473.662,5.23,4,231.2,4,208.853,8,13119,13119,77.36,0,0,0,0,0,8,1,1,1,0,0,0,0,0,0,0,0,175,66,0,0,0,0,0,0,1,,,,,3,6,,0,0,0,0,0,0,0,,1,1,2,,0,,,0,0,61,28.2459242604436,1,0,0,0,0,,0,0,0,0,0,,0,,,,0,0,0,,,0,116.6,1,205.970149253731,5.32773125175433,2,0,0,0,56,1,1,,16912,,,,118.455342335939,1,Q4,high,high,Q4,Q4,,,,,,
1,2810306281,2018-11-26,6639.4,2,1,156,41,124,90,1.19,3,214.1,5.3,11333,3101.07426436245,8.03950386733431,2.28115015974441,0.824679771799431,0,,32.54,,1005.82,1,469.78981784213,6.15228539860154,0,60.53,0,11333,0,3,,11333,0,,,1,3594,5041,11333,13570,13570,2237,,0,0,,,,0,0,8,0,11333,"","","","","","","",,,,,,,,,,,,"","",,,,,,,,,,,,0,0,0,0,0,0,0,0,0,0,0,,2.57,61.58,2,011509CJB,,,7,182.2,7,147.32,8,12784,12784,32.54,0,0,0,0,0,8,0,0,0,0,0,0,0,0,0,0,0,192,71,0,0,0,0,0,0,1,,,,,8,1,,0,1,0,0,0,0,0,,1,1,0,2,0,,,0,0,61,26.778740325979,0,0,0,0,0,140,0,1,1,0,0,,0,,,,0,0,0,,,0,90.2,0,14.0121438580103,2.63992437205461,1,0,0,0,66,0,0,,16577,,,,46.9859737024613,1,Q2,low,low,Q1-Q3,Q1-Q3,,,,,,
1,2810306726,2018-07-06,20000,3,1,169,77,55,119,0.69,7.3,107.6,6.5,11693,18587.3605947955,9.83023709079654,2.46582914572864,0.902528118371365,0,,45.8,,1461.13,1,1357.92750929368,7.21371492620319,0,62.18,0,11693,0,3,,11693,0,,,2,,5643,11693,,,,,0,0,,,,0,0,8,0,11693,M01AE01,"",M01,M01A,M01AE,M01AE01,"",,1,,,,,,,,,,"","",,,,,,,,,,,,0,1,0,0,0,0,0,0,0,0,0,,0.9,58.69,2,021809bCJ,250.152,1.41,44,145.6,44,100.573,8,12550,12550,45.8,0,0,0,0,1,2,0,0,0,0,0,0,0,0,0,0,0,244,65,0,0,0,0,0,0,1,,,,,4,1,,0,1,0,1,0,0,0,1,1,1,0,2,0,,,0,0,56,40.6039912671541,0,0,0,0,0,,0,0,0,0,0,,0,,,,0,0,0,,,0,81,1,67.8438661710037,4.2172089794088,2,0,0,0,97,1,1,,16331,,,,191.62227417315,1,Q4,high,high,Q4,Q4,,,,,,
1,2810307265,2018-12-06,7807.5,2,1,170,57,102,97,0.7,5.6,138.3,5.2,11267,5645.33622559653,8.63858503647461,3.70683661645423,1.31017884886609,0,,55.72,,2020.99,1,1461.30874909617,7.28708771666324,0,70.06,0,11267,0,3,41,11267,1,2162,13429,2,4369,5658,11267,13339,13339,2072,13430,1,0,1743,13010,,0,1,8,1,11267,C09AA03,10 MG,C09,C09A,C09AA,C09AA03,"",,,,,1,,,,,,,"","",,,,,,,,,,,,0,0,0,0,1,0,0,0,0,0,0,,1.18,85,2,012609CJB,468.136,2.7,14,157.3,14,109.404,8,12603,12603,55.72,1,0,0,0,0,2,0,0,0,0,0,0,0,1,0,0,0,142,62.5,0,0,0,0,0,0,1,,,,,3,8,,0,1,1,0,0,1,0,1,1,1,0,2,0,,,0,0,74,25.5584152768306,0,0,1,0,1,,0,0,0,0,0,,0,,1,1,0,0,0,,,0,92.6,1,40.4916847433116,3.70109663805253,2,0,0,0,85,0,1,,16395,13429,41,5128,66.4157203011356,1,Q3,high,high,Q1-Q3,Q1-Q3,CHF,14.0396988364134,1,1,1,0
1,2810307553,2018-01-01,1300.8,2,1,205,69,71,102,1.07,3,103.9,5.2,12753,1251.97305101059,7.13247602667646,2.40224358974359,0.87640312973317,0,,24.64,,738.18,1,710.471607314726,6.56592898518304,0,67.64,0,12753,0,3,,12753,0,,,1,5382,6642,12753,14944,14944,2191,,0,0,,,,0,0,8,0,12753,"","","","","","","",,,,,,,,,,,,"","",,,,,,,,,,,,0,0,0,0,0,0,0,0,0,0,0,,0.45,35.01,2,021009CJB,509.032,0.8,33,237.4,33,165.793,8,13806,13806,24.64,0,0,0,0,0,8,0,0,0,0,0,0,0,0,0,0,0,209,72.5,0,0,0,0,0,0,1,,,,,8,7,,0,1,0,0,0,0,0,,1,1,0,2,0,,,0,0,58,27.9560549608614,0,,0,0,0,,0,0,0,0,0,,0,,,,0,0,0,,,0,121.8,0,28.8739172281039,3.36293866954507,1,0,0,0,76,0,0,,17591,,,,16.4733296185604,1,Q1,low,low,Q1-Q3,Q1-Q3,,,,,,
1,2810308091,2018-12-06,6100.7,2,1,276,82,160,94,0.64,3.4,75.9,5.7,11684,8037.81291172596,8.99191229926252,3.24269264836138,1.17640404897057,0,,33.04,,1183.49,1,1559.27536231884,7.3519764809907,0,64.39,0,11684,0,3,,11684,0,,,2,4238,5352,11684,13933,13933,2249,,0,0,,,,0,0,8,0,11684,"","","","","","","",,,,,,,,,,,,"","",,,,,,,,,,,,0,0,0,0,0,0,0,0,0,0,0,,4.5,123.9,2,012709bCJ,297.194,1.3,17,242.1,17,162.839,8,12968,12968,33.04,0,0,0,0,0,2,0,0,0,0,0,0,0,0,0,0,0,201,59.75,0,0,0,0,0,0,1,,,,,6,2,,0,1,0,0,0,0,0,1,1,1,0,2,0,,,0,0,59,39.5845626340506,0,0,0,0,0,,0,0,0,0,0,,0,,,,0,0,1,,,0,162,0,44.7957839262187,3.80211402620267,2,0,0,0,98,1,1,,16759,,,,82.0184990992444,1,Q4,high,high,Q1-Q3,Q4,,,,,,
1,2810308499,2018-02-17,4513.4,2,1,217,60,81,86,1.2,3,85.8,5.4,12931,5260.37296037296,8.56795720823198,2.45835694050992,0.899493216430954,0,,32.96,,1150.72,1,1341.1655011655,7.20129429189732,0,74.32,0,12931,0,3,,12931,0,,,1,4847,,12931,,,,,0,0,,,,0,0,8,0,12931,C09AA03,20 MG,C09,C09A,C09AA,C09AA03,"",,,,1,1,,,,,,,"","",,,,,,,,,,,,0,0,0,1,1,0,0,0,0,0,0,,2.04,41.34,2,022009CJB,420.516,2.61,48,269,48,186.542,8,13638,13638,32.96,1,0,0,0,0,8,0,0,0,0,0,0,0,0,0,0,0,155,70.25,0,0,0,0,0,0,1,,,,,2,10,,0,1,1,0,0,0,0,,1,1,0,2,0,,,0,0,58,22.082317692073,0,0,1,0,1,,0,0,0,0,0,,0,,,,0,0,0,,,0,140.8,0,34.965034965035,3.55434856115633,2,0,0,0,66,0,1,16253,12025,16253,28,3322,79.7026206117115,0,Q3,low,high,Q1-Q3,Q1-Q3,Death,9.09514031485284,1,0,0,0
1,2810308628,2018-01-10,1744.7,2,1,140,59,39,104,0.59,23.4,89.1,5.5,12368,1958.13692480359,7.57974875159718,,,,,33.94,,674.45,1,756.958473625141,6.62930839542702,0,,,,,,,12368,0,,,2,4635,5720,12368,,,,11287,1,1,-1081,11287,,0,0,,0,12368,M01AX05,750 / 600 MG,M01,M01A,M01AX,M01AX25,"",,1,,1,,,,,,,1,M01AX25,"",,1,,,,,,,,,,0,1,0,1,0,0,0,0,0,0,1,,0.91,57.29,2,021109bCJ,420.8,2.5,37,224.4,37,169.784,8,13365,13365,33.94,1,0,0,0,0,2,0,0,0,0,0,0,0,1,0,0,0,92,60,0,0,0,0,0,0,1,,,,,8,0,,0,1,1,0,0,1,0,1,1,1,0,2,0,,,0,0,79,17.9676359352719,0,0,1,0,1,,0,0,0,0,0,,0,,1,1,1,0,0,,,0,73.2,1,262.626262626263,5.57073196686903,2,0,0,0,87,0,0,14613,,14613,28,2245,22.5073209747539,0,Q1,low,low,Q1-Q3,Q1-Q3,Death,6.14647501711157,1,0,0,0
1,2810309352,2018-12-08,4836.8,2,1,204,45,80,107,1.14,5.7,173.6,5.5,12054,2786.17511520737,7.93242500778704,0.85080886758538,-0.161567773066529,1,,33.44,,1176.92,1,677.94930875576,6.51907251929833,0,76.26,0,12054,0,3,,12054,0,,,1,4599,5971,12054,14357,14357,2303,,0,0,,,,0,0,8,0,12054,"","","","","","","",,,,,,,,,,,,"","",,,,,,,,,,,,0,0,0,0,0,0,0,0,0,0,0,,1.81,67.61,2,020409CJB,318.772,1.28,26,149.3,26,156.456,8,13217,13217,33.44,0,0,0,0,0,8,0,0,0,0,0,0,0,0,0,0,0,183,66,0,0,0,0,0,0,1,,,,,7,7,,0,1,0,0,0,0,0,,1,1,0,2,0,,,0,0,57,29.5371665123496,0,0,0,0,0,,0,0,0,0,0,,0,,,,0,0,0,,,0,143,1,32.8341013824885,3.49146765159639,2,0,0,0,71,0,0,,17004,,,,39.2419030310898,1,Q2,low,low,Q1-Q3,Q1-Q3,,,,,,
1,2810309479,2017-10-28,3482.4,2,1,181,52,147,103,0.67,3.9,46.2,5.8,11977,7537.66233766234,8.92766737813849,,,,,35.52,,774.54,1,1676.49350649351,7.42445969264707,0,68.85,0,11977,0,3,,11977,0,,,2,4620,5721,11977,14094,14094,2117,,0,0,,,,0,0,8,0,11977,C10AX09,20 MG,C10,C10A,C10AA,C10AA01,"",,,,,,1,,,,,,C10AA01,"",,,,,,1,1,,,,,0,0,0,0,0,1,1,0,0,0,0,,0.47,72.83,2,012309CJB,449.418,0.9,13,179.1,13,136.365,8,13331,13331,35.52,0,0,0,0,0,2,0,0,0,0,0,0,0,0,0,0,0,139,65.25,0,0,0,0,0,0,1,,,,,3,6,,0,1,0,0,0,0,0,1,1,1,0,2,0,,,0,0,65,22.9540530424699,0,0,0,1,0,,0,0,0,0,0,,0,,,,0,0,0,,,0,99.6,1,84.4155844155844,4.43575203403004,2,0,0,1,92,1,1,,17123,,,,81.931112365895,1,Q4,high,high,Q1-Q3,Q4,,,,,,
7,2810310274,2018-11-24,2540.6,2,1,200,57,93,102,0.83,7.7,198.9,5.9,4153,1277.32528909,7.15252355271753,1.67116104868914,0.513518623598183,0,3.8,16.86,17.8,952.92,2,479.095022624434,6.17189895482329,0,64.04,0,4153,0,3,,4153,0,,,2,4153,5776,,,5776,1623,,0,0,,,,0,0,8,0,4153,C10AA02,20 MG,C10,C10A,C10AA,C10AA02,"",,,,,,1,1,,,,,"","",,,,,,,,,,,,0,0,0,0,0,1,1,0,0,0,0,,1.93,67.53,2,010509CJB,384.018,1.13,4,210.6,4,139.299,3,,,16.86,0,0,0,0,0,,0,0,0,0,0,0,,,,,0,141,60,,,,,,,1,,,,,8,8,,1,0,0,0,,,0,,1,1,0,1,0,,,0,0,59,27.5373550747102,0,0,0,1,0,,0,0,0,0,0,,0,,,,0,0,0,,,0,124.4,1,38.7129210658622,3.65617342198185,2,0,0,1,77,0,0,,8673,,,,16.5886401180519,1,Q1,low,low,Q1-Q3,Q1-Q3,,,,,,
1,2810310735,2017-12-23,584,2,1,272,65,87,97,0.66,3,31.8,5.3,12030,1836.47798742138,7.51560487903019,3.29037656903766,1.19100201690145,0,,23.3,,518.53,1,1630.59748427673,7.39670178140702,0,78.34,0,12030,0,3,,12030,0,,,2,4273,5674,12030,14021,14021,1991,,0,0,,,,0,0,8,0,12030,C10AX06,"",C10,C10A,C10AX,C10AX06,"",,,,,,1,,,,,,"","",,,,,,,,,,,,0,0,0,0,0,1,0,0,0,0,0,,2.24,52.1,2,020609CJB,303.434,0.7,30,193.3,30,150.026,8,13127,13127,23.3,0,0,0,0,0,2,0,0,0,0,0,0,0,0,0,0,0,139,64,0,0,0,0,0,0,1,,,,,8,1,,0,1,0,0,0,0,0,1,1,1,0,2,0,,,0,0,58,23.859452015779,0,0,0,0,0,,0,0,0,0,0,,0,,,,0,0,0,,,0,189.6,0,94.3396226415094,4.54690127786412,2,0,1,0,97,0,0,,16913,,,,18.9327627569215,1,Q1,low,low,Q1-Q3,Q1-Q3,,,,,,
7,2810311113,2017-08-16,1698,2,1,176,69,75,96,0.59,3,29.5,5.8,4017,5755.93220338983,8.65798628951361,,,,1.8,28.12,28.84,150.62,2,510.576271186441,6.23554003131552,0,64.11,0,4017,0,3,,4017,0,,,2,4017,5785,,,5785,1768,,0,0,,,,0,0,8,0,4017,"","","","","","","",,,,,,,,,,,,"","",,,,,,,,,,,,0,0,0,0,0,0,0,0,0,0,0,,0.67,39.77,2,010509CJB,328.674,1.46,4,210.3,4,108.08,3,,,28.12,0,0,0,0,0,,0,0,0,0,0,0,,,,,0,139,60,,,,,,,,,1,,,8,1,,0,1,0,0,,,0,,2,3,0,2,0,,,0,0,50,27.1467542935086,0,0,0,0,0,,0,0,0,0,0,,0,,,,0,0,1,,,0,92,0,101.694915254237,4.62197730430447,2,0,0,0,107,0,1,,8540,,,,53.7937589101853,1,Q3,high,low,Q1-Q3,Q1-Q3,,,,,,
1,2810311257,2018-12-08,12938,2,1,157,34,137,104,1.17,16.8,96.4,5.4,12348,13421.1618257261,9.50458798097552,1.30700888450148,0.26774123224827,1,,157.78,,609.03,1,631.773858921162,6.44853151195195,0,65.24,0,12348,0,3,,12348,0,,,1,4524,5700,12348,14325,14325,1977,,0,0,,,,0,0,8,0,12348,M01AE01,200 MG,M01,M01A,M01AE,M01AE01,"",,1,,,,,,,,,,"","",,,,,,,,,,,,0,1,0,0,0,0,0,0,0,0,0,,4.89,72.6,2,020709CJB,362.146,3.73,30,190.1,30,187.561,8,13442,13442,157.78,0,0,0,0,0,8,0,0,0,0,0,0,0,0,0,0,0,190,68.5,0,0,0,0,0,0,1,,,,,3,2,,0,1,0,0,0,0,0,,1,1,0,2,0,,,0,0,80,28.4693840206584,0,0,0,0,0,,0,0,0,0,0,,0,,,,0,0,1,,,0,95.6,1,174.273858921162,5.16062796377485,2,0,0,0,59,1,1,16473,14504,16473,27,4125,227.477319080104,0,Q4,high,high,Q4,Q4,,11.2936344969199,1,1,0,0
7,2810311506,2018-11-24,5946,2,1,189,42,255,262,0.83,85.7,172.4,9.4,4152,3448.95591647332,8.14582683131654,1.03949129852744,0.0387314574559245,1,0.8,71.82,72.6,838.08,2,486.125290023202,6.18646638907785,0,60.07,0,4152,0,3,,4152,0,,,1,4152,,,,,,,0,0,,,,0,0,8,0,4152,M01AH01,200 MG,M01,M01A,M01AH,M01AH01,"",,1,,,,1,1,,,1,,"","",,,,,,,,,,,,0,1,0,0,0,1,1,0,0,1,0,,1.11,85.58,2,010509CJB,133.03,,3,205.8,3,148.702,3,,,71.82,0,0,0,0,1,,0,0,0,0,0,0,,,,,0,165,65.25,0,0,0,0,0,0,,,,,,1,10,1,1,0,0,1,,,0,,,,0,1,0,,,0,0,60,27.2476169209176,0,1,0,1,0,,0,0,0,0,0,,0,,,,0,0,0,,,0,96,1,497.099767981439,6.20879074635628,3,1,0,1,96,0,0,,8685,,,,35.9266241299304,1,Q2,low,low,Q1-Q3,Q1-Q3,,,,,,
1,2810311734,2018-12-22,5745.5,2,1,238,86,66,92,0.78,6.3,127.7,5.9,12156,4499.2169146437,8.41165864164729,2.58620689655172,0.950192283549836,0,,50.88,,1839.16,1,1440.21926389977,7.27255064757572,0,63.53,0,12156,0,3,,12156,0,,,2,,,12156,14152,14152,1996,,0,0,,,,0,0,8,0,12156,"","","","","","","",,,,,,,,,,,,"","",,,,,,,,,,,,0,0,0,0,0,0,0,0,0,0,0,,1.03,59.19,2,021809CJB,263.61,1.33,44,221.3,44,115.658,8,13024,13024,50.88,0,0,0,0,0,2,1,1,0,61,0,0,0,0,0,0,0,138,63,0,0,0,0,0,0,1,,,,,6,8,,0,0,0,0,0,0,0,1,1,1,1,,0,,,0,0,62,24.4457631772407,1,0,0,0,0,,0,0,0,0,0,,0,,,,0,0,0,,,0,138.8,1,49.3343774471417,3.89862114934113,2,0,0,0,81,0,1,,16805,,,,55.5458878351074,1,Q3,low,low,Q1-Q3,Q1-Q3,,,,,,
1,2810312035,2017-11-21,2396.8,2,1,159,42,138,120,0.8,7.4,135.1,5.6,12190,1774.0932642487,7.48104473434484,0.944567627494457,-0.0570279932333079,1,,60.82,,983.6,1,728.053293856403,6.59037425136398,0,68.13,0,12190,0,3,,12190,0,,,1,4530,5730,12190,14192,14192,2002,,0,0,,,,0,0,8,0,12190,M01AX05,TAB,M01,M01A,M01AX,M01AX25,"",,1,,,1,1,1,,,,,M01AX25,"",,1,,,,,,,,,,0,1,0,0,1,1,1,0,0,0,0,,1.49,127.6,2,012909CJB,340.514,2.32,19,238.1,19,120.627,8,13451,13451,60.82,1,0,0,0,0,8,0,0,0,0,0,0,0,0,0,0,0,200,66,0,0,0,0,0,0,1,,,,,6,1,,0,1,1,0,0,0,0,,1,1,0,2,0,,,0,0,64,32.2810562976498,0,0,1,1,1,,0,0,0,0,0,,0,,,,0,0,0,,,0,89.4,1,54.7742413027387,4.00322003422611,2,0,0,1,94,0,0,,17242,,,,18.8733325983905,1,Q1,low,low,Q1-Q3,Q1-Q3,,,,,,
1,2810312918,2017-12-14,3143.9,2,1,208,66,73,90,0.79,3,70.9,5.5,11767,4434.2736248237,8.39711909887749,,,,,26.8,,905.47,1,1277.10860366714,7.15235389835771,0,67.29,0,11767,0,3,,11767,0,,,2,4385,5665,11767,13775,13775,2008,,0,0,,,,0,0,8,0,11767,C10AA03,20 MG,C10,C10A,C10AA,C10AA03,"",,,,,,1,1,,,,,"","",,,,,,,,,,,,0,0,0,0,0,1,1,0,0,0,0,,2.02,62.19,2,020309bCJ,231.376,0.76,24,195,24,109.199,8,12956,12956,26.8,2,0,0,0,0,2,0,0,0,0,0,0,0,0,0,0,0,154,63.75,0,0,0,0,0,0,1,,,,,6,6,,0,1,1,0,0,0,0,1,1,1,0,2,0,,,0,0,61,26.641946709499,0,0,0,1,1,,0,0,0,0,0,,0,,,,0,0,0,,,0,127.4,0,42.3131170662905,3.74509713411217,2,0,0,1,81,0,1,,16744,,,,54.7441188249839,1,Q3,low,low,Q1-Q3,Q1-Q3,,,,,,
1,2810314818,2017-12-14,3299.1,2,1,196,65,127,122,0.69,3,22.3,6.2,12623,14794.1704035874,9.60198849050702,1.37617924528302,0.319310996494653,1,,45.78,,335.34,1,1503.7668161435,7.31572845003168,0,64.51,0,12623,0,3,,12623,0,,,2,4566,5799,12623,14739,14739,2116,,0,0,,,,0,0,8,0,12623,"","","","","","","",,,,,,,,,,,,"","",,,,,,,,,,,,0,0,0,0,0,0,0,0,0,0,0,,5.34,180,2,020409bCJ,338.928,3.73,27,230.5,27,134.512,8,13772,13772,45.78,0,0,0,0,0,2,1,0,0,53,0,0,0,0,0,0,0,251,63,1,1,0,0,0,0,1,,,,,8,1,,0,1,0,0,0,0,0,1,1,1,1,2,0,,,0,1,58,44.4629460687493,0,0,0,0,0,,0,0,0,0,0,,0,,,,0,0,0,,,0,105.6,0,134.529147982063,4.90178088918417,2,0,0,0,96,1,1,,17559,,,,154.105941704036,1,Q4,high,high,Q4,Q4,,,,,,
1,2810315403,2017-10-25,4827.4,2,1,165,52,78,104,0.7,4,24.3,5.7,12167,19865.8436213992,9.89675713507409,,,,,83.76,,1548.61,1,6372.88065843621,8.7598068690188,0,65.22,0,12167,0,3,12,12167,1,767,12934,2,4558,5765,12167,,,,12934,1,0,714,12881,,0,1,8,1,12167,B01AA03,7.5 MG,B01,B01A,B01AA,B01AA03,"",,,,,,,,,,,1,"","",,,,,,,,,,,,0,0,0,0,0,0,0,0,0,0,1,,15.97,25.8,2,012209CJB,339.546,3.77,12,377.9,12,214.274,8,13541,13541,83.76,0,0,0,0,0,2,0,0,0,0,0,0,0,0,0,0,1,124,59,0,0,0,0,0,0,1,,,,,3,6,,0,1,0,0,0,0,1,1,1,1,0,2,0,,,1,0,85,25.0451290905455,0,0,0,0,0,,0,0,0,0,0,,1,10622,1,1,0,0,1,,,0,97.4,1,164.609053497942,5.10357328975552,2,0,0,0,79,1,1,12959,,7883,30,,251.46637495442,1,Q4,high,high,Q4,Q4,IC,,,,,
1,2810315633,2018-02-17,1944.7,2,1,154,74,76,98,0.67,3,64.7,5.5,13002,3005.71870170016,8.00827198699207,1.81200212426978,0.594432379954417,0,,50.9,,883.94,1,1366.21329211747,7.21979817151222,0,,0,13002,,,,13002,0,,,2,4553,5928,13002,15105,15105,2103,,0,0,,,,0,0,,0,13002,"","","","","","","",,,,,,,,,,,,"","",,,,,,,,,,,,0,0,0,0,0,0,0,0,0,0,0,,2.32,78.36,2,022009CJB,,,48,225.7,48,117.902,8,13708,13708,50.9,0,0,0,0,0,2,0,0,0,0,0,0,0,0,0,0,0,144,64.25,0,0,0,0,0,0,1,,,,,8,2,,0,1,0,0,0,0,0,1,1,1,0,2,0,,,0,0,57,24.5257242319962,0,0,0,0,0,,0,0,0,0,0,,0,,,,0,0,0,,,0,64.8,0,46.3678516228748,3.83660636614339,2,0,0,0,98,0,0,,17489,,,,30.6705989969404,1,Q2,low,low,Q1-Q3,Q1-Q3,,,,,,
1,2810315728,2018-01-28,4336.4,2,1,195,46,147,91,0.97,3.4,113,5.2,12215,3837.52212389381,8.25258215706289,2.96972245584525,1.0884684992376,0,,56.32,,900.5,1,796.902654867257,6.68073253189176,0,62.46,0,12215,0,3,,12215,0,,,1,4259,5638,12215,14227,14227,2012,13904,1,0,280,12495,,0,0,8,0,12215,"","","","","","","",,,,,,,,,,,,"","",,,,,,,,,,,,0,0,0,0,0,0,0,0,0,0,0,,1.2,37.88,2,021709CJB,286.42,1.04,42,214.8,42,144.691,8,13122,13122,56.32,0,0,0,0,0,8,0,0,0,0,0,0,0,0,0,0,0,190,72,0,0,0,0,0,0,1,,,,,8,1,,0,1,0,0,0,0,0,,1,1,0,2,0,,,0,0,62,25.7688015376031,0,0,0,0,0,,0,0,0,0,0,,0,,1,1,0,0,0,,,0,119.6,0,30.0884955752212,3.40414289189191,2,0,0,0,83,0,0,,16906,,,,46.2352063119736,1,Q2,low,low,Q1-Q3,Q1-Q3,,,,,,
1,2810315824,2017-09-23,584.1,2,1,196,60,66,86,0.67,3,13.7,5.3,11167,4263.50364963504,8.35784655420028,2.85785123966942,1.05007002765245,0,,28.16,,166.58,1,1215.91240875912,7.10325002766121,0,75.04,0,11167,0,3,,11167,0,,,2,4420,5705,11167,13279,13279,2112,7675,1,1,-3492,7675,,0,0,8,0,11167,"","","","","","","",,,,,,,,,,,,"","",,,,,,,,,,,,0,0,0,0,0,0,0,0,0,0,0,,1.17,47.87,2,011509CJB,358.996,0.96,7,170.7,7,115.196,8,12615,12615,28.16,0,0,0,0,0,2,0,0,0,0,0,0,0,1,0,0,0,146,60,0,0,0,0,0,0,1,,,,,3,1,,0,0,0,0,0,1,0,1,1,1,0,,0,,,0,0,57,28.5138570277141,0,,0,0,0,,0,0,0,0,0,,0,,1,1,1,0,0,,,0,122.8,0,218.978102189781,5.38897173481617,2,0,0,0,98,0,1,,16408,,,,43.5051392819902,1,Q3,low,low,Q1-Q3,Q1-Q3,,,,,,
1,2810316184,2018-12-22,5007.2,2,1,253,39,138,105,0.67,3,128.6,5.7,11946,3893.62363919129,8.26709552979506,3.02412545235223,1.106621943023,0,,47.22,,1940.86,1,1509.22239502333,7.31934982698306,0,68.92,0,11946,0,3,,11946,0,,,2,4284,5768,11946,14311,14311,2365,,0,0,,,,0,0,8,0,11946,C10AX06,1000 MG,C10,C10A,C10AX,C10AX06,"",,,,,,1,,,,,,"","",,,,,,,,,,,,0,0,0,0,0,1,0,0,0,0,0,,4.66,83.52,2,021809bCJ,296.68,2.3,45,310.9,45,211.616,8,12795,12795,47.22,0,0,0,0,0,2,1,1,1,0,0,0,0,0,0,0,0,189,64.5,0,0,0,0,0,0,1,,,,,4,2,,0,1,0,0,0,0,0,1,1,1,2,2,0,,,0,0,42,31.9409616645085,1,0,0,0,0,,0,0,0,0,0,,0,,,,0,0,0,,,0,186.4,0,23.3281493001555,3.14966075584673,1,0,1,0,108,0,0,,16576,,,,36.0520707332527,1,Q2,low,low,Q1-Q3,Q1-Q3,,,,,,
1,2810317331,2018-02-17,1504,2,1,162,83,61,86,0.88,3,130.6,5.4,12740,1151.60796324655,7.04891447365555,2.44731610337972,0.894991956084714,0,,21.32,,1613.51,1,1235.45941807044,7.11919817832542,0,67.36,0,12740,0,3,,12740,0,,,2,4522,,12740,,,,,0,0,,,,0,0,8,0,12740,"","","","","","","",,,,,,,,,,,,"","",,,,,,,,,,,,0,0,0,0,0,0,0,0,0,0,0,,0.97,60.32,2,022009CJB,249.632,0.61,48,177.8,48,185.389,8,13440,13440,21.32,0,0,0,0,0,0,0,0,0,0,0,0,0,0,0,0,0,151,67.25,0,0,0,0,0,0,1,,,,,7,0,,0,1,0,0,0,0,0,0,1,1,0,2,0,,,0,0,52,23.4745882075891,0,,0,0,0,,0,0,0,0,0,,0,,,,0,0,0,,,0,66.8,0,22.9709035222052,3.13422835080792,1,0,0,0,76,0,0,,17221,,,,15.1527363585073,1,Q1,low,low,Q1-Q3,Q1-Q3,,,,,,
1,2810317925,2017-11-18,2287.2,2,1,191,61,76,94,1.04,5.2,163.4,5.3,12476,1399.75520195838,7.24405264457029,3.31456953642384,1.19832776194035,0,,33.1,,918.23,1,561.952264381885,6.33141690746392,0,62.96,0,12476,0,3,,12476,0,,,1,4529,5789,12476,14486,14486,2010,,0,0,,,,0,0,8,0,12476,"","","","","","","",,,,,,,,,,,,"","",,,,,,,,,,,,0,0,0,0,0,0,0,0,0,0,0,,0.62,29.62,2,012909CJB,429.71,1.27,,,,,,,,33.1,0,0,0,0,0,8,0,0,0,0,0,0,0,0,0,0,0,172,70.5,0,0,0,0,0,0,1,,,,,8,1,,0,1,0,0,0,0,0,,1,1,0,2,0,,,0,0,58,24.330768444244,0,,0,0,0,,0,0,0,0,0,,0,,,,0,0,0,,,0,114.8,1,31.8237454100367,3.46021272214362,2,0,0,0,79,0,0,,17514,,,,17.7184202779542,1,Q1,low,low,Q1-Q3,Q1-Q3,,,,,,
1,2810318077,2018-07-06,20000,3,1,279,55,93,99,0.71,13.8,129.4,5.3,11763,15455.9505409583,9.64574935645742,2.8771186440678,1.05678932253309,0,,42.34,,1720.43,1,1329.54404945904,7.192591342484,0,70.3,0,11763,0,3,,11763,0,,,2,4224,5862,11763,,,,,0,0,,,,0,0,8,0,11763,C10AA07,10 MG,C10,C10A,C10AA,C10AA07,"",,,,1,,1,1,1,,,,"","",,,,,,,,,,,,0,0,0,1,0,1,1,1,0,0,0,,1.41,31.39,2,021409CJB,411.546,2.59,41,198.7,41,166.517,8,12701,12701,42.34,1,0,0,0,0,2,1,1,1,0,0,0,0,0,0,0,0,134,60.25,0,0,0,0,0,0,1,,,,,3,1,,0,1,1,0,0,0,0,1,1,1,2,2,0,,,0,0,62,25.9535224051423,1,0,1,1,1,,0,0,0,0,0,,0,,,,0,0,0,,,0,205.4,1,106.646058732612,4.6695154890785,2,0,0,1,91,1,1,,16485,,,,169.845610340201,1,Q4,high,high,Q4,Q4,,,,,,
7,2810318638,2018-11-24,11530.8,2,1,209,48,90,107,1.08,3,98.1,5.7,3226,11754.128440367,9.371959814488,1.31785345717234,0.276004244141773,1,0.1,36.96,36.88,632.76,2,645.015290519878,6.46927402274715,0,73.27,0,3226,0,3,1,3226,0,,,1,3226,5180,,,5180,1954,,0,0,,,,0,0,8,0,3226,C09AA03,5 MG,C09,C09A,C09AA,C09AA03,"",,,,,1,,,1,,,,"","",,,,,,,,,,,,0,0,0,0,1,0,0,1,0,0,0,,4.18,97.87,2,123008CJB,409.51,2.7,3,234.7,3,163.868,3,,,36.96,1,0,0,0,0,,0,0,0,0,0,0,,,,,0,187,65.25,0,0,0,0,0,0,,,1,,,8,2,,0,0,1,0,,,0,,2,3,0,,0,,,0,0,62,30.8806325103732,0,0,1,0,1,140,0,1,1,0,1,3462,0,,,,0,0,0,,,0,143,0,30.5810397553517,3.42038020107893,2,0,0,0,73,1,1,,7811,3462,1,4585,161.015458087219,0,Q4,high,high,Q4,Q4,MI,12.5530458590007,1,1,1,0
1,2810319224,2017-11-13,3590.3,2,1,199,65,99,102,0.72,3,77.7,6,11609,4620.72072072072,8.43830597206503,2.36010143702451,0.858704599903876,0,,32.52,,1748.54,1,2250.37323037323,7.71885136160775,0,61.41,0,11609,0,3,,11609,0,,,2,4781,5685,11609,13659,13659,2050,,0,0,,,,0,0,8,0,11609,C03AA03,25 MG,C03,C03A,C03AA,C03AA03,"",,,,,,,,1,,,,"","",,,,,,,,,,,,0,0,0,0,0,0,0,1,0,0,0,,2.7,128.2,2,012709CJB,656.906,2.51,16,212.2,16,124.123,8,12911,12911,32.52,1,0,0,0,0,2,0,0,0,0,0,0,0,0,0,0,0,199,66,0,0,0,0,0,0,1,,,,,4,1,,0,1,1,0,0,0,0,1,1,1,0,2,0,,,0,0,57,32.1196510161615,0,0,1,0,1,,0,0,0,0,0,,0,,,,0,0,1,,,0,114.2,0,38.6100386100386,3.65351231027665,2,0,0,0,93,0,1,,16702,,,,49.6851690400078,1,Q3,low,low,Q1-Q3,Q1-Q3,,,,,,
1,2810319518,2018-01-10,4714.6,2,1,277,63,121,102,0.82,3,109.3,5.5,12508,4313.44922232388,8.36949314664345,2.34094488188976,0.850554643545461,0,,34.94,,690.45,1,631.701738334858,6.44841734973696,0,67.42,0,12508,0,3,,12508,0,,,2,5096,,12508,14654,14654,2146,,0,0,,,,0,0,8,0,12508,"","","","","","","",,,,,,,,,,,,"","",,,,,,,,,,,,0,0,0,0,0,0,0,0,0,0,0,,1.06,38.14,2,021209CJB,227.59,0.99,37,286.1,37,194.315,8,13498,13498,34.94,0,0,0,0,0,2,1,0,0,52,0,0,0,0,0,0,0,147,65,0,0,0,0,0,0,1,,,,,8,1,,0,1,0,0,0,0,0,1,1,1,1,2,0,,,0,0,54,24.4622406404576,0,0,0,0,0,,0,0,0,0,0,,0,,,,0,0,0,,,0,189.8,0,27.4473924977127,3.31227117246775,1,0,0,0,81,0,1,,17283,,,,53.2524595348627,1,Q3,low,low,Q1-Q3,Q1-Q3,,,,,,
1,2810319758,2017-11-26,4614.6,2,1,199,66,147,97,1.23,10.6,92.3,5.7,11692,4999.56663055255,8.51710651377035,,,,,53.52,,1098.16,1,1189.77248104009,7.08151737542269,0,61.78,0,11692,0,3,4,11692,0,,,2,4349,5686,11692,13679,13679,1987,,0,0,,,,0,0,8,0,11692,C10AA05,40 MG,C10,C10A,C10AA,C10AA05,"",,,,1,1,1,1,,,,,"","",,,,,,,,,,,,0,0,0,1,1,1,1,0,0,0,0,,1.24,70.84,2,020309CJB,361.048,1.99,23,219.8,23,153.703,8,12887,12887,53.52,1,0,0,0,0,2,0,0,0,0,0,0,0,0,0,1,0,112,61,0,0,0,0,0,0,1,,,,,1,0,,0,1,1,0,1,0,0,1,1,1,0,2,0,,,0,0,65,21.1623535313719,0,0,1,1,1,140,0,1,1,0,1,10038,0,,,,0,0,0,,,0,103.6,1,114.842903575298,4.74356513859135,2,0,0,1,46,0,1,,16675,9105,6,4983,108.686231098968,0,Q3,low,high,Q4,Q1-Q3,Angina,13.6427104722793,1,1,1,0
1,2810319770,2017-10-30,203.1,2,1,197,89,93,120,0.99,3,17.4,5.7,11937,1167.24137931035,7.06239844835395,2.59771210676835,0.954631098701047,0,,38.02,,190.26,1,1093.44827586207,6.99709153754592,0,70.77,0,11937,0,3,,11937,0,,,2,4600,5701,11937,14512,14512,2575,,0,0,,,,0,0,8,0,11937,C10AA05,10 MG,C03,C03A,C03AA,C03AA03,"",,,,1,1,1,1,,,,,C03AA03,"",,,,,,,,1,,,,0,0,0,1,1,1,1,1,0,0,0,,0.7,61.18,2,012609CJB,437.926,1.27,15,123.9,15,70.583,8,13248,13248,38.02,,0,0,0,0,2,0,0,0,0,0,0,0,0,0,0,0,126,64.5,0,0,0,0,0,0,1,,,,,5,8,,0,1,,0,0,0,0,1,1,1,0,2,0,,,0,0,80,21.2939744430057,0,0,1,1,1,,0,0,0,0,0,,0,,,,0,0,0,,,0,89.4,0,172.413793103448,5.14989736142976,2,0,0,1,54,0,0,15612,15334,15612,28,3675,21.6155810983397,0,Q1,low,low,Q1-Q3,Q1-Q3,Death,10.0616016427105,1,1,0,0
7,2810320439,2017-08-19,2818.2,2,1,247,37,205,91,0.7,3.2,41.4,5.7,4502,6807.2463768116,8.82574296741783,3.23913043478261,1.17530490945636,0,1.3,41.94,41.16,342.14,2,826.425120772947,6.71710931518097,0,63.48,0,4502,0,3,14,4502,0,,,2,4502,6121,,,6121,1619,,0,0,,,,0,0,8,0,4502,"","","","","","","",,,,,,,,,,,,"","",,,,,,,,,,,,0,0,0,0,0,0,0,0,0,0,0,,4.13,62.34,2,010609CJB,284.386,0.72,4,151.6,4,143.672,3,,,41.94,0,0,0,0,0,,0,0,0,0,0,0,,,,,0,140,64.5,0,0,0,0,0,0,,,,,,1,0,,1,0,0,0,,,0,,,,0,1,0,,,0,0,64,23.6599716033396,0,0,0,0,0,,0,0,0,0,0,,1,7311,,,0,0,0,,,0,169,0,77.2946859903382,4.34762520795655,2,0,0,0,92,1,1,,8974,7311,14,4472,73.9918084436043,0,Q4,high,high,Q1-Q3,Q4,Intracerebral Hemmorhage,12.2436687200548,1,1,1,0
7,2810320585,2017-08-16,2850.5,2,1,173,41,125,101,1.24,201.8,116.7,6.1,4065,2442.58783204799,7.80081334316722,1.60996354799514,0.476211537743253,1,3.7,35.66,37.58,1296.65,2,1111.09682947729,7.01310294108692,0,60.23,0,4065,0,3,,4065,0,,,1,4065,5637,,,5637,1572,,0,0,,,,0,0,8,0,4065,C10AX09,20 MG,C10,C10A,C10AA,C10AA01,"",,,,1,1,1,,,1,1,,C10AA01,"",,,,,,1,1,,,,,0,0,0,1,1,1,1,0,1,1,0,,0.85,47.87,2,010509CJB,572.292,2.46,4,202.9,4,121.398,3,,,35.66,1,0,0,0,1,,0,0,0,0,0,0,,,,,0,246,66.5,0,0,0,0,0,0,1,,,,,4,6,,1,0,1,1,,,0,,1,1,0,1,0,,,0,0,64,39.1108657167849,0,1,1,1,1,,0,0,0,0,0,,0,,,,0,0,0,,,0,107,1,1729.22022279349,7.45542584760914,3,1,0,1,61,0,0,,8574,,,,40.0424234761965,1,Q1,low,low,Q1-Q3,Q1-Q3,,,,,,
7,2810321105,2017-08-16,4088.1,2,1,179,39,142,128,0.86,5.8,224,6.7,4017,1825.04464285714,7.50935972755694,1.77801958650707,0.575500153064261,0,5.4,24.88,26.86,1707.22,2,762.151785714286,6.63614572970095,0,,0,4017,,,,4017,0,,,1,4017,5785,,,5785,1768,,0,0,,,,0,0,,0,4017,C10AA05,20 MG,C10,C10A,C10AA,C10AA05,"",,,,,,1,1,,,1,,"","",,,,,,,,,,,,0,0,0,0,0,1,1,0,0,1,0,,1.22,163.6,2,010509CJB,299.578,2.32,4,162.7,4,137.575,3,,,24.88,0,0,0,0,1,,0,0,0,0,0,0,,,,,0,188,69,,,,,,,,,1,,,8,1,,0,1,0,1,,,0,,2,3,0,2,0,,,0,0,52,27.7629288717935,0,1,0,1,0,,0,0,0,0,0,,0,,,,0,0,0,,,0,111.6,1,25.8928571428571,3.25396714467947,1,1,0,1,100,0,0,,8540,,,,18.2504464285714,1,Q1,low,low,Q1-Q3,Q1-Q3,,,,,,
1,2810322037,2017-09-06,3826.3,2,1,218,56,60,85,0.6,7.1,84.1,6.4,11055,4549.70273483948,8.42281717680839,2.41830065359477,0.883065084245835,0,,61.6,,1563.62,1,1859.23900118906,7.52792254384132,0,64.17,0,11055,0,3,,11055,0,,,2,4252,5649,11055,13224,13224,2169,,0,0,,,,0,0,8,0,11055,"","","","","","","",,,,,,,,,,,,"","",,,,,,,,,,,,0,0,0,0,0,0,0,0,0,0,0,,1.1,34.74,2,011309CJB,550.094,1.08,4,212.5,4,140.233,8,12559,12559,61.6,0,0,0,0,0,2,0,0,0,0,0,0,0,0,0,0,0,129,66,0,0,0,0,0,0,1,,,,,7,1,,0,1,0,0,0,0,0,1,1,1,0,2,0,,,0,0,63,20.8212813119841,0,0,0,0,0,,0,0,0,0,0,,0,,,,0,0,0,,,0,150,1,84.423305588585,4.43584349605051,2,0,0,0,97,0,1,,16352,,,,46.9041519055616,1,Q3,low,low,Q1-Q3,Q1-Q3,,,,,,
1,2810322239,2018-12-06,6475.6,2,1,141,64,63,119,1.11,8.2,64.2,6.2,11363,10086.6043613707,9.21896352165953,3.53708133971292,1.26330190676778,0,,33.22,,1593.16,1,2481.55763239875,7.816641719581,0,67.32,0,11363,0,3,5,11363,0,,,1,4354,5678,11363,,,,11363,1,1,-9460,1903,,0,0,8,0,11363,C10AA01,20 MG,C10,C10A,C10AA,C10AA01,"",,,,1,1,1,1,1,,1,1,"","",,,,,,,,,,,,0,0,0,1,1,1,1,1,0,1,1,,0.55,40.75,2,012709bCJ,447.778,2.84,18,185.2,18,109.49,8,12631,12631,33.22,1,0,0,0,1,8,0,0,0,0,0,0,0,1,0,0,0,158,73.25,0,0,0,0,0,0,1,,,,,7,6,,0,1,1,1,0,1,0,,1,1,0,2,0,,,0,0,76,20.703674996559,0,1,1,1,1,141,0,1,0,1,1,254,0,,1,3,1,1,1,,,0,64.4,1,127.725856697819,4.84988622255643,2,1,0,1,64,1,1,13238,12453,254,5,1090,157.603193146417,0,Q4,high,high,Q4,Q4,MI,2.98425735797399,0,0,0,0
1,2810322495,2017-12-14,639.1,2,1,151,55,77,110,1.05,5.9,24.8,5.5,11792,2577.01612903226,7.85438746947339,1.76088069636457,0.565814079555587,0,,56.54,,344.81,1,1390.36290322581,7.23732007350632,0,68.99,0,11792,0,3,,11792,0,,,1,4431,5697,11792,14012,14012,2220,,0,0,,,,0,0,8,0,11792,"","","","","","","",,,,,,,,,,,,"","",,,,,,,,,,,,0,0,0,0,0,0,0,0,0,0,0,,2.32,33.43,2,020409bCJ,338.556,8.11,26,83.1,26,101.811,8,12946,12946,56.54,0,0,0,0,0,8,0,0,0,0,0,0,0,0,0,0,0,120,66.25,0,0,0,0,0,0,1,,,,,3,2,,0,1,0,0,0,0,0,,1,1,0,2,0,,,0,0,79,19.2227312186914,0,0,0,0,0,,0,0,0,0,0,,0,,,,0,0,0,,,0,80.6,1,237.903225806452,5.47186397672287,2,0,0,0,67,0,0,,16401,,,,38.4629272989889,1,Q1,low,low,Q1-Q3,Q1-Q3,,,,,,
1,2810323488,2018-07-06,20000,3,1,147,65,74,100,0.52,7.1,89.4,5.4,12798,22371.3646532438,10.0155370563448,3.0389249304912,1.11150381158651,0,,43.64,,1970.97,1,2204.6644295302,7.69833059014536,0,79.23,0,12798,0,3,,12798,0,,,2,4544,5786,12798,,,,,0,0,,,,0,0,8,0,12798,"","","","","","","",,,,,,,,,,,,"","",,,,,,,,,,,,0,0,0,0,0,0,0,0,0,0,0,,7.21,48.08,2,021409CJB,315.29,5.88,41,200,41,99.582,8,13731,13731,43.64,0,0,0,0,0,2,1,0,0,75,0,0,0,0,0,0,0,84,57.25,0,0,1,1,0,0,1,,,,,4,0,,0,1,0,0,0,0,0,1,1,1,1,2,0,,,0,1,76,18.0191340722492,0,0,0,0,0,,0,0,0,0,0,,0,,,,0,0,1,,,0,67.2,1,79.4183445190157,4.37472938084994,2,0,0,0,93,1,1,13703,,13703,28,905,240.552308099396,0,Q4,high,high,Q4,Q4,Death,2.47775496235455,0,0,0,0
1,2810323496,2018-11-26,8265,2,1,213,72,59,103,1.09,139.6,136.6,5.4,11791,6050.51244509517,8.70789824910653,1.25964391691395,0.23082907539904,1,,61.88,,1402.93,1,1027.03513909224,6.93443142462292,0,62.71,0,11791,0,3,,11791,0,,,1,4607,5734,11791,,,,,0,0,,,,0,0,8,0,11791,"","","","","","","",,,,,,,,,,,,"","",,,,,,,,,,,,0,0,0,0,0,0,0,0,0,0,0,,1.13,52.66,2,011509CJB,578.232,3.26,7,147.9,7,126.938,8,13246,13246,61.88,0,0,0,0,0,8,0,0,0,0,0,0,0,0,0,0,0,204,69,,,,,,,1,,,,,7,7,,0,1,0,0,0,0,0,,1,1,0,2,0,,,0,0,77,30.1257313289674,0,0,0,0,0,,0,0,0,0,0,,0,,,,0,0,1,,,0,129.2,1,1021.96193265007,6.92947952217372,3,0,0,0,65,0,1,14132,,14132,27,2341,93.084806847618,0,Q3,high,high,Q4,Q1-Q3,,6.40930869267625,1,0,0,0
1,2810323555,2017-12-14,4034.6,2,1,289,56,219,103,1.14,3,197.9,5.4,11925,2038.70641738252,7.62007077657982,,,,,65.94,,1430.31,1,722.743810005053,6.58305481635622,0,63.04,0,11925,0,3,,11925,0,,,1,4251,5657,11925,14254,14254,2329,,0,0,,,,0,0,8,0,11925,"","","","","","","",,,,,,,,,,,,"","",,,,,,,,,,,,0,0,0,0,0,0,0,0,0,0,0,,12.74,14.88,2,020309bCJ,601.292,1.58,24,225.1,24,189.552,8,13111,13111,65.94,0,0,0,0,0,8,1,1,1,0,0,0,0,0,0,0,0,168,65.75,0,0,0,0,0,0,1,,,,,7,7,,0,1,0,0,0,0,0,,1,1,2,2,0,,,0,0,58,27.3226853036135,1,0,0,0,0,,0,0,0,0,0,,0,,,,0,0,0,,,0,189.2,0,15.1591712986357,2.71860571504173,1,0,0,0,70,0,0,,16899,4954,30,4974,29.1243773911788,0,Q1,low,low,Q1-Q3,Q1-Q3,IC,13.6180698151951,1,1,1,0
1,2810323686,2018-12-22,6943.2,2,1,183,83,101,101,0.92,4.7,130.9,5.4,12750,5304.20168067227,8.57625455540227,1.6359102244389,0.49219936163752,1,,51.46,,772.37,1,590.045836516425,6.38020022289302,0,60.77,0,12750,0,3,,12750,0,,,2,,5272,12750,,,,,0,0,,,,0,0,8,0,12750,"","","","","","","",,,,,,,,,,,,"","",,,,,,,,,,,,0,0,0,0,0,0,0,0,0,0,0,,0.82,67.17,2,022109CJB,659.222,1.31,49,156.7,49,89.989,8,13398,13398,51.46,0,0,0,0,0,2,0,0,0,0,0,0,0,0,0,0,2,148,65.5,0,0,0,0,0,0,1,,,,,8,8,,0,1,0,0,0,0,1,1,1,1,0,2,0,,,1,0,67,24.2540756627461,0,0,0,0,0,,0,0,0,0,0,,0,,,,0,0,0,,,0,79.8,1,35.9052711993888,3.5808841147823,2,0,0,0,64,0,1,,12750,,,,82.8781512605042,1,Q3,low,high,Q4,Q1-Q3,,,,,,
1,2810324146,2017-11-23,3905.4,2,1,180,77,71,105,1.43,11.5,166.7,5.7,11558,2342.77144571086,7.75908988603774,1.73893473368342,0.553272703720988,0,,52.36,,1129.14,1,677.348530293941,6.51818595623616,0,70.23,0,11558,0,3,,11558,0,,,1,4326,5665,11558,13867,13867,2309,,0,0,,,,0,0,8,0,11558,M01AB05,75/200 MG,M01,M01A,M01AB,M01AB05,"",,1,,,,1,1,,,,,"","",,,,,,,,,,,,0,1,0,0,0,1,1,0,0,0,0,,1.27,46.63,2,013009CJB,381.294,2.02,20,184,20,113.663,8,12796,12796,52.36,0,0,0,0,0,8,0,0,0,0,0,0,0,0,0,0,0,150,60.5,0,0,0,0,0,0,1,,,,,7,6,,0,1,0,0,0,0,0,,1,1,0,2,0,,,0,0,74,28.8128436375717,0,0,0,1,0,,0,0,0,0,0,,0,,,,0,0,1,,,0,88.8,1,68.9862027594481,4.23390652459459,2,0,0,1,48,0,0,16294,15646,16294,27,4736,48.8077384523096,0,Q1,low,low,Q1-Q3,Q1-Q3,,12.9664613278576,1,1,1,0
1,2810324350,2017-09-27,3176.3,2,1,182,38,90,95,0.85,3.8,83,5.2,12167,3826.86746987952,8.24980185453589,1.50295275590551,0.407431677080205,1,,38.78,,1190.36,1,1434.1686746988,7.26834063955522,0,64.43,0,12167,0,3,,12167,0,,,1,4580,5782,12167,14224,14224,2057,,0,0,,,,0,0,8,0,12167,"","","","","","","",,,,,,,,,,,,"","",,,,,,,,,,,,0,0,0,0,0,0,0,0,0,0,0,,3.13,76.02,2,011609CJB,320.268,2.07,8,193.4,8,145.491,8,13595,13595,38.78,0,0,0,0,0,8,0,0,0,0,0,0,0,0,0,0,0,239,69,0,0,0,0,0,0,1,,,,,3,1,,0,1,0,0,0,0,0,,1,1,0,2,0,,,0,0,66,35.2943617040353,0,,0,0,0,,0,0,0,0,0,,0,,,,0,0,0,,,0,126,0,45.7831325301205,3.82391573791788,2,0,0,0,91,0,0,,17388,,,,42.0534886799947,1,Q2,low,low,Q1-Q3,Q1-Q3,,,,,,
1,2810324493,2018-11-26,6769.7,2,1,179,37,123,86,0.89,3,98.7,5.8,11887,6858.86524822695,8.83329729132689,1.65029469548134,0.500953875286837,1,,23.16,,1580.13,1,1600.94224924012,7.37834764066599,0,65.16,0,11887,0,3,40,11887,1,2113,14000,2,4607,5741,11887,13996,13996,2109,,0,0,,,,0,1,8,1,11887,C10AA05,20MG,C10,C10A,C10AA,C10AA05,"",,,,,,1,1,,,,,"","",,,,,,,,,,,,0,0,0,0,0,1,1,0,0,0,0,,3.14,19.42,2,011409CJB,481.234,2.87,6,187.4,6,152.741,8,13350,13350,23.16,0,0,0,0,0,2,1,1,1,0,0,0,0,0,0,0,0,143,60.75,0,0,0,0,0,0,1,,,,,4,6,,0,1,0,0,0,0,0,1,1,1,2,2,0,,,0,0,78,27.2426333604382,1,0,0,1,0,,0,0,0,0,0,,0,,,,0,0,0,,,0,117.4,0,30.3951367781155,3.41428262121081,2,0,0,1,62,1,1,16356,4813,14000,40,2113,110.62685884237,0,Q4,high,high,Q4,Q4,CHF,5.78507871321013,1,0,0,0
1,2810325186,2018-11-26,6006.7,2,1,172,42,172,113,0.95,66.6,67.3,5.9,11222,8925.26002971768,9.0966407412058,1.17685118619698,0.162842385447692,1,,49.86,,1261.72,1,1874.76968796434,7.53624109777422,0,,0,11222,,,,11222,0,,,1,4363,5664,11222,13281,13281,2059,,0,0,,,,0,0,,0,11222,M01AE01,5/50 MG,C03,C03A,C03AA,C03AA03,"",,1,,,1,,,1,,,,C03AA03,"",,,,,,,,1,,,,0,1,0,0,1,0,0,1,0,0,0,,3.19,320.1,2,012109CJB,277.078,1.31,10,241.7,10,190.8,8,12616,12616,49.86,1,0,0,0,0,8,0,0,0,0,0,0,0,0,0,0,0,236,69,0,0,0,0,0,0,1,,,,,6,1,,0,1,1,0,0,0,0,,1,1,0,2,0,,,0,0,58,34.8513362433152,0,0,1,0,1,140,0,1,1,0,0,,0,,,,0,0,0,,,0,95.6,1,989.598811292719,6.8972996198778,3,0,0,0,88,1,1,,16408,13287,6,5186,101.42340942861,1,Q4,high,high,Q4,Q4,Angina,14.1984941820671,1,1,1,0
1,2810325842,2018-12-15,6323.9,2,1,219,51,106,99,1.06,8.6,199.2,5,12897,3174.64859437751,8.06295222626521,,,,,42.94,,2341.99,1,1175.69779116466,7.06961711513132,0,67.97,0,12897,0,3,,12897,0,,,1,4559,5817,12897,15018,15018,2121,,0,0,,,,0,0,8,0,12897,C09AA03,5 MG,C09,C09A,C09AA,C09AA03,"",,,,,1,,,,,,,"","",,,,,,,,,,,,0,0,0,0,1,0,0,0,0,0,0,,1.03,40.48,2,021409CJB,524.88,3.61,40,242.8,40,193.448,8,13835,13835,42.94,1,0,0,0,0,8,0,0,0,0,0,0,0,0,0,0,0,199,70.75,0,0,0,0,0,0,1,,,,,4,1,,0,1,1,0,0,0,0,,1,1,0,2,0,,,0,0,58,27.9515438727215,0,0,1,0,1,,0,0,0,0,0,,0,,,,0,0,1,,,0,146.8,1,43.1726907630522,3.7652081370911,2,0,0,0,77,0,0,,17619,,,,41.2292025243832,1,Q2,low,low,Q1-Q3,Q1-Q3,,,,,,
1,2810326008,2018-01-13,735.1,2,1,157,52,101,104,0.87,9.6,41.4,5.5,11751,1775.6038647343,7.48189584953687,1.7430426716141,0.555632247944523,0,,48.4,,476.54,1,1151.06280193237,7.04844097016333,0,62.29,0,11751,0,3,,11751,0,,,2,4602,5694,11751,,,,,0,0,,,,0,0,8,0,11751,M01AE02,5/10 MG,C09,C09A,C09AA,C09AA07,"",,1,,,1,1,1,,,,,C09AA07,"",,,,,1,,,1,,,,0,1,0,0,1,1,1,1,0,0,0,,2.52,76.32,2,021309CJB,381.996,5.77,39,207.9,39,134.812,8,12725,12725,48.4,1,0,0,0,0,2,0,0,0,0,0,0,0,0,0,0,0,151,63.75,0,0,0,0,0,0,1,,,,,3,6,,0,1,1,0,0,0,0,1,1,1,0,2,0,,,0,0,85,26.1229477476256,0,0,1,1,1,,0,0,0,0,0,,0,,,,0,0,1,,,0,84.8,1,231.884057971015,5.44623749662466,2,0,0,1,61,0,0,13607,,13607,28,1856,29.1082600776115,0,Q1,low,low,Q1-Q3,Q1-Q3,Death,5.08145106091718,1,0,0,0
1,2810326634,2018-12-17,1718.6,2,1,195,63,60,94,0.6,3,63.9,5.8,12330,2689.51486697966,7.89711610948373,3.53326713008938,1.26222297550722,0,,39.56,,966.9,1,1513.1455399061,7.3219459020941,0,69.05,0,12330,0,3,,12330,0,,,2,4507,5701,12330,14636,14636,2306,,0,0,,,,0,0,8,0,12330,M01AE01,80 MG,M01,M01A,M01AE,M01AE01,"",,1,,1,,,,,,,,"","",,,,,,,,,,,,0,1,0,1,0,0,0,0,0,0,0,,4.35,47.7,2,020609CJB,432.488,1.06,29,215.5,29,130.391,8,13441,13441,39.56,1,0,0,0,0,2,0,0,0,0,0,0,0,0,0,0,0,200,62,0,0,0,0,0,0,1,,,,,4,1,,0,1,1,0,0,0,0,1,1,1,0,2,0,,,0,0,53,36.580718322727,0,0,1,0,1,,0,0,0,0,0,,0,,,,0,0,0,,,0,120,0,46.9483568075117,3.84904820626676,2,0,0,0,104,0,0,,17227,,,,25.8607198748044,1,Q1,low,low,Q1-Q3,Q1-Q3,,,,,,
1,2810326658,2017-10-25,4554.2,2,1,201,54,138,92,1,12.9,60,5.6,11881,7590.33333333333,8.93463078686056,2.84347826086957,1.045028042534,0,,33.76,,725.01,1,1208.35,7.09701107162899,0,78.78,0,11881,0,3,41,11881,1,3519,15400,2,4269,5670,11881,,,,,0,0,,,,0,1,8,1,11881,"","","","","","","",,,,,,,,,,,,"","",,,,,,,,,,,,0,0,0,0,0,0,0,0,0,0,0,,0.69,55.58,2,020209CJB,1150.698,1.32,22,130.8,22,77.947,8,13103,13103,33.76,0,0,0,0,0,2,0,0,0,0,0,0,0,0,0,0,0,123,61.25,0,0,0,0,0,0,1,,,,,4,0,,0,1,0,0,0,0,0,1,1,1,0,2,0,,,0,0,86,23.0514653449132,0,0,0,0,0,140,0,1,1,0,0,,0,,,,0,0,1,,,0,119.4,1,215,5.37063802812766,2,0,0,0,51,1,1,15662,,12882,6,,148.830065359477,1,Q4,high,high,Q4,Q4,Angina,,,,,
7,2810326850,2018-11-24,7086.7,2,1,195,76,113,106,0.72,10.2,89.3,5.9,3256,7935.83426651736,8.97914376499127,2.72761194029851,1.00342647923892,0,1.4,54.38,55.48,769.45,2,861.646136618141,6.7588446720155,0,67.74,0,3256,0,3,,3256,0,,,2,3256,5075,,,5075,1819,,0,0,,,,0,0,8,0,3256,"","","","","","","",,,,,,,,,,,,"","",,,,,,,,,,,,0,0,0,0,0,0,0,0,0,0,0,,0.62,73.22,2,122308CJB,272.062,8.78,2,227.4,2,126.614,3,,,54.38,0,0,0,0,0,,0,0,0,0,0,0,,,,,0,109,63.5,0,0,0,0,0,0,,,1,,,4,8,,0,1,0,0,,,0,,2,3,0,2,0,,,0,0,77,19.0057345828623,0,0,0,0,0,,0,0,0,0,0,,0,,,,0,0,0,,,0,96.4,1,114.221724524076,4.73814151138991,2,0,0,0,81,1,1,,7881,,,,97.973262549597,1,Q4,high,high,Q4,Q4,,,,,,
1,2810326865,2018-01-13,1907.7,2,1,258,82,161,98,0.7,3,39.9,5.7,11589,4781.2030075188,8.47244746903375,2.64211369095276,0.971579237328994,0,,35.38,,461.76,1,1157.29323308271,7.05383913767778,0,70.67,0,11589,0,3,,11589,0,,,2,4392,5719,11589,13597,13597,2008,,0,0,,,,0,0,8,0,11589,C09AA03,40 MG,C09,C09A,C09AA,C09AA03,"",,,,,1,,,,,,,"","",,,,,,,,,,,,0,0,0,0,1,0,0,0,0,0,0,,3.06,35.95,2,021309CJB,390.552,2.45,39,230.1,39,159.981,8,12548,12548,35.38,1,0,0,0,0,2,0,0,0,0,0,0,0,0,0,0,0,152,60.75,0,0,0,0,0,0,1,,,,,3,6,,0,1,1,0,0,0,0,1,1,1,0,2,0,,,0,0,73,28.9572046908154,0,0,1,0,1,,0,0,0,0,0,,0,,,,0,0,0,1,9510,1,143.8,0,75.187969924812,4.31999124375443,2,0,0,0,86,0,1,,16332,,,,55.5953838083581,1,Q3,low,low,Q1-Q3,Q1-Q3,,,,,,
1,2810327107,2017-12-31,4769.8,2,1,229,56,155,115,0.79,87.2,69.9,5.6,11999,6823.74821173104,8.82816419103051,6.01095617529881,1.79358383327996,0,,53.16,,1909.56,1,2731.84549356223,7.91273266475842,0,62.21,0,11999,0,3,12,11999,1,824,12823,2,4277,5635,11999,,,,,0,0,,,,0,1,8,1,11999,C03AA03,25 MG,C03,C03A,C03AA,C03AA03,"",,,,,,,,1,,,,"","",,,,,,,,,,,,0,0,0,0,0,0,0,1,0,0,0,,1.96,46.29,2,020909CJB,406.552,1.92,33,140.3,33,91.523,8,13058,13058,53.16,1,0,0,0,0,2,1,0,0,79,0,0,0,0,0,0,0,130,61.75,0,0,0,0,0,0,1,,,,,4,6,,0,1,1,0,0,0,0,1,1,1,1,2,0,,,0,0,82,23.9703867432453,0,0,1,0,1,,0,0,0,0,0,,1,8680,,,0,0,1,,,0,142,1,1247.49642346209,7.12889396065731,3,0,0,0,70,1,1,13253,,8680,12,,97.4821173104435,1,Q4,high,high,Q4,Q4,TIA,,,,,
1,2810327122,2018-11-26,7699.1,2,1,173,41,119,106,1.02,5.7,228.2,5.6,11839,3373.83873794917,8.12380646645364,1.12043010752688,0.113712636166011,1,,38.48,,2230.86,1,977.589833479404,6.88509018889456,0,67.39,0,11839,0,3,,11839,0,,,1,4513,5725,11839,13992,13992,2153,,0,0,,,,0,0,8,0,11839,C10AA05,10 MG,C10,C10A,C10AA,C10AA05,"",,,,,1,1,1,,,,,"","",,,,,,,,,,,,0,0,0,0,1,1,1,0,0,0,0,,1.68,115.7,2,012109CJB,350.94,1.96,10,193.3,10,162.563,8,13235,13235,38.48,1,0,0,0,0,8,0,0,0,0,0,0,0,0,0,0,0,268,68,0,0,0,0,0,0,1,,,,,8,1,,0,1,1,0,0,0,0,,1,1,0,2,0,,,0,0,58,40.7495278658377,0,0,1,1,1,,0,0,0,0,0,,0,,,,0,0,0,,,0,108.2,1,24.9780893952673,3.21799901639467,1,0,0,1,81,0,0,,17027,,,,41.6523300981379,1,Q2,low,low,Q1-Q3,Q1-Q3,,,,,,
1,2810327583,2017-08-23,652.1,2,1,191,67,72,108,0.94,9.8,64.8,5,12131,1006.32716049383,6.91406250702902,,,,,35.3,,914.75,1,1411.6512345679,7.25251538652918,0,35.22,4,12131,1,2,13,12131,1,-1515,10616,2,4544,5818,12131,14345,14345,2214,,0,0,,,,1,0,5,1,12131,M01AE12,600 MG,M01,M01A,M01AE,M01AE12,"",,1,1,1,1,1,1,,,,,"","",,,,,,,,,,,,0,1,1,1,1,1,1,0,0,0,0,,3.92,32.93,2,010909CJB,503.05,1.59,1,226.8,1,146.711,8,13735,13735,35.3,0,0,0,0,0,2,0,0,0,0,0,0,1,0,0,0,2,168,65.25,0,0,0,0,0,0,1,,,,,3,6,,0,1,0,0,0,0,1,1,1,1,0,2,0,,,1,0,65,27.7430281376615,0,0,0,1,0,,0,0,0,0,0,,1,17194,,,0,0,1,,,0,109.6,1,151.234567901235,5.01883206130044,2,0,0,1,64,0,0,,17341,10616,40,5210,15.7238618827161,1,Q1,low,low,Q1-Q3,Q1-Q3,CHF,14.2642026009582,1,1,1,0
1,2810328231,2018-01-28,4052.3,2,1,190,69,80,98,0.75,10,147.8,5.7,11998,2741.74560216509,7.91635007761426,4.05263157894737,1.39936644268724,0,,17.68,,1043.51,1,706.028416779432,6.55965548707901,0,62.88,0,11998,0,3,,11998,0,,,2,4404,5679,11998,14042,14042,2044,,0,0,,,,0,0,8,0,11998,M01AE01,200 MG,M01,M01A,M01AE,M01AE01,"",,1,,,,,,,,,,"","",,,,,,,,,,,,0,1,0,0,0,0,0,0,0,0,0,,0.14,42.09,2,021709CJB,411.964,0.9,42,104.7,42,80.586,8,12904,12904,17.68,0,0,0,0,0,2,0,0,0,0,0,0,0,0,0,0,0,162,66.25,0,0,0,0,0,0,1,,,,,8,6,,0,1,0,0,0,0,0,1,1,1,0,2,0,,,0,0,61,25.9506871452333,0,0,0,0,0,,0,0,0,0,0,,0,,,,0,0,0,,,0,105,1,67.65899864682,4.21448036346208,2,0,0,0,86,0,0,,16688,,,,31.8807628158731,1,Q2,low,low,Q1-Q3,Q1-Q3,,,,,,
1,2810328291,2018-12-08,5515.6,2,1,210,54,184,96,0.91,7.6,95.5,5.7,12344,5775.49738219895,8.66137965846899,1.43156732891832,0.358769878273464,1,,42.66,,953.57,1,998.502617801047,6.90625677458608,0,,0,12344,,,,12344,0,,,2,,,12344,14397,14397,2053,,0,0,,,,0,0,,0,12344,"","","","","","","",,,,,,,,,,,,"","",,,,,,,,,,,,0,0,0,0,0,0,0,0,0,0,0,,0.67,61.04,2,013009CJB,617.27,3.38,20,240.5,20,136.431,8,13589,13589,42.66,0,0,0,0,0,2,0,0,0,0,0,0,0,0,0,0,0,126,60.25,0,0,0,0,0,0,1,,,,,3,2,,0,1,0,0,0,0,0,1,1,1,0,2,0,,,0,0,72,24.4040583809547,0,,0,0,0,,0,0,0,0,0,,0,,,,0,0,0,,,0,119.2,1,79.5811518324607,4.37677727878774,2,0,0,0,63,0,1,,17377,,,,91.6745616222056,1,Q3,high,high,Q4,Q1-Q3,,,,,,
1,2810328594,2018-07-06,20000,3,1,142,50,154,136,0.98,65.5,238.5,6,12278,8385.74423480084,9.03428842819582,1.27568134171908,0.243480421539241,1,,65.04,,1478.23,1,619.802935010482,6.42940158075786,0,55.07,1,12278,0,3,1,12278,1,290,12568,1,4547,5700,12278,14410,14410,2132,12562,1,0,284,12562,,0,1,8,1,12278,C10AX09,40 MG,C10,C10A,C10AA,C10AA01,"",,,,,1,1,,,,1,1,C10AA01,"",,,,,,1,1,,,,,0,0,0,0,1,1,1,0,0,1,1,,4.5,71.84,2,021109CJB,424.04,1.63,36,172.8,36,92.209,8,13296,13296,65.04,1,0,0,0,1,8,0,0,0,0,0,0,0,0,0,0,0,168,64.5,0,0,0,0,0,0,1,,,,,3,6,,0,1,1,1,0,0,0,,1,1,0,2,0,,,0,0,78,28.3919659240076,0,1,1,1,1,140,0,1,1,0,1,12548,0,,1,1,0,0,0,,,0,61.2,1,274.633123689728,5.61543611129495,2,1,0,1,74,1,1,16093,,12548,1,,113.320868037849,1,Q4,high,high,Q4,Q4,MI,,,,,
1,2810328795,2018-02-01,291.6,2,1,229,65,207,90,0.66,3,40.3,5.9,11637,723.573200992556,6.58420171716996,1.97036744369814,0.678220045000998,0,,32.92,,862.34,1,2139.80148883375,7.668468341486,0,70.49,0,11637,0,3,,11637,0,,,2,4360,5669,11637,13610,13610,1973,,0,0,,,,0,0,8,0,11637,"","","","","","","",,,,,,,,,,,,"","",,,,,,,,,,,,0,0,0,0,0,0,0,0,0,0,0,,0.99,79.19,2,021809CJB,364.21,1.04,44,235.7,44,151.703,8,12508,12508,32.92,0,0,0,0,0,2,1,1,1,0,0,0,0,0,0,0,0,137,61.75,0,0,0,0,0,0,1,,,,,6,1,,0,1,0,0,0,0,0,1,1,1,2,2,0,,,0,0,69,25.2610998755739,1,0,0,0,0,,0,0,0,0,0,,0,,,,0,0,0,,,0,122.6,0,74.4416873449132,4.31001609869761,2,0,0,0,90,0,0,,16289,,,,8.03970223325062,1,Q1,low,low,Q1-Q3,Q1-Q3,,,,,,
1,2810329049,2018-11-26,6355.6,2,1,205,66,78,89,0.84,3,136.1,5.7,12283,4669.80161645849,8.44887186934488,3.06077348066298,1.11866765548146,0,,48.36,,1444.2,1,1061.13152094049,6.96709109034775,0,62.22,0,12283,0,3,,12283,0,,,2,4545,5794,12283,14415,14415,2132,,0,0,,,,0,0,8,0,12283,"","","","","","","",,,,,,,,,,,,"","",,,,,,,,,,,,0,0,0,0,0,0,0,0,0,0,0,,5.82,70.73,2,011309CJB,367.212,1.91,4,167.2,4,116.101,8,13787,13787,48.36,0,0,0,0,0,2,0,0,0,0,0,0,0,0,0,0,0,221,64.75,0,0,0,0,0,0,1,,,,,8,1,,0,1,0,0,0,0,0,1,1,1,0,2,0,,,0,0,56,37.0611030275593,0,,0,0,0,,0,0,0,0,0,,0,,,,0,0,1,,,0,123.4,0,22.0426157237325,3.09297765799283,1,0,0,0,78,0,1,,17580,,,,59.8692514930575,1,Q3,low,low,Q1-Q3,Q1-Q3,,,,,,
1,2810329105,2018-02-03,782.9,2,1,158,50,122,104,0.72,6.3,12.4,5.9,12189,6313.70967741936,8.75047868729097,1.10974358974359,0.10412898840858,1,,42.22,,73.82,1,595.322580645161,6.38910341097895,0,,0,12189,,,,12189,0,,,2,4406,5622,12189,,,,,0,0,,,,0,0,,0,12189,"","","","","","","",,,,,,,,,,,,"","",,,,,,,,,,,,0,0,0,0,0,0,0,0,0,0,0,,8.03,66.74,2,021909CJB,394.72,2.64,46,118.3,46,76.371,8,13006,13006,42.22,0,0,0,0,0,2,1,1,1,0,0,0,0,0,0,0,0,210,66.75,0,0,0,0,0,0,1,,,,,4,6,,0,1,0,0,0,0,0,1,1,1,2,2,0,,,0,0,59,33.1377004125047,1,,0,0,0,,0,0,0,0,0,,0,,,,0,0,0,,,0,83.6,1,508.064516129032,6.23060843976863,3,0,0,0,92,0,1,12332,,12332,27,143,68.6272791023843,0,Q3,high,high,Q1-Q3,Q1-Q3,,0.391512662559891,0,0,0,0
1,2810329303,2017-09-02,2378.7,2,1,261,54,167,103,0.74,8.4,45.6,6.2,11341,5216.44736842105,8.55957186841421,1.87565543071161,0.628958161385639,0,,46.74,,421.42,1,924.166666666667,6.82889243055641,0,67.81,0,11341,0,3,,11341,0,,,2,4272,5692,11341,13667,13667,2326,,0,0,,,,0,0,8,0,11341,M01AE01,10 MG,C10,C10A,C10AA,C10AA01,"",,1,,,,1,,,,,,C10AA01,"",,,,,,1,1,,,,,0,1,0,0,0,1,1,0,0,0,0,,8.34,162,2,011209CJB,496.334,3.49,3,195.5,3,175.453,8,12867,12867,46.74,2,0,0,0,0,2,0,0,0,0,0,0,0,0,0,0,0,165,63.75,1,1,1,1,0,0,1,,,,,6,7,,0,0,1,0,0,0,0,1,1,1,0,,0,,,0,1,64,28.5449429030346,0,0,0,1,1,,0,0,0,0,0,,0,,,,0,0,0,,,0,173.6,1,184.21052631579,5.21607926831107,2,0,0,1,86,0,1,14378,,14378,28,3037,60.656364749082,0,Q3,low,low,Q1-Q3,Q1-Q3,Death,8.31485284052019,1,0,0,0
1,2810329503,2018-12-08,6358.5,2,1,217,51,176,100,0.99,3,154.3,5.2,12380,4120.86843810758,8.32381920607978,3.2520908004779,1.17929811272194,0,,72.7,,1375.5,1,891.445236552171,6.79284400698361,0,64.89,0,12380,0,3,,12380,0,,,2,4559,5777,12380,14325,14325,1945,,0,0,,,,0,0,8,0,12380,"","","","","","","",,,,,,,,,,,,"","",,,,,,,,,,,,0,0,0,0,0,0,0,0,0,0,0,,2.54,61.88,2,020309CJB,371.802,2.11,24,212.4,24,163.42,8,13573,13573,72.7,0,0,0,0,0,2,0,0,0,0,0,0,0,0,0,0,0,147,60.25,0,0,0,0,0,0,,1,,,,3,6,,0,0,0,0,0,0,0,1,2,2,0,,0,,,0,0,67,28.4714014444472,0,0,0,0,0,,0,0,0,0,0,,0,,,,0,0,0,,,0,130.8,0,19.4426441996111,2.96746880828113,1,0,0,0,68,0,0,,17361,,,,60.6010064427586,1,Q2,low,low,Q1-Q3,Q1-Q3,,,,,,
1,2810331375,2018-12-15,5863.6,2,0,195,84,56,95,1.11,3,164,5.1,11795,3575.36585365854,8.18182278657977,1.78676470588235,0.580406557604497,0,,44.72,,1341.7,1,818.109756097561,6.70699650376032,0,70.49,0,11795,0,3,,11795,0,,,1,4322,5663,11795,13889,13889,2094,,0,0,,,,0,0,8,0,11795,M01AE01,10/12.5 MG,C03,C03A,C03AA,C03AA03,"",,1,,,1,,,,,,,C03AA03,"",,,,,,,,1,,,,0,1,0,0,1,0,0,1,0,0,0,,0.78,19.1,2,021409CJB,483.674,2.29,40,235.1,40,150.921,8,12737,12737,44.72,1,0,0,0,0,8,0,0,0,0,1,1,0,0,0,0,0,145,64.25,0,0,0,0,0,0,1,,,,,5,8,,0,0,1,0,0,0,0,,1,1,0,,2,,,0,0,81,24.6960417613851,0,0,1,0,1,,0,0,0,0,0,,0,,,,0,0,0,,,0,99.8,0,18.2926829268293,2.90650113982605,1,0,0,0,62,0,0,,16521,14534,11,4726,57.6671911880409,0,Q2,low,low,Q1-Q3,Q1-Q3,Atherothrombotic Infarction of Brain,12.9390828199863,1,1,1,0
1,2810331692,2018-02-17,4950.5,2,1,201,57,68,97,0.8,4,105.3,5.7,12716,4701.32953466287,8.45560062741073,1.19234275296263,0.175920071741914,1,,37.18,,587.14,1,557.587844254511,6.32362005909124,0,,0,12716,,,,12716,0,,,2,4528,5734,12716,14354,14354,1638,,0,0,,,,0,0,,0,12716,"","","","","","","",,,,,,,,,,,,"","",,,,,,,,,,,,0,0,0,0,0,0,0,0,0,0,0,,0.58,32.21,2,022009CJB,272.512,0.82,48,243.4,48,166.3,8,13411,13411,37.18,0,0,0,0,0,2,0,0,0,0,0,0,0,0,0,0,0,164,68,0,0,0,0,0,0,1,,,,,8,2,,0,1,0,0,0,0,0,1,1,1,0,2,0,,,0,0,56,24.9362782462589,0,0,0,0,0,,0,0,0,0,0,,0,,,,0,0,0,,,0,130.4,1,37.9867046533713,3.6372362209621,2,0,0,0,82,0,1,,17192,,,,57.3332870080838,1,Q3,low,low,Q1-Q3,Q1-Q3,,,,,,
1,2810331771,2018-01-10,4028.1,2,1,206,58,234,106,0.62,16.7,64.7,5.9,12390,6225.8114374034,8.73645906422801,,,,,33.62,,1024.41,1,1583.32302936631,7.36728110057075,0,,0,12390,,,,12390,0,,,2,4677,5733,12390,,,,,0,0,,,,0,0,,0,12390,M01AX05,500 MG,M01,M01A,M01AX,M01AX05,"",,1,,,,1,1,,,,,"","",,,,,,,,,,,,0,1,0,0,0,1,1,0,0,0,0,,0.21,112,2,021209CJB,207.508,1.27,38,171,38,121.789,8,13374,13374,33.62,0,0,0,0,0,2,0,0,0,0,0,0,0,0,0,0,0,134,60.25,0,0,0,0,0,0,1,,,,,3,6,,0,1,0,0,0,0,0,1,1,1,0,2,0,,,0,0,79,25.9535224051423,0,0,0,1,0,,0,0,0,0,0,,0,,,,0,0,0,,,0,101.2,1,258.114374034003,5.55340279689799,2,0,0,1,86,0,1,15235,,8011,6,,72.3931562488768,1,Q3,high,high,Q1-Q3,Q1-Q3,Angina,,,,,
1,2810331874,2017-12-02,3507.1,2,1,140,44,122,102,1.24,5.9,96.4,5.8,11237,3638.07053941909,8.19920874850501,0.889694458829622,-0.116877179884314,1,,47.48,,943.9,1,979.149377593361,6.88668421270249,0,67.59,0,11237,0,3,,11237,0,,,1,4311,5431,11237,13837,13837,2600,,0,0,,,,0,0,8,0,11237,M01AE02,220 MG,M01,M01A,M01AE,M01AE02,"",,1,,,1,1,1,1,,,,"","",,,,,,,,,,,,0,1,0,0,1,1,1,1,0,0,0,,1.89,54.95,2,020409CJB,422.538,3.68,26,113.9,26,84.659,8,12403,12403,47.48,1,0,0,0,2,8,0,0,0,0,0,0,0,0,0,0,0,145,63.75,0,0,0,0,0,0,1,,,,,3,6,,0,1,1,1,0,0,0,,1,1,0,2,0,,,0,0,81,25.0849498238789,0,0,1,1,1,,0,0,0,0,0,,0,,,,0,0,1,,,0,71.6,1,61.2033195020747,4.11420142827731,2,0,0,1,54,0,0,,16190,,,,67.371676655909,1,Q2,low,high,Q1-Q3,Q1-Q3,,,,,,
1,2810332006,2017-10-25,3671.6,2,1,154,32,155,92,1.22,15.4,43.8,5.1,12344,8382.64840182649,9.03391918195063,1.45748031496063,0.376709133120861,1,,37.06,,1316.8,1,3006.39269406393,8.0084961985285,0,59.7,0,12344,0,3,,12344,0,,,1,4515,5788,12344,14489,14489,2145,,0,0,,,,0,0,8,0,12344,"","","","","","","",,,,,,,,,,,,"","",,,,,,,,,,,,0,0,0,0,0,0,0,0,0,0,0,,2.3,129.3,2,012209CJB,331.744,1.07,12,210.8,12,183.036,8,13722,13722,37.06,1,0,0,0,0,8,0,0,0,0,1,1,0,0,0,0,0,204,67,0,0,0,0,0,0,1,,,,,3,7,,0,1,1,0,0,0,0,,1,1,0,2,2,,,0,0,69,31.9511264997135,0,0,1,0,1,,0,0,0,0,0,,0,,,,0,0,0,,,0,91,1,351.598173515982,5.86248897101932,3,0,0,0,60,1,1,,17514,,,,139.710806697108,1,Q4,high,high,Q4,Q4,,,,,,
7,2810332049,2018-11-24,11366.9,2,1,178,38,388,93,0.8,3.9,186.7,5.3,4664,6088.32351365828,8.71412803769246,,,,,50.6,,1365.36,1,731.312265666845,6.59484054455092,0,67.62,0,4664,0,3,,4664,0,,,1,4664,6631,,,6631,1967,,0,0,,,,0,0,8,0,4664,C10AX06,500,C10,C10A,C10AX,C10AX06,"",,,,,1,1,1,,,,,"","",,,,,,,,,,,,0,0,0,0,1,1,1,0,0,0,0,,0.41,96.29,2,010809CJB,474.04,0.96,5,216.9,5,132.811,3,,,50.6,1,0,0,0,0,,1,1,1,0,0,0,,,,,0,190,67.75,0,0,0,0,0,0,1,,,,,8,1,,1,0,1,0,,,0,,1,1,2,1,0,,,0,0,50,29.1031913336549,1,0,1,1,1,,0,0,0,0,0,,0,,,,0,0,0,,,0,62.4,1,20.8891269416176,3.03922878157006,1,0,0,1,104,0,1,,9091,,,,58.5415722467142,1,Q3,high,low,Q1-Q3,Q1-Q3,,,,,,
1,2810332453,2018-06-28,20000,3,1,179,34,88,124,1.02,10,160,6.3,12252,12500,9.43348392329039,2.01507537688442,0.700656602582077,0,,41.28,,1343.19,1,839.49375,6.7327990315822,0,62.51,0,12252,0,3,,12252,0,,,1,4583,5773,12252,,,,,0,0,,,,0,0,8,0,12252,M01AE01,200 MG,M01,M01A,M01AE,M01AE01,325 MG,1,1,,1,1,,,,,,,"","",,,,,,,,,,,,1,1,0,1,1,0,0,0,0,0,0,,0.57,243.9,2,012609CJB,658.968,13.67,14,230.4,14,225.953,8,13585,13585,41.28,1,0,0,0,0,8,0,0,0,0,0,0,0,0,0,0,0,186,69.5,0,0,1,0,0,0,1,,,,,4,4,,0,1,1,0,0,0,0,,1,1,0,2,0,,,0,1,62,27.073783250615,0,0,1,0,1,,0,0,0,0,0,,0,,,,0,0,0,,,0,127.4,1,62.5,4.13516655674236,2,0,0,0,78,1,1,14051,16381,14051,27,1799,160.25641025641,0,Q4,high,high,Q4,Q4,,4.92539356605065,1,0,0,0
1,2810332749,2018-01-06,811.9,2,1,128,78,59,87,1.02,3,27.7,6.4,12035,2931.04693140794,7.9831149526632,0.880844645550528,-0.126874007357636,1,,47.92,,980.35,1,3539.16967509025,8.17164742355623,0,63.83,0,12035,0,3,,12035,0,,,1,4286,5630,12035,14052,14052,2017,13844,1,0,1809,13844,,0,0,8,0,12035,C10AA05,10 MG,C10,C10A,C10AA,C10AA05,"",,,,1,1,1,1,,1,1,,"","",,,,,,,,,,,,0,0,0,1,1,1,1,0,1,1,0,,1.86,5.24,2,021109CJB,477.76,2.53,35,163.6,35,75.437,8,13071,13071,47.92,1,0,0,0,1,8,0,0,0,0,0,0,0,0,0,0,0,170,67.5,0,0,0,0,0,0,1,,,,,6,6,,0,1,1,1,0,0,0,,1,1,0,2,0,,,0,0,63,26.2329413547716,0,1,1,1,1,,0,0,0,0,0,,0,,1,1,0,0,1,,,0,38.2,0,108.303249097473,4.68493515445695,2,1,0,1,78,0,0,,16856,,,,37.5775247616403,1,Q2,low,low,Q1-Q3,Q1-Q3,,,,,,
1,2810333290,2017-09-23,1630,2,1,199,65,71,87,0.9,3,74.5,5.8,11051,2187.91946308725,7.69070635440339,2.27365728900256,0.821389675528539,0,,50.86,,1568.76,1,2105.71812080537,7.65241183796435,0,72.5,0,11051,0,3,,11051,0,,,2,,5298,11051,13495,13495,2444,,0,0,,,,0,0,8,0,11051,M01AE02,220 MG,M01,M01A,M01AE,M01AE02,"",,1,,,,,,,,,,"","",,,,,,,,,,,,0,1,0,0,0,0,0,0,0,0,0,,2.46,49.29,2,011509CJB,414.944,2.99,7,173.5,7,135.984,8,12492,12492,50.86,0,0,0,0,0,0,0,0,0,0,0,0,0,0,0,0,0,202,69.25,0,0,0,0,0,0,1,,,,,8,1,,0,1,0,0,0,0,0,0,1,1,0,2,0,,,0,0,46,29.6153879852234,0,0,0,0,0,,0,0,0,0,0,,0,,,,0,0,0,,,0,119.8,0,40.2684563758389,3.69556844226473,2,0,0,0,77,0,0,,16285,,,,28.4145384816526,1,Q1,low,low,Q1-Q3,Q1-Q3,,,,,,
1,2810333945,2017-09-02,2217.2,2,1,290,85,59,91,0.77,3,28.3,5.9,11917,7834.62897526502,8.96630879888455,3.13997879109226,1.14421604546813,0,,45.5,,406.92,1,1437.87985865724,7.27092498726445,0,70.81,0,11917,0,3,,11917,0,,,2,4643,5723,11917,14417,14417,2500,,0,0,,,,0,0,8,0,11917,C10AX06,CAPSULE,C10,C10A,C10AX,C10AX06,"",,,,,,1,,,,,,"","",,,,,,,,,,,,0,0,0,0,0,1,0,0,0,0,0,,0.39,14.38,2,011309CJB,285.598,0.83,4,234.8,4,197.564,8,13428,13428,45.5,0,0,0,0,0,0,0,0,0,0,0,0,0,0,0,0,0,136,66,0,0,0,0,0,0,1,,,,,7,1,,0,1,0,0,0,0,0,0,1,1,0,2,0,,,0,0,53,21.9511182824019,0,0,0,0,0,,0,0,0,0,0,,0,,,,0,0,0,,,0,193.2,0,106.007067137809,4.66350576300106,2,0,1,0,88,1,1,,17221,,,,89.0298747189207,1,Q4,high,high,Q4,Q4,,,,,,
7,2810333964,2017-08-22,295.4,2,1,247,53,134,94,0.93,3,10.5,5.3,4136,2813.33333333333,7.94212529892189,2.86936936936937,1.05409227369988,0,,31.1,,54.26,1,516.761904761905,6.2475822360554,0,67.99,0,4136,0,3,,4136,0,,,2,4136,6410,,,6410,2274,,0,0,,,,0,0,8,0,4136,C10AX09,10 MG,C10,C10A,C10AX,C10AX09,"",,,,,,1,,1,,,,"","",,,,,,,,,,,,0,0,0,0,0,1,0,1,0,0,0,,14.51,135.5,2,010809CJB,,,,,,,,,,31.1,0,0,0,0,0,,0,0,0,0,0,0,,,,,0,193,64,0,0,0,0,0,0,,1,,,,8,1,,0,1,0,0,,,0,,2,2,0,2,0,,,0,0,55,33.1285916478083,0,0,0,1,0,,0,0,0,0,0,,0,,,,0,0,0,,,0,167.2,0,285.714285714286,5.65499231048677,2,0,1,0,80,0,0,,8538,,,,35.1666666666667,1,Q2,low,low,Q1-Q3,Q1-Q3,,,,,,
1,2810334920,2018-11-26,5296.2,2,1,227,37,266,132,1.04,4.5,147,5.6,12315,3602.85714285714,8.1894824604636,1.45646437994723,0.376011841194669,1,,33.18,,916.29,1,623.326530612245,6.43507050766468,0,58.9,0,12315,0,3,,12315,0,,,1,4560,5798,12315,14674,14674,2359,,0,0,,,,0,0,8,0,12315,"","","","","","","",,,,,,,,,,,,"","",,,,,,,,,,,,0,0,0,0,0,0,0,0,0,0,0,,0.56,73.68,2,011509CJB,303.5,1.42,7,214.1,7,188.809,8,13757,13757,33.18,0,0,0,0,0,8,0,0,0,0,0,0,0,0,0,0,0,223,72,0,0,0,0,0,0,1,,,,,8,1,,0,0,0,0,0,0,0,,1,1,0,,0,,,0,0,60,30.244435488871,0,,0,0,0,,0,0,0,0,0,,0,,,,0,0,0,,,0,136.8,1,30.6122448979592,3.42140008897968,2,1,0,0,78,0,0,,17550,,,,46.1904761904762,1,Q2,low,low,Q1-Q3,Q1-Q3,,,,,,
1,2810335126,2017-10-22,4144.9,2,1,191,70,92,106,0.89,7.4,76.5,5.9,12432,5418.16993464052,8.59751338698162,5.01858304297329,1.6131476315042,0,,25.94,,629.93,1,823.437908496732,6.71348814725677,0,72.35,0,12432,0,3,,12432,0,,,2,,,12432,14967,14967,2535,,0,0,,,,0,0,8,0,12432,C10AA05,20 MG,C10,C10A,C10AA,C10AA05,"",,,,,1,1,1,,,,,"","",,,,,,,,,,,,0,0,0,0,1,1,1,0,0,0,0,,4.75,127.3,2,012109CJB,382.076,1.92,11,144.1,11,94.876,8,13814,13814,25.94,1,0,0,0,0,2,0,0,0,0,0,0,0,0,0,0,0,160,62.25,0,0,0,0,0,0,1,,,,,5,6,,0,1,1,0,0,0,0,1,1,1,0,2,0,,,0,0,61,29.0299898352736,0,0,1,1,1,,0,0,0,0,0,,0,,,,0,0,1,,,0,102.6,1,96.7320261437909,4.57194453835977,2,0,0,1,70,0,1,,17606,,,,77.4024276377218,1,Q3,low,high,Q1-Q3,Q1-Q3,,,,,,
1,2810335455,2018-01-10,993.8,2,1,206,58,135,97,0.81,3,59.5,5.6,12139,1670.25210084034,7.42072985260473,1.89434219495569,0.638871651599522,0,,44.06,,688.26,1,1156.73949579832,7.05336054695774,0,65.93,0,12139,0,3,,12139,0,,,2,4279,5725,12139,14143,14143,2004,,0,0,,,,0,0,8,0,12139,B01AC06,81 MG,B01,B01A,B01AC,B01AC06,81 MG,1,,,,,,,,,,,"","",,,,,,,,,,,,1,0,0,0,0,0,0,0,0,0,0,,3.67,37.43,2,021209CJB,407.034,2.16,37,235.9,37,174.481,8,13127,13127,44.06,0,0,0,0,0,2,0,0,0,0,0,0,0,0,0,0,0,141,60.75,0,0,0,0,0,0,1,,,,,3,1,,0,1,0,0,0,0,0,1,1,1,0,2,0,,,0,0,64,26.8616175092433,0,0,0,0,0,,0,0,0,0,0,,0,,,,0,0,0,,,0,121,0,50.4201680672269,3.92039125509866,2,0,0,0,77,0,0,,16912,,,,21.6915857251992,1,Q1,low,low,Q1-Q3,Q1-Q3,,,,,,
1,2810335562,2017-09-27,748.7,2,1,215,86,115,105,0.84,5.1,100.6,5.9,11502,744.234592445328,6.61235629755909,,,,,58.14,,1195.82,1,1188.68787276342,7.08060534983428,0,60.96,0,11502,0,3,,11502,0,,,2,4405,5684,11502,,,,11259,1,1,-2326,9176,,0,0,8,0,11502,M01AE01,200 MG,M01,M01A,M01AE,M01AE01,"",,1,,,,,,,,,1,"","",,,,,,,,,,,,0,1,0,0,0,0,0,0,0,0,1,,11.18,97.78,2,011609CJB,392.616,9.02,8,244.8,8,146.234,8,12930,12930,58.14,0,0,0,0,0,2,1,0,0,71,0,0,0,1,0,0,2,148,62,0,0,1,1,1,1,1,,,,,3,0,,0,1,0,0,0,1,1,1,1,1,1,2,0,,,1,1,74,27.069731558818,0,0,0,0,0,,0,0,0,0,0,,0,,1,1,1,0,1,,,0,106,1,50.6958250497018,3.92584356104678,2,0,0,0,68,0,0,11985,15778,11985,27,483,10.9446263594901,0,Q1,low,low,Q1-Q3,Q1-Q3,,1.32238193018481,0,0,0,0
1,2810337902,2018-06-30,20000,3,1,178,56,207,106,0.97,9.1,116.2,8.6,11664,17211.7039586919,9.75334489410641,,,,,41.04,,1148.56,1,988.433734939759,6.89612160438972,0,,,,,,1,11664,0,,,2,4557,5693,11664,,,,11664,1,1,-2680,8984,,0,0,,0,11664,M01AC06,40 MG,C03,C03A,C03AA,C03AA03,"",,1,,,1,,,1,,1,,C03AA03,"",,,,,,,,1,,,,0,1,0,0,1,0,0,1,0,1,0,,82.27,70.88,2,020209CJB,823.026,21.8,21,166.4,21,124.704,8,12894,12894,41.04,1,0,0,0,1,2,0,0,0,0,0,0,0,1,0,0,0,,,1,1,0,0,1,1,1,,,,,3,6,,0,1,1,1,0,1,0,1,1,1,0,2,0,,,0,1,82,,0,1,1,0,1,,0,0,0,0,1,12617,0,,1,3,1,1,1,1,11756,0,80.6,1,78.3132530120482,4.36071684808713,2,1,0,0,54,1,1,13180,,12617,1,,318.735258494295,1,Q4,high,high,Q4,Q4,MI,,,,,
1,2810337971,2018-07-06,20000,3,1,259,100,91,104,0.68,19.8,176.8,5.5,11775,11312.2171945701,9.33363858832068,1.74954296160878,0.559354589030973,0,,37.9,,1446.28,1,818.031674208145,6.70690105737894,0,60.23,0,11775,0,3,2,11775,0,,,2,4245,5707,11775,13799,13799,2024,,0,0,,,,0,0,8,0,11775,"","","","","","","",,,,,,,,,,,,"","",,,,,,,,,,,,0,0,0,0,0,0,0,0,0,0,0,,0.4,67.17,2,021709CJB,385.448,2.15,41,340.1,41,146.358,8,12701,12701,37.9,1,0,0,0,0,2,0,0,0,0,0,0,0,0,0,0,0,166,64.25,0,0,0,0,0,0,1,,,,,7,6,,0,0,1,0,0,0,0,1,1,1,0,,0,,,0,0,72,28.2727098785512,0,0,1,0,1,,0,0,0,0,1,3016,0,,,,0,0,0,,,0,140.8,1,111.990950226244,4.71841806647908,2,0,0,0,87,1,1,,16485,3016,2,4710,130.025484995059,0,Q4,high,high,Q4,Q4,MI,12.8952772073922,1,1,1,0
1,2810338226,2018-02-17,3388.7,2,1,147,52,104,114,0.96,3,99.7,4.7,11877,3398.89669007021,8.13120615502126,1.07098491570541,0.0685787070577554,1,,29.02,,1170.49,1,1174.01203610833,7.06818225255723,0,68.04,0,11877,0,3,,11877,0,,,1,4300,,11877,,,,13403,1,0,259,12136,,0,0,8,0,11877,C09CA04,5/6.25 MG,C03,C03A,C03AA,C03AA03,"",,,,1,1,,,,,,,C03AA03,"",,,,,,,,1,,,,0,0,0,1,1,0,0,1,0,0,0,,2.99,43.21,2,022009CJB,459.716,1.81,48,269.3,48,182.302,8,12602,12602,29.02,1,0,0,0,0,8,0,0,0,0,0,0,0,0,0,0,0,195,69.25,0,0,0,0,0,0,1,,,,,8,8,,0,1,1,0,0,0,0,,1,1,0,2,0,,,0,0,65,28.5891121639533,0,0,1,0,1,,0,0,0,0,0,,0,,1,6,0,0,0,,,0,74.2,0,30.0902708124373,3.40420189068245,2,0,0,0,83,0,0,,16383,,,,40.9505625309664,1,Q2,low,low,Q1-Q3,Q1-Q3,,,,,,
1,2810339253,2018-06-28,20000,3,1,162,42,98,106,0.66,131.9,92.3,5.5,11698,21668.4723726977,9.98361359701541,,,,,49.44,,2494.38,1,2702.47020585049,7.90192152479042,0,64.44,0,11698,0,3,,11698,0,,,2,4299,5866,11698,13736,13736,2038,,0,0,,,,0,0,8,0,11698,C10AB05,145 MG,C10,C10A,C10AB,C10AB05,"",,,,1,1,1,,,,1,1,"","",,,,,,,,,,,,0,0,0,1,1,1,0,0,0,1,1,,29.08,214.5,2,012009CJB,511.434,5.94,9,210,9,123.104,8,13113,13113,49.44,1,0,0,0,1,2,0,0,0,0,0,0,0,0,0,0,0,198,61.25,0,0,0,0,0,0,1,,,,,3,0,,0,1,1,1,0,0,0,1,1,1,0,2,0,,,0,0,60,37.1072368966895,0,1,1,1,1,,0,0,0,0,0,,0,,,,0,0,0,,,0,100.4,1,1429.03575297942,7.2647551971966,3,1,1,0,96,1,1,,16905,,,,225.713253882268,1,Q4,high,high,Q4,Q4,,,,,,
1,2810339356,2017-11-26,4650.4,2,1,134,46,93,98,1.3,21.3,174.5,5.1,11702,2664.98567335244,7.88795396073275,2.09188544152745,0.738065784439151,0,,25.2,,874.46,1,501.123209169055,6.21685199733504,0,70.91,0,11702,0,3,,11702,0,,,1,4304,5680,11702,13698,13698,1996,13550,1,0,1848,13550,,0,0,8,0,11702,C10AX06,TAB,C10,C10A,C10AX,C10AX06,"",,,,,,1,,,,,,"","",,,,,,,,,,,,0,0,0,0,0,1,0,0,0,0,0,,1.56,66.18,2,020309CJB,414.42,2.37,23,119.2,23,125.314,8,12903,12903,25.2,0,0,0,0,0,8,1,1,0,58,0,0,0,0,0,0,0,225,70,0,0,0,0,0,0,1,,,,,7,1,,0,1,0,0,0,0,0,,1,1,1,2,0,,,0,0,58,32.2843502829863,1,0,0,0,0,,0,0,0,0,0,,0,,1,2,0,0,0,,,0,69.4,1,122.063037249284,4.80453761005504,2,0,1,0,60,0,0,,16691,,,,44.4164278892073,1,Q1,low,low,Q1-Q3,Q1-Q3,,,,,,
1,2810339641,2017-11-23,2348.7,2,1,192,34,206,115,0.94,6,96.3,5.4,12475,2438.94080996885,7.79931912976599,2.28654970760234,0.827044003482706,0,,22.64,,1443.54,1,1499.0031152648,7.31255557632912,0,74.12,0,12475,0,3,,12475,0,,,1,4503,5791,12475,14553,14553,2078,,0,0,,,,0,0,8,0,12475,C10AX06,800 MG,C10,C10A,C10AX,C10AX06,"",,,,,,1,,,,,,"","",,,,,,,,,,,,0,0,0,0,0,1,0,0,0,0,0,,1.89,66.62,2,013009CJB,317.01,1.47,20,209.8,20,183.026,8,13719,13719,22.64,0,0,0,0,1,8,0,0,0,0,0,0,0,0,0,0,0,186,67,0,0,0,0,0,0,1,,,,,7,1,,0,1,0,1,0,0,0,,1,1,0,2,0,,,0,0,61,29.1319094556211,0,0,0,0,0,,0,0,0,0,0,,0,,,,0,0,0,,,0,116.8,1,62.3052959501558,4.13204642940611,2,0,1,0,87,0,0,,17507,,,,28.033802413435,1,Q1,low,low,Q1-Q3,Q1-Q3,,,,,,
7,2810339728,2018-11-24,8440.9,2,1,241,51,68,96,0.92,4.2,191.6,5.8,3371,4405.48016701461,8.39060453742731,,,,,12,,1352.33,1,705.808977035491,6.55934463011111,0,66.8,0,3395,0,3,,3371,0,,,2,3371,,,,,,,0,0,,,,0,0,8,0,3395,"","","","","","","",,,,,,,,,,,,"","",,,,,,,,,,,,0,0,0,0,0,0,0,0,0,0,0,,0.96,48.19,2,010809CJB,274.638,1.54,5,191.9,5,129.648,3,,,12,0,0,0,0,0,,0,0,0,0,0,0,,,,,0,120,61.25,0,0,0,0,0,0,,1,,,,8,1,,0,1,0,0,,,0,,2,2,0,2,0,,,0,0,55,22.4892344828421,0,,0,0,0,,0,0,0,0,0,,0,,,,0,0,0,,,0,176.4,1,21.9206680584551,3.0874299387347,1,0,0,0,81,0,1,,7188,,,,54.3886440372175,1,Q3,low,low,Q1-Q3,Q1-Q3,,,,,,
1,2810339987,2018-06-28,20000,3,1,229,52,199,90,0.7,3,139.8,5.8,12063,14306.1516452074,9.56844490872451,,,,,44.3,,1121.23,1,802.024320457797,6.68713893216707,0,67.31,0,12063,0,3,,12063,0,,,2,4577,5782,12063,14310,14310,2247,,0,0,,,,0,0,8,0,12063,"","","","","","","",,,,,,,,,,,,"","",,,,,,,,,,,,0,0,0,0,0,0,0,0,0,0,0,,2.4,55.97,2,011209CJB,376.058,1.33,3,234.8,3,164.24,8,13588,13588,44.3,0,0,0,0,0,2,1,1,0,68,0,0,0,0,,0,0,145,62.25,0,0,0,0,0,0,1,,,,,3,2,,0,1,0,0,0,0,0,1,1,1,1,2,0,,,0,0,68,26.3084282882167,1,0,0,0,0,,0,0,0,0,0,,0,,,,0,0,0,,,0,137.2,0,21.4592274678112,3.06615473785054,1,0,0,0,89,1,1,,17381,,,,160.743276912443,1,Q4,high,high,Q4,Q4,,,,,,
1,2810340057,2017-10-22,661.2,2,1,245,61,122,97,0.69,3,17.2,5.5,12084,3844.18604651163,8.25431716811555,2.52436194895592,0.92598833731214,0,,38.04,,796.73,1,4632.1511627907,8.44077665317429,0,64.45,0,12084,0,3,,12084,0,,,2,5167,6629,12084,14296,14296,2212,,0,0,,,,0,0,8,0,12084,"","","","","","","",,,,,,,,,,,,"","",,,,,,,,,,,,0,0,0,0,0,0,0,0,0,0,0,,1.8,58.86,2,012109CJB,572.184,1.78,11,239.4,11,141.633,8,13471,13471,38.04,0,0,0,0,0,2,1,1,1,0,0,0,0,0,0,0,0,189,64.25,0,0,0,0,0,0,1,,,,,7,1,,0,1,0,0,0,0,0,1,1,1,2,2,0,,,0,0,58,32.1900130544951,1,0,0,0,0,,0,0,0,0,0,,0,,,,0,0,0,,,0,159.6,0,174.418604651163,5.16145818383084,2,0,0,0,96,0,0,16232,14136,16228,11,4144,40.0436046511628,0,Q2,low,low,Q1-Q3,Q1-Q3,Atherothrombotic Infarction of Brain,11.3456536618754,1,1,0,0
1,2810340270,2018-11-26,7277.5,2,1,197,42,174,154,0.61,3.5,102.2,7.7,11930,7120.84148727984,8.87078118383827,2.13888888888889,0.760286483397574,0,,73.18,,1565.91,1,1532.20156555773,7.33446091185333,0,72.33,0,11930,0,3,,11930,0,,,2,4510,5712,11930,14069,14069,2139,,0,0,,,,0,0,8,0,11930,A10BG02,2/50 MG,A10,A10B,A10BA,A10BA02,"",,,,,,,,,,1,,A10BA02,"",,,,,,,,,,1,,0,0,0,0,0,0,0,0,0,1,0,,5.22,79.91,2,011309CJB,406.044,2.25,4,182.9,4,120.703,8,13434,13434,73.18,0,0,0,0,1,2,0,0,0,0,0,0,0,0,0,0,0,169,62.25,0,0,0,0,0,0,1,,,,,4,1,,0,1,0,1,0,0,0,1,1,1,0,2,0,,,0,0,59,30.6629267635078,0,1,0,0,0,,0,0,0,0,0,,0,,,,0,0,0,,,0,120.2,0,34.2465753424658,3.5335865697079,2,1,0,0,99,1,1,,17227,,,,71.9276917907055,1,Q4,high,high,Q1-Q3,Q4,,,,,,
1,2810340396,2017-12-02,1517,2,1,198,64,122,88,0.67,3,36.4,5.5,12109,4167.58241758242,8.33509139069393,3.69511184755592,1.30701082391658,0,,34.28,,469.25,1,1289.14835164835,7.16173708681202,0,65.07,0,12109,0,3,,12109,0,,,2,4578,5747,12109,,,,,0,0,,,,0,0,8,0,12109,C10AA05,10 MG,C10,C10A,C10AA,C10AA05,"",,,,,,1,1,,,,,"","",,,,,,,,,,,,0,0,0,0,0,1,1,0,0,0,0,,3.04,56.9,2,020409CJB,347.926,1.48,26,171.8,26,114.434,8,13265,13265,34.28,0,0,0,0,0,2,0,0,0,0,0,0,0,0,0,0,0,139,63,0,0,0,0,0,0,1,,,,,3,6,,0,1,0,0,0,0,0,1,1,1,0,2,0,,,0,0,60,24.6229063886699,0,0,0,1,0,,0,0,0,0,0,,0,,,,0,0,0,,,0,109.6,0,82.4175824175824,4.41179879300755,2,0,0,1,96,0,0,,17052,,,,43.4123168498169,1,Q2,low,low,Q1-Q3,Q1-Q3,,,,,,
1,2810340816,2017-10-07,3638.7,2,0,156,54,79,101,0.85,3,57.3,5.4,12183,6350.26178010471,8.75625131625034,2.18497757847534,0.781605566927552,0,,39.9,,548.39,1,957.050610820244,6.86385627492424,0,65.58,0,12183,0,3,,12183,0,,,2,4558,5776,12183,14521,14521,2338,,0,0,,,,0,0,8,0,12183,"","","","","","","",,,,,,,,,,,,"","",,,,,,,,,,,,0,0,0,0,0,0,0,0,0,0,0,,16.25,110.9,2,012009CJB,527.892,2.68,10,325.2,10,161.696,8,13582,13582,39.9,0,0,0,0,0,2,0,0,0,0,0,0,0,0,0,0,0,190,63.25,0,0,0,0,0,0,1,,,,,4,6,,0,1,0,0,0,0,0,1,1,1,0,2,0,,,0,0,64,33.3916710889867,0,0,0,0,0,,0,0,0,0,0,,0,,,,0,0,1,1,10245,1,86.2,0,52.3560209424084,3.95806694392955,2,0,0,0,72,0,1,,17374,,,,88.1980802792321,1,Q3,high,high,Q4,Q1-Q3,,,,,,
1,2810340999,2018-01-26,2216,2,1,153,70,162,121,0.73,19.2,37.9,6.1,11713,5846.96569920844,8.67367812176689,2.1010101010101,0.742418229566728,0,,67.78,,739.75,1,1951.84696569921,7.57653136518003,0,67.26,0,11713,0,3,,11713,0,,,2,4440,5635,11713,13777,13777,2064,,0,0,,,,0,0,8,0,11713,C10AX06,100 MG,C10,C10A,C10AX,C10AX06,"",,,,,,1,1,,,,,"","",,,,,,,,,,,,0,0,0,0,0,1,1,0,0,0,0,,0.67,98.45,2,021409CJB,350.012,2.26,41,225.1,41,108.518,8,12645,12645,67.78,0,0,0,0,0,2,1,1,1,0,0,0,0,0,0,0,0,158,61,0,0,0,0,0,0,1,,,,,4,7,,0,1,0,0,0,0,0,1,1,1,2,2,0,,,0,0,72,29.8540344460426,1,0,0,1,0,,0,0,0,0,0,,0,,,,0,0,0,,,0,50.6,1,506.596306068602,6.22771444592749,3,0,0,1,82,0,1,,16429,,,,71.3044597464444,1,Q3,high,high,Q1-Q3,Q1-Q3,,,,,,
1,2810341979,2017-12-16,3502.2,2,1,269,91,132,103,0.64,3.2,55.4,5.6,11707,6321.6606498195,8.75173721367265,2.02120535714286,0.703694044908483,0,,57.36,,996.75,1,1799.18772563177,7.49509057849632,0,73.36,0,11707,0,3,,11707,0,,,2,,,11707,14155,14155,2448,,0,0,,,,0,0,8,0,11707,"","","","","","","",,,,,,,,,,,,"","",,,,,,,,,,,,0,0,0,0,0,0,0,0,0,0,0,,0.76,80.86,2,020409bCJ,344.204,1.22,27,180.2,27,107.032,8,12852,12852,57.36,0,0,0,0,0,2,0,0,0,0,0,0,0,0,0,0,0,136,63,0,0,0,0,0,0,1,,,,,3,1,,0,1,0,0,0,0,0,1,1,1,0,2,0,,,0,0,66,24.0914767543821,0,,0,0,0,,0,0,0,0,0,,0,,,,0,0,0,,,0,151.6,0,57.7617328519856,4.05632649503458,2,0,0,0,93,0,1,,16639,,,,67.9748456969838,1,Q3,high,high,Q1-Q3,Q1-Q3,,,,,,
1,2810342291,2018-11-26,4078.2,2,1,230,49,142,103,0.73,3.9,77.7,5.8,12171,5248.64864864865,8.56572592219514,,,,,34.8,,747.73,1,962.329472329472,6.86935687885945,0,64.49,0,12171,0,3,,12171,0,,,2,5278,6362,12171,14312,14312,2141,,0,0,,,,0,0,8,0,12171,"","","","","","","",,,,,,,,,,,,"","",,,,,,,,,,,,0,0,0,0,0,0,0,0,0,0,0,,2.68,259.7,2,011409CJB,293.784,3.99,6,218.1,6,157.485,8,13640,13640,34.8,0,0,0,0,0,2,0,0,0,0,0,0,0,0,0,0,0,154,64.75,0,0,0,0,0,0,1,,,,,7,8,,0,1,0,0,0,0,0,1,1,1,0,2,0,,,0,0,75,25.8253840101544,0,0,0,0,0,,0,0,0,0,0,,0,,,,0,0,0,,,0,152.6,1,50.1930501930502,3.91587657474414,2,0,0,0,81,0,1,,17433,,,,64.7981314647981,1,Q3,low,low,Q1-Q3,Q1-Q3,,,,,,
1,2810342491,2018-06-28,20000,3,1,166,39,122,78,0.61,14,103.1,5.1,11283,19398.6420950533,9.8729583475013,3.32123655913979,1.20033717115552,0,,42.9,,2575.46,1,2498.02133850631,7.82325423288535,0,62.51,0,11283,0,3,1,11283,1,3788,15071,1,4320,5674,11283,13715,13715,2432,11283,1,1,-3225,8058,,0,1,8,1,11283,C10AA04,40 MG,C10,C10A,C10AA,C10AA04,"",,,,1,1,1,1,,,1,1,"","",,,,,,,,,,,,0,0,0,1,1,1,1,0,0,1,1,,1.11,176.4,2,011609CJB,377.94,8.01,8,122,8,146.558,8,12713,12713,42.9,1,0,0,0,1,8,0,0,0,0,0,0,0,1,0,,0,239,69.5,0,0,0,0,0,0,1,,,,1,5,0,,0,0,1,1,,1,0,,1,1,0,,0,,,0,0,61,34.7883558972956,0,1,1,1,1,141,1,1,0,1,1,8135,0,,1,3,1,1,0,,,0,102.6,1,135.790494665373,4.91111321757448,2,1,0,1,108,1,1,,16506,8135,1,5223,179.617056435679,1,Q4,high,high,Q4,Q4,MI,14.299794661191,1,1,1,0
7,2810342499,2017-08-22,2572.4,2,1,260,63,159,120,0.81,3,82.8,5.8,4288,3106.76328502416,8.04133671885759,1.84695051783659,0.613535910298724,0,,73.9,,407.11,1,491.678743961353,6.19782554379331,0,69.71,0,4288,0,3,,4288,0,,,2,4288,5830,,,5830,1542,,0,0,,,,0,0,8,0,4288,M01AE01,200 MG,M01,M01A,M01AE,M01AE01,"",,1,,,,,,,,,,"","",,,,,,,,,,,,0,1,0,0,0,0,0,0,0,0,0,,2.55,57.81,2,010809CJB,357.6,1.55,5,195.6,5,117.854,3,,,73.9,0,0,0,0,0,,0,0,0,0,0,0,,,,,0,137,60,0,0,0,0,0,0,1,,,,,4,1,,1,0,0,0,,,0,,1,1,0,1,0,,,0,0,64,26.756153512307,0,0,0,0,0,,0,0,0,0,0,,0,,,,0,0,1,,,0,165.2,0,36.231884057971,3.58993950625903,2,0,0,0,77,0,0,,8699,,,,40.3475751301838,1,Q2,low,low,Q1-Q3,Q1-Q3,,,,,,
1,2810342735,2017-11-25,4771.1,2,1,246,93,121,91,0.98,4.1,100.7,5.1,12217,4737.93445878848,8.46335655152649,1.97873754152824,0.682459036060978,0,,31.54,,1284.36,1,1275.43197616683,7.15104020504786,0,73.32,0,12217,0,3,,12217,0,,,2,4305,5713,12217,14347,14347,2130,,0,0,,,,0,0,8,0,12217,"","","","","","","",,,,,,,,,,,,"","",,,,,,,,,,,,0,0,0,0,0,0,0,0,0,0,0,,0.28,39.37,2,020209CJB,322.592,0.69,22,214.2,22,118.626,8,13433,13433,31.54,0,0,0,0,0,2,0,0,0,0,0,0,0,0,0,0,0,126,60.5,0,0,0,0,0,0,1,,,,,8,1,,0,1,0,0,0,0,0,1,1,1,0,2,0,,,0,0,60,24.2027886555602,0,0,0,0,0,,0,0,0,0,0,,0,,,,0,0,0,,,0,128.8,1,40.7149950347567,3.70659645296788,2,0,0,0,63,0,1,,17221,,,,75.2053088696584,1,Q3,low,high,Q1-Q3,Q1-Q3,,,,,,
1,2810344189,2017-10-29,516,2,1,180,65,67,101,0.69,3,31.1,5.6,12064,1659.16398713826,7.41406913228447,2.88905891354246,1.06093081364117,0,,51.24,,398.22,1,1280.4501607717,7.15496698318879,0,66.49,0,12064,0,3,,12064,0,,,2,4874,5741,12064,,,,,0,0,,,,0,0,8,0,12064,M01AE02,"",M01,M01A,M01AE,M01AE02,"",,1,,,,,,,,,,"","",,,,,,,,,,,,0,1,0,0,0,0,0,0,0,0,0,,11.26,28.95,2,012609CJB,437.94,2.47,15,184.3,15,121.789,8,13380,13380,51.24,0,0,0,0,0,2,0,0,0,0,0,0,0,0,0,0,0,191,63.5,0,0,0,0,0,0,1,,,,,8,2,,0,1,0,0,0,0,0,1,1,1,0,2,0,,,0,0,63,33.3036266543734,0,0,0,0,0,,0,0,0,0,0,,0,,,,0,0,0,,,0,101.6,0,96.4630225080386,4.56915974846506,2,0,0,0,93,0,0,,17171,,,,17.8404729799813,1,Q1,low,low,Q1-Q3,Q1-Q3,,,,,,
1,2810344667,2018-02-03,3627.6,2,1,227,67,93,91,0.78,3,82.5,5.9,11792,4397.09090909091,8.38869844422087,2.54510739856802,0.934172848942361,0,,32.64,,701.08,1,849.793939393939,6.74499389585243,0,70.24,0,11792,0,3,,11792,0,,,2,4242,5295,11792,13758,13758,1966,,0,0,,,,0,0,8,0,11792,C10AX06,500 MG,C10,C10A,C10AX,C10AX06,"",,,,,,1,,,,,,"","",,,,,,,,,,,,0,0,0,0,0,1,0,0,0,0,0,,0.45,35.75,2,021909CJB,256.868,1.19,45,142.4,45,123.523,8,12621,12621,32.64,0,0,0,0,0,1,0,0,0,0,0,0,0,0,0,0,0,104,63.25,0,0,0,0,0,0,,,1,,,6,0,,0,1,0,0,0,0,0,0,2,3,0,2,0,,,0,0,62,18.2775462802875,0,0,0,0,0,,0,0,0,0,0,,0,,,,0,0,0,,,0,141.4,0,36.3636363636364,3.59356927430961,2,0,1,0,81,0,1,,16402,,,,54.2850729517396,1,Q3,low,low,Q1-Q3,Q1-Q3,,,,,,
1,2810345177,2017-12-02,2453.1,2,1,223,45,192,90,0.81,3,34.4,5.7,11795,7131.10465116279,8.87222143144478,2.20904522613065,0.792560397804974,0,,38.28,,392.84,1,1141.97674418605,7.04051602589831,0,62.21,0,11795,0,3,15,11795,0,,,2,4405,5833,11795,13807,13807,2012,,0,0,,,,0,0,8,0,11795,C10AA01,10 MG,C10,C10A,C10AA,C10AA01,"",,,,1,1,1,1,,,,,"","",,,,,,,,,,,,0,0,0,1,1,1,1,0,0,0,0,,4.32,36.07,2,020409CJB,684.446,2.35,26,180.1,26,124.094,8,12958,12958,38.28,1,0,0,0,0,2,0,0,0,0,0,0,0,0,0,0,0,157,61.25,0,0,0,0,0,0,1,,,,,3,2,,0,1,1,0,0,0,0,1,1,1,0,2,0,,,0,0,63,29.4234151150518,0,0,1,1,1,,0,0,0,0,0,,1,5589,,,0,0,0,,,0,139.6,0,87.2093023255814,4.46831100327089,2,0,0,1,77,1,1,15388,15402,5589,15,3607,92.6117487163999,0,Q4,high,high,Q4,Q4,Subarachnoid Hemmorhage,9.87542778918549,1,0,0,0
1,2810346175,2017-11-13,1150.3,2,1,189,69,191,118,0.69,3,144.4,7.2,11866,796.606648199446,6.68036101643133,2.3599615014437,0.858645305956875,0,,22.24,,1506.31,1,1043.15096952909,6.95000118999987,0,68.12,0,11866,0,3,,11866,0,,,2,4236,5886,11866,13986,13986,2120,,0,0,,,,0,0,8,0,11866,C10AA05,10 MG,C10,C10A,C10AA,C10AA05,"",,,,,,1,1,,,1,,"","",,,,,,,,,,,,0,0,0,0,0,1,1,0,0,1,0,,0.79,75.69,2,012709CJB,354.976,0.89,17,238.4,17,133.202,8,13156,13156,22.24,0,0,0,0,1,2,0,0,0,0,0,0,0,0,0,0,0,169,62,0,0,0,0,0,0,1,,,,,7,1,,0,1,0,1,0,0,0,1,1,1,0,2,0,,,0,0,59,30.9107069827043,0,1,0,1,0,,0,0,0,0,0,,0,,,,0,0,0,,,0,81.8,0,20.7756232686981,3.03378034119152,1,1,0,1,95,0,0,,16947,,,,8.38533313894154,1,Q1,low,low,Q1-Q3,Q1-Q3,,,,,,
1,2810346901,2018-07-06,20000,3,1,180,30,141,102,1.05,3.8,158.5,5.5,12347,12618.2965299685,9.44290314520688,1.4691259021652,0.384667599554039,1,,54.38,,741.2,1,467.634069400631,6.14768608708196,0,70.51,0,12347,0,3,,12347,0,,,1,4250,5643,12347,14484,14484,2137,,0,0,,,,0,0,8,0,12347,"","","","","","","",,,,,,,,,,,,"","",,,,,,,,,,,,0,0,0,0,0,0,0,0,0,0,0,,1.46,60.53,2,021909bCJ,233.298,1.23,47,222.1,47,214.198,8,13124,13124,54.38,0,0,0,0,0,8,0,0,0,0,0,0,0,0,0,0,0,190,67,0,0,0,0,0,0,1,,,,,3,6,,0,1,0,0,0,0,0,,1,1,0,2,0,,,0,0,60,29.7584021320861,0,,0,0,0,,0,0,0,0,0,,0,,,,0,0,0,,,0,121.8,0,23.9747634069401,3.17700175239714,1,0,0,0,77,1,1,15970,,15970,27,3623,163.873980908681,0,Q4,high,high,Q4,Q4,,9.9192334017796,1,0,0,0
1,2810347342,2017-09-30,770.4,2,1,207,75,100,109,0.95,3,33.9,5.6,11102,2272.56637168142,7.7286650320856,1.08118657298985,0.0780591167247047,1,,35.44,,339.98,1,1002.89085545723,6.91064196395231,0,64.3,0,11102,0,3,,11102,0,,,1,4250,5637,11102,13316,13316,2214,,0,0,,,,0,0,8,0,11102,"","","","","","","",,,,,,,,,,,,"","",,,,,,,,,,,,0,0,0,0,0,0,0,0,0,0,0,,2.1,29.14,2,011609CJB,435.898,1.2,8,122.2,8,87.245,8,12525,12525,35.44,0,0,0,0,0,8,0,0,0,0,0,0,0,0,0,0,0,159,64.5,0,0,0,0,0,0,1,,,,,6,6,,0,0,0,0,0,0,0,,1,1,0,,0,,,0,0,71,26.8709677495072,0,0,0,0,0,,0,0,0,0,0,,0,,,,0,0,0,,,0,112,0,88.4955752212389,4.48295255326384,2,0,0,0,80,0,0,,16318,,,,28.4070796460177,1,Q1,low,low,Q1-Q3,Q1-Q3,,,,,,
1,2810347409,2017-11-26,3086.1,2,1,222,48,103,98,0.68,3,40.3,5.4,11475,7657.81637717122,8.94348215384055,1.85960350991225,0.620363298288014,0,,40.92,,605.77,1,1503.15136476427,7.31531909310822,0,67.45,0,11475,0,3,,11475,0,,,2,,,11475,13533,13533,2058,,0,0,,,,0,0,8,0,11475,"","","","","","","",,,,,,,,,,,,"","",,,,,,,,,,,,0,0,0,0,0,0,0,0,0,0,0,,2.42,54.66,2,020309CJB,437.986,2.1,23,220.8,23,138.575,8,12677,12677,40.92,0,0,0,0,0,2,0,0,0,0,0,0,0,0,0,0,0,185,67.75,0,0,0,0,0,0,1,,,,,5,8,,0,1,0,0,0,0,0,1,1,1,0,2,0,,,0,0,65,28.3373178775061,0,0,0,0,0,,0,0,0,0,0,,0,,,,0,0,0,,,0,153.4,0,74.4416873449132,4.31001609869761,2,0,0,0,92,1,1,,16465,,,,83.2371345344697,1,Q4,high,high,Q4,Q4,,,,,,
1,2810347967,2018-01-28,627.8,2,1,262,73,150,116,0.95,3,64.9,5.8,11803,967.334360554699,6.8745442066859,2.51877729257642,0.9237735824165,0,,28.52,,733.6,1,1130.35439137134,7.0302864832203,0,78.34,0,11803,0,3,,11803,0,,,2,4326,5698,11803,13568,13568,1765,,0,0,,,,0,0,8,0,11803,C10AX06,2400 MG,C10,C10A,C10AX,C10AX06,325 MG,1,,,,1,1,,,,,,"","",,,,,,,,,,,,1,0,0,0,1,1,0,0,0,0,0,,1.19,150.1,2,021809CJB,243.326,1.74,43,221.2,43,136.679,8,12697,12697,28.52,1,0,0,0,0,2,0,0,0,0,0,0,0,0,0,0,0,162,64.25,0,0,0,0,0,0,1,,,,,4,0,,0,1,1,0,0,0,0,1,1,1,0,2,0,,,0,0,64,27.5914397609958,0,0,1,0,1,,0,0,0,0,0,,0,,,,0,0,0,,,0,159,0,46.2249614791988,3.8335199439402,2,0,1,0,63,0,0,,16478,,,,15.3545136595984,1,Q1,low,low,Q1-Q3,Q1-Q3,,,,,,
1,2810348128,2018-12-22,6015.4,2,,,,,,,4.6,191.8,6.9,12272,3136.28779979145,8.05079515015211,,,,,,,1485.29,,774.395203336809,6.65208234190497,0,65.73,0,12272,0,3,,12272,0,,,1,4285,5632,12272,14266,14266,1994,,0,0,,,,0,0,8,0,12272,C10AB05,145 MG,C10,C10A,C10AB,C10AB05,"",,,,,1,1,1,,,1,,"","",,,,,,,,,,,,0,0,0,0,1,1,1,0,0,1,0,,,,,"",,,,,,,,,,,1,0,0,0,1,8,0,0,0,0,0,0,0,0,0,0,0,233,66.5,0,0,0,0,0,0,1,,,,,,6,,0,1,1,1,0,0,0,,1,1,0,2,0,,,0,0,74,37.0440313496377,0,1,1,1,1,,0,0,0,0,0,,0,,,,0,0,0,,,0,,1,23.9833159541189,3.17735842002785,1,1,0,1,,0,0,16482,,16482,29,4210,,0,Q2,low,,,Q1-Q3,Death,11.5263518138261,1,1,0,0
1,2810349477,2018-06-30,20000,3,1,166,37,180,107,0.95,85.2,164.4,5.3,12462,12165.4501216545,9.40635525590214,2.88230827638573,1.05859145798654,0,,45.92,,1331.53,1,809.933090024331,6.69695163934628,0,,2,12462,,,41,12462,1,2775,15237,1,4601,,12462,14748,14748,2286,12462,1,1,-588,11874,,0,1,,1,12462,B01AA03,5 MG,B01,B01A,B01AA,B01AA03,"",,,,,,,,,,,1,"","",,,,,,,,,,,,0,0,0,0,0,0,0,0,0,0,1,,8.95,96.79,2,012909CJB,366.434,4.99,18,262.8,18,121.36,8,13726,13726,45.92,0,0,0,0,0,8,0,0,0,0,0,0,0,1,0,0,0,218,67.75,0,0,0,0,0,0,1,,,,,8,7,,0,1,0,0,0,1,0,,1,1,0,2,0,,,0,0,64,33.3920826880883,0,0,0,0,0,,0,0,0,0,0,,0,,1,3,1,1,0,,,0,93,1,518.248175182482,6.25045423019533,3,0,0,0,84,1,1,,16987,5851,30,4525,144.826787162554,0,Q4,high,high,Q4,Q4,IC,12.3887748117728,1,1,1,0
1,2810350098,2017-09-13,4938.4,2,1,163,38,123,130,0.89,5.1,89.7,5.6,12231,5505.46265328874,8.61349608800303,1.30336257309942,0.264947519680644,1,,58.98,,1943.36,1,2166.51059085842,7.68087312963255,0,,0,12231,,,,12231,0,,,1,4601,5821,12231,14393,14393,2162,,0,0,,,,0,0,,0,12231,C10AA05,20 MG,C10,C10A,C10AA,C10AA05,"",,,,,,1,1,,,,,"","",,,,,,,,,,,,0,0,0,0,0,1,1,0,0,0,0,,1.25,154.9,2,011409CJB,309.32,1.6,5,192.9,5,175.843,8,13708,13708,58.98,0,0,0,0,0,8,0,0,0,0,0,0,0,0,0,0,0,239,68.5,0,0,0,0,0,0,1,,,,,8,1,,0,0,0,0,0,0,0,,1,1,0,,0,,,0,0,58,35.8114883207229,0,0,0,1,0,,0,0,0,0,0,,0,,,,0,0,0,,,0,100.4,1,56.8561872909699,4.04052504964767,2,1,0,1,94,0,1,,17501,,,,58.5687516307313,1,Q3,low,low,Q1-Q3,Q1-Q3,,,,,,
1,2810350394,2018-11-26,8641.3,2,1,223,45,87,103,0.89,11.7,223.2,5.3,12164,3871.55017921147,8.26141026892358,1.22598001537279,0.20374053670644,1,,43.08,,1303.16,1,583.853046594982,6.36964931862061,0,52.34,1,12164,1,2,,12164,0,,,1,4517,,12164,14472,14472,2308,,0,0,,,,0,0,7,0,12164,"","","","","","","",,,,,,,,,,,,"","",,,,,,,,,,,,0,0,0,0,0,0,0,0,0,0,0,,6.23,24.64,2,010809CJB,471.198,5.81,1,283.9,1,221.381,8,13779,13779,43.08,0,0,0,0,0,8,1,1,1,0,0,0,0,0,0,0,0,176,69.5,0,0,0,0,0,0,1,,,,,3,2,,0,1,0,0,0,0,0,,1,1,2,2,0,,,0,0,46,25.6182035059583,1,,0,0,0,,0,0,0,0,0,,0,,,,0,0,0,,,0,160.6,1,52.4193548387097,3.95927589027869,2,0,0,0,103,0,0,,17573,,,,37.5878658175871,1,Q2,low,low,Q1-Q3,Q1-Q3,,,,,,
1,2810350794,2017-09-30,2163.7,2,1,219,61,121,113,0.63,3,16.3,5.7,12393,13274.2331288344,9.49358007636876,3.89151873767258,1.35879950243143,0,,86.54,,476.49,1,2923.25153374233,7.98045181469055,0,65.94,0,12393,0,3,,12393,0,,,2,4492,5800,12393,14565,14565,2172,,0,0,,,,0,0,8,0,12393,"","","","","","","",,,,,,,,,,,,"","",,,,,,,,,,,,0,0,0,0,0,0,0,0,0,0,0,,2.34,63.93,2,011609CJB,471.548,1.64,8,207.9,8,132.078,8,13815,13815,86.54,0,0,0,0,0,2,0,0,0,0,0,0,0,0,0,0,0,128,64.75,1,0,0,0,0,0,1,,,,,7,0,,0,1,0,0,0,0,0,1,1,1,0,2,0,,,0,1,79,21.4652542422063,0,0,0,0,0,,0,0,0,0,0,,0,,,,0,0,0,,,0,133.8,0,184.049079754601,5.21520245983753,2,0,0,0,85,1,1,17051,16042,17051,21,4658,156.167448574522,0,Q4,high,high,Q4,Q4,CHD Death,12.7529089664613,1,1,1,0
1,2810350896,2018-07-06,20000,3,1,148,57,137,104,1.2,16.1,211.7,5.5,12959,9447.33112895607,9.1534875603834,1.55782918149466,0.443293301832215,1,,41.9,,1302.91,1,615.451110061408,6.42235551121283,0,70.14,0,12959,0,3,,12959,0,,,2,,5869,12959,,,,,0,0,,,,0,0,8,0,12959,M01AE01,10 MG,C09,C09A,C09AA,C09AA07,"",,1,,,,1,1,1,,,,C09AA07,"",,,,,1,,,1,,,,0,1,0,0,1,1,1,1,0,0,0,,7.3,146,2,022009CJB,409.026,9.07,49,191.9,49,112.548,8,13637,13637,41.9,1,0,0,0,0,2,0,0,0,0,0,0,0,0,0,0,0,164,65.5,1,1,1,1,0,0,1,,,,,3,8,,0,1,1,0,0,0,0,1,1,1,0,2,0,,,0,1,74,26.8761378965564,0,0,1,1,1,,0,0,0,0,0,,0,,,,0,0,0,,,0,63.6,1,76.0510155880964,4.33140437283174,2,0,0,1,44,1,1,16114,,10869,7,,214.712071112638,1,Q4,high,high,Q4,Q4,Coronary Insufficiency,,,,,
7,2810350954,2018-11-24,6390.5,2,1,155,86,32,83,0.82,5.3,93.7,5.4,3082,6820.17075773746,8.82763978831548,2.292,0.829424798852493,0,4.7,31.5,33.66,799.43,2,853.180362860192,6.74897097046288,0,71.85,0,3082,0,3,,3082,0,,,2,3082,4979,,,4979,1897,,0,0,,,,0,0,8,0,3082,M01AE01,200 MG,M01,M01A,M01AE,M01AE01,"",,1,,,,,,,,,,"","",,,,,,,,,,,,0,1,0,0,0,0,0,0,0,0,0,,2.63,13.69,2,122208CJB,204.468,2.97,1,183.9,1,117.578,3,,,31.5,0,0,0,0,0,,0,0,0,0,0,0,,,,,0,121,61.75,0,0,0,0,0,0,,1,,,,8,1,,0,1,0,0,,,0,,2,2,0,2,0,,,0,0,65,22.3108984302514,0,0,0,0,0,,0,0,0,0,0,,0,,,,0,0,0,2,3951,0,62.6,1,56.5635005336179,4.03536391029584,2,0,0,0,87,1,1,,7797,,,,78.3927673303156,1,Q4,high,high,Q1-Q3,Q4,,,,,,
7,2810351683,2018-11-24,3555.6,2,1,169,94,57,94,0.82,10,100.2,6.1,4424,3548.50299401198,8.17428110170485,4.07659574468085,1.4052622638267,0,4.1,36.4,38.56,798.92,2,797.325349301397,6.6812628129343,0,71.64,0,4424,0,3,,4424,0,,,2,4424,6283,,,6283,1859,,0,0,,,,0,0,8,0,4424,C10AX09,20 MG,C10,C10A,C10AA,C10AA01,"",,,,,,1,,,,,,C10AA01,"",,,,,,1,1,,,,,0,0,0,0,0,1,1,0,0,0,0,,0.18,58.1,2,122908CJB,,,2,131.6,2,83.625,3,,,36.4,0,0,0,0,0,,0,0,0,0,0,0,,,,,0,141,60.5,0,0,0,0,0,0,,1,,,,8,8,,0,1,0,0,,,0,,2,2,0,2,0,,,0,0,72,27.0840730193174,0,0,0,1,0,,0,0,0,0,0,,0,,,,0,0,0,,,0,63.6,1,99.8003992015968,4.60317218332542,2,0,0,1,83,0,0,,9028,0,8,4604,42.7530481206262,0,Q2,low,low,Q1-Q3,Q1-Q3,MI,12.6050650239562,1,1,1,0
1,2810352051,2017-08-23,735.2,2,1,176,33,168,118,1.42,17.5,62.1,5.6,11814,1183.89694041868,7.07656676809014,2.40157480314961,0.87612469014882,0,,85.54,,1063.69,1,1712.86634460548,7.44592347111515,0,75.34,0,11814,0,3,12,11814,0,,,1,5161,6094,11814,14121,14121,2307,,0,0,,,,0,0,8,0,11814,C10AB04,600 MG,C10,C10A,C10AB,C10AB04,"",,,,,1,1,1,,,1,,"","",,,,,,,,,,,,0,0,0,0,1,1,1,0,0,1,0,,1.02,101.2,2,010909CJB,367.056,3.41,1,177.4,1,153.627,8,13422,13422,85.54,1,0,0,0,1,8,0,0,0,0,0,0,0,0,0,0,0,169,69.25,0,0,0,0,0,0,1,,,,,8,6,,0,1,1,1,0,0,0,,1,1,0,2,0,,,0,0,70,24.7772305420929,0,1,1,1,1,,0,0,0,0,0,,1,10848,,,0,0,0,,,0,109.4,1,281.803542673108,5.64121017097217,2,1,0,1,50,0,0,,17046,10848,12,5232,23.6779388083736,1,Q1,low,low,Q1-Q3,Q1-Q3,TIA,14.3244353182752,1,1,1,0
1,2810352311,2018-12-17,4365.4,2,1,262,66,76,94,1.02,3.3,170.1,5.4,12251,2566.37272192828,7.85024878869125,3.55330490405117,1.26787812930152,0,,32.34,,1077.42,1,633.403880070547,6.45110825986814,0,62.94,0,12251,0,3,,12251,0,,,2,4641,5726,12251,14655,14655,2404,,0,0,,,,0,0,8,0,12251,C07AB03,25 MG,C07,C07A,C07AB,C07AB03,"",,,,1,,,,,,,,"","",,,,,,,,,,,,0,0,0,1,0,0,0,0,0,0,0,,2.12,28.23,2,020509CJB,557.874,1.03,29,212.6,29,162.42,8,13372,13372,32.34,0,0,0,0,0,2,0,0,0,0,0,0,0,0,0,0,0,186,67,0,0,0,0,0,0,1,,,,,8,1,,0,1,0,0,0,0,0,1,1,1,0,2,0,,,0,0,54,29.1319094556211,0,0,0,0,0,,0,0,0,0,0,,0,,,,0,0,0,,,0,180.8,0,19.4003527336861,2.96529124805276,1,0,0,0,62,0,0,,17158,,,,41.393108418198,1,Q1,low,low,Q1-Q3,Q1-Q3,,,,,,
1,2810352335,2017-11-21,3355.5,2,1,149,62,59,107,1.21,6.7,222.6,5.8,11646,1507.41239892183,7.31814981674494,2.14847161572052,0.764756712938069,0,,25.74,,1542.8,1,693.081761006289,6.54114797348072,0,76.18,0,11646,0,3,,11646,0,,,1,4344,5676,11646,13696,13696,2050,,0,0,,,,0,0,8,0,11646,"","","","","","","",,,,,,,,,,,,"","",,,,,,,,,,,,0,0,0,0,0,0,0,0,0,0,0,,0.62,40.4,2,012909CJB,355.402,1.53,19,242.8,19,135.098,8,12900,12900,25.74,0,0,0,0,0,8,0,0,0,0,0,0,0,0,0,0,0,181,69,0,0,0,0,0,0,1,,,,,8,1,,0,1,0,0,0,0,0,,1,1,0,2,0,,,0,0,61,26.7292027967799,0,,0,0,0,,0,0,0,0,0,,0,,,,0,0,0,,,0,75.2,1,30.0988319856244,3.40448636653761,2,0,0,0,64,0,0,,16691,,,,23.5533187331536,1,Q1,low,low,Q1-Q3,Q1-Q3,,,,,,
1,2810352526,2017-09-15,236.5,2,1,170,59,60,94,0.65,3,14.6,5.3,11405,1619.86301369863,7.39009686520579,,,,,27.84,,82.19,1,562.945205479452,6.33318229743421,0,72.52,0,11405,0,3,,11405,0,,,2,4566,5692,11405,,,,,0,0,,,,0,0,8,0,11405,"","","","","","","",,,,,,,,,,,,"","",,,,,,,,,,,,0,0,0,0,0,0,0,0,0,0,0,,0.75,20.92,2,011509CJB,309.13,1.43,6,196.5,6,120.951,8,12867,12867,27.84,0,0,0,0,0,2,0,0,0,0,0,0,0,0,1,0,0,137,64.5,0,0,0,0,0,0,1,,,,,7,2,,0,1,0,0,0,0,0,1,1,1,0,2,0,,,1,0,63,23.1529722118395,0,0,0,0,0,,0,0,0,0,0,,0,,,,0,0,0,,,0,99,0,205.479452054795,5.32534603893596,2,0,0,0,94,0,0,13022,,13022,27,1617,17.2325852521131,0,Q1,low,low,Q1-Q3,Q1-Q3,,4.42710472279261,1,0,0,0
1,2810353030,2018-12-22,7393.1,2,1,154,81,50,97,0.55,3.5,101,5.5,12184,7319.90099009901,8.89835208092112,2.2142152023692,0.794898030271525,0,,43.04,,1552.36,1,1536.9900990099,7.33758130175461,0,65.12,0,12184,0,3,,12184,0,,,2,4223,5658,12184,14164,14164,1980,,0,0,,,,0,0,8,0,12184,M01AE01,200 MG,M01,M01A,M01AE,M01AE01,"",,1,,,,,,,,,,"","",,,,,,,,,,,,0,1,0,0,0,0,0,0,0,0,0,,7.72,87.07,2,021709CJB,278.838,1.12,42,224.4,42,92.366,8,13096,13096,43.04,0,0,0,0,0,2,1,1,1,0,0,0,0,0,0,0,0,180,61.25,0,0,0,0,0,0,1,,,,,3,1,,0,1,0,0,0,0,0,1,1,1,2,2,0,,,0,0,50,33.7338517242632,1,0,0,0,0,,0,0,0,0,0,,0,,,,0,0,0,,,0,63,0,34.6534653465347,3.54539773063625,2,0,0,0,109,1,1,,16880,,,,67.1550549550368,1,Q4,high,high,Q1-Q3,Q4,,,,,,
1,2810353724,2018-12-15,5613.9,2,1,162,48,97,114,0.96,25.9,82.6,5.9,12000,6796.48910411622,8.82416144961301,,,,,37.2,,831.8,1,1007.02179176755,6.91475253276997,0,,,,,,,12000,0,,,1,4395,5651,12000,,,,14089,1,0,2089,14089,,0,0,,0,12000,C10AA07,25 MG (?),C10,C10A,C10AA,C10AA07,"",,,,1,1,1,1,,,,,"","",,,,,,,,,,,,0,0,0,1,1,1,1,0,0,0,0,,0.36,64.36,2,021209CJB,511.09,2.83,38,210,38,158.867,8,12977,12977,37.2,1,0,0,0,0,8,0,0,0,0,0,0,0,0,0,0,0,182,69.25,0,0,0,0,0,0,1,,,,,2,2,,0,1,1,0,0,0,0,,1,1,0,2,0,,,0,0,72,26.6831713530231,0,0,1,1,1,,0,0,0,0,0,,0,,1,1,0,0,0,,,0,94.6,1,313.559322033898,5.7479885671607,3,0,0,1,79,1,1,15636,,15636,27,3636,86.0315076470408,0,Q4,high,high,Q4,Q4,,9.95482546201232,1,0,0,0
1,2810353978,2017-10-25,4112,2,1,195,53,181,93,0.72,12.5,93.8,5.5,11678,4383.79530916844,8.38567013711091,1.5508607198748,0.438810079952453,1,,36.18,,,1,,,0,65.75,0,11678,0,3,,11678,0,,,2,4752,,11678,13749,13749,2071,,0,0,,,,0,0,8,0,11678,C10AX06,1000 MG,C10,C10A,C10AX,C10AX06,"",,,,,,1,,,,,,"","",,,,,,,,,,,,0,0,0,0,0,1,0,0,0,0,0,,5.72,146.3,2,012209CJB,317.302,1.29,12,228.6,12,154.303,8,13043,13043,36.18,0,0,0,0,0,2,0,0,0,0,0,0,0,0,0,0,0,198,62.5,0,0,0,0,0,0,1,,,,,6,8,,0,1,0,0,0,0,0,1,1,1,0,2,0,,,0,0,61,35.6377903155806,0,0,0,0,0,,0,0,0,0,0,,0,,,,0,0,0,,,0,105.8,1,133.262260127932,4.89231906727821,2,0,1,0,90,0,1,,16835,,,,48.7088367685383,1,Q3,low,low,Q1-Q3,Q1-Q3,,,,,,
1,2810354024,2018-12-15,4638.1,2,1,238,91,53,100,0.77,3,148.2,5.6,12064,3129.62213225371,8.04866755172683,3.0968028419183,1.13037023797602,0,,26.28,,2497.63,1,1685.31039136302,7.4297050343462,0,68.33,0,12064,0,3,,12064,0,,,2,4289,5627,12064,14198,14198,2134,,0,0,,,,0,0,8,0,12064,"","","","","","","",,,,,,,,,,,,"","",,,,,,,,,,,,0,0,0,0,0,0,0,0,0,0,0,,1.86,72.05,2,021109bCJ,285.306,1.33,36,214.5,36,125.4,8,13074,13074,26.28,0,0,0,0,0,0,0,0,0,0,0,0,0,0,0,0,0,170,65.5,0,0,0,0,0,0,1,,,,,7,1,,0,1,0,0,0,0,0,0,1,1,0,2,0,,,0,0,51,27.8594112342353,0,0,0,0,0,,0,0,0,0,0,,0,,,,0,0,1,,,0,136.4,0,20.2429149797571,3.00780485478826,1,0,0,0,89,0,0,,16859,,,,35.1642936208282,1,Q2,low,low,Q1-Q3,Q1-Q3,,,,,,
1,2810354319,2018-12-22,5416.8,2,1,201,44,150,98,0.96,4.9,160.9,5.9,11905,3366.56308266004,8.12164764616119,2.40276301806589,0.87661933269259,0,,33.52,,1207.83,1,750.671224362958,6.62096777210451,0,64.81,0,11905,0,3,,11905,0,,,2,4368,5638,11905,13650,13650,1745,,0,0,,,,0,0,8,0,11905,M01AE01,200 MG,M01,M01A,M01AE,M01AE01,"",,1,,,,,,,,,,"","",,,,,,,,,,,,0,1,0,0,0,0,0,0,0,0,0,,4.76,84.53,2,021809bCJ,422.066,2.39,45,165.4,45,120.188,8,12754,12754,33.52,0,0,0,0,0,2,0,0,0,0,0,0,0,0,0,0,0,173,66,1,1,0,0,0,0,1,,,,,8,1,,0,1,0,0,0,0,0,1,1,1,0,2,0,,,0,1,61,27.9231136974671,0,0,0,0,0,,0,0,0,0,0,,0,,,,0,0,0,,,0,127,1,30.4536979490367,3.41620743010038,2,0,0,0,64,0,0,,16535,,,,52.6025481665631,1,Q2,low,low,Q1-Q3,Q1-Q3,,,,,,
1,2810354859,2017-09-15,572.7,2,1,206,60,80,101,0.71,3,38.4,5.3,12369,1491.40625,7.30747474579422,2.43287037037037,0.889071782632841,0,,34.06,,488.07,1,1271.015625,7.1475715645836,0,59.91,0,12369,0,3,,12369,0,,,2,4544,5809,12369,14476,14476,2107,,0,0,,,,0,0,8,0,12369,M01AX05,"",M01,M01A,M01AX,M01AX25,"",,1,,,1,,,1,,,,M01AX25,"",,1,,,,,,,,,,0,1,0,0,1,0,0,1,0,0,0,,6.12,70.47,2,022109CJB,789.33,3.27,6,207.4,6,132.726,8,13833,13833,34.06,1,0,0,0,0,2,0,0,0,0,0,0,0,0,0,0,0,219,62.75,,,,,,,1,,,,,4,1,,0,1,1,0,0,0,0,1,1,1,0,2,0,,,0,0,58,39.104097509476,0,0,1,0,1,,0,0,0,0,0,,0,,,,0,0,0,,,0,130,0,78.125,4.35831010805657,2,0,0,0,94,0,0,,17392,,,,15.8660239361702,1,Q1,low,low,Q1-Q3,Q1-Q3,,,,,,
1,2810355123,2017-12-23,1210.8,2,1,120,43,104,113,0.93,6.9,39,6.2,12203,3104.61538461539,8.04064511700601,1.98547717842324,0.685859277402354,0,,67.06,,861.58,1,2209.17948717949,7.70037645280354,0,73.54,0,12203,0,3,12,12203,0,,,2,4600,5721,12203,14666,14666,2463,12203,1,1,-3288,8915,,0,0,8,0,12203,C10AB04,600 MG,C10,C10A,C10AB,C10AB04,"",,,,1,1,1,1,,,1,1,"","",,,,,,,,,,,,0,0,0,1,1,1,1,0,0,1,1,,1.51,36.23,2,020609CJB,473.528,2.62,30,120,30,105.908,8,13301,13301,67.06,1,0,0,0,1,2,0,0,0,0,0,0,0,1,0,0,0,204,65,0,0,0,0,0,0,1,,,,,3,0,,0,1,1,1,0,1,0,1,1,1,0,2,0,,,0,0,78,33.9475992561453,0,1,1,1,1,141,0,1,0,1,0,,1,8889,1,3,1,1,0,,,0,56.2,1,176.923076923077,5.1757150444557,2,1,0,1,59,0,0,15525,,8889,12,,52.6205997392438,1,Q2,low,low,Q1-Q3,Q1-Q3,TIA,,,,,
1,2810355150,2017-09-23,4033.5,2,1,182,51,177,90,0.95,3,113.2,5.5,12301,3563.16254416961,8.17840378459604,2.05674418604651,0.721124240295683,0,,61.16,,806.64,1,712.579505300353,6.56889149230397,0,58.31,0,12301,0,3,,12301,0,,,1,4550,6077,12301,,,,,0,0,,,,0,0,8,0,12301,C10AA05,10 MG,C10,C10A,C10AA,C10AA05,"",,,,,,1,1,,,,,"","",,,,,,,,,,,,0,0,0,0,0,1,1,0,0,0,0,,0.64,56.55,2,011509CJB,580.102,1.16,7,241.4,7,113.31,8,13749,13749,61.16,0,0,0,0,0,8,0,0,0,0,0,0,0,0,0,0,0,171,68.5,0,0,0,0,0,0,1,,,,,7,2,,0,1,0,0,0,0,0,,1,1,0,2,0,,,0,0,59,25.6224456185926,0,0,0,1,0,,0,0,0,0,0,,0,,,,0,0,0,,,0,95.6,0,26.5017667844523,3.27721140188116,1,0,0,1,87,0,0,13815,,13815,27,1514,40.9558913122944,0,Q2,low,low,Q1-Q3,Q1-Q3,,4.145106091718,1,0,0,0
1,2810355273,2018-12-06,7498.1,2,1,188,49,237,91,0.61,3.3,104.2,6,12512,7195.87332053743,8.88126299076559,,,,,33.62,,1433.17,1,1375.40307101727,7.22650210970081,0,71.48,0,12512,0,3,,12512,0,,,2,4522,5792,12512,14532,14532,2020,,0,0,,,,0,0,8,0,12512,C10AA05,10/12.5,C03,C03A,C03AA,C03AA03,"",,,,,1,1,1,,,,,C03AA03,"",,,,,,,,1,,,,0,0,0,0,1,1,1,1,0,0,0,,1.69,65.03,2,012909CJB,288.66,2.91,20,239.2,20,106.06,8,13762,13762,33.62,1,0,0,0,0,2,0,0,0,0,0,0,0,0,0,0,0,135,61.75,0,0,0,0,0,0,1,,,,,3,2,,0,1,1,0,0,0,0,1,1,1,0,2,0,,,0,0,67,24.8923246949085,0,0,1,1,1,,0,0,0,0,0,,0,,,,0,0,0,,,0,91.6,0,31.6698656429942,3.45536561813531,2,0,0,1,94,1,1,,17550,,,,76.5518438355046,1,Q4,high,high,Q1-Q3,Q4,,,,,,
1,2810355715,2017-11-23,1531.3,2,1,175,62,106,215,0.56,3,19.1,11.3,11731,8017.277486911,8.98935417775667,3.28899082568807,1.19058077781053,0,,41.74,,467.76,1,2449.00523560209,7.80343719480292,0,,0,11731,,,4,11731,1,3281,15012,2,4398,5694,11731,13908,13908,2177,,0,0,,,,0,1,,1,11731,C09CA01,50 MG,C09,C09C,C09CA,C09CA01,"",,,,,1,,,1,,1,,"","",,,,,,,,,,,,0,0,0,0,1,0,0,1,0,1,0,,0.67,189.3,2,013009CJB,713.866,2.63,20,245.9,20,138.184,8,12970,12970,41.74,1,0,0,0,1,2,0,0,0,0,0,0,0,0,0,0,0,166,61.75,0,0,0,0,0,0,1,,,,,2,6,,0,1,1,1,0,0,0,1,1,1,0,2,0,,,0,0,69,30.6083399952209,0,1,1,0,1,,0,0,0,0,1,13375,0,,,,0,0,0,,,0,91.8,0,157.068062827225,5.05667923259766,2,1,0,0,95,1,1,15789,,7576,11,,84.3923945990631,1,Q4,high,high,Q4,Q4,Atherothrombotic Infarction of Brain,,,,,
1,2810356004,2018-07-06,20000,3,1,131,45,82,98,0.78,102.5,91.7,5.6,12267,21810.2508178844,9.9901353592618,3.69773755656109,1.30772116142571,0,,67.46,,1577.79,1,1720.59978189749,7.45042821942768,0,,0,12267,,,,12267,0,,,2,4560,5709,12267,,,,,0,0,,,,0,0,,0,12267,"","","","","","","",,,,,,,,,,,,"","",,,,,,,,,,,,0,0,0,0,0,0,0,0,0,0,0,,162.89,24.39,2,021009CJB,354.914,17.17,34,203.8,34,130.458,8,13317,13317,67.46,0,0,0,0,0,2,1,1,1,0,0,0,0,0,0,0,0,81,62,0,0,0,0,0,0,1,,,,,3,6,,0,1,0,0,0,0,0,1,1,1,2,2,0,,,0,0,80,14.8151909207044,1,0,0,0,0,,0,0,0,0,0,,0,,,,0,0,0,3,12455,0,69.6,1,1117.77535441658,7.01909569829818,3,0,0,0,72,1,1,12472,,12472,28,205,302.920150248395,0,Q4,high,high,Q4,Q4,Death,0.561259411362081,0,0,0,0
1,2810356067,2018-07-06,20000,3,1,178,43,103,108,0.64,6,125,5.5,12791,16000,9.68034400122192,1.08363636363636,0.080322388838833,1,,26.82,,1236.39,1,989.112,6.89680757091363,0,75.43,0,12791,0,3,,12791,0,,,2,4509,5776,12791,14892,14892,2101,,0,0,,,,0,0,8,0,12791,"","","","","","","",,,,,,,,,,,,"","",,,,,,,,,,,,0,0,0,0,0,0,0,0,0,0,0,,0.64,80.13,2,021109bCJ,358.054,1,36,287.4,36,145.472,8,13806,13806,26.82,0,0,0,0,0,2,0,0,0,0,0,0,0,0,0,0,0,173,69.25,0,0,0,0,0,0,1,,,,,3,1,,0,1,0,0,0,0,0,1,1,1,0,2,0,,,0,0,59,25.363673868533,0,,0,0,0,,0,0,0,0,0,,0,,,,0,0,1,,,0,114.4,1,48,3.87120101090789,2,0,0,0,98,1,1,,17591,,,,163.265306122449,1,Q4,high,high,Q4,Q4,,,,,,
1,2810356770,2017-09-23,1509,2,1,214,66,48,109,0.92,3,49.5,5.4,11964,3048.48484848485,8.0223999751813,,,,,27.86,,285.72,1,577.212121212121,6.35820982670022,0,61.13,0,11964,0,3,,11964,0,,,2,4459,5744,11964,,,,,0,0,,,,0,0,8,0,11964,C10AX06,"",C10,C10A,C10AX,C10AX06,"",,,,,,1,,,,,,"","",,,,,,,,,,,,0,0,0,0,0,1,0,0,0,0,0,,1,52.37,2,011509CJB,309.286,0.81,7,215.5,7,165.069,8,13407,13407,27.86,0,0,0,0,0,2,0,0,0,0,0,0,0,0,0,0,0,125,64.5,0,0,0,0,0,0,1,,,,,6,8,,0,0,0,0,0,0,0,1,1,1,0,,0,,,0,0,64,21.124974645839,0,0,0,0,0,,0,0,0,0,0,,0,,,,0,0,0,,,0,138.4,0,60.6060606060606,4.1043948980756,2,0,1,0,66,0,0,,17200,,,,46.1891643709826,1,Q2,low,low,Q1-Q3,Q1-Q3,,,,,,
1,2810357144,2018-12-06,7399.9,2,1,174,54,103,98,0.81,3,92.6,5.5,11307,7991.25269978402,8.9861028099234,,,,,30.26,,1473.89,1,1591.67386609071,7.37254148743484,0,54.92,0,11307,1,2,,11307,0,,,1,4187,5643,11307,13293,13293,1986,11307,1,1,-4368,6939,,0,0,7,0,11307,"","","","","","","",,,,,,,,,,,,"","",,,,,,,,,,,,0,0,0,0,0,0,0,0,0,0,0,,4.68,106.4,2,012909CJB,351.648,2.97,19,183.7,19,99.782,8,12555,12555,30.26,0,0,0,0,0,8,0,0,0,0,0,0,0,1,0,0,0,331,71.75,0,0,0,0,0,0,1,,,,,8,6,,0,1,0,0,0,1,0,,1,1,0,2,0,,,0,0,68,45.2053457858934,0,,0,0,0,,0,0,0,0,0,,0,,1,3,1,1,0,,,0,99.4,0,32.3974082073434,3.47807842599811,2,0,0,0,91,1,1,,16346,,,,87.8159637338903,1,Q4,high,high,Q4,Q4,,,,,,
1,2810357372,2018-07-06,20000,3,1,175,36,125,108,0.98,7.6,233.4,5.6,12409,8568.98029134533,9.05590401867176,1.01027146001467,0.0102190670321223,1,,48.38,,1993.24,1,854.001713796058,6.74993320057351,0,68.98,0,12409,0,3,,12409,0,,,1,4533,5701,12409,,,,,0,0,,,,0,0,8,0,12409,C10AX09,20 MG,C10,C10A,C10AA,C10AA01,"",,,,,1,1,,,,,,C10AA01,"",,,,,,1,1,,,,,0,0,0,0,1,1,1,0,0,0,0,,0.46,144.2,2,021109CJB,476.516,0.73,35,177.5,35,141.285,8,13445,13445,48.38,1,0,0,0,0,8,0,0,0,0,0,0,0,0,0,0,0,210,70,0,0,0,0,0,0,1,,,,,8,8,,0,1,1,0,0,0,0,,1,1,0,2,0,,,0,0,63,30.1320602641205,0,0,1,1,1,,0,0,0,0,0,,0,,,,0,0,1,,,0,114,1,32.5621251071123,3.48314980642197,2,0,0,1,82,1,1,,17230,,,,104.499759650553,1,Q4,high,high,Q4,Q4,,,,,,
1,2810357630,2017-12-23,1439.4,2,1,167,35,115,151,0.9,52.7,40,6.1,12558,3598.5,8.18827237094786,1.41525423728814,0.34730918795109,1,,29.16,,413.83,1,1034.575,6.94174599334937,0,75.34,0,12558,0,3,,12558,0,,,2,4515,5831,12558,,,,10673,1,1,-1885,10673,,0,0,8,0,12558,M01AB01,50 MG,M01,M01A,M01AB,M01AB01,"",,1,,1,,,,,,1,,"","",,,,,,,,,,,,0,1,0,1,0,0,0,0,0,1,0,,88.1,67.93,2,020609CJB,333.642,8.01,30,247.2,30,188.599,8,13658,13658,29.16,0,0,0,0,1,2,0,0,0,0,0,0,0,1,0,0,0,162,59.75,0,0,0,0,0,0,1,,,,,7,8,,0,0,0,1,0,1,0,1,1,1,0,,0,,,0,0,76,31.9039758543094,0,1,0,0,0,,0,0,0,0,0,,0,,1,1,1,0,0,,,0,109,1,1317.5,7.18349128041552,3,1,0,0,62,0,0,,17444,,,,58.0403225806452,1,Q2,low,low,Q1-Q3,Q1-Q3,,,,,,
1,2810357777,2017-11-13,3301.8,2,1,153,53,64,86,0.66,3.9,54,5.5,12027,6114.44444444445,8.71840919271759,2.88882247459653,1.06084897085826,0,,37.68,,907.49,1,1680.53703703704,7.42686868621836,0,62.71,0,12027,0,3,,12027,0,,,2,4688,5703,12027,14105,14105,2078,,0,0,,,,0,0,8,0,12027,"","","","","","","",,,,,,,,,,,,"","",,,,,,,,,,,,0,0,0,0,0,0,0,0,0,0,0,,0.72,29.75,2,012909CJB,803.366,2.01,18,167.9,18,119.941,8,13290,13290,37.68,0,0,0,0,0,2,0,0,0,0,0,0,0,0,0,0,0,119,61.75,0,0,0,0,0,0,1,,,,,3,10,,0,1,0,0,0,0,0,1,1,1,0,2,0,,,0,0,64,21.942123249586,0,0,0,0,0,,0,0,0,0,0,,0,,,,0,0,0,,,0,87.2,1,72.2222222222222,4.27974778555346,2,0,0,0,93,0,1,14337,,14337,28,2310,65.7467144563919,0,Q3,high,high,Q1-Q3,Q1-Q3,Death,6.32443531827515,1,0,0,0
1,2810358630,2017-11-13,471.7,2,1,166,39,130,100,0.95,3,35.1,5.5,11648,1343.87464387464,7.20331224580649,1.62065331928346,0.482829351455662,1,,26.1,,580.98,1,1655.21367521368,7.41168538836777,0,,0,11648,,,,11648,0,,,1,4727,5770,11648,13790,13790,2142,,0,0,,,,0,0,,0,11648,"","","","","","","",,,,,,,,,,,,"","",,,,,,,,,,,,0,0,0,0,0,0,0,0,0,0,0,,0.33,73.45,2,012709bCJ,446.622,0.61,17,207.3,17,159.762,8,12932,12932,26.1,0,0,0,0,0,8,0,0,0,0,0,0,0,0,0,0,0,184,68.75,0,0,0,0,0,0,1,,,,,2,5,,0,1,0,0,0,0,0,,1,1,0,2,0,,,0,0,58,27.3702037652009,0,0,0,1,0,,0,0,0,0,0,,0,,,,0,0,0,,,0,101,0,85.4700854700855,4.44816643717843,2,0,0,0,88,0,0,,16723,,,,15.2713027713028,1,Q1,low,low,Q1-Q3,Q1-Q3,,,,,,
1,2810359318,2017-11-21,4318.9,2,1,213,73,101,119,0.93,12.9,111.5,6,11609,3873.45291479821,8.26190161427282,1.68638573743922,0.522587621928301,0,,67.26,,675.07,1,605.443946188341,6.40596198428729,0,,0,11609,,,,11609,0,,,1,4368,5740,11609,13611,13611,2002,,0,0,,,,0,0,,0,11609,"","","","","","","",,,,,,,,,,,,"","",,,,,,,,,,,,0,0,0,0,0,0,0,0,0,0,0,,1.96,81.48,2,012909CJB,385.93,3.08,19,278.9,19,191.257,8,12870,12870,67.26,0,0,0,0,0,8,0,0,0,0,0,0,0,0,0,0,0,131,64,0,0,1,1,1,1,1,,,,,3,6,,0,1,0,0,0,0,0,,1,1,0,2,0,,,0,1,68,22.4862461443673,0,0,0,0,0,,0,0,0,0,0,,0,,,,0,0,0,,,0,119.8,1,115.695067264574,4.75095799944959,2,0,0,0,84,0,0,15358,,15358,28,3749,46.1125346999786,0,Q2,low,low,Q1-Q3,Q1-Q3,Death,10.2642026009582,1,1,0,0
1,2810359469,2017-10-25,1073.8,2,1,261,103,61,102,0.74,3,19.8,5.6,12456,5423.23232323232,8.59844728627607,,,,,40.22,,268.69,1,1357.0202020202,7.21304654699023,0,68.83,0,12456,0,3,,12456,0,,,2,5229,6492,12456,14513,14513,2057,,0,0,,,,0,0,8,0,12456,"","","","","","","",,,,,,,,,,,,"","",,,,,,,,,,,,0,0,0,0,0,0,0,0,0,0,0,,1.3,65.04,2,020209CJB,263.738,0.82,22,212.7,22,109.814,8,13677,13677,40.22,0,0,0,0,0,2,0,0,0,0,0,0,0,0,0,0,0,161,64.5,0,0,0,0,0,0,1,,,,,7,2,,0,0,0,0,0,0,0,1,1,1,0,,0,,,0,0,61,27.2089673438406,0,,0,0,0,,0,0,0,0,0,,0,,,,0,0,0,,,0,145.8,0,151.515151515152,5.02068562994976,2,0,0,0,87,0,1,,17465,,,,62.3360037153141,1,Q3,low,low,Q1-Q3,Q1-Q3,,,,,,
1,2810360638,2017-11-26,4841.2,2,1,223,37,218,109,1.18,3,121.3,5.9,12510,3991.09645507007,8.29182127290254,2.47139588100687,0.904783125022675,0,,28.66,,1292.04,1,1065.16075845012,6.97088101365371,0,72.66,0,12510,0,3,,12510,0,,,1,4584,5792,12510,14497,14497,1987,,0,0,,,,0,0,8,0,12510,C09CA03,160 MG,C09,C09C,C09CA,C09CA03,"",,,,,1,,,1,,,,"","",,,,,,,,,,,,0,0,0,0,1,0,0,1,0,0,0,,1.79,151.5,2,020309CJB,527.44,2.35,23,199.6,23,198.136,8,13705,13705,28.66,1,0,0,0,0,8,0,0,0,0,0,0,0,0,0,0,0,180,65.25,0,0,0,0,0,0,1,,,,,3,7,,0,1,1,0,0,0,0,,1,1,0,2,0,,,0,0,70,29.7246730046373,0,0,1,0,1,,0,0,0,0,0,,0,,,,0,0,0,,,0,142.4,0,24.7320692497939,3.20810075170024,1,0,0,0,62,0,0,,17493,,,,64.3725234688722,1,Q2,low,low,Q1-Q3,Q1-Q3,,,,,,
1,2810360768,2017-12-23,934.6,2,1,172,58,51,102,0.93,3,59.1,5.4,12704,1581.38747884941,7.36605789184237,2.90875912408759,1.06772657240215,0,,35.54,,448.58,1,759.018612521151,6.63202629952072,0,67.77,0,12704,0,3,,12704,0,,,1,,,12704,14677,14677,1973,,0,0,,,,0,0,8,0,12704,M01AE01,200 MG,M01,M01A,M01AE,M01AE01,"",,1,,,,,,,,,,"","",,,,,,,,,,,,0,1,0,0,0,0,0,0,0,0,0,,0.67,54.24,2,020609CJB,438.766,1.05,30,242.3,30,149.826,8,13808,13808,35.54,0,0,0,0,0,8,0,0,0,0,0,0,0,0,0,0,0,243,71.5,0,0,0,0,0,0,1,,,,,7,2,,0,0,0,0,0,0,0,,1,1,0,,0,,,0,0,50,33.4194888156024,0,0,0,0,0,,0,0,0,0,0,,0,,,,0,0,0,,,0,103.8,0,50.761421319797,3.92713664323819,2,0,0,0,95,0,0,,17594,,,,16.6461839878885,1,Q1,low,low,Q1-Q3,Q1-Q3,,,,,,
1,2810360834,2018-12-17,820.2,2,1,137,35,103,152,1.6,18.1,92.2,7.3,12224,889.587852494577,6.7907582683835,2.0014164305949,0.693855145191285,0,,26.58,,870.24,1,943.861171366594,6.84997909110019,0,66,0,12224,0,3,,12224,0,,,1,4628,5718,12224,14276,14276,2052,,0,0,,,,0,0,8,0,12224,M01AB05,20/25 MG,C03,C03A,C03AA,C03AA03,"",,1,,1,1,1,1,,,1,,C03AA03,"",,,,,,,,1,,,,0,1,0,1,1,1,1,1,0,1,0,,1.21,123.4,2,020509CJB,876.624,3.66,29,164.8,29,140.914,8,13343,13343,26.58,1,0,0,0,1,8,0,0,0,0,0,0,0,0,0,0,0,190,67.5,0,0,0,0,0,0,1,,,,,2,7,,0,0,1,1,0,0,0,,1,1,0,,0,,,0,0,70,29.3191697494506,0,1,1,1,1,,0,0,0,0,0,,0,,,,0,0,0,,,0,81.4,1,196.312364425163,5.27970708669137,2,1,0,1,43,0,0,,17129,,,,20.6880895928971,1,Q1,low,low,Q1-Q3,Q1-Q3,,,,,,
7,2810361632,2017-08-10,3758,2,1,166,71,81,91,1.2,3,134,5.9,3675,2804.4776119403,7.93897256601059,3.58488888888889,1.27672748023485,0,2,55.82,57.44,879.89,2,656.634328358209,6.48712728569628,0,64.68,0,3675,0,3,,3675,0,,,1,3675,5589,,,5589,1914,,0,0,,,,0,0,8,0,3675,C10AA05,10 MG,C10,C10A,C10AA,C10AA05,"",,,,,,1,1,,,,,"","",,,,,,,,,,,,0,0,0,0,0,1,1,0,0,0,0,,0.55,37.26,2,122908CJB,454.858,0.93,2,185.1,2,124.847,3,,,55.82,0,0,0,0,0,,0,0,0,0,0,0,,,,,0,133,68.5,0,0,0,0,0,0,,,1,,,8,1,,0,1,0,0,,,0,,2,3,0,2,0,,,0,0,55,19.9285688144609,0,0,0,1,0,,0,0,0,0,0,,0,,,,0,0,0,,,0,78.8,0,22.3880597014925,3.10852776769934,1,0,0,1,68,0,0,,8292,,,,41.2423178226515,1,Q2,low,low,Q1-Q3,Q1-Q3,,,,,,
7,2810361934,2017-08-22,3165.3,2,1,233,50,221,101,0.61,7.7,43.7,5.7,3832,7243.24942791762,8.8878252007027,1.99590163934426,0.691095897789388,0,,44.28,,747.79,1,1711.18993135011,7.44494427378064,0,66.85,0,3832,0,3,,3832,0,,,2,3832,,,,,,,0,0,,,,0,0,8,0,3832,"","","","","","","",,,,,,,,,,,,"","",,,,,,,,,,,,0,0,0,0,0,0,0,0,0,0,0,,12.95,127.5,2,010809CJB,811.58,11.18,5,179.8,5,168.031,3,,,44.28,1,0,0,0,0,,0,0,0,0,0,0,,,,,0,105,57,,,,,,,,,,,,2,0,,1,0,1,0,,,0,,,,0,1,0,,,0,0,82,22.7219291003679,0,0,0,0,1,,0,0,0,0,0,,0,,,,0,0,0,,,0,138.8,1,176.201372997712,5.17162750574023,2,0,0,0,84,1,1,7542,6479,7542,27,3710,86.2291598561622,0,Q4,high,high,Q4,Q4,,10.1574264202601,1,1,0,0
1,2810362417,2018-07-06,20000,3,1,160,34,257,107,1.18,86.4,343.4,5.9,12085,5824.111822947,8.66976179006085,1.36761710794297,0.313069888168772,1,,61.86,,2038.83,1,593.718695398952,6.38640563042031,0,54.09,1,12085,1,2,1,12085,0,,,1,4307,5706,12085,13912,13912,1827,,0,0,,,,0,0,7,0,12085,C10AA01,80 MG,C10,C10A,C10AA,C10AA01,"",,,,1,1,1,1,,,,1,"","",,,,,,,,,,,,0,0,0,1,1,1,1,0,0,0,1,,28.44,137.6,2,022009CJB,,,48,261.3,48,155.761,8,12795,12795,61.86,1,0,0,0,0,8,0,0,0,0,0,0,0,0,0,0,0,196,68.5,0,0,0,0,0,0,1,,,,,4,6,,0,1,1,0,0,0,0,,1,1,0,2,0,,,0,0,74,29.3684172002581,0,0,1,1,1,,0,0,0,0,1,9708,0,,,,0,0,1,,,0,74.6,1,251.601630751311,5.52784700632877,2,0,0,1,60,0,1,,16576,9708,1,4491,97.06853038245,0,Q3,high,high,Q4,Q1-Q3,MI,12.2956878850103,1,1,1,0
1,2810363141,2017-11-13,438.2,2,1,196,46,80,125,0.88,3,14.3,6.2,12001,3064.33566433566,8.0275860758836,2.10199296600234,0.742885926113454,0,,34.5,,203.16,1,1420.6993006993,7.25890449465527,0,64.42,0,12001,0,3,,12001,0,,,2,4607,5711,12001,14128,14128,2127,,0,0,,,,0,0,8,0,12001,"","","","","","","",,,,,,,,,,,,"","",,,,,,,,,,,,0,0,0,0,0,0,0,0,0,0,0,,0.73,104.4,2,012709bCJ,318.334,3.8,18,231.9,18,169.841,8,13275,13275,34.5,0,0,0,0,0,2,0,0,0,0,0,0,0,0,0,0,0,174,65.5,0,0,0,0,0,0,1,,,,,7,2,,0,1,0,0,0,0,0,1,1,1,0,2,0,,,0,0,65,28.5149267926879,0,0,0,0,0,,0,0,0,0,0,,0,,,,0,0,1,,,0,134,0,209.79020979021,5.34610803038439,2,0,0,0,69,0,0,,17066,,,,44.4106618019661,1,Q2,low,low,Q1-Q3,Q1-Q3,,,,,,
1,2810363262,2018-01-01,1488.3,2,1,180,32,100,101,1.23,117.2,169.1,5.2,12285,880.130100532229,6.78006973805867,1.69992325402916,0.530583105354391,0,,43.08,,1033.21,1,611.0053222945,6.41510566992662,0,58.99,2,12285,0,3,,12285,0,,,1,4622,5716,12285,,,,,0,0,,,,0,0,8,0,12285,M01AE02,200 MG,M01,M01A,M01AE,M01AE02,"",,1,,,,,,,,,,"","",,,,,,,,,,,,0,1,0,0,0,0,0,0,0,0,0,,5.13,58.06,2,021009CJB,500.668,5.3,34,183.9,34,174.757,8,13324,13324,43.08,0,0,0,0,0,8,0,0,0,0,0,0,0,0,0,0,0,215,69.5,0,0,0,0,0,0,1,,,,,6,6,,0,1,0,0,0,0,0,,1,1,0,2,0,,,0,0,73,31.2949645101195,0,0,0,0,0,,0,0,0,0,0,,0,,,,0,0,0,,,0,128,1,693.081017149616,6.54114690022051,3,0,0,0,58,0,0,15204,,15204,28,2919,15.1746569057281,0,Q1,low,low,Q1-Q3,Q1-Q3,Death,7.9917864476386,1,0,0,0
1,2810364507,2018-01-28,1790.5,2,1,273,62,99,97,0.73,3,28.5,5.4,11686,6282.45614035088,8.74551628815197,1.45944380069525,0.378055404709237,1,,69.32,,358.55,1,1258.0701754386,7.13733421904207,0,68.6,0,11686,0,3,,11686,0,,,2,4468,5702,11686,13233,13233,1547,,0,0,,,,0,0,8,0,11686,"","","","","","","",,,,,,,,,,,,"","",,,,,,,,,,,,0,0,0,0,0,0,0,0,0,0,0,,3.37,61.76,2,021809CJB,283.894,1.03,43,284.2,43,205.566,8,12585,12585,69.32,0,0,0,0,0,2,1,1,1,0,0,0,0,0,0,0,0,170,62.5,0,0,0,0,0,0,1,,,,,4,1,,0,1,0,0,0,0,0,1,1,1,2,2,0,,,0,0,61,30.5981027962056,1,0,0,0,0,,0,0,0,0,0,,0,,,,0,0,1,,,0,191.2,0,105.263157894737,4.65646348037564,2,0,0,0,89,0,1,,16366,,,,70.5893948354031,1,Q3,high,high,Q1-Q3,Q1-Q3,,,,,,
1,2810364583,2017-12-02,4100.7,2,1,231,48,173,85,1,3,126.2,5.5,12522,3249.36608557845,8.0862152057077,2.17675159235669,0.777833670255751,0,,50.84,,1260.73,1,998.993660855784,6.90674843313872,0,65.07,0,12522,0,3,,12522,0,,,1,4571,5811,12522,14619,14619,2097,,0,0,,,,0,0,8,0,12522,"","","","","","","",,,,,,,,,,,,"","",,,,,,,,,,,,0,0,0,0,0,0,0,0,0,0,0,,0.73,26.72,2,020409CJB,444.314,0.89,25,251.1,25,215.122,8,13691,13691,50.84,0,0,0,0,0,8,0,0,0,0,0,0,0,0,0,0,0,216,74.75,0,0,0,0,0,0,1,,,,,8,1,,0,1,0,0,0,0,0,,1,1,0,2,0,,,0,0,51,27.1792187973141,0,0,0,0,0,,0,0,0,0,0,,0,,,,0,0,0,,,0,148.4,0,23.7717908082409,3.16849961754313,1,0,0,0,87,0,0,,17479,,,,37.3490354664189,1,Q2,low,low,Q1-Q3,Q1-Q3,,,,,,
1,2810364718,2017-12-02,1493.4,2,1,149,51,73,88,0.84,3,41.7,5.6,11797,3581.29496402878,8.18347973578494,1.69460856720827,0.527451780362668,0,,33.28,,196.09,1,470.239808153477,6.15324279469476,0,62.46,0,11797,0,3,,11797,0,,,2,4384,5685,11797,13910,13910,2113,,0,0,,,,0,0,8,0,11797,C10AA05,10 MG,C10,C10A,C10AA,C10AA05,"",,,,,,1,1,,,,,"","",,,,,,,,,,,,0,0,0,0,0,1,1,0,0,0,0,,0.76,22.59,2,020409CJB,373.654,0.79,26,115,26,111.362,8,12958,12958,33.28,0,0,0,0,0,2,0,0,0,0,0,0,0,0,0,0,0,117,60,0,0,0,0,0,0,1,,,,,7,2,,0,1,0,0,0,0,0,1,1,1,0,2,0,,,0,0,60,22.8501457002914,0,0,0,1,0,,0,0,0,0,0,,0,,,,0,0,1,,,0,83.4,0,71.9424460431655,4.27586643884549,2,0,0,1,76,0,0,,16745,,,,47.1223021582734,1,Q2,low,low,Q1-Q3,Q1-Q3,,,,,,
1,2810364919,2018-06-30,20000,3,1,223,33,173,104,1.13,9.1,225.8,5.6,12008,8857.39592559787,9.08900808680866,2.94826457105436,1.08121671624805,0,,35.66,,1268.54,1,561.798051372896,6.33114244612176,0,73.25,0,12008,0,3,,12008,0,,,1,4299,5659,12008,14240,14240,2232,,0,0,,,,0,0,8,0,12008,C03AA03,25 MG,C03,C03A,C03AA,C03AA03,"",,,,,,,,1,,,,"","",,,,,,,,,,,,0,0,0,0,0,0,0,1,0,0,0,,1.88,66.69,2,020909CJB,354.178,1.56,33,233.2,33,235.956,8,13071,13071,35.66,1,0,0,0,0,8,0,0,0,0,0,0,0,0,0,0,0,171,68.25,0,0,0,0,0,0,1,,,,,8,6,,0,1,1,0,0,0,0,,1,1,0,2,0,,,0,0,67,25.8104996345242,0,0,1,0,1,,0,0,0,0,0,,0,,,,0,0,0,,,0,155.4,1,40.3011514614703,3.69638004078938,2,0,0,0,67,1,1,,14240,,,,132.199939188028,1,Q4,high,high,Q4,Q4,,,,,,
1,2810365727,2017-08-23,4384.5,2,1,222,109,85,86,0.72,3,57.3,4.9,11261,7651.83246073298,8.94270043548681,1.41604278074866,0.347866207208267,1,,45.82,,1068.25,1,1864.31064572426,7.53064663679153,0,71.56,0,11261,0,3,,11261,0,,,2,4608,5541,11261,13568,13568,2307,13652,1,0,1371,12632,,0,0,8,0,11261,C09CA01,50/12.5 MG,C03,C03A,C03AA,C03AA03,"",,,,,1,,,,,,,C03AA03,"",,,,,,,,1,,,,0,0,0,0,1,0,0,1,0,0,0,,2.23,24.54,2,010909CJB,493.142,1.94,1,136.9,1,91.904,8,12869,12869,45.82,1,0,0,0,0,2,0,0,0,0,0,0,0,0,0,0,0,160,64,0,0,0,0,0,0,1,,,,,8,6,,0,,1,0,0,0,0,1,1,1,0,,0,,,0,0,66,27.4641174282349,0,0,1,0,1,,0,0,0,0,0,,0,,1,2,0,0,0,,,0,96,0,52.3560209424084,3.95806694392955,2,0,0,0,87,1,1,,16663,,,,87.9520972498044,1,Q4,high,high,Q4,Q4,,,,,,
1,2810366756,2018-01-10,1711.8,2,1,165,63,82,113,0.93,3.9,53.9,5.7,12436,3175.88126159555,8.06334043552065,2.18214285714286,0.780307356002346,0,,47.8,,490.9,1,910.760667903525,6.81428014913715,0,62.57,0,12436,0,3,,12436,0,,,1,4525,5764,12436,14444,14444,2008,,0,0,,,,0,0,8,0,12436,"","","","","","","",,,,,,,,,,,,"","",,,,,,,,,,,,0,0,0,0,0,0,0,0,0,0,0,,0.37,38.35,2,021209CJB,360.334,1.32,37,204.1,37,149.826,8,13429,13429,47.8,0,0,0,0,0,8,0,0,0,0,0,0,0,0,0,0,0,171,71.25,0,0,0,0,0,0,1,,,,,7,8,,0,1,0,0,0,0,0,,1,1,0,2,0,,,0,0,59,23.6827421023263,0,,0,0,0,,0,0,0,0,0,,0,,,,0,0,0,,,0,85.6,1,72.3562152133581,4.28160135420279,2,0,0,0,90,0,0,,17214,,,,35.2875695732839,1,Q2,low,low,Q1-Q3,Q1-Q3,,,,,,
1,2810368163,2017-09-23,4298.5,2,1,228,49,163,96,0.82,3,83.4,5.3,11609,5154.07673860911,8.54754328023789,2.79723756906077,1.02863234771004,0,,35.74,,764.82,1,917.05035971223,6.82116238864628,0,,0,11609,,,,11609,0,,,1,4300,5599,11609,13849,13849,2240,,0,0,,,,0,0,,0,11609,"","","","","","","",,,,,,,,,,,,"","",,,,,,,,,,,,0,0,0,0,0,0,0,0,0,0,0,,3.4,131.5,2,011509CJB,370.144,1.93,7,254.2,7,203.089,8,13056,13056,35.74,0,0,0,0,0,8,0,0,0,0,0,0,0,0,0,0,0,293,72.25,0,0,0,0,0,0,1,,,,,4,1,,0,1,0,0,0,0,0,,1,1,0,2,0,,,0,0,48,39.4636753881211,0,,0,0,0,,0,0,0,0,0,,0,,,,0,0,0,,,0,146.4,0,35.9712230215827,3.58271925828555,2,0,0,0,105,0,1,,16849,,,,49.0864451296106,1,Q3,low,low,Q1-Q3,Q1-Q3,,,,,,
1,2810368438,2017-10-30,1945,2,1,202,73,65,89,0.8,6.4,71.4,5.5,12329,2724.08963585434,7.9098895726951,1.0685618729097,0.0663137004269031,1,,48.56,,869.63,1,1217.96918767507,7.10494015047454,0,56.51,0,12329,0,3,,12329,0,,,1,4613,5806,12329,14483,14483,2154,,0,0,,,,0,0,8,0,12329,M01AX05,750/600 MG,M01,M01A,M01AX,M01AX25,"",,1,,,,,,,,,,M01AX25,"",,1,,,,,,,,,,0,1,0,0,0,0,0,0,0,0,0,,2.28,34.92,2,012609CJB,340.552,1.22,15,221.1,15,144.281,8,13639,13639,48.56,0,0,0,0,0,8,0,0,0,0,0,0,0,0,0,0,0,170,65,0,0,0,0,0,0,1,,,,,3,7,,0,1,0,0,0,0,0,,1,1,0,2,0,,,0,0,77,28.2896660467877,0,0,0,0,0,,0,0,0,0,0,,0,,,,0,0,1,,,0,116,1,89.6358543417367,4.49575540000222,2,0,0,0,86,0,0,15841,,15841,27,3512,31.6754608820272,0,Q2,low,low,Q1-Q3,Q1-Q3,,9.61533196440794,1,0,0,0
1,2810368723,2018-01-26,727.1,2,1,167,48,81,87,0.79,3,96.8,5.1,12649,751.136363636364,6.62158721136157,3.12664640324215,1.13996099348962,0,,37.94,,375.21,1,387.613636363636,5.96000906093449,0,67.41,0,12649,0,3,,12649,0,,,2,4552,5799,12649,14717,14717,2068,,0,0,,,,0,0,8,0,12649,M01AE01,200 MG,M01,M01A,M01AE,M01AE01,"",,1,,,,,,,,,,"","",,,,,,,,,,,,0,1,0,0,0,0,0,0,0,0,0,,0.86,47.71,2,021409CJB,226.712,0.56,41,317.5,41,200.698,8,13576,13576,37.94,0,0,0,0,0,0,0,0,0,0,0,0,0,0,0,0,0,197,71.25,0,0,0,0,0,0,1,,,,,8,0,,0,1,0,0,0,0,0,0,1,1,0,2,0,,,0,0,49,27.2836268664227,0,0,0,0,0,,0,0,0,0,0,,0,,,,0,0,0,,,0,102.8,0,30.9917355371901,3.43372057336772,2,0,0,0,88,0,0,,17360,,,,8.53564049586777,1,Q1,low,low,Q1-Q3,Q1-Q3,,,,,,
1,2810369979,2017-12-24,4098.2,2,1,201,59,208,110,0.81,7.4,91.4,5.4,11812,4483.80743982495,8.40822783943072,1.86257073565077,0.621957649423294,0,,29.9,,1881.15,1,2058.15098468271,7.62956327846616,0,73.08,0,11812,0,3,,11812,0,,,2,4342,5693,11812,,,,,0,0,,,,0,0,8,0,11812,C10AA03,40 MG,C10,C10A,C10AA,C10AA03,"",,,,,,1,1,,,,,"","",,,,,,,,,,,,0,0,0,0,0,1,1,0,0,0,0,,1.01,42.79,2,020709CJB,390.438,0.86,32,137,32,84.93,8,12889,12889,29.9,0,0,0,0,0,2,1,1,1,0,0,0,0,0,0,0,0,120,59.25,0,0,0,0,0,0,1,,,,,4,1,,0,1,0,0,0,0,0,1,1,1,2,2,0,,,0,0,71,24.0331196893767,1,0,0,1,0,,0,0,0,0,0,,0,,,,0,0,1,,,0,100.4,1,80.9628008752735,4.39398980073216,2,0,0,1,73,0,1,,16590,,,,61.4220197236294,1,Q3,low,low,Q1-Q3,Q1-Q3,,,,,,
1,2810370026,2018-07-06,20000,3,1,124,44,101,98,1.3,49.8,251.5,5.4,11558,7952.28628230616,8.98121474898443,2.11923920994879,0.751057161045401,0,,41.88,,2949.83,1,1172.89463220676,7.06723001700301,0,27.63,4,11558,1,1,1,11558,1,-1056,10502,1,4314,5613,11558,14086,14086,2528,10556,1,1,-1002,10556,,1,0,5,1,11558,C10AX06,1000 MG,C10,C10A,C10AX,C10AX06,"",,,,1,1,1,1,1,,,1,"","",,,,,,,,,,,,0,0,0,1,1,1,1,1,0,0,1,,0.71,71.31,2,020909CJB,436.892,4.62,32,204.7,32,144.3,8,12629,12629,41.88,1,0,0,0,0,8,0,0,0,0,0,0,1,1,0,1,1,168,66.5,0,0,0,0,0,0,1,,,,,7,6,,0,1,1,0,1,1,1,,1,1,0,2,0,,,1,0,82,26.7098595139019,0,0,1,1,1,141,0,1,1,1,1,1241,0,,1,2,1,0,1,,,0,59.8,1,198.011928429423,5.28832727347295,2,0,0,1,51,1,1,15122,,0,6,,155.927182006003,1,Q4,high,high,Q4,Q4,Angina,,,,,
7,2810370631,2017-08-12,4198.6,2,1,171,46,106,115,0.66,5.8,76.2,6.2,4271,5509.97375328084,8.61431513866571,2.82300163132137,1.03780072713919,0,3.3,32.98,34.56,1022.6,2,1341.99475065617,7.20191240594139,0,76.71,0,4271,0,3,,4271,0,,,2,4271,,,,,,,0,0,,,,0,0,8,0,4271,"","","","","","","",,,,,,,,,,,,"","",,,,,,,,,,,,0,0,0,0,0,0,0,0,0,0,0,,4.61,67.8,2,123008CJB,325.31,11.35,3,202.4,3,139.518,3,,,32.98,1,0,0,0,2,,0,0,0,0,0,0,,,,,0,143,59.25,0,0,0,0,0,0,1,,,,,,6,,1,0,1,1,,,0,,1,1,0,1,0,,,0,0,67,28.6394676298406,0,0,1,0,1,,0,0,0,0,0,,0,,,,0,0,0,,,0,103.8,1,76.1154855643045,4.33225173384191,2,0,0,0,91,0,1,,8862,,,,60.5491621239653,1,Q3,low,low,Q1-Q3,Q1-Q3,,,,,,
1,2810371221,2017-11-13,2730,2,1,185,76,50,121,0.85,3,42.6,5.8,11813,6408.45070422535,8.76537282089177,2.25457875457875,0.812963150439549,0,,25.9,,465.51,1,1092.74647887324,6.99644951147627,0,64.29,0,11813,0,3,,11813,0,,,2,4242,5659,11813,13882,13882,2069,,0,0,,,,0,0,8,0,11813,C09AA03,5/50 MG,C03,C03A,C03AA,C03AA03,"",,,,1,1,,,1,,,,C03AA03,"",,,,,,,,1,,,,0,0,0,1,1,0,0,1,0,0,0,,2.11,59.72,2,012709CJB,313.99,0.36,16,210.6,16,132.297,8,13108,13108,25.9,1,0,0,0,0,2,0,0,0,0,0,0,0,0,0,0,0,201,63,0,0,0,0,0,0,1,,,,,3,0,,0,1,1,0,0,0,0,1,1,1,0,2,0,,,0,0,63,35.6057854972853,0,0,1,0,1,,0,0,0,0,0,,0,,,,0,0,1,,,0,99,0,70.4225352112676,4.25451331437492,2,0,0,0,73,0,1,,16899,,,,87.7869959482925,1,Q3,high,high,Q4,Q1-Q3,,,,,,
1,2810372238,2017-11-13,1557.8,2,1,168,47,91,107,0.94,3,47.2,5.6,11358,3300.42372881356,8.10180614188243,1.3705941591138,0.315244338606294,1,,23.94,,655.23,1,1388.19915254237,7.23576261243301,0,64.7,0,11358,0,3,1,11358,0,,,1,4483,5624,11358,13485,13485,2127,,0,0,,,,0,0,8,0,11358,M01AX05,500/400 MG,M01,M01A,M01AX,M01AX25,"",,1,,,,,,,,,,M01AX25,"",,1,,,,,,,,,,0,1,0,0,0,0,0,0,0,0,0,,1.33,62.14,2,012709bCJ,403.772,3.15,18,245.8,18,161.448,8,12632,12632,23.94,0,0,0,0,0,8,0,0,0,0,0,0,0,0,0,0,0,211,68.5,0,0,0,0,0,0,1,,,,,4,2,,0,1,0,0,0,0,0,,1,1,0,2,0,,,0,0,66,31.6160001492575,0,0,0,0,0,140,0,1,1,0,1,11582,0,,,,0,0,0,,,0,102.8,0,63.5593220338983,4.15197367505874,2,0,0,0,84,0,0,,16423,11582,1,5065,39.2907586763519,1,Q2,low,low,Q1-Q3,Q1-Q3,MI,13.8672142368241,1,1,1,0
1,2810372337,2018-12-08,5694.1,2,1,192,66,68,96,0.78,3,32.7,5.8,12390,17413.1498470948,9.76498093811498,3.26629834254144,1.18365733836817,0,,29.88,,1104.9,1,3378.89908256881,8.12530522020401,0,66.11,0,12390,0,3,,12390,0,,,2,5158,6271,12390,14540,14540,2150,,0,0,,,,0,0,8,0,12390,C10AA05,20 MG,C10,C10A,C10AA,C10AA05,"",,,,,,1,1,,,,,"","",,,,,,,,,,,,0,0,0,0,0,1,1,0,0,0,0,,0.68,33.18,2,020409CJB,352.154,1.31,26,226.5,26,144.872,8,13552,13552,29.88,0,0,0,0,0,2,0,0,0,0,0,0,0,0,0,0,0,94,61,0,0,0,0,0,0,1,,,,,3,7,,0,0,0,0,0,0,0,1,1,1,0,,0,,,0,0,74,17.7612609995443,0,0,0,1,0,,0,0,0,0,0,,0,,,,0,0,0,,,0,112.4,0,91.743119266055,4.51899248974704,2,0,0,1,75,1,1,,17339,,,,232.175331294597,1,Q4,high,high,Q4,Q4,,,,,,
1,2810372764,2018-06-30,20000,3,1,171,48,146,93,1.37,4.4,157.8,5.7,11882,12674.2712294043,9.44732933011245,,,,,40.2,,2227.3,1,1411.47021546261,7.25238714613376,0,72.99,0,11882,0,3,,11882,0,,,2,4273,5650,11882,,,,,0,0,,,,0,0,8,0,11882,C09AA03,10 MG,C09,C09A,C09AA,C09AA03,"",,,1,1,1,,,1,,,,"","",,,,,,,,,,,,0,0,1,1,1,0,0,1,0,0,0,,18.15,193.2,2,013009CJB,477.95,19.13,21,194.9,21,120.717,8,13118,13118,40.2,1,0,0,0,0,2,0,0,0,0,0,0,0,0,0,0,0,220,59.5,1,1,1,1,0,0,1,,,,,2,0,,0,1,1,0,0,0,0,1,1,1,0,2,0,,,0,1,74,43.6912391372979,0,0,1,0,1,,0,0,0,0,0,,0,,,,0,0,1,,,0,93.8,1,27.8833967046895,3.32803141149458,1,0,0,0,38,1,1,12374,,12374,28,492,333.533453405377,0,Q4,high,high,Q4,Q4,Death,1.34702258726899,0,0,0,0
1,2810373182,2018-01-01,1611.7,2,,,,,,,3,99.4,,11946,1621.42857142857,7.39106287385424,1.83269598470363,0.605788098420776,0,,,,862,,867.203219315895,6.76527334298926,0,,0,11946,,,,11946,0,,,1,3840,5619,11946,13876,13876,1930,8580,1,1,-5047,6899,,0,0,,0,11946,C10AA05,10 MG,C10,C10A,C10AA,C10AA05,"",,,,,,1,1,,,,,"","",,,,,,,,,,,,0,0,0,0,0,1,1,0,0,0,0,,,,,"",,,,,,,,,,,0,0,0,0,0,8,0,0,0,0,0,0,0,0,0,0,0,198,68,0,0,0,0,0,0,1,,,,,8,1,,0,1,0,0,0,0,0,,1,1,0,2,0,,,0,0,60,30.1059944680443,0,0,0,1,0,,0,0,0,0,0,,0,,1,4,1,0,0,,,0,,0,30.1810865191147,3.40721545398772,2,,0,1,,0,0,,16775,,,,,1,Q1,low,,,Q1-Q3,,,,,,
1,2810373314,2017-10-30,3742.7,2,1,178,31,305,98,0.93,3,145.8,5.5,11313,2567.00960219479,7.8504969214932,2.8230563002681,1.03782009249016,0,,24.58,,1079.81,1,740.610425240055,6.60747474512909,0,68.66,0,11313,0,3,,11313,0,,,1,,5335,11313,,,,12854,1,0,1541,12854,,0,0,8,0,11313,"","","","","","","",,,,,,,,,,,,"","",,,,,,,,,,,,0,0,0,0,0,0,0,0,0,0,0,,0.72,66.7,2,012609CJB,656.248,0.83,14,158.2,14,147.52,8,12645,12645,24.58,1,0,0,0,0,8,0,0,0,0,0,0,0,0,0,0,0,187,72.25,0,0,0,0,0,0,1,,,,,8,1,,0,1,1,0,0,0,0,,1,1,0,2,0,,,0,0,57,25.186714326207,0,0,0,0,1,,0,0,0,0,0,,0,,1,2,0,0,0,,,0,86,0,20.5761316872428,3.02413174807569,1,0,0,0,91,0,0,,16437,,,,28.2088967274152,1,Q1,low,low,Q1-Q3,Q1-Q3,,,,,,
1,2810374364,2017-11-21,712.4,2,1,181,42,153,98,1.2,65.1,68.9,5.5,11453,1033.96226415094,6.94115355938399,1.01614639397201,0.016017427331662,1,,36.06,,643.23,1,933.570391872279,6.83901636653659,0,65.32,0,11453,0,3,13,11453,1,-558,10895,2,4430,5627,11453,,,,11118,1,1,-565,10888,,1,0,6,1,11453,C10AX09,10 MG,C10,C10A,C10AX,C10AX09,"",,,,1,1,1,1,1,,1,,"","",,,,,,,,,,,,0,0,0,1,1,1,1,1,0,1,0,,0.19,69.94,2,012709bCJ,552.654,0.84,17,227,17,191.52,8,12736,12736,36.06,1,0,0,0,1,2,0,0,0,0,0,0,,1,0,0,1,134,63.5,0,0,0,0,0,0,1,,,,,7,0,,0,1,1,1,0,1,1,1,1,1,0,2,0,,,1,0,74,23.3648480192986,0,1,1,1,1,141,0,1,0,1,1,10895,1,8839,1,1,1,0,1,,,0,108.4,1,944.847605224964,6.85102365017705,3,1,0,1,44,0,0,12825,,8839,13,,23.4991423670669,1,Q1,low,low,Q1-Q3,Q1-Q3,Cancer Death,,,,,
1,2810375314,2018-07-06,20000,3,1,231,68,79,95,0.65,11.1,174.5,6.1,11853,11461.3180515759,9.34673299688174,3.1400172860847,1.14422830502753,0,,51.98,,1748.72,1,1002.13180515759,6.90988481506736,0,70.08,0,11853,0,3,,11853,0,,,2,,5670,11853,13938,13938,2085,,0,0,,,,0,0,8,0,11853,"","","","","","","",,,,,,,,,,,,"","",,,,,,,,,,,,0,0,0,0,0,0,0,0,0,0,0,,0.94,86.25,2,021809CJB,364.378,2.07,43,143.1,43,96.324,8,12739,12739,51.98,0,0,0,0,0,2,0,0,0,0,0,0,0,0,0,0,0,145,65.5,0,0,0,0,0,0,1,,,,,4,1,,0,1,0,0,0,0,0,1,1,1,0,2,0,,,0,0,57,23.7624389939066,0,,0,0,0,,0,0,0,0,0,,0,,,,0,0,0,,,0,147.2,1,63.6103151862464,4.15277564565794,2,0,0,0,99,1,1,,16520,,,,115.770889409858,1,Q4,high,high,Q4,Q4,,,,,,
7,2810375414,2017-08-10,3520.4,2,1,210,62,145,96,0.73,3,45.7,5.9,3373,7703.28227571116,8.94940178658759,1.01953818827709,0.0193497681798761,1,1.2,51.32,50.48,517.29,2,1131.92560175055,7.03167553376808,0,64.4,0,3373,0,3,,3373,0,,,2,3373,5395,,,5395,2022,,0,0,,,,0,0,8,0,3373,C07AB03,37.5/25 MG,C03,C03A,C03AA,C03AA03,"",,,,1,,,,1,,,,C03AA03,"",,,,,,,,1,,,,0,0,0,1,0,0,0,1,0,0,0,,3.72,121.8,2,122908CJB,202.982,2.56,2,129.1,2,129.772,3,,,51.32,1,0,0,0,0,,0,0,0,0,0,0,,,,,0,214,63.25,0,0,0,0,0,0,,1,,,,8,6,,0,1,1,0,,,0,,2,2,0,2,0,,,0,0,74,37.6095663844377,0,0,1,0,1,,0,0,0,0,0,,0,,,,0,0,0,,,0,119,0,65.6455142231947,4.18426926975009,2,0,0,0,94,1,1,,7993,,,,81.9498114437358,1,Q4,high,high,Q1-Q3,Q4,,,,,,
1,2810375576,2018-01-01,4120.4,2,1,155,53,125,98,1.02,11.8,81.4,5.5,12062,5061.91646191646,8.52950043798914,0.972545757071547,-0.0278381536230845,1,,34.62,,943.12,1,1158.62407862408,7.05498844096347,0,59.31,0,12062,0,3,,12062,0,,,1,4249,5667,12062,14094,14094,2032,12062,1,1,-226,11836,,0,0,8,0,12062,C10AA05,40 MG,C10,C10A,C10AA,C10AA05,"",,,,1,,1,1,,,,1,"","",,,,,,,,,,,,0,0,0,1,0,1,1,0,0,0,1,,2.25,63.71,2,021009CJB,422.162,1.73,34,190.2,34,137.846,8,13114,13114,34.62,1,0,0,0,0,8,0,0,0,0,0,0,0,1,0,0,0,186,66.25,0,0,0,0,0,0,1,,,,,3,8,,0,1,1,0,0,1,0,,1,1,0,2,0,,,0,0,70,29.7952333889716,0,0,1,1,1,,0,0,0,0,0,,0,,1,3,1,1,0,,,0,77,1,144.963144963145,4.97647953744526,2,0,0,1,74,0,1,,16444,9118,6,4382,68.4042765123846,0,Q3,low,high,Q1-Q3,Q1-Q3,Angina,11.9972621492129,1,1,0,0
1,2810376066,2018-01-06,1311.4,2,1,214,64,89,100,0.92,3,43.9,5.6,12687,2987.2437357631,8.00210641373649,2.20648967551622,0.791402870594027,0,,45.22,,507.63,1,1156.33257403189,7.05300870165561,0,68.45,0,12687,0,3,,12687,0,,,1,5236,6345,12687,,,,14979,1,0,2292,14979,,0,0,8,0,12687,"","","","","","","",,,,,,,,,,,,"","",,,,,,,,,,,,0,0,0,0,0,0,0,0,0,0,0,,2.54,29.86,2,021109CJB,609.786,1.16,35,270.2,35,149.669,8,13722,13722,45.22,0,0,0,0,0,8,0,0,0,0,0,0,0,0,0,0,0,196,70.5,0,0,0,0,0,0,1,,,,,7,1,,0,1,0,0,0,0,0,,1,1,0,2,0,,,0,0,57,27.7257593899525,0,0,0,0,0,,0,0,0,0,0,,0,,1,2,0,0,0,,,0,132.2,0,68.3371298405467,4.22445324756912,2,0,0,0,92,0,0,,15711,,,,32.4700406061206,1,Q2,low,low,Q1-Q3,Q1-Q3,,,,,,
7,2810376206,2017-08-12,4440.5,2,1,263,62,86,101,0.75,7.3,50,5.8,3262,8881,9.0916694422585,3.36511627906977,1.21346251794388,0,5.3,27.2,29.32,382.39,2,764.78,6.63958821076764,0,71.04,0,3262,0,3,,3262,0,,,2,3262,5068,,,5068,1806,,0,0,,,,0,0,8,0,3262,M01AX25,400 MG,M01,M01A,M01AX,M01AX25,"",,1,,,,,,,,,,"","",,,,,,,,,,,,0,1,0,0,0,0,0,0,0,0,0,,0.42,36.53,2,123008CJB,285.51,0.87,3,235,3,184.727,3,,,27.2,0,0,0,0,0,,0,0,0,0,0,0,,,,,0,133,63.5,0,0,0,0,0,0,,,1,,,7,1,,0,1,0,0,,,0,,2,3,0,2,0,,,0,0,55,23.1904834818412,0,0,0,0,0,,0,0,0,0,0,,0,,,,0,0,0,,,0,183.8,1,146,4.98360662170834,2,0,0,0,90,1,1,,7853,,,,98.6777777777778,1,Q4,high,high,Q4,Q4,,,,,,
7,2810376257,2017-08-12,937.8,2,1,241,66,96,114,0.71,3,77.8,6.5,3251,1205.39845758355,7.09456546145923,1.56605504587156,0.448559747571251,1,3.1,33.72,32.3,599.71,2,770.835475578406,6.64747495984335,0,71.13,0,3251,0,3,,3251,0,,,2,3251,5267,,,5267,2016,,0,0,,,,0,0,8,0,3251,"","","","","","","",,,,,,,,,,,,"","",,,,,,,,,,,,0,0,0,0,0,0,0,0,0,0,0,,4.78,38.49,2,123008CJB,256.606,2.18,3,153.1,3,88.789,3,,,33.72,0,0,0,0,0,,0,0,0,0,0,0,,,,,0,98,56.75,1,1,0,0,0,0,,,1,,,7,2,,0,1,0,0,,,0,,2,3,0,2,0,,,0,1,72,21.3943923783363,0,,0,0,0,,0,0,0,0,0,,0,,,,0,0,0,,,0,155.8,0,38.560411311054,3.6522261364659,2,0,0,0,85,0,0,,7840,,,,14.1811583245123,1,Q1,low,low,Q1-Q3,Q1-Q3,,,,,,
1,2810377013,2018-01-01,3573.9,2,1,194,48,115,88,1.06,3,82.4,5.4,11683,4337.2572815534,8.37499746454609,2.8966613672496,1.06355882111946,0,,31.34,,2369.5,1,2875.60679611651,7.96401899048031,0,67.46,0,11683,0,3,,11683,0,,,2,4347,5657,11683,,,,,0,0,,,,0,0,8,0,11683,C10AA05,20 MG,C10,C10A,C10AA,C10AA05,"",,,,1,1,1,1,,,,,"","",,,,,,,,,,,,0,0,0,1,1,1,1,0,0,0,0,,3.06,25.06,2,021009CJB,389.756,4.16,34,295.4,34,150.521,8,12728,12728,31.34,1,0,0,0,0,2,1,0,0,60,0,0,0,0,0,0,0,166,67,,,0,0,0,0,1,,,,,3,0,,0,1,1,0,0,0,0,1,1,1,1,2,0,,,0,0,61,25.9994460732962,0,0,1,1,1,,0,0,0,0,0,,0,,,,0,0,1,,,0,123,0,36.4077669902913,3.59478213073482,2,0,0,1,57,0,1,15195,,15195,27,3512,76.0922330097087,0,Q3,low,high,Q1-Q3,Q1-Q3,,9.61533196440794,1,0,0,0
1,2810377994,2018-12-22,6165.2,2,1,176,59,157,103,0.57,6,117.1,6.2,12168,5264.90179333903,8.56881777165699,2.01630901287554,0.701268618659112,0,,41.96,,1878.72,1,1604.37233134073,7.38048788826024,0,,0,12168,,,,12168,0,,,2,4419,5359,12168,14238,14238,2070,,0,0,,,,0,0,,0,12168,M01AE01,800 MG,M01,M01A,M01AE,M01AE01,"",,1,,1,,1,1,,,,,"","",,,,,,,,,,,,0,1,0,1,0,1,1,0,0,0,0,,3.98,66.96,2,022109CJB,369.426,3.37,50,205.2,50,108.156,8,12804,12804,41.96,0,0,0,0,0,2,0,0,0,0,0,0,0,0,0,0,0,218,63,0,0,0,0,0,0,1,,,,,4,6,,0,1,0,0,0,0,0,1,1,1,0,2,0,,,0,0,60,38.617220091583,0,0,0,1,0,,0,0,0,0,0,,0,,,,0,0,0,,,0,85.6,1,51.2382578992314,3.93648647760652,2,0,0,1,101,0,1,,16584,,,,52.1277405281092,1,Q3,low,low,Q1-Q3,Q1-Q3,,,,,,
1,2810378283,2018-12-15,4250.9,2,1,106,46,125,154,1.15,56.6,314.4,6.5,11622,1352.06743002545,7.2093901296384,1.12200208550574,0.115114665838292,1,,42.6,,2336.88,1,743.282442748092,6.61107611077165,0,60.4,0,11622,0,3,2,11622,0,,,1,4022,5560,11622,13756,13756,2134,,0,0,,,,0,0,8,0,11622,C10AX06,10-20 MG,C10,C10A,C10AX,C10AX06,"",,,,,1,1,1,,,1,,"","",,,,,,,,,,,,0,0,0,0,1,1,1,0,0,1,0,,0.35,148.2,2,020709CJB,807.038,1.63,32,141.8,32,104.598,8,12700,12700,42.6,1,0,0,0,1,8,0,0,0,0,0,0,0,0,0,0,0,237,69.25,0,0,0,0,0,0,1,,,,,8,1,,0,1,1,1,0,0,0,,1,1,0,2,0,,,0,0,63,34.746767091574,0,1,1,1,1,140,0,1,1,0,1,14647,0,,,,0,0,0,,,0,35,1,180.025445292621,5.19309820363622,2,1,0,1,67,0,0,,16486,14647,2,4864,20.1801108959022,0,Q1,low,low,Q1-Q3,Q1-Q3,MI,13.3169062286105,1,1,1,0
1,2810378484,2018-12-22,3903.4,2,1,198,47,275,145,0.6,3,83.5,7.2,11819,4674.73053892216,8.44992680132838,3.18300653594771,1.15782620169015,0,,45.88,,1052.71,1,1260.73053892216,7.13944662472598,0,66.32,0,11819,0,3,,11819,0,,,2,4280,5645,11819,13841,13841,2022,,0,0,,,,0,0,8,0,11819,C10AX06,1000 MG,C10,C10A,C10AX,C10AX06,"",,,,,1,1,,,,1,,"","",,,,,,,,,,,,0,0,0,0,1,1,0,0,0,1,0,,3.04,67.12,2,021409CJB,311.182,1.57,41,192,41,109.071,8,12750,12750,45.88,,0,0,0,,2,0,0,0,0,0,0,0,0,0,0,0,188,63.75,0,0,0,0,0,0,1,,,,,6,1,,0,1,,,0,0,0,1,1,1,0,2,0,,,0,0,58,32.5239349440637,0,1,1,1,1,,0,0,0,0,0,,0,,,,0,0,1,,,0,96,0,35.9281437125749,3.58152093579344,2,1,1,0,100,0,1,,16534,,,,46.7473053892216,1,Q3,low,low,Q1-Q3,Q1-Q3,,,,,,
7,2810378745,2017-08-12,988.9,2,1,192,73,51,96,0.95,3,45.2,5.9,4063,2187.83185840708,7.69066631342585,2.3139880952381,0.838972484090185,0,4.7,21.38,22.86,198.61,2,439.402654867257,6.08541620196061,0,64.74,0,4063,0,3,14,4063,0,,,1,4063,6310,,,6310,2247,,0,0,,,,0,0,8,0,4063,"","","","","","","",,,,,,,,,,,,"","",,,,,,,,,,,,0,0,0,0,0,0,0,0,0,0,0,,0.18,13.33,2,122908CJB,,,2,211.7,2,183.808,3,,,21.38,0,0,0,0,0,,0,0,0,0,0,0,,,,,0,133,65.5,0,0,0,0,0,0,,,1,,,8,6,,0,1,0,0,,,0,,2,3,0,2,0,,,0,0,73,21.7958923185488,0,0,0,0,0,,0,0,0,0,0,,1,6777,,,0,0,0,,,0,108.8,0,66.3716814159292,4.19527048081206,2,0,0,0,79,0,0,6778,,6777,14,,27.6940741570516,1,Q1,low,low,Q1-Q3,Q1-Q3,Intracerebral Hemmorhage,,,,,
1,2810380088,2017-10-25,2446,2,1,213,48,132,96,0.89,3.7,69.5,5.5,12008,3519.42446043165,8.16605274966446,1.96700706991359,0.676513133662583,0,,28.12,,1262.79,1,1816.96402877698,7.50492227115947,0,66.57,0,12008,0,3,,12008,0,,,2,4517,5727,12008,14092,14092,2084,,0,0,,,,0,0,8,0,12008,"","","","","","","",,,,,,,,,,,,"","",,,,,,,,,,,,0,0,0,0,0,0,0,0,0,0,0,,0.34,30.41,2,012209CJB,492.466,0.76,12,243.8,12,170.861,8,13386,13386,28.12,0,0,0,0,0,0,0,0,0,0,0,0,0,0,0,0,0,151,63.75,0,0,0,0,0,0,1,,,,,8,1,,0,1,0,0,0,0,0,0,1,1,0,2,0,,,0,0,54,26.1229477476256,0,0,0,0,0,,0,0,0,0,0,,0,,,,0,0,0,,,0,138.6,0,53.2374100719424,3.97476134606157,2,0,0,0,73,0,0,,17178,,,,48.2112939785158,1,Q2,low,low,Q1-Q3,Q1-Q3,,,,,,
1,2810380464,2018-02-22,4801.2,2,1,161,59,94,99,0.85,9.8,177.5,5.5,12015,2704.9014084507,7.90282074272381,2.08588064046579,0.735191135605823,0,,26.76,,2137.9,1,1204.45070422535,7.09377889487898,0,57.72,0,12015,0,3,,12015,0,,,1,4379,5777,12015,,,,,0,0,,,,0,0,8,0,12015,C10AX09,40 MG,C10,C10A,C10AA,C10AA01,"",,,,,1,1,,,,,,C10AA01,"",,,,,,1,1,,,,,0,0,0,0,1,1,1,0,0,0,0,,0.51,61.1,2,022109CJB,506.266,2.39,49,233.6,49,174.519,8,12670,12670,26.76,1,0,0,0,0,8,0,0,0,0,0,0,0,0,0,0,0,230,72.75,0,0,0,0,0,0,1,,,,,3,6,,0,1,1,0,0,0,0,,1,1,0,2,0,,,0,0,68,30.5539563146296,0,0,1,1,1,,0,0,0,0,0,,0,,,,0,0,0,,,0,83.2,1,55.2112676056338,4.01116705574319,2,0,0,1,90,0,0,,16450,,,,30.0544600938967,1,Q2,low,low,Q1-Q3,Q1-Q3,,,,,,
1,2810382755,2018-06-30,17346.9,2,1,218,67,329,113,0.85,17.2,129.1,6,11571,13436.7931835786,9.50575198319475,0.898240244835501,-0.10731771323618,1,,47.18,,1441.15,1,1116.30518977537,7.01777957309648,0,66.43,0,11571,0,3,,11571,0,,,1,4526,5658,11571,,,,,0,0,,,,0,0,8,0,11571,C10AX06,1200 MG,C10,C10A,C10AX,C10AX06,"",,,,1,,1,1,,,,,"","",,,,,,,,,,,,0,0,0,1,0,1,1,0,0,0,0,,3.85,160.1,2,020309bCJ,482.718,3.48,24,151.8,24,118.436,8,12761,12761,47.18,1,0,0,0,0,8,0,0,0,0,0,0,0,,0,0,0,178,64,1,1,1,1,1,1,1,,,,,7,1,,0,1,1,0,0,,0,,1,1,0,2,0,,,0,1,64,30.5538306389113,0,0,1,1,1,,0,0,0,0,0,,0,,,,0,0,0,,,0,85.2,1,133.230054221534,4.89207736494895,2,0,0,1,92,1,1,15026,,14892,11,,146.052099821507,1,Q4,high,high,Q4,Q4,Atherothrombotic Infarction of Brain,,,,,
1,2810383294,2018-12-22,5240.8,2,1,214,49,80,101,0.7,5.1,49.1,5.9,11986,10673.7270875764,9.27554058860528,2.39326923076923,0.872660310232174,0,,66.6,,1034.47,1,2106.86354378819,7.65295564843605,0,72.33,0,11986,0,3,,11986,0,,,2,,,11986,,,,,0,0,,,,0,0,8,0,11986,C07AB02,5 MG,C09,C09A,C09AA,C09AA07,"",,,,1,,,,1,,,,C09AA07,"",,,,,1,,,,,,,0,0,0,1,1,0,0,1,0,0,0,,5.14,96.04,2,022009CJB,200.762,1.61,49,249.5,49,168.346,8,12666,12666,66.6,1,0,0,0,0,2,0,0,0,0,0,0,0,0,0,0,0,151,63.75,0,0,0,0,0,0,1,,,,,3,6,,0,1,1,0,0,0,0,1,1,1,0,2,0,,,0,0,68,26.1229477476256,0,0,1,0,1,,0,0,0,0,0,,0,,,,0,0,0,,,0,149,1,103.869653767821,4.64313678391194,2,0,0,0,89,1,1,14511,13311,14511,28,2525,119.929517837937,0,Q4,high,high,Q4,Q4,Death,6.91307323750856,1,0,0,0
1,2810383353,2018-12-06,4936.9,2,1,204,51,77,103,1.02,3,91.4,5.7,11989,5401.42231947484,8.59441759036599,1.54943679599499,0.437891507478267,1,,21.94,,577.61,1,631.958424507659,6.44882360797613,0,64.69,0,11989,0,3,,11989,0,,,1,,,11989,,,,,0,0,,,,0,0,8,0,11989,"","","","","","","",,,,,,,,,,,,"","",,,,,,,,,,,,0,0,0,0,0,0,0,0,0,0,0,,3.01,87.1,2,012609CJB,319.746,5.9,15,205,15,171.261,8,13306,13306,21.94,0,0,0,0,0,8,1,1,1,0,0,0,0,0,0,0,0,186,67.5,1,1,0,0,0,0,1,,,,,6,4,,0,1,0,0,0,0,0,,1,1,2,2,0,,,0,1,48,28.7019240705148,1,0,0,0,0,,0,0,0,0,0,,0,,,,0,0,0,,,0,137.6,0,32.8227571115974,3.49112208919014,2,0,0,0,87,0,1,,15335,,,,62.0853140169521,1,Q3,low,low,Q1-Q3,Q1-Q3,,,,,,
1,2810383621,2017-10-29,356.6,2,1,193,54,98,100,0.9,3,26,5.5,11724,1371.53846153846,7.22368835339565,2.63060686015831,0.967214564879412,0,,20.56,,143.41,1,551.576923076923,6.31278130870773,0,64.87,0,11724,0,3,,11724,0,,,2,4354,5658,11724,13915,13915,2191,,0,0,,,,0,0,8,0,11724,"","","","","","","",,,,,,,,,,,,"","",,,,,,,,,,,,0,0,0,0,0,0,0,0,0,0,0,,2.58,40.51,2,022109CJB,385.654,0.88,15,181.8,15,115.644,8,13054,13054,20.56,0,0,0,0,0,0,0,0,0,0,0,0,0,0,0,0,0,220,64.75,0,0,0,0,0,0,1,,,,,7,1,,0,1,0,0,0,0,0,0,1,1,0,2,0,,,0,0,45,36.8934057287921,0,0,0,0,0,,0,0,0,0,0,,0,,,,0,0,0,,,0,119.4,0,115.384615384615,4.74827102962877,2,0,0,0,77,0,0,,16845,,,,17.8121878121878,1,Q1,low,low,Q1-Q3,Q1-Q3,,,,,,
1,2810384544,2018-07-06,20000,3,1,201,66,119,94,0.87,3,94.3,5.5,11503,21208.9077412513,9.96217654888481,2.04819277108434,0.716957829253664,0,,42.26,,1171.06,1,1241.84517497349,7.12435359689166,0,72.44,0,11503,0,3,,11503,0,,,2,,5124,11503,13610,13610,2107,,0,0,,,,0,0,8,0,11503,"","","","","","","",,,,,,,,,,,,"","",,,,,,,,,,,,0,0,0,0,0,0,0,0,0,0,0,,1.27,83.53,2,021109CJB,348.94,1.28,35,210.3,35,125.266,8,12532,12532,42.26,0,0,0,0,0,2,0,0,0,0,0,0,0,0,0,0,0,143,65.25,0,0,0,0,0,0,1,,,,,4,8,,0,1,0,0,0,0,0,1,1,1,0,2,0,,,0,0,72,23.6146013314619,0,0,0,0,0,,0,0,0,0,0,,0,,,,0,0,0,,,0,111.2,0,31.813361611877,3.45988637801084,2,0,0,0,67,1,1,,16317,,,,316.550861809721,1,Q4,high,high,Q4,Q4,,,,,,
7,2810385012,2017-08-12,3038.4,2,1,188,56,99,89,0.64,3,34.1,5.7,3514,8910.26392961877,9.09495914175664,1.29741379310345,0.260372893082566,1,2.4,34.7,33.54,222.02,2,651.08504398827,6.47864026960312,0,66.89,0,3514,0,3,,3514,0,,,2,3514,,,,,,,0,0,,,,0,0,8,0,3514,M01AX25,"",M01,M01A,M01AX,M01AX25,"",,1,,,,,,,,,,"","",,,,,,,,,,,,0,1,0,0,0,0,0,0,0,0,0,,1.11,41.14,2,123008CJB,266.44,0.99,3,238.6,3,131.716,3,,,34.7,0,0,0,0,0,,0,0,0,0,0,0,,,,,0,137,61.25,1,1,0,0,0,0,1,,,,,6,4,,1,0,0,0,,,0,,1,1,0,1,0,,,0,1,53,25.6752093679114,0,0,0,0,0,,0,0,0,0,0,,0,,,,0,0,0,,,0,112.2,0,87.9765395894428,4.47707018336078,2,0,0,0,102,1,1,,4318,,,,87.3555287217526,1,Q4,high,high,Q4,Q4,,,,,,
1,2810385150,2018-01-10,156.3,1,1,214,93,56,84,0.82,3.1,29.5,5.9,12067,529.830508474576,6.27255716006975,3.36413540713632,1.21317099312473,0,,37.54,,209.25,1,709.322033898305,6.5643096320119,0,67.27,0,12067,0,3,,12067,0,,,2,4907,5649,12067,14104,14104,2037,,0,0,,,,0,0,8,0,12067,M01AX05,500 MG,M01,M01A,M01AX,M01AX05,"",,1,,1,,1,,,,,,"","",,,,,,,,,,,,0,1,0,1,0,1,0,0,0,0,0,,0.72,20.87,2,021209CJB,336.432,1.09,37,182.3,37,122.408,8,13060,13060,37.54,0,0,0,0,0,2,0,0,0,0,0,0,0,0,0,0,0,131,65,0,0,0,0,0,0,1,,,,,7,2,,0,1,0,0,0,0,0,1,1,1,0,2,0,,,0,0,60,21.7996838360541,0,0,0,0,0,,0,0,0,0,0,,0,,,,0,0,1,,,0,109.8,0,105.084745762712,4.65476712712746,2,0,1,0,78,0,0,,16845,,,,6.79269882659713,1,Q1,low,low,Q1-Q3,Q1-Q3,,,,,,
1,2810385182,2018-12-06,6779.6,2,1,155,33,141,197,1.29,1110.7,143.9,7.5,12407,4711.32731063239,8.45772495423867,1.15884861407249,0.147426938114985,1,,37.1,,2738.88,1,1903.32175121612,7.55135592878801,0,66.74,0,12407,0,3,,12407,0,,,1,4526,5836,12407,,,,,0,0,,,,0,0,8,0,12407,C10AA05,20 MG,C10,C10A,C10AA,C10AA05,"",,,1,,1,1,1,1,1,1,,"","",,,,,,,,,,,,0,0,1,0,1,1,1,1,1,1,0,,4.17,105.4,2,012709CJB,521.556,3.06,16,122.5,16,136.155,8,13712,13712,37.1,1,0,0,0,1,8,0,0,0,0,0,0,0,1,0,0,2,215,68.25,0,0,0,0,0,0,1,,,,,8,8,,0,1,1,1,0,1,1,,1,1,0,2,0,,,1,0,64,32.4517977860977,0,1,1,1,1,,0,0,0,0,0,,0,,,,0,0,0,,,0,93.8,1,7718.55455177206,8.95138239126189,3,1,0,1,58,0,1,16002,,11211,6,,81.2297812177997,1,Q3,low,high,Q1-Q3,Q1-Q3,Angina,,,,,
1,2810385579,2018-06-28,20000,3,1,226,71,103,96,0.68,4.1,80,5.8,11425,25000,10.1266311038503,,,,,51.6,,851.83,1,1064.7875,6.97053052771823,0,73.35,0,11425,0,3,,11425,0,,,2,4378,5681,11425,13643,13643,2218,,0,0,,,,0,0,8,0,11425,"","","","","","","",,,,,,,,,,,,"","",,,,,,,,,,,,0,0,0,0,0,0,0,0,0,0,0,,5.65,28.35,2,011309CJB,407.88,5.36,4,237.5,4,145.825,8,12931,12931,51.6,0,0,0,0,0,2,0,0,0,0,0,0,0,0,0,0,0,128,60,0,0,0,0,0,0,1,,,,,4,7,,0,1,0,0,0,0,0,1,1,1,0,2,0,,,0,0,73,24.9984499969,0,0,0,0,0,,0,0,0,0,0,,0,,,,0,0,1,,,0,134.4,1,51.25,3.93671561801852,2,0,0,0,87,1,1,,15843,,,,287.356321839081,1,Q4,high,high,Q4,Q4,,,,,,
1,2810385748,2018-02-08,4597.1,2,1,229,48,177,110,1.06,16.6,132.1,6,12204,3480.01514004542,8.15479192334682,4.08471615720524,1.40725224173755,0,,31.66,,1411.23,1,1068.30431491295,6.97382791798978,0,75,0,12204,0,3,2,12204,0,,,1,4416,5767,12204,14216,14216,2012,10390,1,1,-1814,10390,,0,0,8,0,12204,C10AA01,20 MG,C10,C10A,C10AA,C10AA01,"",,,,1,1,1,1,1,,,1,"","",,,,,,,,,,,,0,0,0,1,1,1,1,1,0,0,1,,58.21,89.1,2,021909CJB,341.598,3.17,46,230,46,183.912,8,13008,13008,31.66,1,0,0,0,0,8,0,0,0,0,0,0,0,1,0,0,0,124,63.75,0,0,0,0,0,0,1,,,,,4,6,,0,,1,0,0,1,0,,1,1,0,,0,,,0,0,74,21.4519570907654,0,0,1,1,1,141,0,1,0,1,1,5801,0,,1,1,1,0,1,,,0,145.6,1,125.662376987131,4.83359876281636,2,0,0,1,69,0,0,16225,,5801,2,,50.4350020296438,1,Q2,low,low,Q1-Q3,Q1-Q3,MI,,,,,
1,2810385993,2017-12-24,4513.5,2,1,245,61,142,95,0.84,4.4,61.3,5.6,11630,7362.96900489397,8.90421852778414,2.35921568627451,0.858329227477204,0,,17.74,,776.89,1,1267.3572593801,7.14468911325001,0,73.25,0,11630,0,3,,11630,0,,,1,4181,5665,11630,,,,,0,0,,,,0,0,8,0,11630,"","","","","","","",,,,,,,,,,,,"","",,,,,,,,,,,,0,0,0,0,0,0,0,0,0,0,0,,1.18,74.92,2,020709CJB,351.074,1.72,32,229.7,32,185.57,8,12707,12707,17.74,0,0,0,0,0,8,0,0,0,0,0,0,0,0,0,0,0,133,66,0,0,0,0,0,0,1,,,,,8,8,,0,1,0,0,0,0,0,,1,1,0,2,0,,,0,0,84,21.4669024379371,0,,0,0,0,,0,0,0,0,0,,0,,,,0,0,1,1,12782,0,155.6,1,71.7781402936379,4.27357997696419,2,0,0,0,80,1,1,12782,15685,12782,27,1152,92.0371125611746,0,Q4,high,high,Q4,Q4,,3.15400410677618,0,0,0,0
1,2810386064,2018-12-06,6365.2,2,1,163,39,124,112,0.9,4.7,151.3,5.5,12358,4207.00594844679,8.34450649752981,1.13421550094518,0.125941223357847,1,,31.96,,1294.03,1,855.274289491077,6.7514222239117,0,61.89,0,12358,0,3,,12358,0,,,1,4518,5766,12358,14453,14453,2095,,0,0,,,,0,0,8,0,12358,"","","","","","","",,,,,,,,,,,,"","",,,,,,,,,,,,0,0,0,0,0,0,0,0,0,0,0,,4.47,137.5,2,012209CJB,362.74,1.46,12,144.8,12,145.225,8,13725,13725,31.96,0,0,0,0,0,8,0,0,0,0,0,0,0,0,0,0,0,270,70.25,0,0,0,0,0,0,1,,,,,4,2,,0,1,0,0,0,0,0,,1,1,0,2,0,,,0,0,57,38.4659727539336,0,,0,0,0,,0,0,0,0,0,,0,,,,0,0,0,,,0,99.2,1,31.0641110376735,3.43605316690384,2,0,0,0,94,0,1,,17517,,,,44.755382430285,1,Q3,low,low,Q1-Q3,Q1-Q3,,,,,,
1,2810386144,2018-02-08,2251.5,2,1,178,42,248,99,1.05,3,54.9,5.7,12179,4101.09289617486,8.31900877721423,1.63312101910828,0.490492919698207,1,,45.54,,888.32,1,1618.06921675774,7.38898887591094,0,,0,12179,,,,12179,0,,,2,4468,5652,12179,14526,14526,2347,,0,0,,,,0,0,,0,12179,M01AX05,750/600 MG,M01,M01A,M01AX,M01AX25,"",,1,,,1,1,1,,,,,M01AX25,"",,1,,,,,,,,,,0,1,0,0,1,1,1,0,0,0,0,,1.88,84.24,2,021909CJB,351.698,2.26,46,208.9,46,138.727,8,12984,12984,45.54,1,0,0,0,0,2,0,0,0,0,0,0,0,0,0,0,0,204,64,0,0,0,0,0,0,1,,,,,4,8,,0,1,1,0,0,0,0,1,1,1,0,2,0,,,0,0,66,35.0167497209994,0,0,1,1,1,,0,0,0,0,0,,0,,,,0,0,0,,,0,86.4,0,54.6448087431694,4.00085421913476,2,0,0,1,55,0,0,15022,,15022,28,2843,74.5653253849975,0,Q2,low,high,Q1-Q3,Q1-Q3,Death,7.78370978781656,1,0,0,0
7,2810386149,2017-08-12,280,2,1,190,61,102,103,0.65,31.8,98.5,5.8,4247,284.263959390863,5.6499032409793,2.06413682522715,0.72471213671437,0,0.9,44.3,43.72,854.12,2,867.1269035533,6.76518533694976,0,64.53,0,4247,0,3,,4247,0,,,1,4247,,,,,,,0,0,,,,0,0,8,0,4247,"","","","","","","",,,,,,,,,,,,"","",,,,,,,,,,,,0,0,0,0,0,0,0,0,0,0,0,,0.98,72.52,2,123008CJB,296.14,1.27,3,182.5,3,108.685,3,,,44.3,0,0,0,0,0,,0,0,0,0,0,0,,,,,0,166,60.5,0,0,0,0,0,0,1,,,,,3,1,,1,0,0,0,,,0,,1,1,0,1,0,,,0,0,52,31.8862136255794,0,,0,0,0,,0,0,0,0,0,,0,,,,0,0,0,,,0,108.6,1,322.842639593909,5.77716502059023,3,0,0,0,112,0,0,,8376,,,,2.53807106598985,1,Q1,low,low,Q1-Q3,Q1-Q3,,,,,,
1,2810386429,2017-11-23,1230.1,2,1,227,62,58,90,0.9,3,64.8,5.5,12490,1898.3024691358,7.5487153285046,0.766666666666667,-0.265703165733006,1,,33.46,,1459.87,1,2252.88580246914,7.71996725227196,0,65.64,0,12490,0,3,,12490,0,,,1,4581,5785,12490,14660,14660,2170,11869,1,1,-621,11869,,0,0,8,0,12490,M01AE01,200 MG,M01,M01A,M01AE,M01AE01,"",,1,,,,,,,,,,"","",,,,,,,,,,,,0,1,0,0,0,0,0,0,0,0,0,,0.14,25.37,2,013009CJB,380.104,0.46,20,188.2,20,149.149,8,13729,13729,33.46,0,0,0,0,0,8,0,0,0,0,0,0,0,0,0,0,0,169,71,0,0,0,0,0,0,1,,,,,3,6,,0,1,0,0,0,0,0,,1,1,0,2,0,,,0,0,63,23.5708703910961,0,0,0,0,0,,0,0,0,0,0,,0,,1,1,1,0,0,,,0,153.4,0,46.2962962962963,3.83506196429202,2,0,0,0,91,0,0,,17517,,,,20.8604666938,1,Q1,low,low,Q1-Q3,Q1-Q3,,,,,,
1,2810386551,2018-12-15,7343.7,2,1,176,50,113,102,0.93,5.6,214.4,5.4,11881,3425.23320895522,8.1389248385842,1.04675628287551,0.0456961281685182,1,,35,,1316.9,1,614.225746268657,6.42036252550762,0,72.53,0,11881,0,3,,11881,0,,,1,4762,5701,11881,13884,13884,2003,,0,0,,,,0,0,8,0,11881,C09AA03,20 MG,C09,C09A,C09AA,C09AA03,"",,,,,1,,,,,,,"","",,,,,,,,,,,,0,0,0,0,1,0,0,0,0,0,0,,1.15,114.5,2,021309CJB,189.538,0.75,39,218.8,39,131.563,8,12855,12855,35,1,0,0,0,0,8,0,0,0,0,0,0,0,0,0,0,0,200,68.5,0,0,0,0,0,0,1,,,,,7,2,,0,1,1,0,0,0,0,,1,1,0,2,0,,,0,0,64,29.9677726533246,0,0,1,0,1,,0,0,0,0,0,,0,,,,0,0,1,,,0,103.4,1,26.1194029850746,3.26267844752659,1,0,0,0,86,0,0,,16639,,,,39.8282931273863,1,Q2,low,low,Q1-Q3,Q1-Q3,,,,,,
1,2810386650,2018-01-08,4852.9,2,1,220,94,80,127,0.9,5.7,51.3,6.2,11530,9459.8440545809,9.15481117719344,2.56082830025884,0.940330760947519,0,,42,,603.87,1,1177.13450292398,7.07083837679242,0,72.78,0,11530,0,3,,11530,0,,,2,3790,5634,11530,13533,13533,2003,,0,0,,,,0,0,8,0,11530,C09AA03,10 MG,C09,C09A,C09AA,C09AA03,"",,,,,1,,,,,,,"","",,,,,,,,,,,,0,0,0,0,1,0,0,0,0,0,0,,3.96,65.34,2,021109bCJ,412.806,2.97,37,257.8,37,140.366,8,12532,12532,42,0,0,0,0,0,2,0,0,0,0,0,0,0,0,0,0,0,142,61,0,0,0,0,0,0,1,,,,,3,6,,0,1,0,0,0,0,0,1,1,1,0,2,0,,,0,0,82,26.830841084418,0,0,1,0,1,,0,0,0,0,0,,0,,,,0,0,1,,,0,110,1,111.111111111111,4.71053070164592,2,1,0,0,60,1,1,,16317,,,,157.664067576348,1,Q4,high,high,Q4,Q4,,,,,,
1,2810388383,2018-11-26,4511.1,2,1,188,59,125,93,0.88,3,61.3,5.3,11838,7359.05383360522,8.90368664824231,3.04055220017256,1.11203914371632,0,,51.9,,855.97,1,1396.36215334421,7.24162567184454,0,74.98,0,11838,0,3,,11838,0,,,1,4579,5742,11838,,,,,0,0,,,,0,0,8,0,11838,C07AB03,12.5 MG,C07,C07A,C07AB,C07AB03,"",,,,1,,,,1,,,,"","",,,,,,,,,,,,0,0,0,1,0,0,0,1,0,0,0,,0.66,41.86,2,011609CJB,428.41,2.2,9,259.3,9,168.365,8,13260,13260,51.9,1,0,0,0,0,8,0,0,0,0,0,0,0,0,0,0,0,161,66.75,0,0,0,0,0,0,1,,,,,3,6,,0,1,1,0,0,0,0,,1,1,0,2,0,,,0,0,77,25.4055703162536,0,0,1,0,1,,0,0,0,0,0,,0,,,,0,0,0,,,0,104,0,48.9396411092985,3.89058772470808,2,0,0,0,83,1,1,12725,,12725,27,887,88.6632992000629,0,Q4,high,high,Q4,Q4,,2.42847364818617,0,0,0,0
1,2810389172,2018-01-14,1872.9,2,1,193,51,117,100,0.64,3,105.3,5.5,12522,1778.63247863248,7.48360007758397,3.34084761045987,1.20622455037982,0,,44.04,,758.53,1,720.351377018044,6.57973911660147,0,83.65,0,12522,0,3,,12522,0,,,2,,5931,12522,14727,14727,2205,,0,0,,,,0,0,8,0,12522,"","","","","","","",,,,,,,,,,,,"","",,,,,,,,,,,,0,0,0,0,0,0,0,0,0,0,0,,12.36,77.16,2,021409CJB,229.314,3.42,40,229.2,40,129.086,8,13460,13460,44.04,0,0,0,0,0,2,0,0,0,0,0,0,0,0,0,0,0,179,62,0,0,0,0,0,0,1,,,,,8,1,,0,1,0,0,0,0,0,1,1,1,0,2,0,,,0,0,61,32.7397428988406,0,,0,0,0,,0,0,0,0,0,,0,,,,0,0,0,,,0,118.6,0,28.4900284900285,3.34955414851032,1,0,0,0,96,0,0,,17244,,,,18.5274216524217,1,Q1,low,low,Q1-Q3,Q1-Q3,,,,,,
1,2810389454,2017-12-02,2669.2,2,1,177,33,263,74,0.72,246,70.1,6.2,11695,3807.7032810271,8.244781472977,1.99125683060109,0.688766012544382,0,,52.72,,1749.92,1,2496.31954350927,7.82257274353446,0,62.22,0,11695,0,3,1,11695,1,2951,14646,2,4532,5695,11695,13813,13813,2118,,0,0,,,,0,1,8,1,11695,M01AE01,200 MG,M01,M01A,M01AE,M01AE01,"",,1,,,1,1,,1,1,1,,"","",,,,,,,,,,,,0,1,0,0,1,1,0,1,1,1,0,,2.76,214.3,2,020409CJB,358.718,1.72,25,155.9,25,110.605,8,12861,12861,52.72,1,0,0,0,1,2,0,0,0,0,0,0,0,0,0,0,0,202,64.25,0,0,0,0,0,0,1,,,,,3,1,,0,1,1,1,0,0,0,1,1,1,0,2,0,,,0,0,64,34.4041409365503,0,1,1,1,1,141,0,1,1,1,1,12911,0,,,,0,0,0,,,0,91.4,1,3509.272467903,8.16316402087396,3,1,1,0,88,0,0,15102,,12911,1,,43.2693554662171,1,Q2,low,low,Q1-Q3,Q1-Q3,MI,,,,,
1,2810390083,2018-01-28,4465.1,2,1,178,42,145,108,0.79,3.6,101.6,5.5,11839,4394.78346456693,8.38817354032009,1.31476569407604,0.273658470344035,1,,41.2,,708.98,1,697.814960629921,6.54795396823325,0,75.33,0,11839,0,3,,11839,0,,,1,,5044,11839,14072,14072,2233,,0,0,,,,0,0,8,0,11839,C10AA05,20 MG,C10,C10A,C10AA,C10AA05,"",,,,,1,1,1,,,,,"","",,,,,,,,,,,,0,0,0,0,1,1,1,0,0,0,0,,0.65,99.03,2,021809CJB,314.662,1.66,43,200.5,43,160.62,8,12726,12726,41.2,1,0,0,0,0,8,0,0,0,0,0,0,0,0,0,0,0,178,67.25,0,0,0,0,0,0,1,,,,,8,1,,0,1,1,0,0,0,0,,1,1,0,2,0,,,0,0,61,27.6720311321249,0,0,1,1,1,,0,0,0,0,0,,0,,,,0,0,0,,,0,107,0,35.4330708661417,3.56764558929982,2,0,0,1,97,0,1,,16507,,,,45.3070460264632,1,Q3,low,low,Q1-Q3,Q1-Q3,,,,,,
1,2810390110,2018-07-06,20000,3,1,190,24,233,105,1.11,6.1,151.5,5.4,11672,13201.3201320132,9.4880721135748,1.32177121771218,0.27897266874691,1,,34.96,,1284.63,1,847.940594059406,6.74281057916277,0,55.48,0,11672,0,3,,11672,0,,,1,4199,5641,11672,13715,13715,2043,11672,1,1,-8992,2680,,0,0,8,0,11672,C10AA02,20 MG,C10,C10A,C10AA,C10AA02,"",,,,1,1,1,1,,,,1,"","",,,,,,,,,,,,0,0,0,1,1,1,1,0,0,0,1,,3.5,61.66,2,021109CJB,296.904,4.43,36,243.9,36,310.083,8,12693,12693,34.96,1,0,0,0,0,8,1,0,0,61,0,0,0,1,0,0,0,222,73,0,0,0,0,0,0,1,,,,,7,7,,0,1,1,0,0,1,0,,1,1,1,2,0,,,0,0,66,29.2895613000834,0,0,1,1,1,,0,0,0,0,0,,0,,1,3,1,1,1,,,0,119.4,1,40.2640264026403,3.69545842521198,2,0,0,1,69,1,1,,16478,,,,191.323480174104,1,Q4,high,high,Q4,Q4,,,,,,
1,2810391120,2018-02-10,1268.1,2,1,190,67,109,94,0.73,3,25.7,5.8,12885,4934.24124513619,8.50395419032777,1.9666095890411,0.676311039300926,0,,33.56,,661.2,1,2572.7626459144,7.85273556003379,0,62.25,0,12885,0,3,,12885,0,,,2,4716,6072,12885,14768,14768,1883,15286,1,0,1600,14485,,0,0,8,0,12885,C10AA02,20 MG,C10,C10A,C10AA,C10AA02,"",,,,,,1,1,,,,,"","",,,,,,,,,,,,0,0,0,0,0,1,1,0,0,0,0,,4.2,96.32,2,021909bCJ,335.808,13.21,47,207.8,47,139.404,8,13638,13638,33.56,0,0,0,0,0,2,0,0,0,0,0,0,0,0,0,0,0,225,66,0,0,0,0,0,0,1,,,,,2,0,,0,1,0,0,0,0,0,1,1,1,0,2,0,,,0,0,56,36.316188334856,0,0,0,1,0,,0,0,0,0,0,,0,,1,2,0,0,0,,,0,101.2,0,116.731517509728,4.75987657574907,2,0,0,1,92,0,1,,17419,,,,53.6330570123499,1,Q3,low,low,Q1-Q3,Q1-Q3,,,,,,
1,2810391433,2017-09-02,4031.5,2,1,178,48,62,95,1.05,3,22.7,5.7,11078,17759.9118942731,9.78469905562581,1.06285310734463,0.0609569029293111,1,,24.54,,836.7,1,3685.90308370044,8.21227084480229,0,64.15,0,11078,0,3,,11078,0,,,1,4310,5616,11078,13213,13213,2135,,0,0,,,,0,0,8,0,11078,C10AX06,1 TABLESPOON,C10,C10A,C10AX,C10AX06,"",,,,,,1,,,,,,"","",,,,,,,,,,,,0,0,0,0,0,1,0,0,0,0,0,,0.51,38.88,2,011309CJB,170.158,1.11,4,168.3,4,150.455,8,12590,12590,24.54,0,0,0,0,0,8,0,0,0,0,0,0,0,0,,0,0,207,66.75,0,0,0,0,0,0,1,,,,,4,1,,0,1,0,0,0,0,0,,1,1,0,2,0,,,0,0,56,32.6643046923261,0,0,0,0,0,,0,0,0,0,0,,0,,,,0,0,0,,,0,117.6,0,132.15859030837,4.88400264316289,2,0,1,0,79,1,1,,16383,,,,224.809011319913,1,Q4,high,high,Q4,Q4,,,,,,
1,2810391504,2018-06-30,20000,3,1,203,56,118,94,0.83,5.3,130.2,5.4,11760,15360.9831029186,9.63958600874975,2.89530685920578,1.06309110167918,0,,28.88,,1804.34,1,1385.82181259601,7.23404860914446,0,63.83,0,11760,0,3,,11760,0,,,2,4328,5691,11760,13951,13951,2191,,0,0,,,,0,0,8,0,11760,C09AA03,5 MG,C09,C09A,C09AA,C09AA03,"",,,,,1,,,,,,,"","",,,,,,,,,,,,0,0,0,0,1,0,0,0,0,0,0,,1.25,62.74,2,020409bCJ,592.51,1.46,27,219.2,27,120.336,8,12908,12908,28.88,1,0,0,0,0,2,0,0,0,0,0,0,0,0,0,0,0,146,63.25,0,0,0,0,0,0,1,,,,,4,0,,0,1,1,0,0,0,0,1,1,1,0,2,0,,,0,0,75,25.6588630473266,0,0,1,0,1,,0,0,0,0,0,,0,,,,0,0,1,,,0,123.4,1,40.7066052227343,3.70639036976574,2,0,0,0,69,1,1,,16695,,,,222.622943520559,1,Q4,high,high,Q4,Q4,,,,,,
7,2810391601,2017-08-22,3389,2,1,238,57,91,91,0.73,7,95.5,5.9,3378,3548.69109947644,8.17433411010846,2.48104693140794,0.908680620858016,0,,73.04,,820.58,1,859.246073298429,6.75605534580205,0,,0,3378,,,,3378,0,,,2,3378,4999,,,4999,1621,,0,0,,,,0,0,,0,3378,C10AX09,40 MG,C10,C10A,C10AA,C10AA01,"",,,,1,,1,,,,,,C10AA01,"",,,,,,1,1,,,,,0,0,0,1,0,1,1,0,0,0,0,,4.07,155.1,2,010809CJB,153.958,2.85,,,,,,,,73.04,1,0,0,0,0,,0,0,0,0,0,0,,,,,0,181,61.25,0,0,0,0,0,0,,1,,,,4,7,,0,0,1,0,,,0,,2,2,0,,0,,,0,0,72,33.9212620116202,0,0,1,1,1,,0,0,0,0,0,,0,,,,0,0,0,,,0,162.8,1,73.2984293193717,4.29453918055077,2,0,0,1,95,0,0,,7796,4188,30,4418,37.3546431523836,0,Q2,low,low,Q1-Q3,Q1-Q3,IC,12.0958247775496,1,1,1,0
1,2810392197,2018-06-28,20000,3,1,160,58,125,159,0.65,47.4,106.4,6.7,11138,18796.992481203,9.84145216161668,4.0431447746884,1.39702279874579,0,,53.46,,2390.23,1,2246.45676691729,7.7171094836855,0,71.2,0,11138,0,3,12,11138,0,,,2,,5910,11138,,,,,0,0,,,,0,0,8,0,11138,C09AA03,10 MG,C09,C09A,C09AA,C09AA03,"",,,,,1,,,,,1,1,"","",,,,,,,,,,,,0,0,0,0,1,0,0,0,0,1,1,,0.44,39.33,2,010809CJB,447.422,3.63,1,164.7,1,109.985,8,12755,12755,53.46,1,0,0,0,1,2,1,1,1,0,0,0,1,0,0,0,1,137,61,0,0,0,0,0,0,1,,,,,4,8,,0,1,1,1,0,0,1,1,1,1,2,2,0,,,1,0,81,25.8860931589103,1,1,1,0,1,,0,0,0,0,0,,1,5089,,,0,0,1,1,8877,1,77,1,445.488721804511,6.09917193077562,3,1,0,0,83,1,1,13060,,3275,11,,226.469788930157,1,Q4,high,high,Q4,Q4,Atherothrombotic Infarction of Brain,,,,,
1,2810392366,2017-11-18,3182.6,2,1,197,67,70,117,1.02,5.1,73.4,5.8,11448,4335.96730245232,8.37470000214371,2.37713771377138,0.865897122657502,0,,44.24,,788.87,1,1074.75476839237,6.97984779211218,0,65.62,0,11448,0,3,,11448,0,,,1,4294,5669,11448,13474,13474,2026,,0,0,,,,0,0,8,0,11448,C03DB02,37 MG,C03,C03A,C03AA,C03AA03,"",,,,,,,,1,,,,C03AA03,"",,,,,,,,1,,,,0,0,0,0,0,0,0,1,0,0,0,,1.83,112.8,2,012909CJB,545.562,1.35,19,166,19,139.928,8,12701,12701,44.24,1,0,0,0,0,8,0,0,0,0,0,0,0,0,0,0,0,264,71.5,0,0,0,0,0,0,1,,,,,7,1,,0,1,1,0,0,0,0,,1,1,0,2,0,,,0,0,64,36.3075927873211,0,0,1,0,1,,0,0,0,0,0,,0,,,,0,0,0,,,0,116,1,69.4822888283379,4.24107188309195,2,0,0,0,77,0,1,,16492,,,,56.3112636682119,1,Q3,low,low,Q1-Q3,Q1-Q3,,,,,,
1,2810392726,2018-12-15,3831.9,2,1,208,41,98,107,0.77,3,98.2,5.6,11894,3902.13849287169,8.26928001334451,,,,,42.12,,413.59,1,421.171079429735,6.04303911557989,0,69.96,0,11894,0,3,,11894,0,,,2,4424,5678,11894,13912,13912,2018,,0,0,,,,0,0,8,0,11894,"","","","","","","",,,,,,,,,,,,"","",,,,,,,,,,,,0,0,0,0,0,0,0,0,0,0,0,,0.41,66.4,2,021009CJB,407.286,1.09,34,110.3,34,100.392,8,12939,12939,42.12,0,0,0,0,0,1,0,0,0,0,0,0,0,0,0,0,0,147,64.75,0,0,0,0,0,0,1,,,,,3,7,,0,1,0,0,0,0,0,0,1,1,0,2,0,,,0,0,66,24.6515029187838,0,0,0,0,0,,0,0,0,0,0,,0,,,,0,0,0,,,0,147.4,0,30.5498981670061,3.41936135228983,2,0,0,0,80,0,0,,16724,,,,48.7767311608961,1,Q2,low,low,Q1-Q3,Q1-Q3,,,,,,
1,2810393137,2018-02-08,675.8,2,1,187,51,78,107,0.86,3,21.6,5.7,11763,3128.7037037037,8.04837404557816,1.37590579710145,0.319112275758732,1,,49.16,,297.55,1,1377.5462962963,7.22805914938883,0,57.08,0,11763,0,3,,11763,0,,,1,4412,5742,11763,,,,,0,0,,,,0,0,8,0,11763,"","","","","","","",,,,,,,,,,,,"","",,,,,,,,,,,,0,0,0,0,0,0,0,0,0,0,0,,2.14,19.55,2,021909CJB,372.138,2.57,46,253.7,46,193.877,8,12578,12578,49.16,0,0,0,0,0,8,1,1,1,0,0,0,0,0,0,0,0,179,70,0,0,0,0,0,0,1,,,,,8,1,,0,1,0,0,0,0,0,,1,1,2,2,0,,,0,0,64,25.6839942251313,1,,0,0,0,,0,0,0,0,0,,0,,,,0,0,0,,,0,120.4,0,138.888888888889,4.93367425296013,2,0,0,0,92,0,0,16279,,16279,27,4516,34.0076489533011,0,Q2,low,low,Q1-Q3,Q1-Q3,,12.3641341546886,1,1,1,0
1,2810394507,2018-12-17,514.8,2,1,250,135,62,105,0.75,3,53.5,5.4,11817,962.242990654206,6.8692670078081,1.97081413210445,0.678446722407067,0,,43.34,,806.04,1,1506.61682242991,7.3176219011529,0,75.2,0,11817,0,3,,11817,0,,,2,4398,5708,11817,13874,13874,2057,,0,0,,,,0,0,8,0,11817,C07AB07,2.5/6.25,C03,C03A,C03AA,C03AA03,"",,,,1,,,,,,,,C03AA03,"",,,,,,,,1,,,,0,0,0,1,0,0,0,1,0,0,0,,0.86,53.11,2,020509CJB,351.942,1.05,29,186.9,29,103.45,8,12938,12938,43.34,1,0,0,0,0,2,0,0,0,0,0,0,0,0,,0,0,104,58.5,0,0,0,0,0,0,1,,,,,6,2,,0,1,1,0,0,0,0,1,1,1,0,2,0,,,0,0,69,21.366196578547,0,0,1,0,1,,0,0,0,0,0,,0,,,,0,0,0,,,0,102.6,0,56.0747663551402,4.02668591374829,2,0,0,0,81,0,0,,16724,,,,11.8795430944964,1,Q1,low,low,Q1-Q3,Q1-Q3,,,,,,
1,2810394893,2017-10-25,2182.7,2,1,230,60,97,100,0.82,4.3,73,5.5,12399,2990,8.00302866638473,,,,,47.94,,361.29,1,494.917808219178,6.2043917047802,0,67.58,0,12399,0,3,,12399,0,,,2,4545,5785,12399,14918,14918,2519,,0,0,,,,0,0,8,0,12399,"","","","","","","",,,,,,,,,,,,"","",,,,,,,,,,,,0,0,0,0,0,0,0,0,0,0,0,,2.01,47.27,2,012209CJB,286.41,1.25,12,248.9,12,159.962,8,13765,13765,47.94,2,0,0,0,0,2,0,0,0,0,0,0,0,0,0,0,2,129,64.75,1,1,0,0,0,0,1,,,,,4,1,,0,1,1,0,0,0,1,1,1,1,0,2,0,,,1,1,55,21.6329515409735,0,,0,0,1,,0,0,0,0,0,,0,,,,0,0,0,,,0,150.6,1,58.9041095890411,4.07591086053326,2,0,0,0,81,0,0,,17557,,,,36.9135802469136,1,Q2,low,low,Q1-Q3,Q1-Q3,,,,,,
1,2810395153,2018-01-14,472.6,2,1,192,67,100,88,0.87,3,13.5,5.3,12653,3500.74074074074,8.16072986529652,2.03995006242197,0.712925328351589,0,,32.06,,97.77,1,724.222222222222,6.58509828206129,0,69.76,0,12653,0,3,,12653,0,,,2,4441,,12653,,,,12267,1,1,-386,12267,,0,0,8,0,12653,C10AX09,20 MG,C10,C10A,C10AA,C10AA01,"",,,,1,,1,,,,,1,C10AA01,"",,,,,,1,1,,,,,0,0,0,1,0,1,1,0,0,0,1,,3.35,48.08,2,021409CJB,228.624,3.74,40,153.4,40,112.853,8,13593,13593,32.06,0,0,0,0,0,2,1,0,0,53,0,0,0,1,0,0,0,179,63.25,0,0,0,0,0,0,1,,,,,7,6,,0,1,0,0,0,1,0,1,1,1,1,2,0,,,0,0,68,31.4584690785717,0,0,0,1,0,,0,0,0,0,0,,0,,1,1,1,0,0,,,0,105,0,222.222222222222,5.40367788220586,2,0,0,1,68,0,0,14218,14315,14218,27,1565,51.4814814814815,0,Q2,low,low,Q1-Q3,Q1-Q3,,4.28473648186174,1,0,0,0
1,2810395891,2018-01-26,3498.2,2,1,228,56,168,103,0.85,3,54.4,5.5,12149,6430.51470588235,8.76880986159916,,,,,37.22,,605.13,1,1112.37132352941,7.01424934310755,0,68.35,0,12149,0,3,13,12149,0,,,2,4295,5638,12149,14532,14532,2383,12149,1,1,-1009,11140,,0,0,8,0,12149,C09AA03,5 MG,C09,C09A,C09AA,C09AA03,"",,,,1,1,,,,,,1,"","",,,,,,,,,,,,0,0,0,1,1,0,0,0,0,0,1,,2.51,74.43,2,021709CJB,271.556,1.95,42,243.4,42,188.009,8,13066,13066,37.22,0,0,0,0,0,2,0,0,0,0,0,0,0,1,0,0,0,151,62.25,0,0,0,0,0,0,1,,,,,3,0,,0,1,0,0,0,1,0,1,1,1,0,2,0,,,0,0,82,27.3970529070395,0,0,0,0,0,,0,0,0,0,0,,1,15265,1,3,1,1,1,,,0,138.4,0,55.1470588235294,4.01000341378835,2,0,0,0,64,0,1,15981,,1394,6,,100.476792279412,1,Q3,high,high,Q4,Q1-Q3,Angina,,,,,
1,2810396123,2018-01-01,1763,2,1,209,75,100,99,0.73,3,51.1,5.5,12252,3450.09784735812,8.1461578711763,3.39576213260424,1.22252822259319,0,,31.88,,867,1,1696.67318982388,7.43642466555898,0,60.51,0,12252,0,3,,12252,0,,,2,4566,5707,12252,14261,14261,2009,,0,0,,,,0,0,8,0,12252,"","","","","","","",,,,,,,,,,,,"","",,,,,,,,,,,,0,0,0,0,0,0,0,0,0,0,0,,6.06,56.79,2,021109CJB,317.212,3.04,34,237.6,34,119.293,8,13289,13289,31.88,0,0,0,0,0,2,0,0,0,0,0,0,0,0,0,0,0,201,63.25,0,0,0,0,0,0,1,,,,,,1,,0,1,0,0,0,0,0,1,1,1,0,2,0,,,0,0,63,35.3248730994017,0,0,0,0,0,,0,0,0,0,0,,0,,,,0,0,0,,,0,114,0,58.7084148727984,4.07258307044059,2,0,0,0,88,0,0,,17074,,,,39.2056573563423,1,Q2,low,low,Q1-Q3,Q1-Q3,,,,,,
1,2810396337,2018-01-08,4737.7,2,1,237,39,194,96,0.85,3.1,152.7,5.4,12208,3102.61951538965,8.04000203862194,1.5462392108508,0.435825667077453,1,,46.04,,829.13,1,542.97969875573,6.29707193204483,0,68.05,0,12208,0,3,,12208,0,,,1,4728,5742,12208,,,,,0,0,,,,0,0,8,0,12208,M01AE02,550 MG,M01,M01A,M01AE,M01AE02,"",,1,,,,,,,,,,"","",,,,,,,,,,,,0,1,0,0,0,0,0,0,0,0,0,,1.66,90.62,2,021109bCJ,348.174,1.7,37,213.2,37,190.014,8,13214,13214,46.04,0,0,0,0,0,8,0,0,0,0,0,0,0,0,0,0,0,198,71.25,0,0,0,0,0,0,1,,,,,6,1,,0,1,0,0,0,0,0,,1,1,0,2,0,,,0,0,52,27.4221224342726,0,0,0,0,0,,0,0,0,0,0,,0,,,,0,0,0,,,0,159.2,0,20.3012442698101,3.01068217824865,1,0,0,0,100,0,0,,16999,,,,31.0261951538965,1,Q2,low,low,Q1-Q3,Q1-Q3,,,,,,
1,2810396685,2018-11-26,7205,2,1,217,39,229,93,0.94,5.6,66.8,5.8,11125,10785.9281437126,9.28599761387911,2.11178247734139,0.747532366856747,0,,52.1,,512.63,1,767.410179640719,6.64302144282875,0,67.47,0,11125,0,3,,11125,0,,,2,4431,5901,11125,13898,13898,2773,14342,1,0,3217,14342,,0,0,8,0,11125,"","","","","","","",,,,,,,,,,,,"","",,,,,,,,,,,,0,0,0,0,0,0,0,0,0,0,0,,2.96,91.56,2,012009CJB,653.596,5.79,9,240.2,9,244.064,8,12539,12539,52.1,0,0,0,0,0,2,0,0,0,0,0,0,0,2,0,0,0,139,60.25,0,0,0,0,0,0,1,,,,,3,8,,0,1,0,0,0,1,0,1,1,1,0,2,0,,,0,0,83,26.9219374202596,0,0,0,0,0,,0,0,0,0,0,,0,,1,1,0,0,0,,,0,132.2,1,83.8323353293413,4.42881879618064,2,0,0,0,56,1,1,14349,,14349,28,3224,192.605859709153,0,Q4,high,high,Q4,Q4,Death,8.8268309377139,1,0,0,0
1,2810396820,2017-10-25,325.1,2,1,229,55,142,115,0.67,4.8,48.5,6,11895,670.309278350516,6.50773921535451,,,,,26.82,,1058.12,1,2181.69072164948,7.68785541558126,0,61.36,0,11895,0,3,,11895,0,,,2,4582,5705,11895,13954,13954,2059,,0,0,,,,0,0,8,0,11895,M01AE02,500 MG,M01,M01A,M01AE,M01AE02,"",,1,,,1,1,,,,1,,"","",,,,,,,,,,,,0,1,0,0,1,1,0,0,0,1,0,,1.67,79.99,2,012209CJB,301.56,1.59,12,164.7,12,115.873,8,13261,13261,26.82,1,0,0,0,1,2,0,0,0,0,0,0,0,0,0,0,0,192,61,0,0,0,0,0,0,1,,,,1,5,0,,0,1,1,1,0,0,0,1,1,1,0,2,0,,,0,0,62,36.2783203394948,0,1,1,1,1,,0,0,0,0,0,,0,,,,0,0,0,,,0,145.6,1,98.9690721649485,4.59480739895255,2,1,1,0,94,0,0,15302,,6419,30,,7.13094976968633,1,Q1,low,low,Q1-Q3,Q1-Q3,IC,,,,,
1,2810397252,2018-02-10,293.8,2,1,162,50,131,93,0.74,3,38.9,5.6,11836,755.269922879177,6.62707519910347,2.23146223146223,0.802657079764583,0,,33.7,,714.72,1,1837.3264781491,7.5160667929675,0,,0,11836,,,,11836,0,,,2,,5799,11836,14014,14014,2178,,0,0,,,,0,0,,0,11836,M01AE02,220 MG,M01,M01A,M01AE,M01AE02,"",,1,,,,,,,,,,"","",,,,,,,,,,,,0,1,0,0,0,0,0,0,0,0,0,,4.1,45.29,2,021909bCJ,,,47,160.2,47,105.47,8,12606,12606,33.7,0,0,0,0,0,2,0,0,0,0,0,0,0,0,0,0,0,176,62.25,0,0,0,0,0,0,1,,,,,7,7,,0,1,0,0,0,0,0,1,1,1,0,2,0,,,0,0,66,31.932988818801,0,0,0,0,0,,0,0,0,0,0,,0,,,,0,0,0,,,0,85.8,0,77.120822622108,4.34537331702585,2,0,0,0,84,0,0,,16387,,,,8.99130860570449,1,Q1,low,low,Q1-Q3,Q1-Q3,,,,,,
7,2810397403,2017-08-12,4648.8,2,1,189,35,177,107,0.93,3,114.3,5.7,3210,4067.19160104987,8.31070801594822,2.43710021321962,0.890808895348531,0,1.8,42.42,43.5,779.74,2,682.187226596676,6.52530414596973,0,70.92,0,3210,0,3,,3210,0,,,1,3210,5111,,,5111,1901,,0,0,,,,0,0,8,0,3210,M01AX05,1500+200 MG,M01,M01A,M01AX,M01AX25,"",,1,,,,,,,,,,M01AX25,"",,1,,,,,,,,,,0,1,0,0,0,0,0,0,0,0,0,,0.52,37.71,2,123008CJB,239.794,1.78,3,184.7,3,160.944,3,,,42.42,0,0,0,0,0,,0,0,0,0,0,0,,,,,0,148,65.5,0,0,0,0,0,0,,,1,,,8,1,,0,1,0,0,,,0,,2,3,0,2,0,,,0,0,55,24.2540756627461,0,0,0,0,0,,0,0,0,0,0,,0,,,,0,0,0,,,0,118.6,0,26.246719160105,3.26754099684948,1,0,0,0,92,0,0,,7796,,,,44.2086043592377,1,Q2,low,low,Q1-Q3,Q1-Q3,,,,,,
1,2810397518,2018-12-22,7612.6,2,0,177,36,259,82,0.96,115.2,104.7,5.9,11833,7270.86914995225,8.89163111633247,1.54807692307692,0.43701346584309,1,,32.98,,1045.22,1,998.299904489016,6.90605373666875,0,,0,11833,,,13,11833,0,,,1,4162,5554,11833,13940,13940,2107,11352,1,1,-4330,7503,,0,0,,0,11833,C10AX09,40 MG,C10,C10A,C10AA,C10AA01,"",,,,1,,1,,,,,1,C10AA01,"",,,,,,1,1,,,,,0,0,0,1,0,1,1,0,0,0,1,,5.65,125.3,2,022009CJB,,,49,191.3,49,174.871,8,12505,12505,32.98,1,0,0,0,0,8,0,0,0,0,0,0,0,1,0,0,0,182,65.25,0,0,0,0,0,0,1,,,,,4,7,,0,1,1,0,0,1,0,,1,1,0,2,0,,,0,0,80,30.0549471491333,0,0,1,1,1,,0,0,0,0,0,,1,14583,1,2,1,0,0,3,7382,1,89.2,1,1100.28653295129,7.00332590936744,3,0,0,1,74,1,1,,16285,13599,30,4452,98.2549885128682,0,Q4,high,high,Q4,Q4,IC,12.1889117043121,1,1,1,0
1,2810397721,2018-06-28,20000,3,1,201,54,80,89,1.03,14.4,120.9,4.9,12196,16542.5971877585,9.71369398090347,2.60382513661202,0.956981570252836,0,,83.5,,894.38,1,739.768403639371,6.60633716915859,0,63.22,0,12196,0,3,,12196,0,,,1,4529,5777,12196,14420,14420,2224,,0,0,,,,0,0,8,0,12196,"","","","","","","",,,,,,,,,,,,"","",,,,,,,,,,,,0,0,0,0,0,0,0,0,0,0,0,,0.77,44.39,2,010909CJB,304.038,5.61,1,271.4,1,197.612,8,13784,13784,83.5,0,0,0,0,0,8,0,0,0,0,0,0,0,0,0,0,0,206,70,0,0,0,0,0,0,1,,,,,3,7,,0,0,0,0,0,0,0,,1,1,0,,0,,,0,0,68,29.5581162590897,0,,0,0,0,,0,0,0,0,0,,0,,,,0,0,0,,,0,131,1,119.106699751861,4.78001972794335,2,0,0,0,74,1,1,,17578,,,,223.548610645385,1,Q4,high,high,Q4,Q4,,,,,,
1,2810397737,2018-06-28,20000,3,1,240,45,259,110,1.06,4.1,141,5.3,12044,14184.3971631206,9.55989784814605,4.32838038632987,1.46519342731471,0,,63.8,,1880.85,1,1333.93617021277,7.19588937691458,0,66.07,0,12044,0,3,,12044,0,,,1,4527,5697,12044,14097,14097,2053,,0,0,,,,0,0,8,0,12044,"","","","","","","",,,,,,,,,,,,"","",,,,,,,,,,,,0,0,0,0,0,0,0,0,0,0,0,,4.57,44.52,2,012109CJB,720.448,3.97,10,227.5,10,209.51,8,13438,13438,63.8,0,0,0,0,0,8,1,1,1,0,0,0,0,0,0,0,0,181,65.5,0,0,0,0,0,0,1,,,,,8,6,,0,1,0,0,0,0,0,,1,1,2,2,0,,,0,0,65,29.66207901998,1,0,0,0,0,,0,0,0,0,0,,0,,,,0,0,0,,,0,143.2,1,29.0780141843972,3.36998236231423,1,0,0,0,73,1,1,,17230,,,,194.306810453706,1,Q4,high,high,Q4,Q4,,,,,,
1,2810398064,2017-10-25,919.3,2,1,171,54,75,89,0.71,3,31.8,5.1,12476,2890.88050314465,7.96931640707167,1.64799081515499,0.499556858143469,1,,20.72,,290.73,1,914.245283018868,6.81809889761653,0,69.36,0,12476,0,3,,12476,0,,,2,4630,5812,12476,14682,14682,2206,,0,0,,,,0,0,8,0,12476,C07AB03,25 MG,C07,C07A,C07AB,C07AB03,"",,,,1,,,,1,,,,"","",,,,,,,,,,,,0,0,0,1,0,0,0,1,0,0,0,,22.37,47.99,2,020209CJB,326.33,2.94,21,195.7,21,112.138,8,13699,13699,20.72,1,0,0,0,0,2,0,0,0,0,0,0,0,0,0,0,0,139,64.5,0,0,0,0,0,0,1,,,,,4,2,,0,1,1,0,0,0,0,1,1,1,0,2,0,,,0,0,65,23.4909718061729,0,0,1,0,1,,0,0,0,0,0,,0,,,,0,0,0,,,0,102,0,94.3396226415094,4.54690127786412,2,0,0,0,89,0,0,,17487,,,,32.4818034061197,1,Q2,low,low,Q1-Q3,Q1-Q3,,,,,,
1,2810398586,2017-11-21,2089.3,2,1,170,96,61,129,0.76,4,42.9,6.1,12140,4870.16317016317,8.49088272068233,5.39597902097902,1.68565405045415,0,,31.62,,674.84,1,1573.05361305361,7.36077398579189,0,,0,12140,,,,12140,0,,,2,4510,5795,12140,14261,14261,2121,,0,0,,,,0,0,,0,12140,C10AA02,20 MG,C10,C10A,C10AA,C10AA02,"",,,,,1,1,1,,,1,,"","",,,,,,,,,,,,0,0,0,0,1,1,1,0,0,1,0,,0.17,31.61,2,012709bCJ,337.484,1.48,18,154.2,18,87.617,8,13415,13415,31.62,1,0,0,0,1,2,0,0,0,0,0,0,0,0,0,0,0,127,70.5,0,0,0,0,0,0,1,,,,,4,2,,0,1,1,1,0,0,0,1,1,1,0,2,0,,,0,0,67,17.9651604210406,0,1,1,1,1,,0,0,0,0,0,,0,,,,0,0,0,,,0,61.8,1,93.2400932400932,4.53517781416806,2,1,0,1,81,0,1,,17206,,,,60.1254712365824,1,Q3,low,low,Q1-Q3,Q1-Q3,,,,,,
1,2810398868,2017-10-22,4128.5,2,1,201,41,100,96,0.99,16.9,49.8,5.5,11579,8290.16064257028,9.02282462581497,3.13054830287206,1.14120816584687,0,,35.22,,1435.36,1,2882.24899598394,7.96632616976846,0,66.56,0,11579,0,3,,11579,0,,,1,4413,5690,11579,13995,13995,2416,,0,0,,,,0,0,8,0,11579,C07AG02,25 MG,C07,C07A,C07AG,C07AG02,"",,,,1,,,,,,,,"","",,,,,,,,,,,,0,0,0,1,0,0,0,0,0,0,0,,1,71.16,2,012109CJB,278.65,3.17,11,199.7,11,186.37,8,12966,12966,35.22,1,0,0,0,0,8,0,0,0,0,0,0,0,0,0,0,0,224,72.75,0,0,0,0,0,0,1,,,,,4,6,,0,1,1,0,0,0,0,,1,1,0,2,0,,,0,0,63,29.7568965846827,0,0,1,0,1,140,0,1,1,0,0,,0,,,,0,0,0,,,0,140,1,339.357429718876,5.82705391688056,3,0,0,0,81,1,1,14933,,14933,27,3354,102.347662253954,0,Q4,high,high,Q4,Q4,,9.18275154004107,1,0,0,0
1,2810399143,2017-12-23,2697.1,2,1,271,62,155,87,0.76,5.4,62.2,5.4,12294,4336.17363344051,8.37474758693038,,,,,57.5,,1375.85,1,2211.97749196141,7.70164218716614,0,68.81,0,12294,0,3,,12294,0,,,2,4489,5728,12294,,,,,0,0,,,,0,0,8,0,12294,"","","","","","","",,,,,,,,,,,,"","",,,,,,,,,,,,0,0,0,0,0,0,0,0,0,0,0,,2.26,26.51,2,020609CJB,,,30,342.7,30,189.161,8,13400,13400,57.5,0,0,0,0,0,2,1,1,1,0,0,0,0,0,0,0,0,94,57.5,0,0,0,0,0,0,1,,,,,3,0,,0,1,0,0,0,0,0,1,1,1,2,2,0,,,0,0,80,19.9893087876913,1,0,0,0,0,,0,0,0,0,0,,0,,,,0,0,0,,,0,178,1,86.8167202572347,4.46379923280723,2,0,0,0,74,0,1,15283,5422,15283,28,2989,58.5969409924394,0,Q3,low,low,Q1-Q3,Q1-Q3,Death,8.18343600273785,1,0,0,0
1,2810399777,2017-11-26,4840.8,2,1,221,49,97,103,1.28,3,144.9,5.5,12603,3340.7867494824,8.11396161196957,1.12159329140461,0.114750256007665,1,,64.6,,528.43,1,364.685990338164,5.8990366828683,0,60.67,0,12603,0,3,,12603,0,,,1,4709,5836,12603,14616,14616,2013,,0,0,,,,0,0,8,0,12603,C09AA03,10 MG,C09,C09A,C09AA,C09AA03,"",,,,,1,,,,,,,"","",,,,,,,,,,,,0,0,0,0,1,0,0,0,0,0,0,,1.52,63.45,2,020309bCJ,316.936,0.77,24,296.3,24,178.415,8,13783,13783,64.6,1,0,0,0,0,8,0,0,0,0,0,0,0,0,0,0,0,166,68.25,0,0,0,0,0,0,1,,,,,5,1,,0,1,1,0,0,0,0,,1,1,0,2,0,,,0,0,58,25.0558066627545,0,0,1,0,1,,0,0,0,0,0,,0,,,,0,0,0,,,0,152.6,0,20.703933747412,3.03032371832361,1,0,0,0,61,0,0,,17571,,,,54.7669958931541,1,Q2,low,low,Q1-Q3,Q1-Q3,,,,,,
1,2810400435,2018-11-26,7780.2,2,1,164,51,57,99,0.96,8.8,93.1,5.7,11252,8356.82062298604,9.03083332548796,3.29070929070929,1.19110313142237,0,,50.74,,749.44,1,804.983888292159,6.69082226267437,0,60.04,0,11252,0,3,,11252,0,,,2,4314,5643,11252,,,,,0,0,,,,0,0,8,0,11252,"","","","","","","",,,,,,,,,,,,"","",,,,,,,,,,,,0,0,0,0,0,0,0,0,0,0,0,,0.32,34.35,2,011609CJB,423.474,0.77,8,87.9,8,77.852,8,12679,12679,50.74,0,0,0,0,0,2,0,0,0,0,0,0,0,1,0,0,0,116,65.75,0,0,0,0,0,0,1,,,,,3,6,,0,1,0,0,0,1,0,1,1,1,0,2,0,,,0,0,69,18.8656636620188,0,0,0,0,0,,0,0,0,0,0,,0,,,,0,0,0,,,0,101.6,1,94.5220193340494,4.54883281618328,2,0,0,0,60,1,1,,16472,,,,139.280343716434,1,Q4,high,high,Q4,Q4,,,,,,
1,2810401114,2018-02-03,1107.6,2,1,218,76,66,93,1.04,3,123.8,5.2,12554,894.668820678514,6.7964536170344,2.11985018726592,0.751345419802933,0,,38.66,,793.11,1,640.638126009693,6.46246475149785,0,67.39,0,12554,0,3,,12554,0,,,1,,5334,12554,14478,14478,1924,,0,0,,,,0,0,8,0,12554,"","","","","","","",,,,,,,,,,,,"","",,,,,,,,,,,,0,0,0,0,0,0,0,0,0,0,0,,0.73,17.99,2,021809bCJ,375.662,1.16,45,141.4,45,111.91,8,13390,13390,38.66,0,0,0,0,0,8,0,0,0,0,0,0,0,0,0,0,0,164,68.75,0,0,0,0,0,0,1,,,,,8,1,,0,1,0,0,0,0,0,,1,1,0,2,0,,,0,0,51,24.3951816168095,0,0,0,0,0,,0,0,0,0,0,,0,,,,0,0,0,,,0,128.8,0,24.232633279483,3.18770020739975,1,0,0,0,83,0,0,,17171,,,,10.7791424178134,1,Q1,low,low,Q1-Q3,Q1-Q3,,,,,,
1,2810401251,2017-12-14,3492.3,2,1,205,74,125,100,0.78,3,71.8,5.7,12111,4863.92757660167,8.48960153385622,2.29257246376812,0.829674533708083,0,,48.44,,921.34,1,1283.20334261838,7.1571148420172,0,64.73,0,12111,0,3,,12111,0,,,2,4797,5740,12111,,,,,0,0,,,,0,0,8,0,12111,M01AH01,200 MG,M01,M01A,M01AH,M01AH01,"",,1,,,,1,,1,,,,"","",,,,,,,,,,,,0,1,0,0,0,1,0,1,0,0,0,,0.99,78.87,2,020409bCJ,378.294,1.4,26,168.4,26,129.829,8,13265,13265,48.44,1,0,0,0,0,2,0,0,0,0,0,0,0,0,0,0,0,155,62.5,0,0,0,0,0,0,1,,,,,4,0,,0,0,1,0,0,0,0,1,1,1,0,,0,,,0,0,79,27.8982701965404,0,0,1,0,1,,0,0,0,0,0,,0,,,,0,0,1,,,0,106,0,41.7827298050139,3.73248309159607,2,0,1,0,72,0,1,16403,,16403,28,4292,67.5545496750232,0,Q3,low,high,Q1-Q3,Q1-Q3,Death,11.750855578371,1,1,0,0
1,2810402707,2018-12-08,5597.8,2,1,196,56,125,100,0.95,3.3,107.2,6,12444,5221.82835820896,8.56060287974319,,,,,26.78,,1162.61,1,1084.52425373134,6.98889669399228,0,70.99,0,12444,0,3,,12444,0,,,2,4561,5827,12444,14552,14552,2108,,0,0,,,,0,0,8,0,12444,M01AE01,200 MG,M01,M01A,M01AE,M01AE01,"",,1,,,,,,,,,,"","",,,,,,,,,,,,0,1,0,0,0,0,0,0,0,0,0,,1.31,130.8,2,020209CJB,564.2,2.38,21,264.4,21,148.721,8,13673,13673,26.78,0,0,0,0,0,2,1,1,1,0,0,0,0,0,0,0,0,131,59.75,0,0,1,1,1,1,1,,,,,3,2,,0,1,0,0,0,0,0,1,1,1,2,2,0,,,0,1,73,25.798894055028,1,0,0,0,0,,0,0,0,0,0,,0,,,,0,0,0,,,0,115,0,30.7835820895522,3.42698149881787,2,0,0,0,59,0,1,,17461,,,,88.5055653933721,1,Q3,low,high,Q4,Q1-Q3,,,,,,
1,2810403171,2018-01-13,1078.4,2,1,175,85,64,114,1,3,54.7,5.8,12491,1971.48080438757,7.5865402167182,1.93853591160221,0.661933003416221,0,,27.72,,314.22,1,574.442413162706,6.35339985407961,0,69.48,0,12491,0,3,,12491,0,,,1,,5391,12491,14477,14477,1986,,0,0,,,,0,0,8,0,12491,M01AE01,200 MG,M01,M01A,M01AE,M01AE01,"",,1,,,,,,,,,,"","",,,,,,,,,,,,0,1,0,0,0,0,0,0,0,0,0,,0.95,54.47,2,021309CJB,272.378,1,39,257.8,39,143.948,8,13450,13450,27.72,0,0,0,0,0,8,0,0,0,0,0,0,0,0,0,0,0,185,74.75,0,0,0,0,0,0,1,,,,,7,5,,0,1,0,0,0,0,0,,1,1,0,2,0,,,0,0,60,23.2784975810329,0,0,0,0,0,,0,0,0,0,0,,0,,,,0,0,0,,,0,77.2,0,54.8446069469835,4.00450385822231,2,0,0,0,81,0,0,,17234,14632,11,4743,24.33926918997,0,Q1,low,low,Q1-Q3,Q1-Q3,Atherothrombotic Infarction of Brain,12.9856262833676,1,1,1,0
1,2810403225,2017-11-18,3371.9,2,1,243,66,161,125,0.84,52.9,80,6.3,12088,4214.875,8.3463752140057,1.96143250688705,0.673675077147125,0,,41,,1065.44,1,1331.8,7.19428668967652,0,,0,12088,,,,12088,0,,,2,5021,6451,12088,,,,,0,0,,,,0,0,,0,12088,"","","","","","","",,,,,,,,,,,,"","",,,,,,,,,,,,0,0,0,0,0,0,0,0,0,0,0,,1.12,104.7,2,013009CJB,463.668,1.22,20,269.6,20,136.298,8,13337,13337,41,1,0,0,0,0,2,0,0,0,0,0,0,0,0,0,0,0,164,61,0,0,0,0,0,0,1,,,,,4,1,,0,0,1,0,0,0,0,1,1,1,0,,0,,,0,0,65,30.9877319566518,0,0,1,0,1,,0,0,0,0,0,,0,,,,0,0,0,,,0,144.8,1,661.25,6.49413198317251,3,0,0,0,73,0,1,,17125,11204,6,5037,57.7380136986301,0,Q3,low,low,Q1-Q3,Q1-Q3,Angina,13.7905544147844,1,1,1,0
1,2810403608,2017-09-27,260.9,2,1,216,59,87,89,0.72,32.8,44.3,5.1,11257,588.939051918736,6.37832270107968,,,,,35.36,,764.69,1,1726.1625282167,7.45365603187801,0,62.94,0,11257,0,3,,11257,0,,,2,4199,5672,11257,13449,13449,2192,,0,0,,,,0,0,8,0,11257,M01AE02,? ?,M01,M01A,M01AE,M01AE02,"",,1,,,1,,,1,,,,"","",,,,,,,,,,,,0,1,0,0,1,0,0,1,0,0,0,,1.12,44.1,2,011609CJB,405.214,2.07,8,238.7,8,169.927,8,12685,12685,35.36,1,0,0,0,0,2,1,0,0,60,0,0,0,0,0,0,0,147,65.5,0,0,0,0,0,0,1,,,,,3,2,,0,1,1,0,0,0,0,1,1,1,1,2,0,,,0,0,64,24.0901967731329,0,0,1,0,1,,0,0,0,0,0,,0,,,,0,0,0,,,0,139.6,1,740.406320541761,6.60719911732115,3,0,0,0,88,0,0,15578,,15578,28,4321,6.69248922634927,0,Q1,low,low,Q1-Q3,Q1-Q3,Death,11.8302532511978,1,1,0,0
1,2810404168,2017-10-28,1682,2,1,221,76,105,91,0.66,3,29.7,5.1,11263,5663.29966329966,8.64176198071233,1.88176795580111,0.632211736962762,0,,43.44,,417.57,1,1405.9595959596,7.24847533508686,0,65.69,0,11263,0,3,,11263,0,,,2,4378,5635,11263,13393,13393,2130,,0,0,,,,0,0,8,0,11263,M01AE01,200 MG,M01,M01A,M01AE,M01AE01,"",,1,,,,,,,,,,"","",,,,,,,,,,,,0,1,0,0,0,0,0,0,0,0,0,,3.04,67.93,2,012309CJB,286.874,1.74,14,217.4,14,123.17,8,12609,12609,43.44,0,0,0,0,0,2,0,0,0,0,0,0,0,0,0,0,0,160,62.75,1,1,0,0,0,0,1,,,,,4,7,,0,1,0,0,0,0,0,1,1,1,0,2,0,,,0,1,66,28.5692036598911,0,0,0,0,0,,0,0,0,0,0,,0,,,,0,0,0,,,0,124,0,101.010101010101,4.61522052184159,2,0,0,0,92,0,1,,16401,,,,61.5576050358659,1,Q3,high,low,Q1-Q3,Q1-Q3,,,,,,
1,2810404415,2018-01-06,2321.5,2,1,185,60,92,101,0.83,3,41.8,5.7,12437,5553.82775119617,8.62224265391736,1.34838274932615,0.298905910856408,1,,66.72,,702.01,1,1679.44976076555,7.42622149539598,0,62.3,0,12437,0,3,,12437,0,,,1,5119,,12437,14153,14153,1716,,0,0,,,,0,0,8,0,12437,M01AH01,10 MG,C03,C03A,C03AA,C03AA03,"",,1,,,1,1,1,,,,,C03AA03,"",,,,,,,,1,,,,0,1,0,0,1,1,1,1,0,0,0,,1.07,91,2,021109CJB,,,34,214.6,34,133.4,8,13473,13473,66.72,1,0,0,0,0,8,0,0,0,0,0,0,0,0,0,0,0,269,72.25,0,0,0,0,0,0,1,,,,,8,6,,0,1,1,0,0,0,0,,1,1,0,2,0,,,0,0,67,36.2311559024047,0,0,1,1,1,,0,0,0,0,0,,0,,,,0,0,1,,,0,106.6,0,71.7703349282297,4.27347122811954,2,0,0,1,91,0,1,,17258,,,,61.0310741889689,1,Q3,low,low,Q1-Q3,Q1-Q3,,,,,,
1,2810405009,2018-12-15,6945.6,2,1,124,53,62,109,0.95,3,105.9,6,12295,6558.6402266289,8.78853857792606,2.82960413080895,1.04013681876421,0,,43.02,,893.9,1,844.09820585458,6.73826884547454,0,48.91,2,12295,1,2,,12295,0,,,1,4585,5712,12295,,,,9938,1,1,-2357,9938,,0,0,7,0,12295,C10AX09,10 MG,C10,C10A,C10AX,C10AX09,"",,,,,1,1,1,,,,,"","",,,,,,,,,,,,0,0,0,0,1,1,1,0,0,0,0,,2.51,84.38,2,021209CJB,485.274,4.77,37,211.3,37,132.011,8,13289,13289,43.02,1,0,0,0,0,8,0,0,0,0,0,0,0,1,0,0,0,192,71,0,0,0,0,0,0,1,,,,,3,6,,0,1,1,0,0,1,0,,1,1,0,2,0,,,0,0,68,26.778740325979,0,0,1,1,1,141,0,1,0,1,0,,0,,1,6,1,0,0,,,0,58.6,0,28.328611898017,3.34387231504289,1,0,0,1,82,1,1,13667,,13667,22,1372,79.9834173979134,0,Q4,high,high,Q1-Q3,Q4,CHD Death,3.75633127994524,0,0,0,0
1,2810405085,2018-07-06,20000,3,1,214,64,104,104,0.74,3.1,209.6,5.4,11759,9541.98473282443,9.16345678607733,2.71739130434783,0.999672340813206,0,,58.06,,2144.13,1,1022.96278625954,6.93045838822207,0,66.3,0,11759,0,3,,11759,0,,,2,4352,5670,11759,13856,13856,2097,,0,0,,,,0,0,8,0,11759,C07AB03,50 MG,C07,C07A,C07AB,C07AB03,"",,,,1,,,,,,,,"","",,,,,,,,,,,,0,0,0,1,0,0,0,0,0,0,0,,4.28,32.07,2,021809CJB,399.424,3.07,42,371.8,42,188.685,8,12656,12656,58.06,1,0,0,0,0,2,1,1,1,0,0,0,0,0,0,0,0,140,62.75,0,0,0,0,0,0,1,,,,,8,8,,0,1,1,0,0,0,0,1,1,1,2,2,0,,,0,0,63,24.9980532024047,1,0,1,0,1,,0,0,0,0,0,,0,,,,0,0,0,,,0,129.2,0,14.7900763358779,2.69395643802635,1,0,0,0,86,1,1,15618,,15618,27,3859,110.953310846796,0,Q4,high,high,Q4,Q4,,10.5653661875428,1,1,0,0
1,2810405330,2017-08-23,1306.5,2,1,271,64,174,100,0.65,17.5,54.1,5,12064,2414.97227356747,7.78944308509632,2.33884297520661,0.849656352046497,0,,47.52,,1495.22,1,2763.80776340111,7.92436463232452,0,64.97,0,12064,0,3,,12064,0,,,2,4572,5811,12064,15339,15339,3275,,0,0,,,,0,0,8,0,12064,C10AX06,50/12.5 MG,C03,C03A,C03AA,C03AA03,"",,,,,1,1,,,,,,C03AA03,"",,,,,,,,1,,,,0,0,0,0,1,1,0,1,0,0,0,,2.08,71.16,2,010909CJB,402.914,2.91,1,204.5,1,161.887,8,13672,13672,47.52,1,0,0,0,0,2,0,0,0,0,0,0,0,0,0,0,0,149,63.5,0,0,1,1,1,1,1,,,,,3,10,,0,1,1,0,0,0,0,1,1,1,0,2,0,,,0,1,62,25.9803160811604,0,0,1,0,1,,0,0,0,0,0,,0,,,,0,0,0,,,0,172.2,1,323.475046210721,5.77912197405917,3,0,1,0,95,0,0,16333,,16333,28,4269,25.4207607743944,0,Q1,low,low,Q1-Q3,Q1-Q3,Death,11.6878850102669,1,1,0,0
1,2810405697,2017-10-07,3892.8,2,1,195,64,135,105,0.83,3,44.9,6,11060,8669.93318485524,9.06761636326914,1.4801412180053,0.392137500795203,1,,42.12,,832.9,1,1855.01113585746,7.52564597818118,0,66.43,0,11060,0,3,,11060,0,,,2,3542,4326,11060,,,,,0,0,,,,0,0,8,0,11060,C07AB03,"",C07,C07A,C07AB,C07AB03,"",,,1,1,,,,,,,,"","",,,,,,,,,,,,0,0,1,1,0,0,0,0,0,0,0,,2.3,24.62,2,012109CJB,675.356,3.21,10,200.7,10,114.682,8,12456,12456,42.12,1,0,0,0,0,2,0,0,0,0,0,0,0,0,0,0,0,127,59.25,0,0,0,0,0,0,1,,,,,8,6,,0,0,1,0,0,0,0,1,1,1,0,,0,,,0,0,78,25.435051671257,0,0,1,0,1,,0,0,0,0,0,,0,,,,0,0,1,,,0,104,0,66.815144766147,4.20192977290204,2,0,0,0,68,1,1,,14499,,,,127.499017424342,1,Q4,high,high,Q4,Q4,,,,,,
1,2810407189,2017-12-14,906.9,2,1,194,47,80,116,0.73,3,21.7,5.6,11804,4179.26267281106,8.3378901158952,1.73819163292848,0.552845281368212,0,,46.46,,510.94,1,2354.56221198157,7.76411009192174,0,59.95,0,11804,0,3,41,11804,1,3596,15400,1,4392,5663,11804,14034,14034,2230,,0,0,,,,0,1,8,1,11804,C03AA03,25 MG,C03,C03A,C03AA,C03AA03,"",,,,,,,,1,,,,"","",,,,,,,,,,,,0,0,0,0,0,0,0,1,0,0,0,,1.78,45.01,2,020409bCJ,407.296,2.56,26,219.8,26,227.182,8,12957,12957,46.46,1,0,0,0,2,8,0,0,0,0,0,0,0,0,0,0,0,155,65.75,0,0,0,0,0,0,1,,,,,4,6,,0,1,1,1,0,0,0,,1,1,0,2,0,,,0,0,69,25.2084298932148,0,0,1,0,1,,0,0,0,0,0,,0,,,,0,0,0,,,0,131,0,138.248847926267,4.92905530710383,2,0,0,0,95,0,1,15426,,15358,6,,43.9922386611691,1,Q3,low,low,Q1-Q3,Q1-Q3,Angina,,,,,
1,2810407901,2017-09-13,1675.3,2,1,209,48,67,104,0.94,5,87.2,5.4,11274,1921.21559633028,7.56071338777264,1.38907619689818,0.328638919645695,1,,10.5,,566.72,1,649.908256880734,6.47683120966763,0,60.81,0,11274,0,3,,11274,0,,,1,4384,5672,11274,13400,13400,2126,,0,0,,,,0,0,8,0,11274,"","","","","","","",,,,,,,,,,,,"","",,,,,,,,,,,,0,0,0,0,0,0,0,0,0,0,0,,1.53,97.96,2,011409CJB,311.222,1.16,5,215.1,5,197.593,8,12749,12749,10.5,0,0,0,0,0,8,0,0,0,0,0,0,0,0,0,0,0,218,69.5,0,0,0,0,0,0,1,,,,,3,7,,0,0,0,0,0,0,0,,1,1,0,,0,,,0,0,66,31.7316384335165,0,,0,0,0,,0,0,0,0,0,,0,,,,0,0,1,,,0,147.6,1,57.3394495412844,4.0489888605013,2,0,0,0,84,0,0,,16542,,,,22.8716142420271,1,Q1,low,low,Q1-Q3,Q1-Q3,,,,,,
7,2810410377,2017-08-10,2893.6,2,1,231,58,82,104,0.74,4.2,62.4,6,4045,4637.17948717949,8.4418615912506,0.972423802612482,-0.0279635586286467,1,1.7,48,49.2,722.99,2,1158.63782051282,7.05500030141718,0,75.24,0,4045,0,3,,4045,0,,,2,4045,5810,,,5810,1765,,0,0,,,,0,0,8,0,4045,M01AX05,"",M01,M01A,M01AX,M01AX25,"",,1,,,,1,,,,,,M01AX25,"",,1,,,,,,,,,,0,1,0,0,0,1,0,0,0,0,0,,0.56,34.12,2,122908CJB,290.848,0.76,2,88.8,2,66.125,3,,,48,0,0,0,0,0,,0,0,0,0,0,0,,,,,0,131,63.5,0,0,0,0,0,0,,,1,,,4,2,,0,1,0,0,,,0,,2,3,0,2,0,,,0,0,67,22.8417544069263,0,0,0,0,0,,0,0,0,0,0,,0,,,,0,0,0,,,0,156.6,1,67.3076923076923,4.20927452889608,2,0,1,0,84,0,1,,8664,,,,55.2045177045177,1,Q3,low,low,Q1-Q3,Q1-Q3,,,,,,
1,2810410940,2018-01-08,3897.8,2,0,203,69,129,84,1.22,8.2,87.1,5.3,11826,4475.08610792193,8.40628087251756,1.26255707762557,0.233139091145889,1,,46.24,,1074.76,1,1233.93800229621,7.11796596195216,0,78.61,0,11826,0,3,,11826,0,,,1,4355,5692,11826,13847,13847,2021,,0,0,,,,0,0,8,0,11826,M01AE01,200 MG,M01,M01A,M01AE,M01AE01,"",,1,,,1,,,,,,,"","",,,,,,,,,,,,0,1,0,0,1,0,0,0,0,0,0,,0.51,27.59,2,021109bCJ,274.152,1.96,36,223.9,36,183.303,8,12834,12834,46.24,1,0,0,0,0,8,0,0,0,0,0,0,0,0,0,0,0,150,67.75,0,0,0,0,0,0,1,,,,,7,6,,0,0,1,0,0,0,0,,1,1,0,,0,,,0,0,81,22.9762036844644,0,0,1,0,1,,0,0,0,0,0,,0,,,,0,0,1,,,0,108.2,1,94.1446613088404,4.54483254939389,2,0,0,0,55,0,1,15731,,15731,28,3905,81.3652019622169,0,Q3,low,high,Q1-Q3,Q1-Q3,Death,10.6913073237509,1,1,0,0
1,2810411157,2017-12-14,2646,2,1,172,45,103,92,1,9.9,107,5.6,11580,2472.89719626168,7.81314569620109,1.67586206896552,0.516327700919974,0,,32.36,,873.71,1,816.551401869159,6.70508986434102,0,64.28,0,11580,0,3,,11580,0,,,1,4320,5628,11580,13818,13818,2238,,0,0,,,,0,0,8,0,11580,C09AA03,40 MG,C09,C09A,C09AA,C09AA03,"",,,,1,1,,,1,,,,"","",,,,,,,,,,,,0,0,0,1,1,0,0,1,0,0,0,,5.4,51.3,2,020409bCJ,408.61,3.38,26,336.7,26,170.213,8,12733,12733,32.36,1,0,0,0,0,8,0,0,0,0,0,0,0,0,0,0,0,196,72.75,0,0,0,0,0,0,1,,,,,6,6,,0,1,1,0,0,0,0,,1,1,0,2,0,,,0,0,74,26.0372845115974,0,0,1,0,1,,0,0,0,0,0,,0,,,,0,0,1,,,0,106.4,1,92.5233644859813,4.52746120166078,2,0,0,0,74,0,0,15208,,15208,28,3628,33.4175296792119,0,Q1,low,low,Q1-Q3,Q1-Q3,Death,9.93292265571526,1,0,0,0
1,2810411307,2017-12-02,451.3,2,1,182,73,67,91,0.82,3,35.8,5.7,12659,1260.61452513967,7.13935459941439,2.8646694214876,1.0524529583392,0,,29.94,,580.85,1,1622.48603351955,7.39171484054092,0,66.2,0,12659,0,3,,12659,0,,,2,4543,5789,12659,14638,14638,1979,,0,0,,,,0,0,8,0,12659,"","","","","","","",,,,,,,,,,,,"","",,,,,,,,,,,,0,0,0,0,0,0,0,0,0,0,0,,0.22,40.58,2,020409CJB,406.938,1.23,26,131.9,26,96.4,8,13818,13818,29.94,0,0,0,0,0,2,0,0,0,0,0,0,0,0,0,0,0,143,65.75,0,0,0,0,0,0,1,,,,,3,6,,0,1,0,0,0,0,0,1,1,1,0,2,0,,,0,0,65,23.2568095143853,0,0,0,0,0,,0,0,0,0,0,,0,,,,0,0,0,,,0,95.6,0,83.7988826815643,4.42841967424359,2,0,0,0,75,0,0,,17605,,,,16.8081936685289,1,Q1,low,low,Q1-Q3,Q1-Q3,,,,,,
1,2810411505,2017-10-28,3933.5,2,,,,,,,3,57.7,,11257,6817.15771230503,8.82719790624334,,,,,,,851.01,,1474.88734835355,7.29633689185969,0,69.11,0,11257,0,3,,11257,0,,,2,,,11257,,,,,0,0,,,,0,0,8,0,11257,C10AX06,"",C10,C10A,C10AX,C10AX06,"",,,,,,1,,,,,,"","",,,,,,,,,,,,0,0,0,0,0,1,0,0,0,0,0,,,,,"",,,,,,,,,,,0,0,0,0,0,2,1,0,0,53,0,0,0,0,0,0,0,211,66.5,0,0,0,0,0,0,1,,,,,4,2,,0,1,0,0,0,0,0,1,1,1,1,2,0,,,0,0,59,33.5463116513886,0,0,0,0,0,,0,0,0,0,0,,0,,,,0,0,0,,,0,,0,51.9930675909879,3.95111039413619,2,,1,0,,1,1,13636,,13636,27,2379,,0,Q4,high,,,Q4,,6.51334702258727,1,0,0,0
7,2810411640,2017-08-22,1377,2,1,162,49,75,83,0.76,3,93.3,5,4841,1475.88424437299,7.29701257686345,2.52145214521452,0.924834983657151,0,,33.84,,1427.01,1,1529.48553054662,7.33268670329556,0,70.06,0,4841,0,3,2,4841,0,,,2,4841,6370,,,6370,1529,,0,0,,,,0,0,8,0,4841,"","","","","","","",,,,,,,,,,,,"","",,,,,,,,,,,,0,0,0,0,0,0,0,0,0,0,0,,0.3,28.64,2,010809CJB,213.376,0.53,5,224.6,5,149.731,3,,,33.84,0,0,0,0,0,,0,0,0,0,0,0,,,,,0,190,63,0,0,0,0,0,0,,1,,,,8,1,,0,1,0,0,,,0,,2,2,0,2,0,,,0,0,56,33.6572101715632,0,0,0,0,0,,0,0,0,0,1,-1605,0,,,,0,0,0,,,0,98,0,32.1543408360129,3.47054745979695,2,0,0,0,102,0,0,,9244,-1605,2,4403,14.4694533762058,0,Q1,low,low,Q1-Q3,Q1-Q3,MI,12.0547570157426,1,1,1,0
1,2810411807,2017-12-02,2995,2,1,169,35,111,102,1.07,3,47.3,5.4,12152,6331.92389006343,8.75335940103975,0.995855535820012,-0.00415307627490681,1,,35.14,,250.51,1,529.619450317125,6.27215873037802,0,,0,12152,,,40,12152,1,3410,15562,1,4621,5722,12152,14435,14435,2283,,0,0,,,,0,1,,1,12152,C09AA03,10 MG,C09,C09A,C09AA,C09AA03,"",,,,,1,,,,,,,"","",,,,,,,,,,,,0,0,0,0,1,0,0,0,0,0,0,,4.35,112.7,2,020409CJB,855.508,1.42,26,137.7,26,170.184,8,13314,13314,35.14,1,0,0,0,0,8,0,0,0,0,0,0,0,0,0,0,0,210,66.75,0,0,0,0,0,0,1,,,,,8,6,,0,1,1,0,0,0,0,,1,1,0,2,0,,,0,0,71,33.1377004125047,0,0,1,0,1,143,1,0,0,0,0,,0,,,,0,0,1,,,0,111.8,0,63.4249471458774,4.14985727215236,2,0,0,0,69,0,1,,17101,15562,40,4949,91.7670128994699,0,Q3,high,high,Q4,Q1-Q3,CHF,13.5496235455168,1,1,1,0
7,2810411984,2017-08-10,783.4,2,1,201,68,92,92,0.87,16.9,57.6,6,3549,1360.06944444444,7.21529103951798,,,,1.3,39.02,39.76,570.28,2,990.069444444444,6.89777508657201,0,68.23,0,3549,0,3,,3549,0,,,2,3549,5255,,,5255,1706,,0,0,,,,0,0,8,0,3549,M01AX05,750+650 MG,M01,M01A,M01AX,M01AX25,"",,1,,,,,,1,,,,M01AX25,"",,1,,,,,,1,,,,0,1,0,0,0,0,0,1,0,0,0,,0.74,37.28,2,122308CJB,391.612,0.99,1,194.7,1,138.08,3,,,39.02,1,0,0,0,0,,0,0,0,0,0,0,,,,,0,141,62.75,0,0,0,0,0,0,,,1,,,3,0,,0,1,1,0,,,0,,2,3,0,2,0,,,0,0,73,25.176610725279,0,0,1,0,1,,0,0,0,0,0,,0,,,,0,0,0,,,0,114.6,1,293.402777777778,5.68154633320932,2,0,0,0,66,0,0,,8202,,,,20.6071127946128,1,Q1,low,low,Q1-Q3,Q1-Q3,,,,,,
1,2810411991,2018-06-28,20000,3,1,220,49,199,139,0.9,3,125.9,6.9,12006,15885.6235107228,9.67316979747392,1.64802933088909,0.499580229198495,1,,59.26,,1097.15,1,871.445591739476,6.77015343241967,0,66.71,0,12006,0,3,12,12006,0,,,2,4082,5750,12006,14046,14046,2040,,0,0,,,,0,0,8,0,12006,M01AX25,37.5/25 MG,C03,C03A,C03AA,C03AA03,"",,1,,,1,,,1,,1,,C03AA03,"",,,,,,,,1,,,,0,1,0,0,1,0,0,1,0,1,0,,3.18,274.4,2,012209CJB,367.636,2.93,13,191.5,13,134.183,8,13366,13366,59.26,1,0,0,0,1,2,0,0,0,0,0,0,0,0,0,0,0,200,68.5,0,0,0,0,0,0,1,,,,,4,8,,0,1,1,1,0,0,0,1,1,1,0,2,0,,,0,0,71,29.9677726533246,0,1,1,0,1,,0,0,0,0,0,,1,14657,,,0,0,0,,,0,131.2,0,23.8284352660842,3.17087962659995,1,1,0,0,64,1,1,,17158,14657,12,5152,248.212867355044,1,Q4,high,high,Q4,Q4,TIA,14.1054072553046,1,1,1,0
1,2810412202,2018-12-08,4909.3,2,1,201,61,161,106,1.01,95.5,80.3,5.5,12330,6113.69863013699,8.71828720946897,,,,,32.12,,810.94,1,1009.88792029888,6.91759463367657,0,64.21,0,12330,0,3,41,12330,1,2208,14538,2,4565,5768,12330,14245,14245,1915,,0,0,,,,0,1,8,1,12330,C03DB02,75-50 MG,C03,C03A,C03AA,C03AA03,"",,,1,,,,,1,,,,C03AA03,"",,,,,,,,1,,,,0,0,1,0,0,0,0,1,0,0,0,,7.28,55.66,2,020209CJB,400.606,3.15,22,228.8,22,135.45,8,13544,13544,32.12,1,0,0,0,0,2,0,0,0,0,0,0,0,0,0,0,0,157,60.25,0,0,0,0,0,0,1,,,,,4,,,0,1,1,0,0,0,0,1,1,1,0,2,0,,,0,0,80,30.4082314746817,0,0,1,0,1,,0,0,0,0,0,,0,,,,0,0,0,,,0,107.8,1,1189.2901618929,7.08111190551611,3,0,0,0,53,0,1,14734,16909,14538,41,4579,115.352804342207,0,Q3,high,high,Q4,Q1-Q3,CHF,12.5366187542779,1,1,1,0
1,2810412500,2018-01-01,2316.6,2,1,210,141,50,85,1.08,6,58.4,5.6,12735,3966.78082191781,8.28571016865216,2.1661874640598,0.772968693337758,0,,45.12,,557.71,1,954.982876712329,6.86169341017583,0,70.5,0,12735,0,3,,12735,0,,,2,4572,5799,12735,14757,14757,2022,11340,1,1,-1395,11340,,0,0,8,0,12735,C03AA03,25 MG,C03,C03A,C03AA,C03AA03,"",,,1,,,,,1,,,,"","",,,,,,,,,,,,0,0,1,0,0,0,0,1,0,0,0,,0.64,74.56,2,021009CJB,345.308,0.65,34,266.3,34,124.704,8,13772,13772,45.12,1,0,0,0,0,2,0,0,0,0,0,0,0,0,0,0,0,125,60.75,0,0,0,0,0,0,1,,,,,7,0,,0,1,1,0,0,0,0,1,1,1,0,2,0,,,0,0,80,23.8134906996837,0,0,1,0,1,,0,0,0,0,0,,0,,1,1,1,0,1,,,0,59,1,102.739726027397,4.63219885837601,2,0,0,0,48,0,0,,17557,,,,82.6412671232877,1,Q2,low,high,Q4,Q1-Q3,,,,,,
1,2810413459,2018-01-10,2514.3,2,1,237,123,64,104,0.8,3,63.6,5.8,11903,3953.30188679245,8.28230642941499,2.66988416988417,0.982035089405275,0,,56.58,,988.29,1,1553.91509433962,7.34853289258786,0,73.24,0,11903,0,3,,11903,0,,,2,4322,5680,11903,14018,14018,2115,,0,0,,,,0,0,8,0,11903,M01AX05,"",M01,M01A,M01AX,M01AX25,"",,1,,,1,1,,,,,,M01AX25,"",,1,,,,,,,,,,0,1,0,0,1,1,0,0,0,0,0,,2.25,34.6,2,021209CJB,289.76,1.62,38,158.9,38,61.152,8,12893,12893,56.58,1,0,0,0,0,2,0,0,0,0,0,0,0,0,0,0,0,120,60,0,0,0,0,0,0,1,,,,,8,1,,0,1,1,0,0,0,0,1,1,1,0,2,0,,,0,0,62,23.4360468720937,0,0,1,0,1,,0,0,0,0,0,,0,,,,0,0,0,,,0,101.2,0,47.1698113207547,3.85375409730417,2,0,1,0,79,0,0,,16677,,,,50.0417960353475,1,Q2,low,low,Q1-Q3,Q1-Q3,,,,,,
1,2810413889,2018-12-22,6172.2,2,1,168,30,193,113,0.76,4.4,93.9,5.6,11860,6573.16293929712,8.79075041713891,,,,,34.42,,638.75,1,680.24494142705,6.52245294129179,0,61.7,0,11860,0,3,,11860,0,,,2,4315,5648,11860,,,,,0,0,,,,0,0,8,0,11860,C10AX06,1000 MG,C10,C10A,C10AX,C10AX06,"",,,,,,1,,,,,,"","",,,,,,,,,,,,0,0,0,0,0,1,0,0,0,0,0,,2.74,66.27,2,021809CJB,370.056,0.97,44,310.5,44,257.201,8,12728,12728,34.42,0,0,0,0,0,2,0,0,0,0,0,0,0,0,0,0,0,202,63.5,1,1,0,0,0,0,1,,,,,7,6,,0,0,0,0,0,0,0,1,1,1,0,,0,,,0,1,68,35.2216365664054,0,0,0,0,0,,0,0,0,0,0,,0,,,,0,0,1,,,0,99.4,1,46.8583599574015,3.84712943369214,2,0,1,0,81,1,1,12670,,12670,26,810,81.1501597444089,0,Q4,high,high,Q1-Q3,Q4,,2.217659137577,0,0,0,0
1,2810413913,2017-11-13,648.6,2,1,212,67,117,104,0.68,3,14,5.7,12433,4632.85714285714,8.44092905024605,2.79952550415184,1.0294499400178,0,,33.14,,499.59,1,3568.5,8.17990061841112,0,67.79,0,12433,0,3,,12433,0,,,2,4579,5793,12433,14575,14575,2142,,0,0,,,,0,0,8,0,12433,"","","","","","","",,,,,,,,,,,,"","",,,,,,,,,,,,0,0,0,0,0,0,0,0,0,0,0,,11.07,63.12,2,012709bCJ,489.658,0.2,17,238,17,158.905,8,13717,13717,33.14,0,0,0,0,0,2,0,0,0,0,0,0,0,0,0,0,0,179,63.25,0,0,0,0,0,0,1,,,,1,4,0,,0,1,0,0,0,0,0,1,1,1,0,2,0,,,0,0,58,31.4584690785717,0,,0,0,0,,0,0,0,0,0,,0,,,,0,0,0,,,0,121.6,0,214.285714285714,5.36731023803499,2,0,0,0,96,0,1,,17508,,,,48.2589285714286,1,Q3,low,low,Q1-Q3,Q1-Q3,,,,,,
1,2810413947,2018-01-10,3542.7,2,1,216,52,226,92,1.05,3,57.6,5.7,12391,6150.52083333333,8.72429204556159,1.74049429657795,0.554169151376856,0,,39.32,,459.27,1,797.34375,6.68128589069835,0,61.31,0,12391,0,3,,12391,0,,,2,4636,5721,12391,14423,14423,2032,,0,0,,,,0,0,8,0,12391,"","","","","","","",,,,,,,,,,,,"","",,,,,,,,,,,,0,0,0,0,0,0,0,0,0,0,0,,1.98,31.57,2,021209CJB,257.492,2.13,38,162.7,38,142.628,8,13380,13380,39.32,0,0,0,0,0,2,0,0,0,0,0,0,0,0,0,0,0,154,68.5,0,0,0,0,0,0,1,,,,,8,2,,0,1,0,0,0,0,0,1,1,1,0,2,0,,,0,0,76,23.07518494306,0,0,0,0,0,,0,0,0,0,0,,0,,,,0,0,0,,,0,118.8,0,52.0833333333333,3.9528449999484,2,0,0,0,52,0,1,,17164,,,,118.279246794872,1,Q3,high,high,Q4,Q1-Q3,,,,,,
7,2810414179,2017-08-12,1185.9,2,1,172,84,73,91,0.8,3.6,45.7,6.1,4063,2594.96717724289,7.86132914705868,2.22359550561798,0.79912548287638,0,2,29,28.2,463.4,2,1014.00437636761,6.92166250008621,0,59.19,0,4063,0,3,12,4063,0,,,2,4063,6310,,,6310,2247,7133,1,0,285,4348,,0,0,8,0,4063,C10AX06,10 MG,C10,C10A,C10AX,C10AX06,"",,,,,,1,1,,,,,"","",,,,,,,,,,,,0,0,0,0,0,1,1,0,0,0,0,,0.14,59.02,2,122908CJB,288.636,1.54,2,73.7,2,62.295,3,,,29,1,0,0,0,0,,0,0,0,0,0,0,,,,,0,112,61.25,0,0,0,0,0,0,,,1,,,7,6,,0,1,1,0,,,0,,2,3,0,2,0,,,0,0,72,20.989952183986,0,0,1,1,1,,0,0,0,0,0,,1,4304,1,7,0,0,0,,,0,73.4,0,78.7746170678337,4.36659082654404,2,0,0,1,74,0,0,8366,,4304,12,,35.0671240167958,1,Q1,low,low,Q1-Q3,Q1-Q3,TIA,,,,,
1,2810415912,2018-01-08,4062,2,1,220,61,84,81,0.71,3,67,5.3,11923,6062.68656716418,8.70990830873746,1.45009416195857,0.371628493605791,1,,22.68,,493.74,1,736.925373134328,6.6024866294428,0,64.4,0,11923,0,3,,11923,0,,,2,4382,5688,11923,13967,13967,2044,,0,0,,,,0,0,8,0,11923,C10AX06,1100 MG,C10,C10A,C10AX,C10AX06,"",,,,,,1,,,,,,"","",,,,,,,,,,,,0,0,0,0,0,1,0,0,0,0,0,,3.04,52.54,2,021109bCJ,360.192,1.25,36,204,36,170.613,8,12931,12931,22.68,0,0,0,0,0,2,0,0,0,0,0,0,0,0,0,0,0,120,59.75,0,0,0,0,0,0,1,,,,,8,6,,0,1,0,0,0,0,0,1,1,1,0,2,0,,,0,0,74,23.6325747068959,0,0,0,0,0,,0,0,0,0,0,,0,,,,0,0,0,,,0,142.2,0,44.7761194029851,3.80167494825928,2,0,1,0,84,0,1,,16716,,,,72.1748400852879,1,Q3,high,high,Q1-Q3,Q1-Q3,,,,,,
1,2810416358,2018-06-30,20000,3,1,137,38,54,106,0.9,3,98.7,5.7,12013,20263.4245187437,9.91657279208478,1.95194986072423,0.668828801556619,0,,31.6,,699.47,1,708.682877406282,6.5634081449575,0,67.93,0,12013,0,3,,12013,0,,,1,,5559,12013,14038,14038,2025,11204,1,1,-2853,9160,,0,0,8,0,12013,C07AB02,50 MG,C07,C07A,C07AB,C07AB02,"",,,,1,,,,,,,1,"","",,,,,,,,,,,,0,0,0,1,0,0,0,0,0,0,1,,1.83,71.27,2,012909CJB,173.116,1.51,19,83.2,19,60.275,8,13262,13262,31.6,0,0,0,0,0,8,0,0,0,0,0,0,0,1,0,0,0,166,64.5,0,0,0,0,0,0,1,,,,,8,8,,0,1,0,0,0,1,0,,1,1,0,2,0,,,0,0,70,28.0539663296742,0,0,0,0,0,,0,0,0,0,0,,0,,1,1,1,0,0,,,0,88.2,0,30.3951367781155,3.41428262121081,2,0,0,0,86,1,1,,17053,,,,235.621215334229,1,Q4,high,high,Q4,Q4,,,,,,
1,2810419930,2017-12-23,4674.4,2,1,193,68,97,109,0.85,3.2,145.1,5.4,12475,3221.50241212957,8.07760311733818,2.54528819762123,0.93424388430685,0,,32.68,,1377.67,1,949.462439696761,6.85589597148861,0,58.83,0,12475,0,3,,12475,0,,,1,4601,5783,12475,14450,14450,1975,,0,0,,,,0,0,8,0,12475,C10AA05,10 MG,C10,C10A,C10AA,C10AA05,"",,,,,,1,1,,,,,"","",,,,,,,,,,,,0,0,0,0,0,1,1,0,0,0,0,,0.47,63.22,2,020709CJB,495.854,0.65,31,205.4,31,164.587,8,13568,13568,32.68,0,0,0,0,0,8,0,0,0,0,0,0,0,0,0,0,0,218,67.25,0,0,0,0,0,0,1,,,,,4,2,,0,1,0,0,0,0,0,,1,1,0,2,0,,,0,0,46,33.8904650944002,0,0,0,1,0,,0,0,0,0,0,,0,,,,0,0,1,,,0,105.6,0,22.0537560303239,3.09348292889768,1,0,0,1,104,0,0,,17354,,,,30.9759847320151,1,Q2,low,low,Q1-Q3,Q1-Q3,,,,,,
7,2810420676,2018-11-24,8205.1,2,1,217,54,74,87,0.78,45.5,114.8,6.1,4213,7147.29965156795,8.87448989324298,,,,2,29.64,30.5,793.91,2,691.559233449477,6.53894880679921,0,65.12,0,4213,0,3,,4213,0,,,2,4213,6025,,,6025,1812,,0,0,,,,0,0,8,0,4213,C07AB03,100 MG,C07,C07A,C07AB,C07AB03,"",,,,1,,,,,,,,"","",,,,,,,,,,,,0,0,0,1,0,0,0,0,0,0,0,,0.19,41.35,2,122208CJB,,,1,114.4,1,111.167,3,,,29.64,1,0,0,0,0,,0,0,0,0,0,0,,,,,0,136,63.75,0,0,0,0,0,0,,1,,,,7,2,,0,1,1,0,,,0,,2,2,0,2,0,,,0,0,57,23.5279529382588,0,0,1,0,1,,0,0,0,0,0,,0,,,,0,0,1,,,0,148.2,1,396.341463414634,5.98227612105358,3,0,0,0,98,1,1,,8874,,,,72.9316290976321,1,Q4,high,high,Q1-Q3,Q4,,,,,,
1,2810420808,2018-12-22,5370.3,2,1,187,48,156,115,0.71,13.1,108.1,5.5,12730,4967.90009250694,8.51075251320719,2.07738814993954,0.73111140752051,0,,34.2,,1379.22,1,1275.87419056429,7.15138686230731,0,66.37,0,12730,0,3,,12730,0,,,2,,,12730,14839,14839,2109,,0,0,,,,0,0,8,0,12730,C03DB02,37.25/25 MG,C03,C03A,C03AA,C03AA03,81 MG,1,,,,,,,1,,,,C03AA03,"",,,,,,,,1,,,,1,0,0,0,0,0,0,1,0,0,0,,7.8,155.5,2,022009CJB,410.59,3.29,48,345.4,48,152.103,8,13449,13449,34.2,1,0,0,0,0,2,0,0,0,0,0,0,0,0,0,0,0,155,63.75,0,0,0,0,0,0,1,,,,,7,1,,0,1,1,0,0,0,0,1,1,1,0,2,0,,,0,0,60,26.8149463634568,0,0,1,0,1,,0,0,0,0,0,,0,,,,0,0,0,,,0,107.8,1,121.184088806661,4.79731078454408,2,0,0,0,93,0,1,,17230,,,,53.4182805645907,1,Q3,low,low,Q1-Q3,Q1-Q3,,,,,,
1,2810421510,2018-12-06,6144.1,2,1,191,47,102,109,0.94,3.5,187.1,5.7,12516,3283.8588989845,8.09677450344477,1.16,0.148420005118273,1,,27.72,,1382.58,1,738.952431854623,6.6052335506148,0,69.89,0,12516,0,3,,12516,0,,,1,4529,5770,12516,14779,14779,2263,,0,0,,,,0,0,8,0,12516,M01AE01,20/12.5 MG,C03,C03A,C03AA,C03AA03,"",,1,,,1,1,1,,,,,C03AA03,"",,,,,,,,1,,,,0,1,0,0,1,1,1,1,0,0,0,,3.05,82.44,2,012709bCJ,393.942,0.39,17,216.2,17,166.44,8,13793,13793,27.72,1,0,0,0,0,8,0,0,0,0,0,0,0,0,0,0,2,173,65,0,0,0,0,0,0,1,,,,,4,1,,0,1,1,0,0,0,1,,1,1,0,2,0,,,1,0,56,28.7888954476134,0,0,1,1,1,,0,0,0,0,0,,0,,,,0,0,0,,,0,123.6,0,18.7065740245858,2.92887501419746,1,0,0,1,90,0,0,,17584,,,,36.4873210998278,1,Q2,low,low,Q1-Q3,Q1-Q3,,,,,,
1,2810422406,2018-06-28,20000,3,1,212,67,180,98,0.85,39.3,307.1,5.5,12308,6512.53663301856,8.78148431107744,1.70286885245902,0.532314389002301,0,,51.86,,1714.48,1,558.280690328883,6.32486186516774,0,62.99,0,12308,0,3,,12308,0,,,1,5418,6888,12308,14679,14679,2371,,0,0,,,,0,0,8,0,12308,M01AE01,200 MG,M01,M01A,M01AE,M01AE01,"",,1,,,,,,,,,,"","",,,,,,,,,,,,0,1,0,0,0,0,0,0,0,0,0,,0.68,33.13,2,012009CJB,302.332,0.87,9,168,9,115.901,8,13722,13722,51.86,0,0,0,0,0,8,0,0,0,0,1,1,0,0,0,0,0,154,68,0,0,0,0,0,0,1,,,,,8,2,,0,1,0,0,0,0,0,,1,1,0,2,2,,,0,0,59,23.4157734751456,0,0,0,0,0,,0,0,0,0,0,,0,,,,0,0,0,,,0,109,1,127.971344838815,4.85180637041058,2,0,0,0,95,1,1,,17514,,,,68.5530171896691,1,Q4,high,high,Q1-Q3,Q4,,,,,,
7,2810422654,2018-11-24,9182.2,2,1,139,40,101,134,1.44,12.1,269.7,6.2,4494,3404.59770114943,8.13288206216125,0.986737400530504,-0.0133513331748641,1,3.7,35.48,37.38,2025.7,2,751.093807934742,6.62153055466217,0,42.13,3,4494,1,2,40,4494,1,-3412,1082,1,4494,,,,,,2728,1,1,-2460,2034,,1,0,5,1,4494,C10AA05,40 MG,C10,C10A,C10AA,C10AA05,"",,,,,1,1,1,1,,,1,"","",,,,,,,,,,,,0,0,0,0,1,1,1,1,0,0,1,,1.48,165.8,2,010609CJB,339.262,2.75,4,129,4,100.154,3,,,35.48,1,0,0,0,0,,0,0,0,0,0,0,,,,,0,203,67,0,0,0,0,0,0,1,,,,,2,2,,1,0,1,0,,,0,,1,1,0,1,0,,,0,0,84,31.7945033305972,0,0,1,1,1,,0,0,0,0,0,,0,,1,2,1,0,0,,,0,78.8,1,44.8646644419726,3.80365050143915,2,1,0,1,44,0,0,6276,,1082,40,,77.3772204806688,1,Q2,low,high,Q1-Q3,Q1-Q3,CHF,,,,,
1,2810423120,2017-11-26,2153,2,1,187,50,133,114,0.91,5.5,88.8,5.2,11748,2424.54954954955,7.79340103335433,1.62848605577689,0.487650783079679,1,,58.92,,10,1,11.2612612612613,2.42136862898401,0,64.48,0,11748,0,3,,11748,0,,,2,4390,5656,11748,14667,14667,2919,,0,0,,,,0,0,8,0,11748,M01AX05,1500/1200 MG,M01,M01A,M01AX,M01AX25,"",,1,,,,,,,,,,M01AX25,"",,1,,,,,,,,,,0,1,0,0,0,0,0,0,0,0,0,,1.07,99.06,2,020309CJB,290.652,0.79,22,225.9,22,172.147,8,12957,12957,58.92,0,0,0,0,0,2,0,0,0,0,0,0,0,0,0,0,0,181,67.25,0,0,0,0,0,0,1,,,,,5,7,,0,1,0,0,0,0,0,1,1,1,0,2,0,,,0,0,68,28.1384136792956,0,0,0,0,0,,0,0,0,0,0,,0,,,,0,0,0,,,0,110.4,1,61.9369369369369,4.12611672122244,2,0,0,0,65,0,0,,16524,,,,37.3007623007623,1,Q1,low,low,Q1-Q3,Q1-Q3,,,,,,
1,2810424401,2018-12-22,6652,2,1,201,42,117,110,1.01,292.3,138.2,6.4,11712,4813.31403762663,8.47914111496734,1.26179875333927,0.232538284952237,1,,49.68,,1595.94,1,1154.80463096961,7.05168645797264,0,65.54,0,11712,0,3,,11712,0,,,1,4256,5648,11712,14062,14062,2350,,0,0,,,,0,0,8,0,11712,M01AB02,200 MG,M01,M01A,M01AB,M01AB02,"",,1,1,1,1,,,,,1,,"","",,,,,,,,,,,,0,1,1,1,1,0,0,0,0,1,0,,5.73,42.23,2,021809bCJ,423.69,12.01,45,195.6,45,177.982,8,12564,12564,49.68,1,0,0,0,1,8,0,0,0,0,0,0,0,0,0,0,0,183,65.75,0,0,0,0,0,0,1,,,,,8,6,,0,1,1,1,0,0,0,,1,1,0,2,0,,,0,0,80,29.7622107771504,0,1,1,0,1,140,0,1,1,0,0,,0,,,,0,0,1,,,0,135.6,1,2115.0506512301,7.65683403976577,3,1,0,0,70,0,1,,16345,8750,6,4633,68.7616291089518,0,Q3,low,high,Q1-Q3,Q1-Q3,Angina,12.684462696783,1,1,1,0
1,2810424418,2018-01-08,4559.7,2,1,174,49,132,102,0.83,3,43.5,5.6,11970,10482.0689655172,9.25742135876398,1.21573604060914,0.195349688112981,1,,34.38,,653.14,1,1501.47126436782,7.31420074929008,0,47.63,2,11970,1,2,,11970,0,,,2,4390,5649,11970,,,,11970,1,1,-505,11465,,0,0,7,0,11970,C10AX09,40 MG,C10,C10A,C10AA,C10AA01,"",,,,,1,1,,,,,1,C10AA01,"",,,,,,1,1,,,,,0,0,0,0,1,1,1,0,0,0,1,,2.38,165.2,2,021109bCJ,730,5.24,36,202,36,140.099,8,12980,12980,34.38,1,0,0,0,0,2,0,0,0,0,0,0,0,1,0,0,0,183,67.5,0,0,0,0,0,0,1,,,,,3,0,,0,1,1,0,0,1,0,1,1,1,0,2,0,,,0,0,72,28.238989811313,0,0,1,1,1,,0,0,0,0,0,,0,,1,3,1,1,0,,,0,98.6,0,68.9655172413793,4.23360662955561,2,0,0,1,70,1,1,,16765,,,,149.743842364532,1,Q4,high,high,Q4,Q4,,,,,,
1,2810425048,2018-12-06,4160.6,2,1,167,67,59,103,1.23,6.7,238.7,5.4,11729,1743.02471721827,7.46337722626759,3.67028380634391,1.30026899050542,0,,30.28,,1858.6,1,778.63426895685,6.65754144776655,0,62.24,0,11729,0,3,,11729,0,,,1,4226,,11729,13859,13859,2130,,0,0,,,,0,0,8,0,11729,"","","","","","","",,,,,,,,,,,,"","",,,,,,,,,,,,0,0,0,0,0,0,0,0,0,0,0,,0.3,14.97,2,012209CJB,289.426,0.57,13,120.1,13,96.196,8,13088,13088,30.28,0,0,0,0,0,8,0,0,0,0,0,0,0,0,0,0,0,149,69.75,0,0,0,0,0,0,1,,,,,7,1,,0,1,0,0,0,0,0,,1,1,0,2,0,,,0,0,50,21.532946291699,0,0,0,0,0,,0,0,0,0,0,,0,,,,0,0,0,,,0,88.2,1,28.0687054880603,3.33465527203427,1,0,0,0,68,0,0,,16880,,,,25.6327164296804,1,Q1,low,low,Q1-Q3,Q1-Q3,,,,,,
1,2810425723,2018-12-06,7602.6,2,1,144,44,133,103,1.14,12.1,170,5,12421,4472.11764705882,8.40561732197075,2.22613929492691,0.800268827232873,0,,19.86,,1274.83,1,749.9,6.61993986430734,0,65.92,0,12421,0,3,,12421,0,,,1,4542,5811,12421,14428,14428,2007,,0,0,,,,0,0,8,0,12421,"","","","","","","",,,,,,,,,,,,"","",,,,,,,,,,,,0,0,0,0,0,0,0,0,0,0,0,,1.28,52.04,2,012709bCJ,352.764,2.48,18,187.1,18,146.196,8,13688,13688,19.86,0,0,0,0,0,8,0,0,0,0,0,0,0,0,0,0,0,200,76,0,0,0,0,0,0,1,,,,,8,1,,0,1,0,0,0,0,0,,1,1,0,2,0,,,0,0,64,24.3449240361085,0,0,0,0,0,,0,0,0,0,0,,0,,,,0,0,0,,,0,73.4,1,71.1764705882353,4.26516229453457,2,0,0,0,68,0,1,,17479,12989,6,5058,65.7664359861592,1,Q3,low,high,Q1-Q3,Q1-Q3,Angina,13.8480492813142,1,1,1,0
1,2810425728,2018-02-22,4576.8,2,1,174,96,51,85,1.06,11.1,137.2,5.1,13135,3335.86005830904,8.11248581365063,2.06919275123559,0.727158555968646,0,,40.96,,934.25,1,680.940233236152,6.5234745390619,0,56.49,0,13135,0,3,,13135,0,,,2,,,13135,14540,14540,1405,,0,0,,,,0,0,8,0,13135,"","","","","","","",,,,,,,,,,,,"","",,,,,,,,,,,,0,0,0,0,0,0,0,0,0,0,0,,0.23,21.97,2,022109CJB,467.744,1.12,50,201.3,50,96.076,8,13748,13748,40.96,0,0,0,0,0,2,0,0,0,0,0,0,0,0,0,0,0,114,61.75,0,0,0,0,0,0,1,,,,,7,6,,0,1,0,0,0,0,0,1,1,1,0,2,0,,,0,0,66,21.0201852979228,0,0,0,0,0,,0,0,0,0,0,,0,,,,0,0,0,,,0,67.8,1,80.9037900874636,4.39326067200864,2,0,0,0,55,0,0,,17528,,,,60.6520010601644,1,Q2,low,low,Q1-Q3,Q1-Q3,,,,,,
1,2810426179,2017-12-14,2857.9,2,1,320,63,397,110,0.75,6.8,46.6,5.5,12398,6132.83261802575,8.72141201323101,0.884372177055104,-0.122877290178127,1,,18.28,,549.17,1,1178.47639484979,7.07197769234935,0,67.56,0,12398,0,3,,12398,0,,,2,4381,5774,12398,,,,,0,0,,,,0,0,8,0,12398,C09AA03,10 MG,C09,C09A,C09AA,C09AA03,"",,,,,1,,,1,,,,"","",,,,,,,,,,,,0,0,0,0,1,0,0,1,0,0,0,,1.74,87.09,2,020309bCJ,424.852,2.07,24,228.3,24,141.328,8,13586,13586,18.28,1,0,0,0,0,2,0,0,0,0,0,0,0,0,0,0,0,151,66.75,0,0,0,0,0,0,1,,,,,8,2,,0,1,1,0,0,0,0,1,1,1,0,2,0,,,0,0,57,23.8275845823248,0,0,1,0,1,,0,0,0,0,0,,0,,,,0,0,0,,,0,177.6,1,145.922746781116,4.9830773500326,2,0,0,0,88,0,1,,17374,,,,69.6912797502926,1,Q3,high,high,Q1-Q3,Q1-Q3,,,,,,
1,2810426465,2018-12-06,6674.6,2,1,158,52,68,89,0.86,4.6,177.5,5.6,12441,3760.33802816901,8.23226413345186,,,,,40.84,,1125.07,1,633.842253521127,6.45180011199764,0,66.93,0,12441,0,3,,12441,0,,,1,4504,5923,12441,14494,14494,2053,,0,0,,,,0,0,8,0,12441,"","","","","","","",,,,,,,,,,,,"","",,,,,,,,,,,,0,0,0,0,0,0,0,0,0,0,0,,0.2,17.55,2,012309CJB,368.456,1.41,14,195.4,14,145.815,8,13786,13786,40.84,0,0,0,0,0,8,0,0,0,0,0,0,0,0,0,0,0,157,69.5,0,0,0,0,0,0,1,,,,,3,8,,0,1,0,0,0,0,0,,1,1,0,2,0,,,0,0,65,22.8526019911105,0,,0,0,0,,0,0,0,0,0,,0,,,,0,0,0,,,0,92.4,1,25.9154929577465,3.25484097356172,1,0,0,0,91,0,0,,17578,,,,41.3223959139452,1,Q2,low,low,Q1-Q3,Q1-Q3,,,,,,
1,2810426514,2017-12-24,1029.4,2,1,154,41,115,107,0.97,8.7,187.3,5.3,12628,549.599572877736,6.3091899637567,0.97741273100616,-0.0228462688511698,1,,40.72,,1238.72,1,661.3561131874,6.49429244392733,0,60.16,0,12628,0,3,,12628,0,,,2,4602,5783,12628,14609,14609,1981,,0,0,,,,0,0,8,0,12628,M01AE09,100 MG,M01,M01A,M01AE,M01AE09,"",,1,,,1,,,1,,,,"","",,,,,,,,,,,,0,1,0,0,1,0,0,1,0,0,0,,7.99,214.9,2,020909CJB,297.332,2.04,32,255.9,32,168.784,8,13701,13701,40.72,1,0,0,0,0,2,0,0,0,0,0,0,0,0,0,0,0,208,60.5,0,0,0,0,0,0,1,,,,,4,0,,0,1,1,0,0,0,0,1,1,1,0,2,0,,,0,0,73,39.9538098440994,0,0,1,0,1,,0,0,0,0,0,,0,,,,0,0,0,,,0,90,1,46.4495461825948,3.83836669519263,2,0,0,0,58,0,0,,17487,,,,9.47585470478856,1,Q1,low,low,Q1-Q3,Q1-Q3,,,,,,
1,2810426767,2018-01-06,2646.8,2,1,190,65,92,114,0.79,9,142.1,6.1,12581,1862.63194933146,7.52974579302294,2.54573170731707,0.934418116466712,0,,62.06,,1803.22,1,1268.97959183673,7.14596838550212,0,68.8,0,12581,0,3,,12581,0,,,2,4567,5797,12581,14520,14520,1939,,0,0,,,,0,0,8,0,12581,C10AA01,10/20 MG,C10,C10A,C10AA,C10AA01,325 MG,1,,,,1,1,1,,,,,"","",,,,,,,,,,,,1,0,0,0,1,1,1,0,0,0,0,,1.85,102.4,2,021109CJB,452.594,1.09,35,267,35,137.479,8,13611,13611,62.06,1,0,0,0,0,3,1,1,1,0,0,0,0,0,0,0,0,177,61.75,0,0,0,0,0,0,1,,,,,4,1,,0,1,1,0,0,0,0,1,1,1,2,2,0,,,0,0,63,32.6366034888801,1,0,1,1,1,,0,0,0,0,0,,0,,,,0,0,0,,,0,106.6,1,63.3356790992259,4.1484488212153,2,0,0,1,80,0,0,,17396,,,,23.2828993666432,1,Q1,low,low,Q1-Q3,Q1-Q3,,,,,,
1,2810427026,2017-08-29,1582,2,1,173,63,47,92,0.91,3,39.4,5,12014,4015.22842639594,8.2978495180118,1.19501557632399,0.178159219879267,1,,54.84,,514.08,1,1304.77157360406,7.17378326505175,0,64.87,0,12014,0,3,,12014,0,,,1,4558,5783,12014,14218,14218,2204,,0,0,,,,0,0,8,0,12014,"","","","","","","",,,,,,,,,,,,"","",,,,,,,,,,,,0,0,0,0,0,0,0,0,0,0,0,,0.26,20.71,2,011209CJB,210.79,0.59,2,212.4,2,145.234,8,13566,13566,54.84,0,0,0,0,0,8,0,0,0,0,0,0,0,0,0,0,0,171,72.75,0,0,0,0,0,0,1,,,,,4,1,,0,1,0,0,0,0,0,,1,1,0,2,0,,,0,0,48,22.7162023034855,0,0,0,0,0,,0,0,0,0,0,,0,,,,0,0,0,,,0,100.6,0,76.1421319796954,4.33260175134636,2,0,0,0,99,0,0,,17360,,,,40.5578628928883,1,Q2,low,low,Q1-Q3,Q1-Q3,,,,,,
1,2810427149,2017-10-01,257.7,2,1,209,39,157,110,0.76,3.3,11.3,5.6,12158,2280.53097345133,7.73216357792812,,,,,57.98,,147.3,1,1303.53982300885,7.17283878373838,0,64.66,0,12158,0,3,41,12158,1,2769,14927,2,,,12158,14230,14230,2072,10945,1,1,-1213,10945,,0,1,8,1,12158,M01AE02,20 MG,C03,C03A,C03AA,C03AA03,"",,1,,,1,,,1,,,1,C03AA03,"",,,,,,,,1,,,,0,1,0,0,1,0,0,1,0,0,1,,6.79,235.2,2,012009CJB,288.738,2.02,9,227.7,9,212.111,8,13571,13571,57.98,1,0,0,0,0,2,0,0,0,0,0,0,0,1,0,0,0,223,62.5,0,0,0,0,0,0,1,,,,,8,7,,0,0,1,0,0,1,0,1,1,1,0,,0,,,0,0,66,40.1375113150226,0,0,1,0,1,,0,0,0,0,0,,0,,1,2,1,0,0,,,0,138.6,0,292.035398230088,5.67687502173628,2,0,0,0,82,0,0,,17363,14927,41,5205,27.8113533347723,1,Q1,low,low,Q1-Q3,Q1-Q3,CHF,14.2505133470226,1,1,1,0
7,2810427604,2017-08-16,1211.1,2,1,181,46,140,101,0.76,3.8,24.2,5.7,3311,5004.54545454545,8.51810186935246,1.50252270433905,0.407145498354021,1,2.4,19.56,20.24,225.87,2,933.347107438017,6.83877716535559,0,79.91,0,3311,0,3,,3311,0,,,1,3311,5160,,,5160,1849,,0,0,,,,0,0,8,0,3311,C10AX09,10 MG,C10,C10A,C10AA,C10AA01,"",,,,,1,1,,,,,,C10AA01,"",,,,,1,1,1,,,,,0,0,0,0,1,1,1,0,0,0,0,,0.48,79.84,2,010609CJB,926.638,,4,124.9,4,85.883,3,,,19.56,1,0,0,0,0,,0,0,0,0,0,0,,,,,0,185,67.5,0,0,0,0,0,0,,,1,,,8,1,,0,1,1,0,,,0,,2,3,0,2,0,,,0,0,58,28.5476126507809,0,0,1,1,1,,0,0,0,0,0,,0,,,,0,0,0,,,0,107,0,157.02479338843,5.05640371255184,2,0,0,1,101,0,1,,7820,,,,49.5499549954996,1,Q3,low,low,Q1-Q3,Q1-Q3,,,,,,
1,2810429006,2017-12-24,3863.8,2,1,195,42,118,97,1.24,3,110.4,5.6,11917,3499.81884057971,8.16046648630355,2.25972313777192,0.815242300369138,0,,52.2,,1036.32,1,938.695652173913,6.8444913075797,0,66.85,0,11917,0,3,,11917,0,,,1,4432,5622,11917,14028,14028,2111,,0,0,,,,0,0,8,0,11917,C10AX09,10 MG,C10,C10A,C10AX,C10AX09,"",,,,1,,1,,1,,,,"","",,,,,,,,,,,,0,0,0,1,0,1,0,1,0,0,0,,3.4,85.25,2,020709CJB,353.72,2.69,32,209.1,32,194.43,8,12994,12994,52.2,1,0,0,0,0,8,0,0,0,0,0,0,0,0,0,0,0,178,68.75,0,0,0,0,0,0,1,,,,,8,8,,0,1,1,0,0,0,0,,1,1,0,2,0,,,0,0,77,26.4776971206835,0,0,1,1,1,,0,0,0,0,0,,0,,,,0,0,1,,,0,129.4,0,27.1739130434783,3.30225743380725,1,0,1,0,56,0,0,,16780,,,,62.496765010352,1,Q2,low,low,Q1-Q3,Q1-Q3,,,,,,
1,2810429102,2017-11-21,3480.4,2,1,211,104,48,92,0.96,5,112.8,5.4,12484,3085.4609929078,8.034456355616,,,,,33.28,,448.31,1,397.437943262411,5.98503880432793,0,61.29,0,12484,0,3,,12484,0,,,2,4553,5804,12484,14534,14534,2050,,0,0,,,,0,0,8,0,12484,"","","","","","","",,,,,,,,,,,,"","",,,,,,,,,,,,0,0,0,0,0,0,0,0,0,0,0,,1.7,20.6,2,012909CJB,,,19,156,19,98.925,8,13738,13738,33.28,0,0,0,0,0,2,0,0,0,0,0,0,0,0,0,0,0,108,63.25,0,0,0,0,0,0,1,,,,,6,0,,0,1,0,0,0,0,0,1,1,1,0,2,0,,,0,0,61,18.9805288295293,0,0,1,0,1,,0,0,0,0,0,,0,,,,0,0,0,,,0,97.4,1,44.3262411347518,3.79157685235228,2,0,0,0,64,0,0,,17529,,,,48.2103280141844,1,Q2,low,low,Q1-Q3,Q1-Q3,,,,,,
1,2810430336,2018-12-06,5953.7,2,1,198,55,126,99,0.97,3,140.8,5.5,12555,4228.48011363636,8.34959789627551,1.16909871244635,0.156233120709657,1,,34.66,,734.08,1,521.363636363636,6.2564477567651,0,67.27,0,12555,0,3,,12555,0,,,1,4484,5806,12555,14970,14970,2415,,0,0,,,,0,0,8,0,12555,M01AE01,400 MG,M01,M01A,M01AE,M01AE01,"",,1,,,1,,,1,,,,"","",,,,,,,,,,,,0,1,0,0,1,0,0,1,0,0,0,,0.63,87.99,2,012909CJB,396.026,0.82,19,198.4,19,168.574,8,13803,13803,34.66,1,0,0,0,0,8,0,0,0,0,0,0,0,0,0,0,0,192,69,0,0,0,0,0,0,1,,,,,3,1,,0,1,1,0,0,0,0,,1,1,0,2,0,,,0,0,51,28.353629486087,0,0,1,0,1,,0,0,0,0,0,,0,,,,0,0,0,,,0,117.8,0,21.3068181818182,3.0590271239263,1,0,0,0,90,0,1,,17594,,,,46.9831123737374,1,Q3,low,low,Q1-Q3,Q1-Q3,,,,,,
1,2810430361,2018-12-17,3531,2,1,182,62,94,98,0.76,4.4,48.4,5.3,12252,7295.45454545455,8.89500676819389,2.56976744186047,0.943815405264245,0,,32.06,,492.93,1,1018.45041322314,6.92603754839736,0,,0,12252,,,,12252,0,,,2,4627,5715,12252,14349,14349,2097,,0,0,,,,0,0,,0,12252,C10AA05,10 MG / 12.5 MG,C03,C03A,C03AA,C03AA03,"",,,,,1,1,1,,,,,C03AA03,"",,,,,,,,1,,,,0,0,0,0,1,1,1,1,0,0,0,,1.32,119.4,2,020609CJB,,,29,238.9,29,149.988,8,13364,13364,32.06,1,0,0,0,0,2,0,0,0,0,0,0,0,0,0,0,0,170,65.5,0,0,0,0,0,0,1,,,,,6,0,,0,1,1,0,0,0,0,1,1,1,0,2,0,,,0,0,62,27.8594112342353,0,0,1,1,1,,0,0,0,0,0,,0,,,,0,0,1,,,0,101.2,1,90.9090909090909,4.50986000618377,2,0,0,1,84,1,1,,17150,,,,86.8506493506493,1,Q4,high,high,Q4,Q4,,,,,,
1,2810430513,2017-11-18,531.9,2,1,200,39,245,112,1.04,3,68.6,5.7,12105,775.364431486881,6.65333315300452,0.882183908045977,-0.125354732187277,1,,81.18,,677.13,1,987.069970845481,6.89474092936803,0,,0,12105,,,,12105,0,,,1,4606,5722,12105,14107,14107,2002,15037,1,0,2932,15037,,0,0,,0,12105,C09AA03,20 MG,C09,C09A,C09AA,C09AA03,"",,,,1,1,,,1,,,,"","",,,,,,,,,,,,0,0,0,1,1,0,0,1,0,0,0,,3.25,45.84,2,012909CJB,505.938,3.27,20,229.5,20,171.309,8,13355,13355,81.18,1,0,0,0,0,8,0,0,0,0,0,0,0,0,0,0,0,179,69,0,0,0,0,0,0,1,,,,,2,6,,0,1,1,0,0,0,0,,1,1,0,2,0,,,0,0,74,26.4338524896331,0,0,1,0,1,,0,0,0,0,0,,0,,1,1,0,0,0,,,0,112,0,43.731778425656,3.77807503291841,2,0,0,0,70,0,0,,17143,,,,11.0766347355269,1,Q1,low,low,Q1-Q3,Q1-Q3,,,,,,
1,2810431266,2017-08-29,2347.3,2,1,172,69,57,143,0.55,3,38.4,6.2,10885,6112.76041666667,8.71813373682925,,,,,43.92,,833.31,1,2170.078125,7.68251844819059,0,63.69,0,10885,0,3,,10885,0,,,2,,5411,10885,,,,,0,0,,,,0,0,8,0,10885,M01AX05,"",M01,M01A,M01AX,M01AX25,"",,1,,,,,,,,,,M01AX25,"",,1,,,,,,,,,,0,1,0,0,0,0,0,0,0,0,0,,0.85,30.84,2,010909CJB,1319.68,8.35,2,169.4,2,104.184,8,12450,12450,43.92,0,0,0,0,2,2,0,0,0,0,0,0,0,0,0,0,0,129,67.75,0,0,0,0,0,0,1,,,,,3,8,,0,1,0,1,0,0,0,1,1,1,0,2,0,,,0,0,71,19.7595351686394,0,0,0,0,0,,0,0,0,0,0,,0,,,,0,0,1,,,0,91.6,0,78.125,4.35831010805657,2,1,0,0,94,0,1,11208,16430,11208,27,323,65.0293661347518,0,Q3,high,high,Q1-Q3,Q1-Q3,,0.884325804243669,0,0,0,0
1,2810431335,2018-02-01,3339.1,2,1,178,57,49,94,0.87,3,92.8,5.9,11649,3598.16810344828,8.18818013477768,1.28615071283096,0.251653813996025,1,,40.24,,1119.54,1,1206.40086206897,7.09539671183315,0,66.28,0,11649,0,3,,11649,0,,,2,4181,5845,11649,13875,13875,2226,,0,0,,,,0,0,8,0,11649,"","","","","","","",,,,,,,,,,,,"","",,,,,,,,,,,,0,0,0,0,0,0,0,0,0,0,0,,1.12,60.1,2,021809bCJ,333.122,1.07,44,223.2,44,149.712,8,12516,12516,40.24,0,0,0,0,0,2,0,0,0,0,0,0,0,0,0,0,0,167,68.5,0,0,0,0,0,0,1,,,,,7,1,,0,0,0,0,0,0,0,1,1,1,0,,0,,,0,0,54,25.0230901655261,0,0,0,0,0,,0,0,0,0,0,,0,,,,0,0,0,,,0,111.2,0,32.3275862068966,3.47592092785809,2,0,0,0,76,0,0,,16297,,,,47.3443171506352,1,Q2,low,low,Q1-Q3,Q1-Q3,,,,,,
1,2810431391,2017-11-25,1546.7,2,1,241,53,128,100,0.98,3,139.8,5.4,12357,1106.36623748212,7.00883626423248,1.69718309859155,0.528969875889394,0,,50.72,,970.74,1,694.377682403433,6.54301602343368,0,67.42,0,12357,0,3,,12357,0,,,1,4557,5789,12357,14521,14521,2164,,0,0,,,,0,0,8,0,12357,"","","","","","","",,,,,,,,,,,,"","",,,,,,,,,,,,0,0,0,0,0,0,0,0,0,0,0,,3.28,63.08,2,020209CJB,369.69,0.85,22,245,22,137.851,8,13572,13572,50.72,0,0,0,0,0,8,0,0,0,0,0,0,0,0,0,0,0,234,75.5,0,0,0,0,0,0,1,,,,,4,1,,0,1,0,0,0,0,0,,1,1,0,2,0,,,0,0,45,28.8620760566814,0,0,0,0,0,,0,0,0,0,0,,0,,,,0,0,0,,,0,162.4,0,21.4592274678112,3.06615473785054,1,0,0,0,93,0,0,,17360,,,,11.8964111557217,1,Q1,low,low,Q1-Q3,Q1-Q3,,,,,,
7,2810432133,2018-11-24,7580.9,2,1,211,57,82,83,0.65,3.8,128.2,5.8,3343,5913.33853354134,8.68496584659891,2.41891891891892,0.883320712636585,0,4.9,34.88,37.4,1586.08,2,1237.19188767551,7.12059948378611,0,67.72,0,3343,0,3,,3343,0,,,2,3343,5622,,,5622,2279,,0,0,,,,0,0,8,0,3343,"","","","","","","",,,,,,,,,,,,"","",,,,,,,,,,,,0,0,0,0,0,0,0,0,0,0,0,,3.06,50.41,2,010609CJB,239.722,3.83,,,,,,,,34.88,0,0,0,0,0,,0,0,0,0,0,0,,,,,0,176,62.75,0,0,0,0,0,0,,1,,,,8,2,,0,0,0,0,,,0,,2,2,0,,0,,,0,0,58,31.4261240258802,0,0,0,0,0,,0,0,0,0,0,,0,,,,0,0,0,,,0,137.6,0,29.6411856474259,3.38916480122791,1,0,0,0,113,0,1,,7824,,,,52.3304295003659,1,Q3,high,low,Q1-Q3,Q1-Q3,,,,,,
1,2810432682,2018-12-08,4632.8,2,1,153,44,154,94,0.91,3,161.9,5.3,12458,2861.5194564546,7.95910804121608,2.05927342256214,0.722353213091466,0,,46.62,,1133.5,1,700.12353304509,6.55125679525209,0,68.83,0,12458,0,3,,12458,0,,,1,5304,6865,12458,15108,15108,2650,,0,0,,,,0,0,8,0,12458,C10AA05,10 MG,C10,C10A,C10AA,C10AA05,"",,,,1,,1,1,,,,,"","",,,,,,,,,,,,0,0,0,1,0,1,1,0,0,0,0,,0.93,67.4,2,013009CJB,414.098,1.83,20,210.2,20,132.449,8,13701,13701,46.62,1,0,0,0,0,8,0,0,0,0,0,0,0,0,0,0,0,188,68.5,1,1,0,0,0,0,1,,,,,8,1,,0,1,1,0,0,0,0,,1,1,0,2,0,,,0,1,49,28.1697062941251,0,0,1,1,1,,0,0,0,0,0,,0,,,,0,0,0,,,0,78.2,0,18.5299567634342,2.91938870696666,1,0,0,1,99,0,0,,17489,,,,28.9042369338849,1,Q2,low,low,Q1-Q3,Q1-Q3,,,,,,
1,2810433007,2017-11-13,2131.4,2,1,171,57,129,100,0.74,3,34.2,5.2,12120,6232.16374269006,8.73747886170639,1.87302839116719,0.62755658147157,0,,27.4,,577.63,1,1688.97660818713,7.43187806720753,0,72.09,0,12120,0,3,,12120,0,,,2,4468,5715,12120,14165,14165,2045,,0,0,,,,0,0,8,0,12120,C10AA03,20 MG,C10,C10A,C10AA,C10AA03,"",,,,,,1,1,,,,,"","",,,,,,,,,,,,0,0,0,0,0,1,1,0,0,0,0,,5.84,73.71,2,012709CJB,222.636,1.19,16,137.9,16,108.775,8,13416,13416,27.4,0,0,0,0,0,2,0,0,0,0,0,0,0,0,0,0,0,222,59.25,0,0,0,0,0,0,1,,,,,3,0,,0,1,0,0,0,0,0,1,1,1,0,2,0,,,0,0,66,44.4612714253469,0,0,0,1,0,,0,0,0,0,0,,0,,,,0,0,0,,,0,88.2,0,87.719298245614,4.47414192358169,2,0,0,1,84,0,1,,17207,,,,74.192425508215,1,Q3,high,high,Q1-Q3,Q1-Q3,,,,,,
7,2810433425,2018-11-24,10284.7,2,1,187,60,103,174,0.75,6.9,146,6.7,3367,7044.31506849315,8.85997619724913,1.0333048676345,0.0327622749930695,1,5.1,29.08,31.28,1080.57,2,740.116438356164,6.60680752295009,0,72.16,0,3367,0,3,15,3367,0,,,2,3367,5145,,,5145,1778,,0,0,,,,0,0,8,0,3367,M01AX05,1500/1200 MG,M01,M01A,M01AX,M01AX25,"",,1,,1,1,,,1,,1,,M01AX25,"",,1,,,1,,,,,,,0,1,0,1,1,0,0,1,0,1,0,,3.13,50.13,2,010509CJB,444.088,1.85,4,176.9,4,107.456,3,,,29.08,1,0,0,0,1,,0,0,0,0,0,0,,,,,0,209,63.75,0,0,0,0,0,0,,1,,,1,6,1,,0,1,1,1,,,0,,2,2,0,2,0,,,0,0,63,36.1569276771772,0,1,1,0,1,,0,0,0,0,0,,1,-1645,,,0,0,0,,,0,106.4,1,47.2602739726028,3.85567006887701,2,1,0,0,98,1,1,,7894,-1645,15,4527,71.8807660050322,0,Q4,high,high,Q1-Q3,Q4,Subarachnoid Hemmorhage,12.394250513347,1,1,1,0
1,2810434118,2017-11-25,885.9,2,1,166,61,75,96,0.62,4.6,23.1,5.8,12212,3835.06493506494,8.25194164587833,1.88127413127413,0.631949276688132,0,,27.86,,174.31,1,754.588744588745,6.62617289168712,0,63.19,0,12212,0,3,,12212,0,,,2,5177,5880,12212,14344,14344,2132,,0,0,,,,0,0,8,0,12212,"","","","","","","",,,,,,,,,,,,"","",,,,,,,,,,,,0,0,0,0,0,0,0,0,0,0,0,,1.2,34.78,2,020209CJB,328.36,0.52,22,204.3,22,117.893,8,13426,13426,27.86,0,0,0,0,0,2,1,0,0,48,0,0,0,0,0,0,0,135,63.5,0,0,0,0,0,0,1,,,,,7,2,,0,0,0,0,0,0,0,1,1,1,1,,0,,,0,0,53,23.5392125567561,0,0,0,0,0,,0,0,0,0,0,,0,,,,0,0,0,,,0,90,1,199.134199134199,5.29397896494944,2,0,0,0,103,0,0,,17214,,,,37.2336401462615,1,Q2,low,low,Q1-Q3,Q1-Q3,,,,,,
1,2810434363,2017-11-25,450.3,2,1,163,87,56,82,0.77,3,27.1,5.1,12213,1661.62361623616,7.41555048540996,1.59955801104972,0.469727347989661,1,,32.64,,171.33,1,632.214022140221,6.44922797944732,0,64.43,0,12213,0,3,,12213,0,,,2,4483,5779,12213,14347,14347,2134,,0,0,,,,0,0,8,0,12213,"","","","","","","",,,,,,,,,,,,"","",,,,,,,,,,,,0,0,0,0,0,0,0,0,0,0,0,,0.8,24.73,2,020209CJB,179.472,1.21,22,160,22,82.349,8,13428,13428,32.64,0,0,0,0,0,0,0,0,0,0,0,0,0,0,0,0,0,125,67.5,0,0,0,0,0,0,1,,,,,8,1,,0,1,0,0,0,0,0,0,1,1,0,2,0,,,0,0,52,19.2889274667438,0,0,0,0,0,,0,0,0,0,0,,0,,,,0,0,0,,,0,64.8,0,110.70110701107,4.70683383976459,2,0,0,0,89,0,0,,17216,,,,18.6699282723164,1,Q1,low,low,Q1-Q3,Q1-Q3,,,,,,
1,2810435032,2018-12-15,7253.7,2,1,254,42,195,101,0.87,3.3,93.4,5.6,12811,7766.27408993576,8.95754580324797,,,,,37.42,,1329.5,1,1423.44753747323,7.26083705143637,0,58.57,0,12811,0,3,41,12811,1,3522,16333,2,4622,5813,12811,14814,14814,2003,,0,0,,,,0,1,8,1,12811,C10AA05,40 MG,C10,C10A,C10AA,C10AA05,"",,,,1,,1,1,,,,1,"","",,,,,,,,,,,,0,0,0,1,0,1,1,0,0,0,1,,4.7,92.84,2,021009CJB,489.162,12.57,34,192.8,34,183.055,8,13849,13849,37.42,1,0,0,0,0,2,1,0,0,66,0,0,0,0,0,0,0,162,64.75,0,0,0,0,0,0,1,,,,,3,6,,0,1,1,0,0,0,0,1,1,1,1,2,0,,,0,0,68,27.1669624002923,0,0,1,1,1,,0,0,0,0,0,,0,,,,0,0,1,1,12552,1,173,0,35.3319057815846,3.56478640221977,2,0,0,1,68,1,1,,17634,16275,30,4823,114.209913087291,0,Q4,high,high,Q4,Q4,IC,13.2046543463381,1,1,1,0
1,2810435115,2018-12-15,4753.1,2,1,220,64,151,101,0.74,3.5,138.7,5.8,11673,3426.89257390051,8.13940917440356,2.35685963521015,0.85733006987273,0,,28.92,,1289.19,1,929.480894015862,6.83462625183013,0,67.36,0,11673,0,3,,11673,0,,,2,,,11673,13680,13680,2007,,0,0,,,,0,0,8,0,11673,"","","","","","","",,,,,,,,,,,,"","",,,,,,,,,,,,0,0,0,0,0,0,0,0,0,0,0,,4.03,50.69,2,021209CJB,266.104,1.05,38,173.6,38,112.196,8,12653,12653,28.92,0,0,0,0,0,2,0,0,0,0,0,0,0,0,0,0,0,182,66.75,0,0,0,0,0,0,1,,,,,4,1,,0,1,0,0,0,0,0,1,1,1,0,2,0,,,0,0,53,28.7193403575041,0,0,0,0,0,,0,0,0,0,0,,0,,,,0,0,0,,,0,125.8,0,25.2343186733958,3.22820492015672,1,0,0,0,92,0,0,,16437,,,,37.2488323250055,1,Q2,low,low,Q1-Q3,Q1-Q3,,,,,,
1,2810435181,2018-07-06,20000,3,1,209,61,135,110,0.87,12.5,157.1,5.5,12209,12730.7447485678,9.45177519326264,2.35862691960253,0.858079635990492,0,,55.18,,2048.74,1,1304.09929980904,7.17326788974763,0,63.19,0,12209,0,3,,12209,0,,,2,4633,5733,12209,,,,,0,0,,,,0,0,8,0,12209,C10AA05,10 MG,C10,C10A,C10AA,C10AA05,"",,,,,,1,1,,,,,"","",,,,,,,,,,,,0,0,0,0,0,1,1,0,0,0,0,,1.25,64.01,2,021009CJB,284.782,13.88,34,222,34,164.754,8,13260,13260,55.18,0,0,0,0,0,2,0,0,0,0,0,0,0,0,0,0,0,129,62.25,0,0,0,0,0,0,1,,,,,3,0,,0,1,0,0,0,0,0,1,1,1,0,2,0,,,0,0,79,23.4054293046894,0,0,0,1,0,,0,0,0,0,0,,0,,,,0,0,0,,,0,121,1,79.5671546785487,4.37660137802882,2,0,0,1,63,1,1,14726,,14726,27,2517,202.07531346933,0,Q4,high,high,Q4,Q4,,6.8911704312115,1,0,0,0
7,2810435285,2018-11-24,4522.9,2,1,212,71,68,110,0.85,3,142.1,5.8,3219,3182.89936664321,8.06554781089892,3.31492666091458,1.19843549998875,0,0,45.82,45.8,1216.93,2,856.389866291344,6.75272572373023,0,69.99,0,3219,0,3,,3219,0,,,2,3219,5343,,,5343,2124,,0,0,,,,0,0,8,0,3219,M01AE01,100 MG,M01,M01A,M01AE,M01AE01,"",,1,,,,,,,,,,"","",,,,,,,,,,,,0,1,0,0,0,0,0,0,0,0,0,,3.66,80.08,2,122908CJB,148.168,1.76,2,137.9,2,117.654,3,,,45.82,0,0,0,0,0,,0,0,0,0,0,0,,,,,0,185,69.75,0,0,0,0,0,0,,1,,,,8,1,,0,1,0,0,,,0,,2,2,0,2,0,,,0,0,65,26.7355373420424,0,0,0,0,0,,0,0,0,0,0,,0,,,,0,0,1,,,0,127.4,0,21.1118930330753,3.04983653254719,1,0,0,0,83,0,0,,7825,,,,38.3481851402796,1,Q2,low,low,Q1-Q3,Q1-Q3,,,,,,
1,2810435335,2017-10-29,3648,2,1,223,63,54,96,0.85,3,104.4,5.5,12474,3494.25287356322,8.15887486173378,2.26082251082251,0.815728689914882,0,,21.94,,676.88,1,648.352490421456,6.4744345151558,0,71.12,0,12474,0,3,,12474,0,,,1,4497,5814,12474,14605,14605,2131,15288,1,0,1618,14092,,0,0,8,0,12474,M01AE01,200 MG,M01,M01A,M01AE,M01AE01,"",,1,,1,,1,,,,,,"","",,,,,,,,,,,,0,1,0,1,0,1,0,0,0,0,0,,0.91,53.87,2,012609CJB,399.2,1,15,199.7,15,149.531,8,13787,13787,21.94,0,0,0,0,0,8,0,0,0,0,0,0,0,0,0,0,0,194,69.75,0,0,0,0,0,0,1,,,,,8,6,,0,1,0,0,0,0,0,,1,1,0,2,0,,,0,0,64,28.0361851046283,0,0,0,0,0,,0,0,0,0,0,,0,,1,6,0,0,0,,,0,149.2,0,28.7356321839081,3.35813789220171,1,0,1,0,92,0,0,15883,,15883,27,3409,37.9810094952524,0,Q2,low,low,Q1-Q3,Q1-Q3,,9.33333333333333,1,0,0,0
1,2810435675,2018-06-30,20000,3,1,176,38,136,125,1.34,5.2,304.1,5.9,12116,6576.78395264716,8.7913011438409,1.1245011971269,0.117339557002612,1,,48.7,,1591.52,1,523.35415981585,6.26025840470888,0,40.87,3,12116,1,2,,12116,0,,,1,4668,6087,12116,14106,14106,1990,,0,0,,,,0,0,7,0,12116,"","","","","","","",,,,,,,,,,,,"","",,,,,,,,,,,,0,0,0,0,0,0,0,0,0,0,0,,7.35,86.93,2,020309CJB,451.276,2.68,23,220.1,23,184.417,8,13313,13313,48.7,0,0,0,0,0,8,0,0,0,0,1,1,0,0,0,0,0,210,73.25,0,0,0,0,0,0,1,,,,,3,1,,0,1,0,0,0,0,0,,1,1,0,2,2,,,0,0,58,27.5175427169454,0,,0,0,0,,0,0,0,0,0,,0,,,,0,0,0,,,0,110.8,1,17.0996382768826,2.8390573098862,1,0,0,0,58,1,1,,17101,13370,11,4985,113.392826769779,0,Q4,high,high,Q4,Q4,Atherothrombotic Infarction of Brain,13.6481861738535,1,1,1,0
1,2810435677,2018-02-10,1129.1,2,1,244,62,62,99,0.88,3,142.4,5.3,12912,792.907303370786,6.67570632119669,2.53645266594124,0.93076651668007,0,,37.36,,885.66,1,621.952247191011,6.43286331678718,0,68.8,0,12912,0,3,,12912,0,,,1,4603,5949,12912,14809,14809,1897,,0,0,,,,0,0,8,0,12912,"","","","","","","",,,,,,,,,,,,"","",,,,,,,,,,,,0,0,0,0,0,0,0,0,0,0,0,,1.98,71.77,2,021909bCJ,158.516,1.06,48,231,48,166.836,8,13652,13652,37.36,0,0,0,0,2,8,0,0,0,0,0,0,0,0,0,0,0,210,71.75,0,0,0,0,0,0,1,,,,,7,1,,0,1,0,1,0,0,0,,1,1,0,2,0,,,0,0,52,28.6801287463372,0,0,0,0,0,,0,0,0,0,0,,0,,,,0,0,0,,,0,169.6,0,21.0674157303371,3.04772756867237,1,0,0,0,99,0,0,,17433,,,,8.00916468051299,1,Q1,low,low,Q1-Q3,Q1-Q3,,,,,,
1,2810435725,2018-12-08,4846.5,2,1,139,36,207,129,0.95,13.2,230.6,5.8,12271,2101.69124024285,7.6504976520858,2.14050822122571,0.761043287392362,0,,74.38,,1500.25,1,650.585429314831,6.47787261802276,0,68.51,0,12271,0,3,2,12271,0,,,1,,,12271,,,,,0,0,,,,0,0,8,0,12271,M01AX05,"",M01,M01A,M01AX,M01AX25,"",,1,,,,1,1,,,,,M01AX25,"",,1,,,,,,,,,,0,1,0,0,0,1,1,0,0,0,0,,0.74,114.5,2,020409CJB,281.1,0.68,25,177.2,25,164.583,8,13440,13440,74.38,0,0,0,0,0,8,0,0,0,0,0,0,0,0,0,0,0,183,71,0,0,0,0,0,0,1,,,,,3,8,,0,1,0,0,0,0,0,,1,1,0,2,0,,,0,0,65,25.5234868731987,0,0,0,1,0,140,0,1,1,0,1,14769,0,,,,0,0,1,,,0,61.6,1,57.2419774501301,4.0472875007395,2,1,0,1,84,0,0,,17228,13869,11,4957,25.0201338124148,0,Q1,low,low,Q1-Q3,Q1-Q3,Atherothrombotic Infarction of Brain,13.5715263518138,1,1,1,0
1,2810436030,2017-08-30,2138.7,2,1,171,45,146,181,0.97,10.1,61.3,8.2,11364,3488.90701468189,8.15734378983762,1.6056338028169,0.47351857135318,1,,49.28,,643.47,1,1049.70636215334,6.95626574894874,0,52.59,2,11364,1,2,4,11364,0,,,2,,4941,11364,14044,14044,2680,12770,1,0,50,11414,,0,0,7,0,11364,C10AA05,20 MG,C10,C10A,C10AA,C10AA05,"",,,,,,1,1,,1,,,"","",,,,,,,,,,,,0,0,0,0,0,1,1,0,1,0,0,,1.03,144.9,2,011209CJB,493.922,3.15,2,145.3,2,147.949,8,12911,12911,49.28,0,0,0,0,0,2,0,0,0,0,0,0,0,0,0,0,0,166,66.75,0,0,0,0,0,0,1,,,,,3,0,,,,0,0,0,0,0,1,1,1,0,,0,,,0,0,74,26.194563183218,0,1,0,1,0,140,0,1,1,0,1,3830,0,,1,1,0,0,0,,,0,96.8,1,164.763458401305,5.10451085988719,2,1,0,1,58,0,0,,16503,3830,4,5139,60.1535692186533,1,Q2,low,low,Q1-Q3,Q1-Q3,MI,14.0698151950719,1,1,1,0
1,2810436120,2018-12-22,6226.1,2,1,212,37,324,102,0.87,21.8,107.5,5.9,12208,5791.72093023256,8.66418475096978,1.59619952494062,0.467625506840768,1,,45.58,,937.41,1,872.009302325581,6.77080009165664,0,71.03,0,12208,0,3,1,12208,0,,,2,4290,5655,12208,14184,14184,1976,,0,0,,,,0,0,8,0,12208,"","","","","","","",,,,,,,,,,,,"","",,,,,,,,,,,,0,0,0,0,0,0,0,0,0,0,0,,5.99,120.4,2,021809CJB,576.056,2.38,44,251.8,44,181.416,8,13082,13082,45.58,0,0,0,0,0,2,0,0,0,0,0,0,0,0,0,0,0,227,64.75,0,0,0,0,0,0,1,,,,,3,6,,0,1,0,0,0,0,0,1,1,1,0,2,0,,,0,0,69,38.0672868201627,0,0,0,0,0,140,0,1,1,0,1,12746,0,,,,0,0,0,,,0,110.2,1,202.790697674419,5.31217440120946,2,0,0,0,68,0,1,,16863,12746,1,4655,85.172366621067,0,Q3,high,high,Q4,Q1-Q3,MI,12.7446954140999,1,1,1,0
1,2810436499,2018-12-06,4839.5,2,1,209,51,101,99,0.93,3.2,134.7,5.3,12485,3592.7988121752,8.18668679116092,1.26973026973027,0.238804491874233,1,,30.84,,2346.38,1,1741.93021529324,7.46274909650281,0,57.31,0,12485,0,3,2,12485,0,,,1,4527,5788,12485,14920,14920,2435,,0,0,,,,0,0,8,0,12485,M01AE01,TAB,M01,M01A,M01AE,M01AE01,"",,1,,,,,,,,,,"","",,,,,,,,,,,,0,1,0,0,0,0,0,0,0,0,0,,3.29,62.02,2,012709bCJ,162.518,1.39,17,249.9,17,187.532,8,13768,13768,30.84,0,0,0,0,0,8,1,1,1,0,0,0,0,0,0,0,0,204,70.5,0,0,0,0,0,0,1,,,,,6,1,,0,1,0,0,0,0,0,,1,1,2,2,0,,,0,0,56,28.857423038522,1,0,0,0,0,,0,0,0,0,1,17345,0,,,,0,0,0,,,0,137.8,0,23.7564959168523,3.1678560053715,1,0,0,0,91,0,0,,17559,17345,2,5074,39.481305628299,1,Q2,low,low,Q1-Q3,Q1-Q3,MI,13.8918548939083,1,1,1,0
1,2810437428,2018-12-08,7301.2,2,1,165,84,45,95,0.68,4.3,135.8,5.3,12384,5376.43593519882,8.58978096805213,6.19047619047619,1.82301201273216,0,,40.64,,1896.5,1,1396.53902798233,7.24175233199245,0,68.11,0,12384,0,3,,12384,0,,,2,4580,5783,12384,14522,14522,2138,,0,0,,,,0,0,8,0,12384,"","","","","","","",,,,,,,,,,,,"","",,,,,,,,,,,,0,0,0,0,0,0,0,0,0,0,0,,0.19,25.62,2,020309bCJ,355.93,0.51,24,149.8,24,103.784,8,13566,13566,40.64,0,0,0,0,0,3,0,0,0,0,0,0,0,0,0,0,0,118,63.75,0,0,0,0,0,0,1,,,,,7,2,,0,1,0,0,0,0,0,1,1,1,0,2,0,,,0,0,50,20.4139591670187,0,,0,0,0,,0,0,0,0,0,,0,,,,0,0,1,,,0,72,1,31.6642120765832,3.45518708655706,2,0,0,0,102,0,1,,17354,,,,52.7101562274394,1,Q3,low,low,Q1-Q3,Q1-Q3,,,,,,
1,2810438635,2018-06-30,20000,3,1,161,74,92,98,0.72,25.9,119.5,5.8,12613,16736.4016736402,9.72534136715265,1.45681381957774,0.376251735642263,1,,22.02,,1365.99,1,1143.08786610879,7.04148853407625,0,65.05,0,12613,0,3,,12613,0,,,1,4532,5793,12613,14773,14773,2160,,0,0,,,,0,0,8,0,12613,C10AA07,10 MG,C10,C10A,C10AA,C10AA07,"",,,,,,1,1,,,,,"","",,,,,,,,,,,,0,0,0,0,0,1,1,0,0,0,0,,1.65,30.1,2,020409bCJ,361.084,0.83,27,211.8,27,121.608,8,13758,13758,22.02,0,0,0,0,0,8,0,0,0,0,0,0,0,0,0,0,0,176,68.5,0,0,0,0,0,0,1,,,,,7,1,,0,1,0,0,0,0,0,,1,1,0,2,0,,,0,0,58,26.3716399349257,0,0,0,1,0,,0,0,0,0,0,,0,,,,0,0,0,,,0,68.6,1,216.73640167364,5.37868187631606,2,0,0,1,103,1,1,,17545,0,39,4932,162.489336637283,0,Q4,high,high,Q4,Q4,,13.5030800821355,1,1,1,0
7,2810438922,2017-08-16,1793,2,1,237,57,172,90,0.74,3,36.5,5.3,3858,4912.32876712329,8.49950339900478,1.38449490994518,0.32533538716505,1,1,42.84,43.48,762.46,2,2088.93150684932,7.6444079734888,0,63.77,0,3858,0,3,,3858,0,,,2,3858,5860,,,5860,2002,,0,0,,,,0,0,8,0,3858,"","","","","","","",,,,,,,,,,,,"","",,,,,,,,,,,,0,0,0,0,0,0,0,0,0,0,0,,4.62,49.63,2,010609CJB,377.554,1.7,4,304.6,4,148.216,3,,,42.84,0,0,0,0,0,,0,0,0,0,0,0,,,,,0,128,63.25,0,0,0,0,0,0,1,,,,,3,0,,1,0,0,0,,,0,,1,1,0,1,0,,,0,0,54,22.4954415757384,0,0,0,0,0,,0,0,0,0,0,,0,,,,0,0,0,,,0,145.6,0,82.1917808219178,4.4090553070618,2,0,0,0,92,0,1,,8058,,,,53.394877903514,1,Q3,low,low,Q1-Q3,Q1-Q3,,,,,,
1,2810440564,2017-08-30,1148.5,2,1,193,37,284,94,1.24,3,117.5,5.8,11132,977.446808510638,6.88494387453303,,,,,64.88,,976.02,1,830.655319148936,6.7222149304103,0,69.34,0,11132,0,3,,11132,0,,,1,4524,,11132,,,,,0,0,,,,0,0,8,0,11132,M01AE02,375 MG,M01,M01A,M01AE,M01AE02,325 MG,1,1,,,1,,,,,,,"","",,,,,,,,,,,,1,1,0,0,1,0,0,0,0,0,0,,0.83,242.6,2,011209CJB,283.596,2.21,2,211.7,2,138.33,8,12677,12677,64.88,1,0,0,0,0,8,0,0,0,0,0,0,0,0,0,0,0,219,69.5,0,0,0,0,0,0,1,,,,,6,6,,0,1,1,0,0,0,0,,1,1,0,2,0,,,0,0,83,31.8771964079822,0,0,1,0,1,,0,0,0,0,0,,0,,,,0,0,0,,,0,99.2,0,25.531914893617,3.23992923406603,1,0,0,0,53,0,0,15820,,15820,28,4688,18.4423926134083,0,Q1,low,low,Q1-Q3,Q1-Q3,Death,12.8350444900753,1,1,1,0
1,2810440741,2018-02-03,4386.9,2,1,186,109,47,92,0.86,3.9,96.4,5.8,11691,4550.72614107884,8.42304209065753,6.14643545279383,1.815872312613,0,,32.72,,1222.26,1,1267.90456431535,7.14512086742911,0,67.82,0,11691,0,3,,11691,0,,,2,4280,5306,11691,13727,13727,2036,,0,0,,,,0,0,8,0,11691,C09AA03,20 MG,C09,C09A,C09AA,C09AA03,"",,,,,1,,,,,,,"","",,,,,,,,,,,,0,0,0,0,1,0,0,0,0,0,0,,2.08,35.78,2,021809bCJ,465.05,2.9,45,246.4,45,114.034,8,12543,12543,32.72,1,0,0,0,0,2,0,0,0,0,0,0,0,0,0,0,0,123,60.5,0,0,0,0,0,0,1,,,,,3,8,,0,1,1,0,0,0,0,1,1,1,0,2,0,,,0,0,74,23.6265317828088,0,0,1,0,1,,0,0,0,0,0,,0,,,,0,0,0,,,0,67.6,1,40.4564315352697,3.70022563050124,2,0,0,0,67,0,1,,16324,,,,67.9212856877439,1,Q3,low,high,Q1-Q3,Q1-Q3,,,,,,
1,2810440774,2018-01-01,3718.6,2,1,179,64,68,94,0.8,3,123.4,5.5,12602,3013.45218800648,8.01084160686277,,,,,35.22,,861.9,1,698.460291734198,6.54887832917016,0,62.58,0,12602,0,3,,12602,0,,,2,4560,5911,12602,14610,14610,2008,,0,0,,,,0,0,8,0,12602,M01AE01,200 MG,M01,M01A,M01AE,M01AE01,"",,1,,,,,,,,,,"","",,,,,,,,,,,,0,1,0,0,0,0,0,0,0,0,0,,0.61,32.33,2,021009CJB,373.2,2.77,34,236.7,34,133.488,8,13639,13639,35.22,0,0,0,0,0,2,0,0,0,0,0,0,0,0,0,0,0,142,60.75,0,0,0,0,0,0,1,,,,,4,2,,0,1,0,0,0,0,0,1,1,1,0,2,0,,,0,0,58,27.0521254348407,0,0,0,0,0,,0,0,0,0,0,,0,,,,0,0,0,,,0,101.4,0,24.3111831442464,3.19093645617896,1,0,0,0,81,0,0,,17424,,,,37.2031134321788,1,Q2,low,low,Q1-Q3,Q1-Q3,,,,,,
1,2810440799,2017-10-28,831.1,2,1,148,79,142,125,1.64,5.3,58.9,5.5,11215,1411.03565365025,7.25207921988953,,,,,46.64,,661.72,1,1123.46349745331,7.02417160106937,0,,,,,,,11215,0,,,1,4328,5644,11215,,,,,0,0,,,,0,0,,0,11215,M01AB01,25 MG,M01,M01A,M01AB,M01AB01,"",,1,,,,1,1,1,,,,"","",,,,,,,,,,,,0,1,0,0,0,1,1,1,0,0,0,,70.35,211.4,2,012309CJB,344.63,12.34,13,256,13,129.715,8,12568,12568,46.64,0,0,0,0,2,8,0,0,0,0,0,0,0,0,,0,2,211,64.5,0,0,1,1,1,1,1,,,,,2,6,,0,1,0,1,0,0,1,,1,1,0,2,0,,,1,1,80,35.6589572021762,0,0,0,1,0,,0,0,0,0,0,,0,,,,0,0,0,,,0,40.6,1,89.9830220713073,4.49962100888267,2,0,0,1,39,0,0,11581,,10333,30,,36.1804013756476,1,Q1,low,low,Q1-Q3,Q1-Q3,IC,,,,,
1,2810441477,2017-11-26,3600.2,2,1,267,76,174,103,1.09,10.4,181.8,5.4,12188,1980.30803080308,7.59100768270132,1.67871485943775,0.518028536060049,0,,43.88,,1320.33,1,726.254125412541,6.58789998858034,0,75.76,0,12188,0,3,,12188,0,,,2,4487,5662,12188,14183,14183,1995,,0,0,,,,0,0,8,0,12188,"","","","","","","",,,,,,,,,,,,"","",,,,,,,,,,,,0,0,0,0,0,0,0,0,0,0,0,,2.89,110.8,2,020309CJB,456.012,2.22,23,165.4,23,137.127,8,13383,13383,43.88,0,0,0,0,0,2,0,0,0,0,0,0,0,0,0,0,0,254,68,0,0,0,0,0,0,1,,,,,8,6,,0,1,0,0,0,0,0,1,1,1,0,2,0,,,0,0,60,38.6208211862791,0,0,0,0,0,,0,0,0,0,0,,0,,,,0,0,0,,,0,156.2,1,57.2057205720572,4.04665390338609,2,0,0,0,55,0,0,,17171,,,,36.005600560056,1,Q1,low,low,Q1-Q3,Q1-Q3,,,,,,
1,2810441744,2017-12-16,250.4,2,1,185,65,70,105,0.58,3,23.1,5.8,11787,1083.98268398268,6.98839720768629,1.24554896142433,0.219576365605288,1,,44.68,,693.94,1,3004.06926406926,8.00772306989826,0,62.43,0,11787,0,3,,11787,0,,,2,4387,5721,11787,14065,14065,2278,,0,0,,,,0,0,8,0,11787,"","","","","","","",,,,,,,,,,,,"","",,,,,,,,,,,,0,0,0,0,0,0,0,0,0,0,0,,2.19,102.4,2,020409bCJ,300.92,1.25,27,213.6,27,179.892,8,12932,12932,44.68,0,0,0,0,0,2,0,0,0,0,0,0,0,0,0,0,0,184,66,0,0,0,0,0,0,1,,,,,4,0,,0,1,0,0,0,0,0,1,1,1,0,2,0,,,0,0,58,29.6985717938378,0,0,0,0,0,,0,0,0,0,0,,0,,,,0,0,1,,,0,106,0,129.87012987013,4.8665349501225,2,0,0,0,102,0,0,,16719,,,,10.6272812155165,1,Q1,low,low,Q1-Q3,Q1-Q3,,,,,,
1,2810442638,2018-12-08,7111.7,2,1,186,77,72,104,0.73,122.7,107.3,5.5,12195,6627.86579683131,8.79903813042826,2.20740169622205,0.791816120781671,0,,39.74,,10,1,9.31966449207829,2.23212662934548,0,78.04,0,12195,0,3,,12195,0,,,2,,5288,12195,,,,,0,0,,,,0,0,8,0,12195,"","","","","","","",,,,,,,,,,,,"","",,,,,,,,,,,,0,0,0,0,0,0,0,0,0,0,0,,0.15,60.13,2,020309CJB,236.4,0.64,22,229.9,22,133.526,8,13404,13404,39.74,0,0,0,0,0,2,0,0,0,0,0,0,0,0,0,0,0,145,65.75,0,0,0,0,0,0,1,,,,,4,1,,0,1,0,0,0,0,0,1,1,1,0,2,0,,,0,0,54,23.5820795775235,0,,0,0,0,,0,0,0,0,0,,0,,,,0,0,0,,,0,94.6,1,1143.52283317801,7.04186898106235,3,0,0,0,93,1,1,,17192,,,,71.2673741594765,1,Q4,high,high,Q1-Q3,Q4,,,,,,
1,2810443440,2018-11-26,5638.2,2,1,180,107,72,88,0.77,3,82.4,5.3,12154,6842.47572815534,8.83090489368974,2.5,0.916290731874155,0,,53.04,,2200.2,1,2670.14563106796,7.889888293378,0,69.8,0,12154,0,3,,12154,0,,,2,4608,,12154,14462,14462,2308,,0,0,,,,0,0,8,0,12154,M01AX05,1/2 TABLET,M01,M01A,M01AX,M01AX25,"",,1,,,,1,1,,,,,M01AX25,"",,1,,,,,,,,,,0,1,0,0,0,1,1,0,0,0,0,,0.69,40.02,2,010909CJB,293.706,0.59,1,160.4,1,98.906,8,13749,13749,53.04,0,0,0,0,0,2,0,0,0,0,0,0,0,0,0,0,0,126,65.75,0,0,0,0,0,0,1,,,,,8,1,,0,1,0,0,0,0,0,1,1,1,0,2,0,,,0,0,52,20.4920139777101,0,0,0,1,0,,0,0,0,0,0,,0,,,,0,0,0,,,0,58.6,0,36.4077669902913,3.59478213073482,2,0,0,1,89,1,1,,17543,,,,76.8817497545544,1,Q4,high,high,Q1-Q3,Q4,,,,,,
1,2810443535,2018-01-13,745.6,2,1,142,50,105,136,1.37,3,12.9,6.9,12473,5779.84496124031,8.66213213799185,,,,,36.32,,207.77,1,1610.62015503876,7.38437457327716,0,,0,12473,,,13,12473,1,-733,11740,2,4570,5708,12473,14463,14463,1990,12473,1,1,-1132,11341,,1,0,,1,12473,C10AA05,20 MG,C10,C10A,C10AA,C10AA05,"",,,,1,,1,1,1,,,1,"","",,,,,,,,,,,,0,0,0,1,0,1,1,1,0,0,1,,1.1,73.41,2,021309CJB,497.382,3.74,39,124,39,96.086,8,13429,13429,36.32,1,0,0,0,1,2,0,0,0,0,0,0,1,1,0,0,0,121,61,0,0,0,0,0,0,1,,,,,3,6,,0,1,1,1,0,1,0,1,1,1,0,2,0,,,0,0,90,22.8628997972858,0,0,1,1,1,,0,0,0,0,0,,1,12214,1,3,1,1,0,,,0,71,0,232.558139534884,5.44914025628262,2,1,0,1,34,0,1,14951,,7879,6,,169.99544003648,1,Q3,high,high,Q4,Q1-Q3,Angina,,,,,
1,2810443773,2018-07-06,20000,3,1,145,47,105,100,0.72,4.7,118.6,5.8,11589,16863.4064080944,9.73290125196059,1.34874290348743,0.299172976028583,1,,55.46,,1171.19,1,987.512647554806,6.8951893043437,0,62.78,0,11589,0,3,,11589,0,,,1,4388,5540,11589,13572,13572,1983,,0,0,,,,0,0,8,0,11589,C10AA05,20 MG,C10,C10A,C10AA,C10AA05,"",,,,,,1,1,,,,,"","",,,,,,,,,,,,0,0,0,0,0,1,1,0,0,0,0,,0.38,128.7,2,021109CJB,285.168,2.04,35,100.9,35,97.925,8,12612,12612,55.46,0,0,0,0,0,8,0,0,0,0,0,0,0,0,0,0,0,231,72.75,0,0,0,0,0,0,1,,,,,3,7,,0,1,0,0,0,0,0,,1,1,0,2,0,,,0,0,66,30.6867996029541,0,0,0,1,0,,0,0,0,0,0,,0,,,,0,0,0,,,0,77,1,39.6290050590219,3.67956130113453,2,0,0,1,97,1,1,,16397,,,,173.849550598912,1,Q4,high,high,Q4,Q4,,,,,,
1,2810444125,2018-11-26,4607.5,2,1,143,49,51,108,1.17,13.9,187.5,5.5,12445,2457.33333333333,7.8068320301216,2.27713458755427,0.822917892736792,0,,47.66,,1551.52,1,827.477333333333,6.71838171513386,0,67.55,0,12445,0,3,,12445,0,,,1,4637,5800,12445,14520,14520,2075,,0,0,,,,0,0,8,0,12445,"","","","","","","",,,,,,,,,,,,"","",,,,,,,,,,,,0,0,0,0,0,0,0,0,0,0,0,,0.17,58,2,012009CJB,230,1.38,10,300.1,10,206.138,8,13844,13844,47.66,0,0,0,0,0,8,0,0,0,0,0,0,0,0,0,0,0,150,69.5,0,0,1,,0,0,1,,,,,7,6,,0,1,0,0,0,0,0,,1,1,0,2,0,,,0,1,68,21.8336961698508,0,,0,0,0,,0,0,0,0,0,,0,,,,0,0,0,,,0,83.8,1,74.1333333333333,4.30586527370832,2,0,0,0,64,0,0,,17636,,,,38.3958333333333,1,Q1,low,low,Q1-Q3,Q1-Q3,,,,,,
1,2810444245,2017-10-28,4674,2,0,185,56,80,92,0.99,6.8,168.8,5,11767,2768.95734597156,7.92622611892504,1.89825119236884,0.640933037252107,0,,27.76,,956.62,1,566.718009478673,6.33986184223418,0,62.42,0,11767,0,3,41,11767,1,728,12495,1,4238,5632,11767,,,,,0,0,,,,0,1,8,1,11767,M01AE01,N/A,M01,M01A,M01AE,M01AE01,"",,1,,,,,,,,,,"","",,,,,,,,,,,,0,1,0,0,0,0,0,0,0,0,0,,1.64,43.99,2,012309CJB,539.72,3.92,14,191.1,14,156.552,8,13107,13107,27.76,0,0,0,0,0,8,0,0,0,0,0,0,0,0,0,0,2,188,68.75,0,0,0,0,0,0,1,,,,,3,2,,0,1,0,0,0,0,1,,1,1,0,2,0,,,1,0,80,27.9652081948792,0,0,0,0,0,,0,0,0,0,0,,0,,,,0,0,0,,,0,113,1,40.2843601895735,3.69596330900234,2,0,0,0,72,0,0,12889,,12495,41,,38.4577409162717,1,Q2,low,low,Q1-Q3,Q1-Q3,CHF,,,,,
1,2810444558,2017-10-30,1436.4,2,1,192,85,86,94,0.89,3,57.5,5.9,11187,2498.08695652174,7.82328050053672,2.14395099540582,0.762650386326919,0,,45.64,,954.71,1,1660.3652173913,7.41479286762852,0,61.8,0,11187,0,3,,11187,0,,,2,,5644,11187,13401,13401,2214,,0,0,,,,0,0,8,0,11187,M01AH01,200 MG,M01,M01A,M01AH,M01AH01,"",,1,,,,,,,,,,"","",,,,,,,,,,,,0,1,0,0,0,0,0,0,0,0,0,,0.32,82.76,2,012709CJB,342.284,0.98,16,91.1,16,69.707,8,12492,12492,45.64,0,0,0,0,0,2,1,1,1,0,0,0,0,0,0,0,0,133,67,0,0,0,0,0,0,1,,,,,4,7,,0,1,0,0,0,0,0,1,1,1,2,2,0,,,0,0,58,20.8308814924602,1,0,0,0,0,,0,0,0,0,0,,0,,,,0,0,1,,,0,89.8,0,52.1739130434783,3.95458261984694,2,0,0,0,71,0,0,,16283,,,,35.1843233312921,1,Q1,low,low,Q1-Q3,Q1-Q3,,,,,,
1,2810445710,2018-06-28,20000,3,1,226,81,58,96,0.85,4.1,177.7,5.5,12309,11254.9240292628,9.32856100336361,1.86210221793636,0.621706074198987,0,,15.34,,2839.5,1,1597.91783905459,7.37645671014497,0,63.94,0,12309,0,3,,12309,0,,,2,,,12309,14487,14487,2178,,0,0,,,,0,0,8,0,12309,"","","","","","","",,,,,,,,,,,,"","",,,,,,,,,,,,0,0,0,0,0,0,0,0,0,0,0,,0.67,49,2,011409CJB,362.342,0.93,6,231.6,6,146.625,8,13780,13780,15.34,0,0,0,0,0,2,0,0,0,0,0,0,0,0,0,0,0,159,65.75,0,0,0,0,0,0,1,,,,,7,0,,0,1,0,0,0,0,0,1,1,1,0,2,0,,,0,0,58,25.8589700194913,0,0,0,0,0,,0,0,0,0,0,,0,,,,0,0,0,,,0,133.4,1,23.0725942599887,3.13864551753179,1,0,0,0,76,1,1,,17573,,,,148.091105648195,1,Q4,high,high,Q4,Q4,,,,,,
1,2810446227,2018-12-17,3562.3,2,1,152,55,65,90,0.64,4.1,63.6,5.6,11847,5601.10062893082,8.63071839829212,2.01100513573001,0.698634664606253,0,,27.58,,1192.34,1,1874.74842767296,7.5362297574949,0,71.9,0,11847,0,3,,11847,0,,,2,4402,5707,11847,13995,13995,2148,,0,0,,,,0,0,8,0,11847,M01AX05,500 MG,M01,M01A,M01AX,M01AX05,"",,1,,,,1,1,,,,,"","",,,,,,,,,,,,0,1,0,0,0,1,1,0,0,0,0,,0.34,50.31,2,020609CJB,592.274,1.55,29,121.7,29,85.388,8,12958,12958,27.58,0,0,0,0,0,2,0,0,0,0,0,0,0,0,0,0,0,143,63.25,0,0,0,0,0,0,1,,,,,4,1,,0,1,0,0,0,0,0,1,1,1,0,2,0,,,0,0,60,25.1316261353953,0,0,0,1,0,,0,0,0,0,0,,0,,,,0,0,0,,,0,84,1,64.4654088050315,4.16612878234632,2,0,0,1,97,0,1,,16744,,,,57.743305452895,1,Q3,low,low,Q1-Q3,Q1-Q3,,,,,,
1,2810446362,2018-01-06,3349,2,1,202,72,109,100,1.01,4.4,75.6,5.4,12222,4429.89417989418,8.39613097559681,,,,,66.34,,696.34,1,921.084656084656,6.82555194960406,0,43.93,3,12222,1,2,41,12222,1,506,12728,1,4605,5704,12222,14413,14413,2191,,0,0,,,,0,1,7,1,12222,M01AE01,25 MG,M01,M01A,M01AE,M01AE01,"",,1,,,,,,1,,,,"","",,,,,,,,,,,,0,1,0,0,0,0,0,1,0,0,0,,2.14,107.8,2,021109CJB,542.396,2.37,35,214.2,35,120.741,8,13253,13253,66.34,1,0,0,0,0,8,0,0,0,0,1,1,0,0,0,0,0,232,70.25,0,0,0,0,0,0,,,,,,,,,,,1,0,0,0,0,,1,1,0,,2,,,0,0,80,33.0522432552318,0,0,1,0,1,,0,0,0,0,0,,0,,,,0,0,0,,,0,108.2,1,58.2010582010582,4.06390353672087,2,0,0,0,70,0,1,15442,,12728,41,,63.2842025699169,1,Q3,low,low,Q1-Q3,Q1-Q3,CHF,,,,,
7,2810446524,2017-08-10,3234.6,2,1,177,35,306,120,1.85,4,51.9,6.8,3250,6232.36994219653,8.73751194750193,2.4284188034188,0.887240347374951,0,1.5,62.92,64.32,965.23,2,1859.7880539499,7.52821781072521,0,60.39,0,3250,0,3,12,3250,0,,,2,3250,,,,,,3477,1,0,227,3477,,0,0,8,0,3250,M01AX05,10/80 MG,C10,C10A,C10AA,C10AA01,"",,1,,1,1,1,,,,,,C10AA01,"",,,,,1,1,1,1,,,,0,1,0,1,1,1,1,1,0,0,0,,0.8,91.48,2,122908CJB,518.03,3.11,2,168.6,2,118.074,3,,,62.92,1,0,0,0,1,,0,0,0,0,0,0,,,,,2,125,63.25,1,1,0,0,1,1,1,,,,1,1,8,,0,1,1,1,,,1,,1,1,0,2,0,,,1,1,81,21.968204663807,0,0,1,1,1,140,0,1,1,0,0,,1,-250,1,1,0,0,1,,,0,80.8,1,77.0712909441233,4.34473084993018,2,0,0,1,25,0,1,6101,,-3275,7,,249.294797687861,1,Q3,high,high,Q4,Q1-Q3,Coronary Insufficiency,,,,,
7,2810446560,2018-11-24,6777.7,2,1,198,86,59,90,0.72,29.5,82.5,5.8,4592,8215.39393939394,9.01376498299101,0.924681753889675,-0.07830565051744,1,0.8,30.5,30.82,1604.67,2,1945.05454545455,7.57304529959482,0,67.59,0,4592,0,3,,4592,0,,,2,4592,6370,,,6370,1778,,0,0,,,,0,0,8,0,4592,"","","","","","","",,,,,,,,,,,,"","",,,,,,,,,,,,0,0,0,0,0,0,0,0,0,0,0,,2.45,63.04,2,122308CJB,258.466,1.43,2,202.6,2,130.496,3,,,30.5,1,0,0,0,0,,0,0,0,0,0,0,,,,,0,137,62.5,0,0,0,0,0,0,,1,,,,4,1,,0,1,1,0,,,0,,2,2,0,2,0,,,0,0,58,24.6584710769422,0,0,1,0,1,,0,0,0,0,0,,0,,,,0,0,0,,,0,100.2,1,357.575757575758,5.87934724898728,3,0,0,0,107,1,1,,9232,,,,76.7793826111583,1,Q4,high,high,Q1-Q3,Q4,,,,,,
1,2810447294,2018-01-13,3200.4,2,1,174,57,79,92,0.71,5.6,79.5,5.3,11644,4025.66037735849,8.30044424530377,2.83087764253684,1.04058678461531,0,,38.64,,734.77,1,924.238993710692,6.82897068939928,0,76.6,0,11644,0,3,,11644,0,,,2,4528,5701,11644,13686,13686,2042,,0,0,,,,0,0,8,0,11644,"","","","","","","",,,,,,,,,,,,"","",,,,,,,,,,,,0,0,0,0,0,0,0,0,0,0,0,,3.3,30.46,2,021309CJB,299.368,2.59,39,249.3,39,154.575,8,12617,12617,38.64,0,0,0,0,0,2,0,0,0,0,0,0,0,0,0,0,0,150,68.75,0,0,0,0,0,0,1,,,,,6,1,,0,0,0,0,0,0,0,1,1,1,0,,0,,,0,0,59,22.3126661129355,0,0,0,0,0,,0,0,0,0,0,,0,,,,0,0,1,,,0,101.2,1,70.4402515723271,4.25476485506295,2,0,0,0,93,0,0,,16401,,,,43.2866707242849,1,Q2,low,low,Q1-Q3,Q1-Q3,,,,,,
1,2810447768,2018-01-28,4414.6,2,0,153,43,148,105,1.19,40.8,138.1,5.5,12177,3196.66908037654,8.06986463427996,1.81585081585082,0.596554126942731,0,,40.26,,1032.65,1,747.755249818972,6.6170757183065,0,65.38,0,12177,0,3,,12177,0,,,1,,5410,12177,14418,14418,2241,,0,0,,,,0,0,8,0,12177,"","","","","","","",,,,,,,,,,,,"","",,,,,,,,,,,,0,0,0,0,0,0,0,0,0,0,0,,5.71,103,2,021809CJB,694.486,2.49,43,211.1,43,120.912,8,13064,13064,40.26,0,0,0,0,0,8,1,1,1,0,0,0,0,0,,0,0,200,72.75,0,0,0,0,0,0,1,,,,,3,10,,0,1,0,0,0,0,0,,1,1,2,2,0,,,0,0,49,26.5686576648953,1,0,0,0,0,,0,0,0,0,0,,0,,,,0,0,0,,,0,80.4,1,295.438088341781,5.68845929997701,2,0,0,0,71,0,0,14593,13853,14593,28,2416,45.0235081743175,0,Q2,low,low,Q1-Q3,Q1-Q3,Death,6.61464750171116,1,0,0,0
1,2810447879,2018-01-28,2571.4,2,1,217,39,136,100,0.87,3,115.4,5.5,12161,2228.24956672444,7.70897160856424,0.931874689209349,-0.0705569269742846,1,,22.74,,1839.83,1,1594.30675909879,7.37419428694444,0,62.42,0,12161,0,3,,12161,0,,,1,4283,5638,12161,14413,14413,2252,,0,0,,,,0,0,8,0,12161,M01AE02,220 MG,M01,M01A,M01AE,M01AE02,"",,1,,,,,,,,,,"","",,,,,,,,,,,,0,1,0,0,0,0,0,0,0,0,0,,6.31,109.6,2,021709CJB,389.848,1.44,43,215.3,43,174.047,8,13064,13064,22.74,0,0,0,0,0,8,1,1,1,0,0,0,0,0,0,0,0,275,69.75,0,0,0,0,0,0,1,,,,,5,1,,0,1,0,0,0,0,0,,1,1,2,2,0,,,0,0,53,39.7420149679009,1,0,0,0,0,,0,0,0,0,0,,0,,,,0,0,0,,,0,150.8,0,25.9965337954939,3.25796321357625,1,0,0,0,99,0,0,,16845,,,,22.5075713810549,1,Q1,low,low,Q1-Q3,Q1-Q3,,,,,,
1,2810449625,2017-09-27,4434,2,1,199,81,71,87,0.6,7.6,146.6,5.1,12351,3024.55661664393,8.0145197867118,3.74663499604117,1.32085810274779,0,,39.06,,1183.12,1,807.039563437926,6.69337269239405,0,66.11,0,12351,0,3,,12351,0,,,2,5627,,12351,14647,14647,2296,,0,0,,,,0,0,8,0,12351,"","","","","","","",,,,,,,,,,,,"","",,,,,,,,,,,,0,0,0,0,0,0,0,0,0,0,0,,2.97,39.66,2,011609CJB,227.806,0.98,8,213.1,8,129.534,8,13784,13784,39.06,0,0,0,0,0,2,0,0,0,0,0,0,0,0,0,0,0,174,67.25,0,0,0,0,0,0,1,,,,,8,1,,0,1,0,0,0,0,0,1,1,1,0,2,0,,,0,0,57,27.0501877358974,0,0,0,0,0,,0,0,0,0,0,,0,,,,0,0,0,,,0,103.8,1,51.8417462482947,3.94819573682187,2,0,0,0,101,0,0,,17577,,,,29.9461051152864,1,Q2,low,low,Q1-Q3,Q1-Q3,,,,,,
1,2810450550,2017-12-31,2120.1,2,1,261,117,74,98,0.76,3,32.4,5.4,12425,6543.51851851852,8.78623029955473,3.26752411575563,1.1840325469804,0,,41,,157.84,1,487.160493827161,6.18859362490417,0,69.9,0,12425,0,3,,12425,0,,,2,5177,6194,12425,14468,14468,2043,,0,0,,,,0,0,8,0,12425,"","","","","","","",,,,,,,,,,,,"","",,,,,,,,,,,,0,0,0,0,0,0,0,0,0,0,0,,5.4,45.93,2,020909CJB,347.062,1.3,33,250.2,33,120.179,8,13491,13491,41,0,0,0,0,0,2,0,0,0,0,0,0,0,0,0,0,0,211,66.75,0,0,0,0,0,0,1,,,,,5,8,,0,1,0,0,0,0,0,1,1,1,0,2,0,,,0,0,74,33.2954989858976,0,0,0,0,0,,0,0,0,0,0,,0,,,,0,0,0,,,0,129.2,0,92.5925925925926,4.52820914485196,2,0,0,0,77,1,1,,16877,,,,84.98075998076,1,Q4,high,high,Q4,Q4,,,,,,
1,2810451765,2018-06-30,20000,3,1,321,52,163,122,0.71,7.1,162.2,5.7,12559,12330.4562268804,9.41982759684291,3.50159744408946,1.25321927696781,0,,34.06,,2565.83,1,1581.89272503083,7.36637733631339,0,72.18,0,12559,0,3,,12559,0,,,2,4537,5803,12559,,,,,0,0,,,,0,0,8,0,12559,"","","","","","","",,,,,,,,,,,,"","",,,,,,,,,,,,0,0,0,0,0,0,0,0,0,0,0,,3.56,119.6,2,020909CJB,429.702,3.22,32,199.4,32,175.415,8,13631,13631,34.06,0,0,0,0,0,1,0,0,0,0,0,0,0,0,0,0,0,169,60,0,0,0,0,0,0,1,,,,,4,7,,0,1,0,0,0,0,0,0,1,1,0,2,0,,,0,0,68,33.005766011532,0,,0,0,0,,0,0,0,0,0,,0,,,,0,0,0,,,0,236.4,1,43.7731196054254,3.77901992134809,2,0,0,0,88,1,1,,17417,,,,140.118820760005,1,Q4,high,high,Q4,Q4,,,,,,
1,2810451771,2018-02-01,1277.9,2,1,225,90,61,132,0.79,3,54.3,6.3,12382,2353.40699815838,7.76361934366286,2.68384223918575,0.987249439135187,0,,55.6,,248.27,1,457.219152854512,6.12516282267602,0,70.77,0,12382,0,3,,12382,0,,,2,4550,5722,12382,14616,14616,2234,,0,0,,,,0,0,8,0,12382,C09AA10,2 MG,C09,C09A,C09AA,C09AA10,"",,,,,1,,,,,,,"","",,,,,,,,,,,,0,0,0,0,1,0,0,0,0,0,0,,1.5,53.95,2,021809CJB,454.926,24.49,44,225,44,147.016,8,13257,13257,55.6,1,0,0,0,0,2,0,0,0,0,0,0,0,0,0,0,0,124,61.75,0,0,0,0,0,0,1,,,,,3,6,,0,1,1,0,0,0,0,1,1,1,0,2,0,,,0,0,75,22.8640612012493,0,0,1,0,1,,0,0,0,0,0,,0,,,,0,0,0,,,0,122.8,0,55.2486187845304,4.01184334071036,2,1,0,0,73,0,0,,16185,,,,32.2384520295668,1,Q1,low,low,Q1-Q3,Q1-Q3,,,,,,
1,2810452878,2018-07-06,20000,3,1,207,54,162,112,0.94,15.4,278.8,5.8,12784,7173.60114777618,8.87816305963785,1.50659340659341,0.409851080051419,1,,44.76,,2700.26,1,968.529411764706,6.87577885075425,0,66.51,0,12784,0,3,,12784,0,,,1,4523,5785,12784,14931,14931,2147,,0,0,,,,0,0,8,0,12784,C03AA03,"",C03,C03A,C03AA,C03AA03,"",,,,,,,,1,,,,"","",,,,,,,,,,,,0,0,0,0,0,0,0,1,0,0,0,,3.12,139.4,2,021309CJB,344.276,1.14,40,215.8,40,135.626,8,13737,13737,44.76,1,0,0,0,0,8,0,0,0,0,0,0,0,0,0,0,0,251,67.25,0,0,0,0,0,0,1,,,,,4,1,,0,1,1,0,0,0,0,,1,1,0,2,0,,,0,0,52,39.0206731132773,0,0,1,0,1,,0,0,0,0,0,,0,,,,0,0,0,,,0,120.6,1,55.2367288378766,4.01162810951535,2,0,0,0,93,1,1,,17521,,,,77.1354962126471,1,Q4,high,high,Q1-Q3,Q4,,,,,,
1,2810453981,2018-12-22,5274.1,2,1,236,92,50,95,0.62,3,97.9,5.2,12070,5387.23186925434,8.59178696412556,3.60059835452506,1.28110004124107,0,,43.72,,1433.86,1,1464.61695607763,7.28934902383541,0,78.63,0,12070,0,3,,12070,0,,,2,,,12070,13953,13953,1883,,0,0,,,,0,0,8,0,12070,"","","","","","","",,,,,,,,,,,,"","",,,,,,,,,,,,0,0,0,0,0,0,0,0,0,0,0,,1.47,40.38,2,021909bCJ,310.698,0.96,47,228.5,47,143.862,8,12838,12838,43.72,1,0,0,0,0,2,0,0,0,0,0,0,0,0,0,0,0,140,62.25,0,0,0,0,0,0,1,,,,,7,0,,0,1,1,0,0,0,0,1,1,1,0,2,0,,,0,0,64,25.4012411058644,0,0,1,0,1,,0,0,0,0,0,,0,,,,0,0,0,,,0,134,0,30.6435137895812,3.42242101811378,2,0,0,0,95,0,1,,16619,,,,56.7077038868878,1,Q3,low,low,Q1-Q3,Q1-Q3,,,,,,
1,2810454047,2018-07-06,20000,3,1,147,65,98,127,0.9,3,126.6,5.5,13034,15797.7883096367,9.66762522881414,1.36375,0.310238258165143,1,,34.08,,1166.75,1,921.603475513428,6.82611506110794,0,68.24,0,13034,0,3,,13034,0,,,1,5469,6567,13034,15138,15138,2104,,0,0,,,,0,0,8,0,13034,C07AB02,50 MG,C07,C07A,C07AB,C07AB02,"",,,1,1,,,,,,,,"","",,,,,,,,,,,,0,0,1,1,0,0,0,0,0,0,0,,2.9,8.78,2,021909bCJ,354.604,2.06,47,209.8,47,124.085,8,13790,13790,34.08,1,0,0,0,0,8,0,0,0,0,0,0,0,0,0,0,0,167,70.5,0,0,0,0,0,0,1,,,,,3,7,,0,1,1,0,0,0,0,,1,1,0,2,0,,,0,0,75,23.6234786638881,0,0,1,0,1,,0,0,0,0,0,,0,,,,0,0,1,,,0,62.4,0,23.696682464455,3.16533505794017,1,1,0,0,83,1,1,,17571,,,,190.334798911285,1,Q4,high,high,Q4,Q4,,,,,,
7,2810454169,2018-11-24,19359.2,2,1,202,52,45,95,0.83,7.2,192.4,5.5,3382,10061.9542619543,9.21651668541921,,,,,34.38,,1538.29,1,799.527027027027,6.68402033661449,0,72.8,0,3382,0,3,12,3382,0,,,2,3382,5176,,,5176,1794,,0,0,,,,0,0,8,0,3382,C03AA03,25 MG,C03,C03A,C03AA,C03AA03,"",,,,,,,,1,,,,"","",,,,,,,,,,,,0,0,0,0,0,0,0,1,0,0,0,,7.34,53.66,2,010809CJB,235.832,4.94,5,164,5,130.553,3,,,34.38,1,0,0,0,0,,0,0,0,0,0,0,,,,,0,187,65.25,0,0,0,0,0,0,,1,,,,6,1,,0,1,1,0,,,0,,2,2,0,2,0,,,0,0,56,30.8806325103732,0,0,1,0,1,,0,0,0,0,0,,1,5509,,,0,0,0,,,0,141,1,37.4220374220374,3.62225976677254,2,0,0,0,91,1,1,,7791,5509,12,4409,110.570925955541,0,Q4,high,high,Q4,Q4,TIA,12.0711841204654,1,1,1,0
1,2810454421,2018-12-22,4984.2,2,1,137,64,48,104,0.84,11.9,75.7,5.6,11607,6584.14795244386,8.79242021361777,2.11330798479087,0.748254485130639,0,,26.66,,454.37,1,600.224570673712,6.39730386964538,0,63.64,0,11607,0,3,,11607,0,,,1,4215,5636,11607,13651,13651,2044,,0,0,,,,0,0,8,0,11607,C10AA03,20 MG,C10,C10A,C10AA,C10AA03,"",,,,1,1,1,1,,,,,"","",,,,,,,,,,,,0,0,0,1,1,1,1,0,0,0,0,,0.18,18.96,2,021409CJB,201.962,1.35,41,81.2,41,58.132,8,12540,12540,26.66,1,0,0,0,2,8,0,0,0,0,0,0,0,0,0,0,0,188,66.5,0,0,0,0,0,0,1,,,,,3,1,,0,1,1,1,0,0,0,,1,1,0,2,0,,,0,0,52,29.8896046941283,0,0,1,1,1,,0,0,0,0,0,,0,,,,0,0,0,1,7897,1,63.4,1,157.199471598415,5.05751551865622,2,0,0,1,101,1,1,,16324,,,,65.1895836875629,1,Q4,high,high,Q1-Q3,Q4,,,,,,
1,2810454632,2018-01-26,2863.5,2,1,217,39,132,100,0.83,3,94.1,5.6,11654,3043.03931987248,8.02061207123067,2.02628032345014,0.706201759261203,0,,38.7,,983.23,1,1044.87778958555,6.95165520979496,0,65.23,0,11654,0,3,,11654,0,,,2,,5649,11654,13709,13709,2055,,0,0,,,,0,0,8,0,11654,"","",M01,M01A,M01AE,M01AE01,"",,,,,,,,,,,,M01AE01,"",,1,,,,,,,,,,0,1,0,0,0,0,0,0,0,0,0,,0.24,96.92,2,021709CJB,329.058,0.95,42,178.9,42,128.267,8,12575,12575,38.7,0,0,0,0,0,2,0,0,0,0,0,0,0,0,0,0,0,167,64,0,0,0,0,0,0,1,,,,,3,1,,0,1,0,0,0,0,0,1,1,1,0,2,0,,,0,0,53,28.6656725657201,0,0,0,0,0,,0,0,0,0,0,,0,,,,0,0,0,,,0,151.6,0,31.8809776833156,3.46200952105891,2,0,0,0,81,0,0,,16359,,,,37.5683866650923,1,Q2,low,low,Q1-Q3,Q1-Q3,,,,,,
1,2810455399,2017-11-18,1027.5,2,1,253,75,89,101,0.84,3,27.6,5.6,11328,3722.82608695652,8.22223835963538,2.23458904109589,0.804057336928567,0,,27.2,,246.69,1,893.804347826087,6.7954869009159,0,67.75,0,11328,0,3,,11328,0,,,2,,5719,11328,13386,13386,2058,,0,0,,,,0,0,8,0,11328,"","","","","","","",,,,,,,,,,,,"","",,,,,,,,,,,,0,0,0,0,0,0,0,0,0,0,0,,1.23,31.61,2,013009CJB,366.962,1.37,20,206.6,20,168.098,8,12578,12578,27.2,0,0,0,0,0,2,0,0,0,0,0,0,0,0,0,0,0,179,65.75,0,0,0,0,0,0,1,,,,,4,1,,0,0,0,0,0,0,0,1,1,1,0,,0,,,0,0,62,29.1116706508739,0,,0,0,0,,0,0,0,0,0,,0,,,,0,0,0,,,0,160.2,0,108.695652173913,4.68855179492714,2,0,0,0,74,0,0,,16366,,,,50.3084606345476,1,Q2,low,low,Q1-Q3,Q1-Q3,,,,,,
1,2810455766,2018-11-26,7285,2,1,224,69,105,93,0.76,87.2,136.1,5.5,11180,5352.68185157972,8.58535299495998,4.04633204633205,1.39781080318145,0,,49.66,,1521.05,1,1117.59735488611,7.01893644115945,0,70.97,0,11180,0,3,,11180,0,,,2,,4820,11180,13405,13405,2225,,0,0,,,,0,0,8,0,11180,M01AE01,200 MG,M01,M01A,M01AE,M01AE01,"",,1,,,,,,,,,,"","",,,,,,,,,,,,0,1,0,0,0,0,0,0,0,0,0,,3.45,43.34,2,012109CJB,473.762,1.83,10,159.4,10,90.246,8,12575,12575,49.66,0,0,0,0,0,2,0,0,0,0,0,0,0,0,0,0,0,183,64.5,0,0,0,0,0,0,1,,,,,3,8,,0,1,0,0,0,0,0,1,1,1,0,2,0,,,0,0,67,30.9269628815082,0,0,0,0,0,,0,0,0,0,0,,0,,,,0,0,0,,,0,134,1,640.70536370316,6.46256970023965,3,0,0,0,81,0,1,,16367,,,,66.0824919948114,1,Q3,low,high,Q1-Q3,Q1-Q3,,,,,,
7,2810456567,2018-11-24,14987.5,2,1,162,50,135,111,0.72,6,139.5,5.9,4050,10743.7275985663,9.28207738406244,1.37709772951629,0.319978190006783,1,0.1,28.9,28.94,1215.22,2,871.125448028674,6.76978599406898,0,70.73,0,4050,0,3,,4050,0,,,2,4050,5678,,,5678,1628,,0,0,,,,0,0,8,0,4050,M01AX05,40 MG,C10,C10A,C10AA,C10AA01,"",,1,,1,,1,,,,,,C10AA01,"",,,,,,1,1,,,,,0,1,0,1,0,1,1,0,0,0,0,,3.06,128.9,2,010609CJB,270.262,2.75,4,180.9,4,117.483,3,,,28.9,1,0,0,0,0,,0,0,0,0,0,0,,,,,0,174,64.25,1,1,0,0,0,0,,,,,,4,0,,1,0,1,0,,,0,,,,0,1,0,,,0,1,54,29.6352501136621,0,0,1,1,1,,0,0,0,0,0,,0,,,,0,0,0,,,0,85,1,43.010752688172,3.76145014694877,2,0,0,1,95,1,1,,8510,,,,113.091869458593,1,Q4,high,high,Q4,Q4,,,,,,
1,2810456943,2018-01-13,287.9,2,1,232,57,98,127,0.84,3,39.2,5.5,11653,734.438775510204,6.59910663680981,2.81333333333333,1.03437001993976,0,,45.78,,297.74,1,759.540816326531,6.63271406164059,0,71.46,0,11653,0,3,,11653,0,,,2,3965,5620,11653,13780,13780,2127,,0,0,,,,0,0,8,0,11653,C09AA02,10 MG,C09,C09A,C09AA,C09AA02,"",,,,,1,,,1,,,,"","",,,,,,,,,,,,0,0,0,0,1,0,0,1,0,0,0,,3.38,112,2,021309CJB,496.468,1.91,39,220.7,39,154.018,8,12613,12613,45.78,1,0,0,0,0,2,0,0,0,0,0,0,0,0,0,0,0,251,69.75,0,0,0,0,0,0,1,,,,,7,1,,0,1,1,0,0,0,0,1,1,1,0,2,0,,,0,0,61,36.2736209343387,0,0,1,0,1,,0,0,0,0,0,,0,,,,0,0,0,,,0,155.4,0,76.530612244898,4.33769082085383,2,1,0,0,75,0,0,,16397,,,,9.79251700680272,1,Q1,low,low,Q1-Q3,Q1-Q3,,,,,,
1,2810457152,2018-11-26,7638,2,1,186,43,153,108,0.76,7.8,128.5,5.5,12292,5943.96887159533,8.69013234943828,2.50569259962049,0.918565183195824,0,,45.02,,1211.9,1,943.112840466926,6.84918593662726,0,67.37,0,12292,0,3,,12292,0,,,2,4523,5842,12292,14484,14484,2192,,0,0,,,,0,0,8,0,12292,M01AE01,20 MG,M01,M01A,M01AE,M01AE01,"",,1,,,,1,1,,,,,"","",,,,,,,,,,,,0,1,0,0,0,1,1,0,0,0,0,,2.97,94.63,2,010909CJB,460.944,6.56,2,150.9,2,109.89,8,13861,13861,45.02,0,0,0,0,0,2,0,0,0,0,0,0,0,0,0,0,0,189,61.5,0,0,0,0,0,0,1,,,,,5,2,,0,1,0,0,0,0,0,1,1,1,0,2,0,,,0,0,59,35.1331577142631,0,0,0,1,0,,0,0,0,0,0,,0,,,,0,0,1,,,0,112.4,1,60.7003891050584,4.10595010834241,2,0,0,1,86,0,1,,17655,,,,69.1159171115736,1,Q3,high,high,Q1-Q3,Q1-Q3,,,,,,
1,2810457288,2018-12-06,5663.8,2,1,171,56,106,97,1.07,21.3,111.3,5.5,11820,5088.76909254268,8.53479125172225,6.48661567877629,1.8697409276441,0,,47.44,,1765.86,1,1586.57681940701,7.36933403052987,0,64.13,0,11820,0,3,,11820,0,,,1,,5161,11820,,,,,0,0,,,,0,0,8,0,11820,C10AA05,40 MG,C10,C10A,C10AA,C10AA05,"",,,,1,,1,1,,,,,"","",,,,,,,,,,,,0,0,0,1,0,1,1,0,0,0,0,,1.16,69.11,2,012109CJB,291.088,1.45,11,131.4,11,112.767,8,13205,13205,47.44,1,0,0,0,0,8,0,0,0,0,0,0,0,0,0,0,0,205,70.25,0,0,0,0,0,0,1,,,,,8,6,,0,1,1,0,0,0,0,,1,1,0,2,0,,,0,0,73,29.2056459798385,0,0,1,1,1,,0,0,0,0,0,,0,,,,0,0,0,,,0,93.8,1,191.374663072776,5.25423309341602,2,0,0,1,68,0,1,12997,,12997,27,1177,74.8348395962159,0,Q3,low,high,Q1-Q3,Q1-Q3,,3.22245037645448,0,0,0,0
1,2810457653,2017-10-01,2712.5,2,1,230,53,126,95,0.65,3.3,52.2,5.4,12131,5196.36015325671,8.55571368894821,3.00728862973761,1.10103888534537,0,,20.9,,390.89,1,748.831417624521,6.6185138815809,0,61.65,0,12131,0,3,,12131,0,,,2,,5925,12131,14335,14335,2204,,0,0,,,,0,0,8,0,12131,"","","","","","","",,,,,,,,,,,,"","",,,,,,,,,,,,0,0,0,0,0,0,0,0,0,0,0,,0.87,59.51,2,012009CJB,429.092,0.6,9,235.6,9,156.123,8,13540,13540,20.9,0,0,0,0,0,2,0,0,0,0,0,0,0,0,0,0,0,143,63.75,0,0,0,0,0,0,1,,,,,4,2,,0,1,0,0,0,0,0,1,1,1,0,2,0,,,0,0,66,24.7389505159633,0,,0,0,0,,0,0,0,0,0,,0,,,,0,0,0,,,0,151.8,0,63.2183908045977,4.14659525256598,2,0,0,0,93,0,1,,17332,,,,55.874840357599,1,Q3,low,low,Q1-Q3,Q1-Q3,,,,,,
1,2810457912,2018-01-10,3489.4,2,1,183,50,91,98,1.05,3,102.4,5.4,12049,3407.6171875,8.13376855402849,,,,,31.74,,1606.36,1,1568.7109375,7.35800950217167,0,71.63,0,12049,0,3,,12049,0,,,1,4281,5659,12049,14159,14159,2110,,0,0,,,,0,0,8,0,12049,C09AA03,12.5/10 MG,C03,C03A,C03AA,C03AA03,"",,,,,1,,,,,,,C03AA03,"",,,,,,,,1,,,,0,0,0,0,1,0,0,1,0,0,0,,1.93,54.86,2,021209CJB,347.022,1.95,37,260.7,37,186.57,8,13044,13044,31.74,1,0,0,0,0,8,0,0,0,0,0,0,0,0,0,0,0,157,65,0,0,0,0,0,0,1,,,,,7,6,,0,1,1,0,0,0,0,,1,1,0,2,0,,,0,0,83,26.1263386432098,0,0,1,0,1,,0,0,0,0,0,,0,,,,0,0,0,,,0,114.8,0,29.296875,3.37748085504484,1,0,0,0,65,0,0,16111,,16111,28,4062,52.4248798076923,0,Q2,low,low,Q1-Q3,Q1-Q3,Death,11.1211498973306,1,1,0,0
1,2810458221,2017-09-30,393.7,2,1,245,85,81,94,0.98,3,67.7,5.7,11980,581.536189069424,6.36567320401955,3.04857444561774,1.11467408647686,0,,53.44,,463.45,1,684.564254062038,6.5287825103917,0,64.51,0,11980,0,3,,11980,0,,,2,4711,5783,11980,14101,14101,2121,,0,0,,,,0,0,8,0,11980,C03AA03,50 MG,C03,C03A,C03AA,C03AA03,"",,,,,,,,1,,,,"","",,,,,,,,,,,,0,0,0,0,0,0,0,1,0,0,0,,6.47,51.84,2,011609CJB,235.296,2.71,8,144.6,8,97.877,8,13406,13406,53.44,0,0,0,0,0,2,0,0,0,0,0,0,0,0,0,0,0,173,65.75,0,0,0,0,0,0,1,,,,,5,6,,0,1,0,0,0,0,0,1,1,1,0,2,0,,,0,0,62,28.1358604614591,0,0,0,0,0,,0,0,0,0,0,,0,,,,0,0,1,,,0,143.8,0,44.3131462333826,3.79128138773202,2,0,0,0,62,0,0,,17199,,,,9.37961595273264,1,Q1,low,low,Q1-Q3,Q1-Q3,,,,,,
1,2810459289,2017-11-13,442.7,2,1,169,45,160,88,1.08,3,74.2,4.9,11794,596.630727762803,6.39129837555285,2.26153846153846,0.816045316883099,0,,33.02,,1222.82,1,1648.00539083558,7.40732098160216,0,65.89,0,11794,0,3,,11794,0,,,1,4736,5623,11794,13871,13871,2077,,0,0,,,,0,0,8,0,11794,C10AA03,20 MG,C10,C10A,C10AA,C10AA03,"",,,,,,1,1,,,,,"","",,,,,,,,,,,,0,0,0,0,0,1,1,0,0,0,0,,0.34,74.64,2,012709bCJ,440.136,22.91,18,275.3,18,190.562,8,13068,13068,33.02,0,0,0,0,0,8,0,0,0,0,0,0,0,0,0,0,0,212,69.5,0,0,0,0,0,0,1,,,,,7,7,,0,1,0,0,0,0,0,,1,1,0,2,0,,,0,0,52,30.8582905867225,0,0,0,1,0,,0,0,0,0,0,,0,,,,0,0,1,,,0,92,0,40.4312668463612,3.69960341747691,2,0,0,1,78,0,0,,16859,,,,7.64911189439491,1,Q1,low,low,Q1-Q3,Q1-Q3,,,,,,
1,2810459494,2018-06-30,20000,3,1,155,53,65,102,0.99,3,141.8,5.4,12168,14104.3723554302,9.55424012442619,,,,,44.18,,1507.66,1,1063.22990126939,6.96906663084611,0,67.63,0,12168,0,3,4,12168,0,,,1,4734,6097,12168,14395,14395,2227,,0,0,,,,0,0,8,0,12168,C09AA03,10 MG,C09,C09A,C09AA,C09AA03,"",,,,,1,,,,,,,"","",,,,,,,,,,,,0,0,0,0,1,0,0,0,0,0,0,,1.77,95.4,2,020409CJB,328.116,2.85,25,257.8,25,162.954,8,13337,13337,44.18,1,0,0,0,0,8,0,0,0,0,0,0,0,0,0,0,0,204,69,0,0,0,0,0,0,1,,,,,2,8,,0,1,1,0,0,0,0,,1,1,0,2,0,,,0,0,66,30.1257313289674,0,0,1,0,1,,0,0,0,0,1,16324,0,,,,0,0,1,,,0,89,0,21.1565585331453,3.05194995355222,1,0,0,0,79,1,1,,17125,16324,4,4957,178.536358929496,0,Q4,high,high,Q4,Q4,MI,13.5715263518138,1,1,1,0
1,2810459583,2018-01-28,4527.2,2,1,204,43,117,92,1.22,5.3,143.1,5.6,12193,3163.66177498253,8.059485425254,1.59191919191919,0.464940327289189,1,,49.38,,783.57,1,547.568134171908,6.30548689992399,0,65.32,0,12193,0,3,,12193,0,,,1,4232,5675,12193,14181,14181,1988,,0,0,,,,0,0,8,0,12193,C09AA03,10 MG,C09,C09A,C09AA,C09AA03,"",,,,,1,,,,,,,"","",,,,,,,,,,,,0,0,0,0,1,0,0,0,0,0,0,,2.01,62.68,2,021709CJB,319.836,1.14,42,177,42,150.159,8,13096,13096,49.38,1,0,0,0,0,8,0,0,0,0,0,0,0,0,0,0,0,185,69.75,0,0,0,0,0,0,1,,,,,8,1,,0,1,1,0,0,0,0,,1,1,0,2,0,,,0,0,49,26.7355373420424,0,0,1,0,1,,0,0,0,0,0,,0,,,,0,0,0,,,0,137.6,1,37.037037037037,3.61191841297781,2,0,0,0,69,0,0,,16880,,,,45.8501706519207,1,Q2,low,low,Q1-Q3,Q1-Q3,,,,,,
1,2810459866,2018-01-10,3975.5,2,1,138,38,133,106,1.59,3.6,39.1,6.2,11943,10167.5191815857,9.22695352433831,3.2508038585209,1.17890230684124,0,,37.12,,436.97,1,1117.57033248082,7.01891226185027,0,,0,11943,,,41,11943,1,-1215,10728,1,4378,5687,11943,,,,11943,1,1,-5619,6324,,1,0,,1,11943,C10AX09,80 MG,C10,C10A,C10AA,C10AA01,"",,,,1,1,1,,1,,,1,C10AA01,"",,,,,,1,1,,,,,0,0,0,1,1,1,1,1,0,0,1,,10.99,73.1,2,021209CJB,323.558,6.41,38,143.5,38,113.224,8,12932,12932,37.12,1,0,0,0,0,8,0,0,0,0,0,0,0,1,0,0,0,181,65,0,0,0,0,0,0,1,,,,,6,1,,0,1,1,0,0,1,0,,1,1,0,2,0,,,0,0,74,30.1201738498152,0,0,1,1,1,141,0,1,1,1,0,,0,,1,3,1,1,0,,,0,73.4,0,92.0716112531969,4.52256665745288,2,0,0,1,42,1,1,12922,14108,3621,6,2165,242.083790037754,0,Q4,high,high,Q4,Q4,Angina,5.927446954141,1,0,0,0
7,2810460010,2017-08-22,4693.5,2,1,187,55,68,101,0.7,12.1,128.3,5.7,3436,3658.22291504287,8.20473276614355,3.96098388464801,1.37649245012557,0,,40.72,,1029.27,1,802.236944660951,6.68740400645269,0,65.43,0,3436,0,3,,3436,0,,,2,3436,5112,,,5112,1676,,0,0,,,,0,0,8,0,3436,C10AX06,1700 MG,C10,C10A,C10AX,C10AX06,"",,,,,,1,,,,,,"","",,,,,,,,,,,,0,0,0,0,0,1,0,0,0,0,0,,0.57,45.83,2,010809CJB,518.02,3.21,5,151.4,5,92.59,3,,,40.72,0,0,0,0,0,,0,0,0,0,0,0,,,,,0,145,60.5,0,0,0,0,0,0,,,1,,,8,3,,0,0,0,0,,,0,,2,3,0,,0,,,0,0,50,27.8524155163193,0,0,0,0,0,,0,0,0,0,0,,0,,,,0,0,0,,,0,118.4,1,94.3102104442712,4.54658945996324,2,0,1,0,101,0,0,,7839,,,,36.2200288618106,1,Q2,low,low,Q1-Q3,Q1-Q3,,,,,,
1,2810460591,2017-10-25,4657.7,2,0,169,75,55,149,0.79,3,96.3,5.4,11467,4836.65628245068,8.48397891023001,0.830650804758573,-0.185545783320199,1,,49.54,,1079.78,1,1121.26687435099,7.02221446284816,0,,0,11467,,,,11467,0,,,1,4356,5705,11467,13484,13484,2017,,0,0,,,,0,0,,0,11467,C10AA05,20 MG,C10,C10A,C10AA,C10AA05,"",,,,,,1,1,,,,,"","",,,,,,,,,,,,0,0,0,0,0,1,1,0,0,0,0,,1.46,232,2,012209CJB,503.452,2.06,12,137.7,12,130.144,8,12834,12834,49.54,0,0,0,0,0,8,0,0,0,0,0,0,0,0,0,0,0,240,71.25,0,0,0,0,0,0,1,,,,,4,7,,0,1,0,0,0,0,0,,1,1,0,2,0,,,0,0,64,33.2389362839668,0,0,0,1,0,,0,0,0,0,0,,0,,,,0,0,1,,,0,83,0,31.1526479750779,3.43889924884617,2,1,0,1,95,0,1,15901,16306,15901,27,4434,50.9121713942176,0,Q3,low,low,Q1-Q3,Q1-Q3,,12.1396303901437,1,1,1,0
1,2810460879,2017-09-17,1503.1,2,1,213,73,143,93,0.86,3,63.1,5.8,11174,2382.09191759113,7.7757343375801,3.19434194341943,1.16138110211494,0,,31.44,,956.7,1,1516.1648177496,7.32393927912505,0,60.43,0,11174,0,3,41,11174,1,3574,14748,2,4349,5631,11174,13244,13244,2070,14804,1,0,3547,14721,,0,1,8,1,11174,M01AH01,200 MG,M01,M01A,M01AH,M01AH01,"",,1,,,,1,1,,,,,"","",,,,,,,,,,,,0,1,0,0,0,1,1,0,0,0,0,,6,67.54,2,011509CJB,246.742,2.51,7,183.1,7,113.572,8,12629,12629,31.44,0,0,0,0,0,2,1,0,0,69,0,0,0,0,0,0,2,209,62.25,0,0,0,0,1,1,1,,,,,8,7,,0,0,0,0,0,0,1,1,1,1,1,,0,,,1,1,71,37.9204242223262,0,0,0,1,0,,0,0,0,0,0,,0,,1,1,0,0,0,,,0,111.4,0,47.5435816164818,3.86164679810308,2,0,0,1,68,0,0,15268,16702,14748,41,5528,35.0307634939871,1,Q1,low,low,Q1-Q3,Q1-Q3,CHF,15.1348391512663,1,1,1,1
1,2810461276,2018-11-26,9872,2,1,242,38,210,97,0.9,54.6,104.2,5.4,11553,9474.08829174664,9.15631580281399,2.72043662825955,1.00079239252055,0,,56.84,,496.19,1,476.190019193858,6.1658169745594,0,65.93,0,11553,0,3,,11553,0,,,1,4908,6207,11553,13849,13849,2296,,0,0,,,,0,0,8,0,11553,"","","","","","","",,,,,,,,,,,,"","",,,,,,,,,,,,0,0,0,0,0,0,0,0,0,0,0,,3.53,119,2,010909CJB,442.252,4.67,1,207.1,1,187.418,8,13143,13143,56.84,0,0,0,0,0,8,0,0,0,0,0,0,0,0,0,0,0,168,67.75,0,0,0,0,0,0,1,,,,,3,1,,0,1,0,0,0,0,0,,1,1,0,2,0,,,0,0,70,25.7333481266001,0,0,0,0,0,,0,0,0,0,0,,0,,,,0,0,0,,,0,162,1,523.992322456814,6.26147703241373,3,0,0,0,86,1,1,,16548,,,,110.163817345891,1,Q4,high,high,Q4,Q4,,,,,,
1,2810461755,2018-02-01,2317.3,2,1,208,54,112,103,1.03,3.5,130.2,5.9,12361,1779.80030721966,7.48425645003746,2.15769474350855,0.769040403405325,0,,37.32,,1146.76,1,880.768049155146,6.78079430994937,0,73.7,0,12361,0,3,,12361,0,,,1,4857,,12361,14028,14028,1667,,0,0,,,,0,0,8,0,12361,"","","","","","","",,,,,,,,,,,,"","",,,,,,,,,,,,0,0,0,0,0,0,0,0,0,0,0,,1.21,60.01,2,021809CJB,478.76,1.59,44,237.9,44,159.291,8,13236,13236,37.32,0,0,0,0,0,8,0,0,0,0,0,0,0,0,0,0,0,177,69.25,0,0,0,0,0,0,1,,,,,8,1,,0,1,0,0,0,0,0,,1,1,0,2,0,,,0,0,65,25.950117194973,0,0,0,0,0,,0,0,0,0,0,,0,,,,0,0,0,,,0,131.6,0,26.8817204301075,3.29144651770304,1,0,0,0,76,0,0,,17017,,,,23.4184250949956,1,Q1,low,low,Q1-Q3,Q1-Q3,,,,,,
7,2810461873,2017-08-13,3109.1,2,1,207,51,127,89,0.73,6.7,90.6,5.5,3914,3431.67770419426,8.14080454716382,2.43639427127211,0.890519188668987,0,1.9,39.5,38.48,689.87,2,761.44591611479,6.63521914698276,0,68.92,0,3914,0,3,,3914,0,,,2,3914,5771,,,5771,1857,,0,0,,,,0,0,8,0,3914,M01AX05,750/600 MG,M01,M01A,M01AX,M01AX25,"",,1,,,,,,,,,,M01AX25,"",,1,,,,,,,,,,0,1,0,0,0,0,0,0,0,0,0,,8.62,53.44,2,010509CJB,410.206,2.88,3,168,3,105.422,3,,,39.5,0,0,0,0,1,,0,0,0,0,0,0,,,,,0,151,60.75,0,0,0,0,0,0,,,,,,1,1,,1,0,0,1,,,0,,,,0,1,0,,,0,0,58,28.7666967652179,0,0,0,0,0,,0,0,0,0,0,,0,,,,0,0,0,,,0,130.6,1,73.9514348785872,4.30340859233012,2,0,0,0,91,0,0,,8449,0,39,4535,37.7107440021347,0,Q2,low,low,Q1-Q3,Q1-Q3,,12.4161533196441,1,1,1,0
1,2810462356,2017-12-31,4896.5,2,1,185,56,59,98,0.87,3,92.3,5.6,11588,5304.98374864572,8.57640198764013,2.37086092715232,0.863253149585776,0,,25.42,,637.42,1,690.595882990249,6.53755482344123,0,65.38,0,11588,0,3,,11588,0,,,2,4550,5794,11588,13574,13574,1986,,0,0,,,,0,0,8,0,11588,"","","","","","","",,,,,,,,,,,,"","",,,,,,,,,,,,0,0,0,0,0,0,0,0,0,0,0,,0.67,56.25,2,021009CJB,527.426,1.06,33,262.6,33,183.96,8,12645,12645,25.42,0,0,0,0,0,2,0,0,0,0,0,0,0,0,0,0,0,146,63.25,0,0,0,0,0,0,1,,,,,8,1,,0,1,0,0,0,0,0,1,1,1,0,2,0,,,0,0,57,25.6588630473266,0,0,0,0,0,,0,0,0,0,0,,0,,,,0,0,0,,,0,117.2,0,32.5027085590466,3.48132342614144,2,0,0,0,74,0,1,,16430,,,,71.6889695762935,1,Q3,low,high,Q1-Q3,Q1-Q3,,,,,,
1,2810462444,2018-01-13,4105.6,2,1,262,90,107,93,1.1,5.8,171.2,5.8,12428,2398.1308411215,7.78244489670177,2.72802197802198,1.00357679640843,0,,40.16,,856.1,1,500.058411214953,6.21472491402889,0,69.07,0,12428,0,3,,12428,0,,,2,4745,5852,12428,14428,14428,2000,,0,0,,,,0,0,8,0,12428,M01AX05,750/600 MG,M01,M01A,M01AX,M01AX25,"",,1,,,,,,,,,,M01AX25,"",,1,,,,,,,,,,0,1,0,0,0,0,0,0,0,0,0,,1.57,27.02,2,021309CJB,277.278,0.92,39,175.5,39,107.356,8,13387,13387,40.16,0,0,0,0,0,0,0,0,0,0,0,0,0,0,0,0,0,159,65.75,0,0,0,0,0,0,1,,,,,7,2,,0,1,0,0,0,0,0,0,1,1,0,2,0,,,0,0,50,25.8589700194913,0,0,0,0,0,,0,0,0,0,0,,0,,,,0,0,0,,,0,150.6,1,33.8785046728972,3.52278073282687,2,0,0,0,58,0,0,,17171,,,,41.347083467612,1,Q1,low,low,Q1-Q3,Q1-Q3,,,,,,
1,2810463668,2017-11-21,1343.6,2,1,128,39,152,188,,70.5,122.1,7.6,12154,1100.4095004095,7.00343766260957,2.13035204567079,0.756287245721804,0,,44.56,,850.65,1,696.683046683047,6.54633056799958,0,70.87,0,12154,0,3,,12154,0,,,1,4522,5694,12154,14296,14296,2142,,0,0,,,,0,0,8,0,12154,C10AX09,20 MG,C10,C10A,C10AA,C10AA01,"",,,,,1,1,,,,1,,C10AA01,"",,,,,,1,1,,,,,0,0,0,0,1,1,1,0,0,1,0,,,97.75,2,012709bCJ,,,,,,,,,,44.56,1,0,0,0,1,8,0,0,0,0,0,0,0,0,0,0,0,179,65.25,0,0,0,0,0,0,1,,,,,4,7,,0,1,1,1,0,0,0,,1,1,0,2,0,,,0,0,69,29.5595359323894,0,1,1,1,1,,0,0,0,0,0,,0,,,,0,0,0,,,0,58.6,1,577.395577395578,6.3585276076837,3,1,0,1,,0,0,,17227,,,,,1,Q1,low,,,Q1-Q3,,,,,,
1,2810463690,2017-11-23,2532,2,0,200,83,159,123,0.82,3,63.1,6.2,12505,4012.67828843106,8.29721419970499,2.05061983471074,0.718142105844714,0,,82.6,,1266.14,1,2006.56101426307,7.6041775975492,0,64.15,0,12505,0,3,,12505,0,,,2,4537,5784,12505,14694,14694,2189,,0,0,,,,0,0,8,0,12505,C10AA01,40 MG,C03,C03A,C03AA,C03AA03,"",,,,,1,1,1,1,,,,C03AA03,"",,,,,,,,1,,,,0,0,0,0,1,1,1,1,0,0,0,,3.42,99.76,2,013009CJB,321.2,1.5,21,172.4,21,83.544,8,13740,13740,82.6,1,0,0,0,0,2,0,0,0,0,0,0,0,0,0,0,0,147,65,0,0,0,0,0,0,1,,,,,4,6,,0,1,1,0,0,0,0,1,1,1,0,2,0,,,0,0,73,24.4622406404576,0,0,1,1,1,,0,0,0,0,0,,0,,,,0,0,0,,,0,85.2,0,47.5435816164818,3.86164679810308,2,0,0,1,71,0,0,,17528,,,,56.5165956117051,1,Q2,low,low,Q1-Q3,Q1-Q3,,,,,,
1,2810464075,2018-07-06,20000,3,1,184,48,202,101,0.82,6.1,137,5.9,12856,14598.5401459854,9.58867681269609,1.49546827794562,0.402439387191628,1,,36.3,,1273.47,1,929.540145985401,6.83468999717597,0,65.19,0,12856,0,3,,12856,0,,,2,5107,,12856,,,,,0,0,,,,0,0,8,0,12856,C10AA02,20 MG,C10,C10A,C10AA,C10AA02,"",,,,1,,1,1,,,,,"","",,,,,,,,,,,,0,0,0,1,0,1,1,0,0,0,0,,2.11,130.1,2,022009CJB,285.968,2.46,49,167.9,49,128.715,8,13546,13546,36.3,1,0,0,0,0,2,0,0,0,0,0,0,0,0,0,0,0,203,64,0,0,0,0,0,0,1,,,,,7,2,,0,1,1,0,0,0,0,1,1,1,0,2,0,,,0,0,54,34.845098987073,0,0,1,1,1,,0,0,0,0,0,,0,,,,0,0,0,,,0,95.6,1,44.5255474452555,3.79606312433328,2,0,0,1,81,1,1,,17326,,,,180.228890691178,1,Q4,high,high,Q4,Q4,,,,,,
1,2810464463,2018-01-26,3694,2,1,166,49,82,93,0.78,6,127.1,5.4,12362,2906.37293469709,7.97466116855187,1.99555837563452,0.690923898716716,0,,42.42,,1240.34,1,975.877261998426,6.88333682235597,0,63.83,0,12362,0,3,,12362,0,,,2,,5173,12362,14050,14050,1688,,0,0,,,,0,0,8,0,12362,"","","","","","","",,,,,,,,,,,,"","",,,,,,,,,,,,0,0,0,0,0,0,0,0,0,0,0,,1.15,58.34,2,021709CJB,260.27,1.24,41,301.2,41,173.138,8,13283,13283,42.42,0,0,0,0,0,2,0,0,0,0,0,0,0,0,0,0,0,161,60.75,0,0,0,0,0,0,1,,,,,7,1,,0,1,0,0,0,0,0,1,1,1,0,2,0,,,0,0,65,30.6717760211927,0,0,0,0,0,,0,0,0,0,0,,0,,,,0,0,0,,,0,100.6,1,47.2069236821401,3.85454057001478,2,0,0,0,80,0,0,,17067,,,,36.3296616837136,1,Q2,low,low,Q1-Q3,Q1-Q3,,,,,,
1,2810464569,2018-01-06,2977.3,2,1,204,63,73,97,0.63,3,99,5.5,12004,3007.37373737374,8.00882246438192,1.53998203054807,0.43177074788218,1,,29.82,,1047.01,1,1057.58585858586,6.9637440977768,0,69.8,0,12004,0,3,,12004,0,,,2,4157,5672,12004,13992,13992,1988,,0,0,,,,0,0,8,0,12004,M01AX05,750 MG,M01,M01A,M01AX,M01AX05,"",,1,,,,,,,,,,"","",,,,,,,,,,,,0,1,0,0,0,0,0,0,0,0,0,,3.09,79.95,2,021109CJB,237.76,5.76,35,178.3,35,120.16,8,13029,13029,29.82,0,0,0,0,0,2,1,0,0,53,0,0,0,0,0,0,0,224,69.5,0,0,0,0,0,0,1,,,,,8,1,,0,1,0,0,0,0,0,1,1,1,1,2,0,,,0,0,57,32.6049862803105,0,0,0,0,0,,0,0,0,0,0,,0,,,,0,0,0,,,0,126.4,0,30.3030303030303,3.41124771751566,2,0,0,0,100,0,0,,16814,,,,30.0737373737374,1,Q2,low,low,Q1-Q3,Q1-Q3,,,,,,
1,2810464898,2017-11-13,3992.2,2,1,176,63,129,102,0.8,5.6,74.8,6,12254,5337.16577540107,8.58245003738444,,,,,28.68,,641.53,1,857.660427807487,6.75420824936349,0,73.71,0,12254,0,3,,12254,0,,,2,4579,5832,12254,14269,14269,2015,,0,0,,,,0,0,8,0,12254,M01AE01,200 MG,M01,M01A,M01AE,M01AE01,"",,1,,,,1,1,,,,,"","",,,,,,,,,,,,0,1,0,0,0,1,1,0,0,0,0,,1.94,54.92,2,012709CJB,502.418,1.35,16,185.4,16,121.151,8,13549,13549,28.68,0,0,0,0,0,2,0,0,0,0,0,0,0,0,0,0,0,160,62,0,0,0,0,0,0,1,,,,,7,7,,0,1,0,0,0,0,0,1,1,1,0,2,0,,,0,0,64,29.2645746581816,0,0,0,1,0,,0,0,0,0,0,,0,,,,0,0,1,,,0,87.2,1,74.8663101604278,4.31570399174281,2,0,0,1,78,0,1,,17340,,,,68.4252022487317,1,Q3,low,high,Q1-Q3,Q1-Q3,,,,,,
1,2810466803,2017-09-02,2722.6,2,1,150,40,144,98,0.65,3,67.6,5.9,12179,4027.51479289941,8.30090478801755,2.0213849287169,0.703782884766825,0,,34.06,,864.96,1,1279.52662721894,7.15424546602726,0,64.33,0,12179,0,3,,12179,0,,,2,4573,,12179,15121,15121,2942,,0,0,,,,0,0,8,0,12179,C09CA06,5/6.25 MG,C03,C03A,C03AA,C03AA03,"",,,,1,1,,,,,,,C03AA03,"",,,,,,,,1,,,,0,0,0,1,1,0,0,1,0,0,0,,0.28,70.17,2,011309CJB,295.26,1.16,3,179.4,3,147.397,8,13693,13693,34.06,1,0,0,0,0,2,0,0,0,0,0,0,0,0,0,0,0,141,66.25,0,0,0,0,0,0,1,,,,,7,2,,0,1,1,0,0,0,0,1,1,1,0,2,0,,,0,0,56,22.5867091819623,0,0,1,0,1,,0,0,0,0,0,,0,,,,0,0,0,,,0,81.2,0,44.3786982248521,3.79275958460133,2,0,0,0,99,0,0,,17486,,,,40.6819676050445,1,Q2,low,low,Q1-Q3,Q1-Q3,,,,,,
1,2810467388,2018-01-01,424.1,2,1,160,50,47,101,0.92,3,128.1,4.8,12721,331.069476971116,5.80232825356595,0.950070323488045,-0.0512192724029874,1,,23.9,,984.14,1,768.259172521468,6.64412714044009,0,65.59,0,12721,0,3,,12721,0,,,1,,5793,12721,14703,14703,1982,,0,0,,,,0,0,8,0,12721,"","","","","","","",,,,,,,,,,,,"","",,,,,,,,,,,,0,0,0,0,0,0,0,0,0,0,0,,1.69,56.1,2,021009CJB,212.31,0.72,33,199.6,33,139.975,8,13774,13774,23.9,0,0,0,0,0,8,0,0,0,0,0,0,0,0,0,0,0,196,74.75,0,0,0,0,0,0,1,,,,,7,1,,0,1,0,0,0,0,0,,1,1,0,2,0,,,0,0,50,24.6626244642295,0,0,0,0,0,,0,0,0,0,0,,0,,,,0,0,0,,,0,100.6,0,23.4192037470726,3.15355635874756,1,0,0,0,97,0,0,,17559,,,,3.41308739145481,1,Q1,low,low,Q1-Q3,Q1-Q3,,,,,,
7,2810468710,2018-11-24,8292.3,2,1,158,81,59,95,0.77,3.6,79.6,5.9,4622,10417.4623115578,9.25123874548904,,,,1.6,56.44,57.72,699.8,2,879.145728643216,6.77895067307134,0,74.84,0,4622,0,3,,4622,0,,,2,4622,6338,,,6338,1716,,0,0,,,,0,0,8,0,4622,M01AX05,6.25 MG,M01,M01A,M01AX,M01AX05,"",,1,,1,,,,,,,,"","",,,,,,,,,,,,0,1,0,1,0,0,0,0,0,0,0,,0.14,49.47,2,122908CJB,239.164,1.11,2,140.4,2,86.474,3,,,56.44,1,0,0,0,0,,0,0,0,0,0,0,,,,,0,145,68,0,0,0,0,0,0,,1,,,,,1,,0,1,1,0,,,0,,2,2,0,2,0,,,0,0,60,22.0473191811436,0,0,1,0,1,,0,0,0,0,0,,0,,,,0,0,0,,,0,65.2,0,45.2261306532663,3.81167503159386,2,0,0,0,97,1,1,,9226,,,,107.396518675853,1,Q4,high,high,Q4,Q4,,,,,,
1,2810468927,2018-12-08,7413.5,2,1,249,54,129,99,1.02,3.6,140.4,6.1,11749,5280.27065527066,8.57173263585446,1.94185342216838,0.66364288924937,0,,39.74,,940.64,1,669.97150997151,6.50723518905033,0,65.89,0,11749,0,3,1,11749,0,,,1,4406,5656,11749,14008,14008,2259,14648,1,0,1850,13599,,0,0,8,0,11749,"","","","","","","",,,,,,,,,,,,"","",,,,,,,,,,,,0,0,0,0,0,0,0,0,0,0,0,,0.94,36.79,2,020309CJB,305.524,0.71,23,173.3,23,186.646,8,12950,12950,39.74,0,0,0,0,0,8,0,0,0,0,0,0,0,0,0,0,2,146,68.5,0,0,0,0,0,0,1,,,,,3,8,,0,1,0,0,0,0,1,,1,1,0,2,0,,,1,0,76,21.876474036927,0,,0,0,0,140,0,1,1,0,1,12167,0,,1,4,0,0,1,,,0,169.2,0,25.6410256410256,3.24419363285249,1,0,0,0,71,0,1,,16738,12167,1,4989,74.3700092291642,0,Q3,low,high,Q1-Q3,Q1-Q3,MI,13.6591375770021,1,1,1,0
1,2810469076,2017-12-02,521.8,2,1,211,73,110,115,0.8,3,55,5.4,12057,948.727272727273,6.85512137345825,2.25338753387534,0.812434654592455,0,,24.18,,1594.17,1,2898.49090909091,7.97194550435635,0,77.11,0,12057,0,3,,12057,0,,,2,4574,5716,12057,14262,14262,2205,,0,0,,,,0,0,8,0,12057,M01AE02,375 MG,M01,M01A,M01AE,M01AE02,"",,1,,,1,,,1,,,,"","",,,,,,,,,,,,0,1,0,0,1,0,0,1,0,0,0,,0.52,62.69,2,020409CJB,310.418,0.55,25,186,25,123.094,8,13223,13223,24.18,1,0,0,0,0,2,1,1,1,0,0,0,0,0,0,0,0,168,66,0,0,0,0,0,0,1,,,,,4,1,,0,0,1,0,0,0,0,1,1,1,2,,0,,,0,0,55,27.1160872900258,1,0,1,0,1,,0,0,0,0,0,,0,,,,0,0,1,,,0,116,0,54.5454545454546,3.99903438241778,2,0,0,0,83,0,0,,17011,,,,11.4304490690033,1,Q1,low,low,Q1-Q3,Q1-Q3,,,,,,
1,2810470116,2018-01-14,2252.1,2,1,233,66,149,114,1.23,3.9,159.9,5.4,12146,1408.44277673546,7.25023995939525,3.5047619047619,1.25412258801141,0,,33.26,,2103.08,1,1315.24702939337,7.18177978202131,0,64.28,0,12146,0,3,,12146,0,,,1,4306,5646,12146,14158,14158,2012,,0,0,,,,0,0,8,0,12146,"","","","","","","",,,,,,,,,,,,"","",,,,,,,,,,,,0,0,0,0,0,0,0,0,0,0,0,,0.52,59.61,2,021309CJB,426.556,0.87,40,328.6,40,172.852,8,13094,13094,33.26,0,0,0,0,0,8,0,0,0,0,0,0,0,0,0,0,0,222,73.25,0,0,0,0,0,0,1,,,,,4,1,,0,0,0,0,0,0,0,,1,1,0,,0,,,0,0,54,29.0899737293423,0,,0,0,0,,0,0,0,0,0,,0,,,,0,0,0,,,0,137.2,1,24.390243902439,3.19418321227783,1,0,0,0,66,0,0,,15604,,,,21.3400420717494,1,Q1,low,low,Q1-Q3,Q1-Q3,,,,,,
1,2810470180,2018-06-30,20000,3,1,192,70,55,102,0.97,3.6,190.6,5.1,12066,10493.1794333683,9.25848074730412,1.59315286624204,0.465714987555589,1,,32.62,,1245.65,1,653.541448058762,6.4824059557795,0,56.07,0,12066,0,3,,12066,0,,,1,4643,5743,12066,14215,14215,2149,,0,0,,,,0,0,8,0,12066,C03AA03,25 MG,C03,C03A,C03AA,C03AA03,"",,,,,,,,1,,,,"","",,,,,,,,,,,,0,0,0,0,0,0,0,1,0,0,0,,2.5,64.16,2,012709bCJ,247.392,2.11,18,224.5,18,138.337,8,13334,13334,32.62,1,0,0,0,0,8,0,0,0,0,0,0,0,0,0,0,0,234,69,0,0,0,0,0,0,1,,,,,8,2,,0,1,1,0,0,0,0,,1,1,0,2,0,,,0,0,63,34.5559859361685,0,0,1,0,1,,0,0,0,0,0,,0,,,,0,0,0,,,0,111,0,18.887722980063,2.9385121332241,1,0,0,0,83,1,1,,17125,,,,126.423848594799,1,Q4,high,high,Q4,Q4,,,,,,
1,2810470361,2018-01-10,2042.4,2,1,193,90,53,104,0.71,3,39.3,6.2,12470,5196.9465648855,8.55582653304015,2.52470930232558,0.926125928307761,0,,23.04,,518.76,1,1320,7.18538701558042,0,65.25,0,12470,0,3,,12470,0,,,2,4550,5715,12470,14584,14584,2114,,0,0,,,,0,0,8,0,12470,C10AX09,20 MG,C10,C10A,C10AA,C10AA01,"",,,,,,1,,,,,,C10AA01,"",,,,,,1,1,,,,,0,0,0,0,0,1,1,0,0,0,0,,0.35,54.86,2,021209CJB,213.268,1.09,38,190.5,38,99.516,8,13458,13458,23.04,0,0,0,0,0,2,0,0,0,0,0,0,0,0,0,0,0,141,65,0,0,0,0,0,0,1,,,,,7,1,,0,1,0,0,0,0,0,1,1,1,0,2,0,,,0,0,62,23.4637818388063,0,0,0,1,0,,0,0,0,0,0,,0,,,,0,0,0,,,0,92.4,0,76.3358778625954,4.33514304877503,2,0,0,1,91,0,1,,17242,,,,57.1093029108296,1,Q3,low,low,Q1-Q3,Q1-Q3,,,,,,
1,2810470391,2018-11-26,7718.2,2,1,120,41,89,128,1.26,73.8,98.3,9.2,12188,7851.67853509664,8.96848261404587,3.35506402793946,1.21047085457521,0,,27.92,,1597.7,1,1625.33062054934,7.3934665328685,0,,2,12188,,,,12188,0,,,1,4515,5778,12188,,,,12188,1,1,-6410,5778,,0,0,,0,12188,C10AX09,80 MG,C10,C10A,C10AA,C10AA01,"",,,,,1,1,,1,,1,,C10AA01,"",,,,,,1,1,,,,,0,0,0,0,1,1,1,1,0,1,0,,4.3,81.21,2,010809CJB,500.552,2.62,1,187.5,1,153.332,8,13804,13804,27.92,1,0,0,0,1,8,0,0,0,0,0,0,0,1,0,0,0,243,68.5,0,0,1,,0,0,1,,,,,3,6,,0,1,1,1,0,1,0,,1,1,0,2,0,,,0,1,77,36.4108437737894,0,1,1,1,1,,0,0,0,0,0,,0,,1,3,1,1,0,,,0,61.2,1,750.762970498474,6.62108998343544,3,1,0,1,55,1,1,13248,,7819,30,,142.757791547212,1,Q4,high,high,Q4,Q4,IC,,,,,
1,2810470417,2018-12-22,4484.6,2,1,167,70,106,108,0.66,3,91.9,5.3,11670,4879.86942328618,8.49287374096588,5.12489307100086,1.63410966061186,0,,43.8,,1562.79,1,1700.5331882481,7.43869712101546,0,70.13,0,11670,0,3,,11670,0,,,2,4223,5642,11670,13660,13660,1990,12867,1,0,1197,12867,,0,0,8,0,11670,C10AX09,10 MG,C10,C10A,C10AA,C10AA01,"",,,,,1,1,,1,,,,C10AA01,"",,,,,,1,1,,,,,0,0,0,0,1,1,1,1,0,0,0,,1.01,108.3,2,021809CJB,339.298,1.94,43,177.8,43,100.292,8,12571,12571,43.8,1,0,0,0,0,2,0,0,0,0,0,0,0,0,0,0,0,163,61.75,0,0,0,0,0,0,1,,,,,3,7,,0,1,1,0,0,0,0,1,1,1,0,2,0,,,0,0,73,30.0551772242229,0,0,1,1,1,,0,0,0,0,0,,0,,1,2,0,0,0,,,0,75.8,0,32.6441784548422,3.48566653828861,2,0,0,1,88,0,1,,16352,,,,55.4530616282521,1,Q3,low,low,Q1-Q3,Q1-Q3,,,,,,
7,2810470572,2017-08-12,521.1,2,1,171,96,126,109,0.95,3,37.5,5.9,4598,1389.6,7.2367712149269,2.82925122463261,1.0400120917109,0,1.6,30.94,31.66,950.34,2,2534.24,7.83764906831411,0,71.71,0,4598,0,3,,4598,0,,,2,4598,6285,,,6285,1687,,0,0,,,,0,0,8,0,4598,C10AX06,1200 MG,C10,C10A,C10AX,C10AX06,"",,,,,1,1,1,1,,,,"","",,,,,,,,,,,,0,0,0,0,1,1,1,1,0,0,0,,1.01,79.88,2,122208CJB,586.724,1.05,1,146.8,1,56.341,3,,,30.94,1,0,0,0,1,,0,0,0,0,0,0,,,,,0,161,63,0,0,0,0,0,0,1,1,,,,3,6,,0,0,1,1,,,0,,1,1,0,,0,,,0,0,74,28.5200570401141,0,0,1,1,1,,0,0,0,0,0,,0,,,,0,0,1,,,0,49.8,0,80,4.38202663467388,2,0,0,1,59,0,0,,9268,,,,23.5525423728814,1,Q1,low,low,Q1-Q3,Q1-Q3,,,,,,
1,2810471216,2018-01-28,2839.5,2,1,207,88,55,110,0.68,19.8,58.6,5.7,12541,4845.56313993174,8.48581874872261,2.85547445255474,1.04923801233254,0,,41.76,,584.71,1,997.798634812287,6.90555148722825,0,69.44,0,12541,0,3,,12541,0,,,2,,6030,12541,14514,14514,1973,,0,0,,,,0,0,8,0,12541,"","","","","","","",,,,,,,,,,,,"","",,,,,,,,,,,,0,0,0,0,0,0,0,0,0,0,0,,3.54,65.85,2,021809CJB,258.652,1.61,43,127.8,43,89.208,8,13433,13433,41.76,0,0,0,0,0,2,0,0,0,0,0,0,0,0,0,0,0,154,65.25,0,0,0,0,0,0,1,,,,,6,1,,0,1,0,0,0,0,0,1,1,1,0,2,0,,,0,0,63,25.4311091261897,0,,0,0,0,,0,0,0,0,0,,0,,,,0,0,0,,,0,108,1,337.883959044369,5.82270252009966,3,0,0,0,93,0,1,,17214,,,,52.1028294616316,1,Q3,low,low,Q1-Q3,Q1-Q3,,,,,,
1,2810471302,2018-12-08,6017.8,2,1,207,64,94,98,0.92,3.2,164.1,5.2,11764,3667.15417428397,8.20717121089735,,,,,34.76,,1683.08,1,1025.64290067032,6.93307491511832,0,60.62,0,11764,0,3,,11764,0,,,1,4444,5669,11764,13958,13958,2194,,0,0,,,,0,0,8,0,11764,"","","","","","","",,,,,,,,,,,,"","",,,,,,,,,,,,0,0,0,0,0,0,0,0,0,0,0,,0.97,64.5,2,013009CJB,372.214,0.83,21,229.8,21,144.1,8,12998,12998,34.76,0,0,0,0,0,8,0,0,0,0,0,0,0,0,0,0,0,205,69.75,0,0,0,0,0,0,1,,,,,7,1,,0,1,0,0,0,0,0,,1,1,0,2,0,,,0,0,60,29.6258657033443,0,0,0,0,0,,0,0,0,0,0,,0,,,,0,0,0,,,0,124.2,0,19.5003046922608,2.97043009069177,1,0,0,0,90,0,0,,16786,,,,40.7461574920441,1,Q2,low,low,Q1-Q3,Q1-Q3,,,,,,
1,2810471480,2017-10-25,3124.7,2,1,179,81,84,122,0.71,3,103.1,5.9,11839,3030.74684772066,8.01656435252738,1.91645569620253,0.650477488536327,0,,23.32,,1445.14,1,1401.68768186227,7.24543227663173,0,64.5,0,11839,0,3,2,11839,0,,,2,4229,5636,11839,13988,13988,2149,,0,0,,,,0,0,8,0,11839,"","","","","","","",,,,,,,,,,,,"","",,,,,,,,,,,,0,0,0,0,0,0,0,0,0,0,0,,4.08,51.83,2,020209CJB,448.686,1.15,22,127.4,22,82.096,8,13062,13062,23.32,0,0,0,0,0,2,0,0,0,0,0,0,0,0,0,0,0,195,65.5,0,0,0,0,0,0,1,,,,,3,2,,0,1,0,0,0,0,0,1,1,1,0,2,0,,,0,0,67,31.9563834745641,0,0,0,0,0,,0,0,0,0,1,16690,0,,,,0,0,0,,,0,81.2,0,29.09796314258,3.37066817662733,1,0,0,0,88,0,0,,16850,16690,2,5011,34.4403050877348,0,Q2,low,low,Q1-Q3,Q1-Q3,MI,13.719370294319,1,1,1,0
1,2810471792,2018-06-30,20000,3,1,198,36,224,120,0.83,70.2,180.6,5.4,12756,11074.1971207087,9.31237309754133,1.07321772639692,0.0706613567613954,1,,32.98,,1308.13,1,724.324473975637,6.58523946046286,0,67.87,0,12756,0,3,,12756,0,,,1,4651,6775,12756,,,,,0,0,,,,0,0,8,0,12756,C09AA01,12.5 MG,C09,C09A,C09AA,C09AA01,"",,,,,1,,,,,,,"","",,,,,,,,,,,,0,0,0,0,1,0,0,0,0,0,0,,1.92,145.6,2,020909CJB,614.584,2.88,33,254.4,33,233.68,8,13820,13820,32.98,1,0,0,0,0,8,0,0,0,0,0,0,0,0,0,0,0,198,67.25,0,0,0,0,0,0,1,,,,,4,8,,,,1,0,0,0,0,,1,1,0,,0,,,0,0,73,30.7812481132625,0,0,1,0,1,,0,0,0,0,0,,0,,,,0,0,1,,,0,117.2,1,388.704318936877,5.96281894903102,3,0,0,0,87,1,1,16171,,14069,11,,127.289622077112,1,Q4,high,high,Q4,Q4,Atherothrombotic Infarction of Brain,,,,,
1,2810471963,2017-09-30,4664.2,2,1,225,66,137,99,0.99,21.5,116.1,5.5,11811,4017.39879414298,8.29838990604184,2.94837476099426,1.08125409005835,0,,46.14,,1283.96,1,1105.90869939707,7.00842262840092,0,71.18,0,11811,0,3,,11811,0,,,2,4561,5725,11811,13905,13905,2094,14532,1,0,2721,14532,,0,0,8,0,11811,C10AX09,20 MG,C10,C10A,C10AA,C10AA01,"",,,,1,1,1,,1,,,,C10AA01,"",,,,,,1,1,,,,,0,0,0,1,1,1,1,1,0,0,0,,0.64,34.27,2,011609CJB,322.154,2.34,8,123,8,115.101,8,13234,13234,46.14,1,0,0,0,0,2,0,0,0,0,0,0,0,0,0,0,0,140,62.25,0,0,0,0,0,0,1,,,,,3,6,,0,0,1,0,0,0,0,1,1,1,0,,0,,,0,0,79,25.4012411058644,0,0,1,1,1,,0,0,0,0,0,,0,,1,1,0,0,1,,,0,131.6,1,185.185185185185,5.22135632541191,2,0,0,1,54,0,0,14538,,14538,27,2727,74.3962739656108,0,Q2,low,high,Q1-Q3,Q1-Q3,,7.46611909650924,1,0,0,0
1,2810472461,2018-01-08,2583,2,1,175,75,63,105,0.88,29.2,209,5.5,11839,1235.88516746412,7.11954272711912,1.06278855032318,0.0608961617208921,1,,25.5,,1719.78,1,822.861244019139,6.71278758867324,0,83.53,0,11839,0,3,2,11839,0,,,2,4298,5698,11839,13812,13812,1973,,0,0,,,,0,0,,0,11839,C10AA02,40 MG,C10,C10A,C10AA,C10AA02,"",,,,1,1,1,1,1,,,,"","",,,,,,,,,,,,0,0,0,1,1,1,1,1,0,0,0,,7.18,33.58,2,021109bCJ,392.704,3.97,36,159,36,92.285,8,12854,12854,25.5,1,,,,0,2,0,0,0,0,0,0,0,0,0,0,0,141,58.5,0,0,1,1,0,0,1,,,,,3,0,,0,1,1,0,0,0,0,1,1,1,0,2,0,,,0,1,79,28.9676318997608,0,0,1,1,1,,0,0,0,0,1,4179,0,,,,0,0,0,,,0,87.4,1,139.712918660287,4.93958973629156,2,0,0,1,62,0,0,,16639,3510,6,4800,19.9336317332922,0,Q1,low,low,Q1-Q3,Q1-Q3,Angina,13.1416837782341,1,1,1,0
1,2810473406,2018-01-14,3088.2,2,1,180,65,121,103,1.01,7.6,66.2,5.4,11628,4664.95468277946,8.44783339893189,,,,,31.04,,471.16,1,711.722054380665,6.56768746213571,0,65.65,0,11628,0,3,,11628,0,,,2,4230,5644,11628,,,,,0,0,,,,0,0,8,0,11628,M01AE01,200 MG,M01,M01A,M01AE,M01AE01,"",,1,,,,1,1,,,,,"","",,,,,,,,,,,,0,1,0,0,0,1,1,0,0,0,0,,1.34,59.46,2,021309CJB,592.602,4.72,39,167,39,102.821,8,12582,12582,31.04,0,0,0,0,0,2,0,0,0,0,0,0,0,0,0,0,0,130,60,0,0,0,0,0,0,1,,,,,8,0,,0,1,0,0,0,0,0,1,1,1,0,2,0,,,0,0,80,25.3890507781016,0,0,0,1,0,,0,0,0,0,0,,0,,,,0,0,1,,,0,90.8,1,114.803625377644,4.74322306333146,2,0,0,1,53,0,1,13938,,13938,28,2310,88.0180128826313,0,Q3,low,high,Q4,Q1-Q3,Death,6.32443531827515,1,0,0,0
1,2810473962,2017-10-29,1276.8,2,1,227,89,45,91,0.8,3,27.8,5.4,12483,4592.80575539568,8.43224639198705,2.91218637992832,1.06890413238253,0,,21.64,,290.29,1,1044.20863309353,6.9510145886051,0,63.33,0,12483,0,3,,12483,0,,,2,4508,5820,12483,14863,14863,2380,,0,0,,,,0,0,8,0,12483,"","","","","","","",,,,,,,,,,,,"","",,,,,,,,,,,,0,0,0,0,0,0,0,0,0,0,0,,1.67,50.57,2,012609CJB,143.47,2.87,15,226.8,15,141.547,8,13801,13801,21.64,0,0,0,0,0,2,0,0,0,0,0,0,0,0,0,0,0,150,65.25,0,0,0,0,0,0,1,,,,,4,1,,0,1,0,0,0,0,0,1,1,1,0,2,0,,,0,0,61,24.7705608371978,0,0,0,0,0,,0,0,0,0,0,,0,,,,0,0,0,,,0,129,0,107.913669064748,4.68133154695366,2,0,0,0,80,0,1,,17592,,,,57.410071942446,1,Q3,low,low,Q1-Q3,Q1-Q3,,,,,,
1,2810474640,2017-10-22,2530,2,1,162,51,73,169,0.84,14.5,36.4,6.5,12325,6950.54945054945,8.84657599306696,3.98653198653199,1.38292167664125,0,,34.64,,671.97,1,1846.07142857143,7.52081510801488,0,66.02,0,12325,0,3,,12325,0,,,1,4519,5786,12325,14492,14492,2167,,0,0,,,,0,0,8,0,12325,C10AX06,10 MG,C10,C10A,C10AX,C10AX06,"",,,,,1,1,,,,1,,"","",,,,,,,,,,,,0,0,0,0,1,1,0,0,0,1,0,,0.46,38.24,2,012109CJB,320.336,1.26,11,112,11,79.9,8,13711,13711,34.64,1,0,0,0,1,8,0,0,0,0,0,0,0,0,0,0,0,171,68,0,0,0,0,0,0,1,,,,,3,6,,0,0,1,1,0,0,0,,1,1,0,,0,,,0,0,81,26.0006315860383,0,1,1,0,1,,0,0,0,0,0,,0,,,,0,0,1,,,0,96.4,1,398.351648351648,5.98733515376597,3,1,1,0,82,1,1,17026,,17026,29,4701,84.7627981774323,0,Q4,high,high,Q4,Q4,Death,12.870636550308,1,1,1,0
1,2810475366,2017-12-14,2236.2,2,1,200,40,212,112,1.32,34.5,81.2,5.8,11487,2753.94088669951,7.92078821453373,,,,,53.82,,831.5,1,1024.01477832512,6.93148623745344,0,,,,,,12,11487,0,,,1,4322,5650,11487,13428,13428,1941,,0,0,,,,0,0,,0,11487,C09AA03,30 MG,C09,C09A,C09AA,C09AA03,"",,,,1,1,,,1,,,,"","",,,,,,,,,,,,0,0,0,1,1,0,0,1,0,0,0,,2.65,70.81,2,020309bCJ,544.638,1.69,24,166.2,24,145.758,8,12677,12677,53.82,1,0,0,0,0,8,0,0,0,0,0,0,0,0,1,0,0,165,71.5,0,0,0,0,0,0,1,,,,,7,6,,0,1,1,0,0,0,0,,1,1,0,2,0,,,1,0,87,22.6922454920757,0,0,1,0,1,,0,0,0,0,0,,1,6985,,,0,0,1,,,0,117.6,1,424.87684729064,6.05179935585182,3,0,0,0,48,0,0,,16465,6985,12,4978,57.3737684729064,0,Q2,low,low,Q1-Q3,Q1-Q3,TIA,13.6290212183436,1,1,1,0
1,2810475432,2017-11-13,4059.5,2,1,119,42,141,215,0.87,3.2,114.2,7.2,12475,3554.72854640981,8.17603398106868,1.44444444444444,0.367724780125317,1,,35.8,,1593.17,1,1395.0700525394,7.24069990986877,0,66.36,0,12475,0,3,,12475,0,,,1,4552,5813,12475,14503,14503,2028,,0,0,,,,0,0,8,0,12475,C10AA05,20 MG,C10,C10A,C10AA,C10AA05,"",,,,,1,1,1,,,,,"","",,,,,,,,,,,,0,0,0,0,1,1,1,0,0,0,0,,0.58,85.25,2,012709CJB,446.498,1.93,16,233.9,16,145.949,8,13772,13772,35.8,1,0,0,0,1,8,0,0,0,0,0,0,0,0,0,0,0,184,72,0,0,0,0,0,0,1,,,,,8,1,,0,1,1,1,0,0,0,,1,1,0,2,0,,,0,0,62,24.9550499100998,0,0,1,1,1,,0,0,0,0,0,,0,,,,0,0,0,,,0,48.8,0,28.0210157618214,3.33295479156591,1,1,0,1,92,0,0,,17563,14405,30,5088,38.638353765324,1,Q2,low,low,Q1-Q3,Q1-Q3,IC,13.9301848049281,1,1,1,0
1,2810475676,2017-10-22,1790.1,2,1,141,40,133,99,1.51,3,90.5,5.5,11550,1978.01104972376,7.58984709847836,2.90431034482759,1.06619595930614,0,,36.14,,647.76,1,715.756906077348,6.57334059266007,0,73.43,0,11550,0,3,,11550,0,,,1,4446,5651,11550,13657,13657,2107,,0,0,,,,0,0,8,0,11550,M01AX05,TABLET,M01,M01A,M01AX,M01AX25,"",,1,,1,1,1,1,,,,,M01AX25,"",,1,,,,,,1,,,,0,1,0,1,1,1,1,1,0,0,0,,0.77,62.13,2,012109CJB,758.234,1.58,10,138.6,10,114.558,8,12945,12945,36.14,1,0,0,0,2,8,0,0,0,0,1,0,0,0,0,0,0,196,64.25,0,0,0,0,0,0,1,,,,,3,6,,0,1,1,1,0,0,0,,1,1,0,2,1,,,0,0,72,33.3822357602171,0,0,1,1,1,,0,0,0,0,0,,0,,,,0,0,0,,,0,74.4,0,33.1491712707182,3.50101771694437,2,0,0,1,45,0,0,,16737,,,,43.9558011049724,1,Q1,low,low,Q1-Q3,Q1-Q3,,,,,,
1,2810475678,2018-12-15,4791.6,2,1,167,82,49,93,0.56,5.2,138.3,5.2,12763,3464.6420824295,8.15036461117455,2.94969818913481,1.08170285634997,0,,26.12,,1043.13,1,754.251626898048,6.62572603501139,0,66.01,0,12763,0,3,,12763,0,,,2,4587,5839,12763,14778,14778,2015,,0,0,,,,0,0,8,0,12763,"","","","","","","",,,,,,,,,,,,"","",,,,,,,,,,,,0,0,0,0,0,0,0,0,0,0,0,,0.74,32.1,2,020909CJB,309.162,0.65,32,209.1,32,121.817,8,13834,13834,26.12,0,0,0,0,0,2,0,0,0,0,0,0,0,0,0,0,0,128,64.25,0,0,0,0,0,0,1,,,,,6,1,,0,1,0,0,0,0,0,1,1,1,0,2,0,,,0,0,55,21.8006437617744,0,0,0,0,0,,0,0,0,0,0,,0,,,,0,0,0,,,0,75.2,1,37.5994215473608,3.62698866589881,2,0,0,0,105,0,0,,17620,,,,32.9965912612334,1,Q2,low,low,Q1-Q3,Q1-Q3,,,,,,
7,2810475776,2017-08-12,696.8,2,1,201,51,186,102,0.86,3,76.3,5.9,3471,913.237221494102,6.81699567323597,2.81304693715195,1.03426821516729,0,2.2,36.36,37.52,500.13,2,655.478374836173,6.48536531232573,0,70.69,0,3471,0,3,,3471,0,,,2,3471,5688,,,5688,2217,,0,0,,,,0,0,8,0,3471,M01AX05,750 + 600 MG,M01,M01A,M01AX,M01AX25,"",,1,,,1,,,,,,,M01AX25,"",,1,,,,,,,,,,0,1,0,0,1,0,0,0,0,0,0,,3.03,115.4,2,122908CJB,317.24,1.58,2,165,2,113.939,3,,,36.36,1,0,0,0,0,,0,0,0,0,0,0,,,,,0,148,62,0,0,0,0,0,0,,,1,,,4,6,,0,1,1,0,,,0,,2,3,0,2,0,,,0,0,66,27.069731558818,0,0,1,0,1,,0,0,0,0,0,,0,,,,0,0,0,,,0,112.8,0,39.3184796854522,3.67169462935984,2,0,0,0,70,0,0,,8076,,,,13.0462460213443,1,Q1,low,low,Q1-Q3,Q1-Q3,,,,,,
1,2810476596,2018-01-10,1480.2,2,1,155,48,142,113,0.91,3,131.5,5.7,12814,1125.62737642586,7.02609582713364,1.96677740863787,0.67639637013513,0,,35.92,,1557.51,1,1184.41825095057,7.07700700555702,0,,0,12814,,,,12814,0,,,1,4518,5799,12814,15145,15145,2331,15145,1,0,858,13672,,0,0,,0,12814,C10AX09,40 MG,C10,C10A,C10AA,C10AA01,"",,,,1,,1,,,,1,,C10AA01,"",,,,,,1,1,,,1,,0,0,0,1,0,1,1,0,0,1,0,,0.42,88.49,2,021209CJB,,,38,166.1,38,113.948,8,13796,13796,35.92,1,0,0,0,1,8,0,0,0,0,0,0,0,0,0,0,0,257,71.5,0,0,0,0,0,0,1,,,,,7,1,,0,1,1,1,0,0,0,,1,1,0,2,0,,,0,0,52,35.3448914634149,0,1,1,1,1,,0,0,0,0,0,,0,,1,3,0,0,0,,,0,78.6,0,22.8136882129278,3.12736071603243,1,1,0,1,97,0,0,,17580,,,,11.6044059425346,1,Q1,low,low,Q1-Q3,Q1-Q3,,,,,,
1,2810476599,2017-10-07,4806,2,1,182,46,110,111,1,3.8,178.7,5.4,12443,2689.4236149972,7.89708218011912,1.7558651026393,0.562961671441608,0,,53.02,,903.58,1,505.640738668159,6.22582641448413,0,45.87,2,12443,1,2,,12443,0,,,1,4566,5802,12443,14530,14530,2087,,0,0,,,,0,0,7,0,12443,C09AA03,5 MG,C09,C09A,C09AA,C09AA03,"",,,,1,1,,,,,,,"","",,,,,,,,,,,,0,0,0,1,1,0,0,0,0,0,0,,0.67,26.8,2,012009CJB,449.85,1.19,10,179.8,10,136.031,8,13844,13844,53.02,1,0,0,0,0,8,0,0,0,0,0,0,0,0,0,0,0,184,73.25,0,0,0,0,0,0,1,,,,,7,1,,0,1,1,0,0,0,0,,1,1,0,2,0,,,0,0,56,24.1106088567522,0,0,1,0,1,,0,0,0,0,0,,0,,,,0,0,0,,,0,114,0,21.264689423615,3.0570479235491,1,0,0,0,84,0,0,,17636,,,,32.0169477975857,1,Q1,low,low,Q1-Q3,Q1-Q3,,,,,,
1,2810477291,2018-11-26,3447.6,2,1,125,71,47,95,0.69,3,81.3,5.4,11662,4240.59040590406,8.35245778520757,3.46585735963581,1.24296003627339,0,,47.42,,1658.68,1,2040.19680196802,7.62080155373813,0,72.12,0,11662,0,3,,11662,0,,,2,4270,5670,11662,14037,14037,2375,,0,0,,,,0,0,8,0,11662,"","","","","","","",,,,,,,,,,,,"","",,,,,,,,,,,,0,0,0,0,0,0,0,0,0,0,0,,2.17,19.79,2,011509CJB,355.97,1.04,6,180.4,6,99.382,8,13120,13120,47.42,0,0,0,0,0,2,1,1,1,0,0,0,0,0,0,0,0,134,64.5,0,0,0,0,0,0,1,,,,,5,1,,0,1,0,0,0,0,0,1,1,1,2,2,0,,,0,0,58,22.6459728203394,1,0,0,0,0,,0,0,0,0,0,,0,,,,0,0,0,,,0,44.6,0,36.90036900369,3.60822155109648,2,0,0,0,96,0,1,,16913,,,,44.1728167281673,1,Q3,low,low,Q1-Q3,Q1-Q3,,,,,,
1,2810477300,2018-12-22,6484.1,2,1,80,24,44,112,0.75,3,30.1,5.5,11700,21541.8604651163,9.97775331954856,2.30011862396204,0.832960697240796,0,,41.32,,871.28,1,2894.61794019934,7.97060840900069,0,73.54,0,11700,0,3,41,11700,1,56,11756,1,4294,5637,11700,,,,,0,0,,,,0,1,8,1,11700,C10AA05,10 MG,C10,C10A,C10AA,C10AA05,"",,,,1,,1,1,1,,1,,"","",,,,,,,,,,,,0,0,0,1,0,1,1,1,0,1,0,,3.75,185,2,021809CJB,224.94,12.12,43,197.3,43,189.638,8,12593,12593,41.32,1,0,0,0,1,8,0,0,0,0,0,0,0,0,0,0,0,288,69.75,0,0,0,0,0,0,1,,,,,6,6,,0,1,1,1,0,0,0,,1,1,0,2,0,,,0,0,69,41.6207284027471,0,1,1,1,1,,0,0,0,0,0,,0,,,,0,0,1,,,0,47.2,0,99.6677740863787,4.60184239589542,2,1,0,1,94,1,1,11891,,8801,11,,229.168728352301,1,Q4,high,high,Q4,Q4,Atherothrombotic Infarction of Brain,,,,,
1,2810477480,2018-12-15,5797.2,2,1,151,53,74,117,0.8,3,89.8,5.7,12672,6455.67928730512,8.7727155320283,1.65494137353434,0.503765584355266,1,,47.58,,866.57,1,965,6.87212810133899,0,71.81,0,12672,0,3,,12672,0,,,2,4606,5797,12672,14679,14679,2007,,0,0,,,,0,0,8,0,12672,M01AE01,160/12.5 MG,C03,C03A,C03AA,C03AA03,"",,1,,,1,1,1,,,,,C03AA03,"",,,,,,,,1,,,,0,1,0,0,1,1,1,1,0,0,0,,12.62,92.83,2,021309CJB,347.486,3.07,39,177.2,39,94.19,8,13646,13646,47.58,1,0,0,0,0,2,0,0,0,0,0,0,0,0,0,0,0,218,67.25,0,0,0,0,0,0,1,,,,,8,2,,0,1,1,0,0,0,0,1,1,1,0,2,0,,,0,0,63,33.8904650944002,0,0,1,1,1,,0,0,0,0,0,,0,,,,0,0,0,,,0,83.2,0,33.4075723830735,3.50878259234209,2,0,0,1,78,0,1,,17430,,,,82.7651190680144,1,Q3,high,high,Q4,Q1-Q3,,,,,,
1,2810478194,2018-01-06,1157.7,2,1,207,59,60,91,0.87,3,45.4,5.4,12647,2550,7.84384863815247,1.23904761904762,0.214343035360936,1,,52.62,,308.56,1,679.647577092511,6.52157439484076,0,65.21,0,12647,0,3,,12647,0,,,1,5392,6484,12647,14653,14653,2006,,0,0,,,,0,0,8,0,12647,"","","","","","","",,,,,,,,,,,,"","",,,,,,,,,,,,0,0,0,0,0,0,0,0,0,0,0,,2.25,43.21,2,021109CJB,186.838,1.62,35,222.9,35,163.306,8,13676,13676,52.62,0,0,0,0,0,8,0,0,0,0,0,0,0,0,0,0,0,179,67.25,0,0,0,0,0,0,1,,,,,7,1,,0,1,0,0,0,0,0,,1,1,0,2,0,,,0,0,55,27.8274919811818,0,0,0,0,0,,0,0,0,0,0,,0,,,,0,0,0,,,0,136,0,66.079295154185,4.19085546260294,2,0,0,0,97,0,0,,17461,,,,26.2886597938144,1,Q1,low,low,Q1-Q3,Q1-Q3,,,,,,
1,2810480661,2018-02-03,896.3,2,1,201,87,46,86,0.72,3,22.7,5.5,12975,3948.45814977974,8.28108043986405,3.37837837837838,1.21739582465808,0,,40.74,,57.65,1,253.964757709251,5.5371955082158,0,65.4,0,12975,0,3,,12975,0,,,2,5401,6661,12975,14879,14879,1904,,0,0,,,,0,0,8,0,12975,"","","","","","","",,,,,,,,,,,,"","",,,,,,,,,,,,0,0,0,0,0,0,0,0,0,0,0,,2.49,20.96,2,021909CJB,,,,,,,,,,40.74,0,0,0,0,0,2,0,0,0,0,0,0,0,0,0,0,0,154,62.5,0,0,0,0,0,0,1,,,,,3,1,,0,1,0,0,0,0,0,1,1,1,0,2,0,,,0,0,56,27.7182813565627,0,0,0,0,0,,0,0,0,0,0,,0,,,,0,0,0,,,0,104.8,0,132.15859030837,4.88400264316289,2,0,0,0,94,0,0,,17585,,,,42.004873933827,1,Q2,low,low,Q1-Q3,Q1-Q3,,,,,,
1,2810480882,2017-09-27,401.3,2,1,200,77,58,95,0.88,3,28.8,5.8,11068,1393.40277777778,7.23950407611906,1.62339055793991,0.484516899102765,1,,38.7,,292.13,1,1014.34027777778,6.92199370751937,0,68.54,0,11068,0,3,,11068,0,,,2,4421,5687,11068,13170,13170,2102,,0,0,,,,0,0,8,0,11068,M01AE02,"",M01,M01A,M01AE,M01AE02,"",,1,,,,,,,,,,"","",,,,,,,,,,,,0,1,0,0,0,0,0,0,0,0,0,,8.53,65.9,2,011609CJB,407.792,2.05,8,202.8,8,118.955,8,12504,12504,38.7,0,0,0,0,0,2,0,0,0,0,0,0,0,0,0,0,0,191,61.75,0,0,0,0,0,0,1,,,,,8,1,,0,1,0,0,0,0,0,1,1,1,0,2,0,,,0,0,58,35.2180297535373,0,0,0,0,0,,0,0,0,0,0,,0,,,,0,0,1,,,0,111.4,0,104.166666666667,4.64599218050835,2,0,0,0,72,0,0,,16297,,,,19.3528163580247,1,Q1,low,low,Q1-Q3,Q1-Q3,,,,,,
1,2810481361,2017-11-13,3961.4,2,1,219,54,110,106,0.83,3.5,112.8,5.7,12400,3511.87943262411,8.1639066240473,2.48015978695073,0.908322988323423,0,,25.38,,610.89,1,541.56914893617,6.29447075715467,0,,0,12400,,,,12400,0,,,2,5363,6846,12400,14472,14472,2072,,0,0,,,,0,0,,0,12400,M01AX05,TAB,M01,M01A,M01AX,M01AX25,"",,1,,,,,,,,,,M01AX25,"",,1,,,,,,,,,,0,1,0,0,0,0,0,0,0,0,0,,0.42,59.5,2,012709CJB,245.42,0.74,17,227.2,17,166.059,8,13688,13688,25.38,0,0,0,0,0,2,0,0,0,0,0,0,0,0,0,0,0,161,68.5,0,0,0,0,0,0,1,,,,,7,1,,0,1,0,0,0,0,0,1,1,1,0,2,0,,,0,0,55,24.1240569859263,0,0,0,0,0,,0,0,0,0,0,,0,,,,0,0,0,,,0,143,0,31.0283687943262,3.43490190841355,2,0,0,0,79,0,0,,17479,,,,44.4541700332166,1,Q2,low,low,Q1-Q3,Q1-Q3,,,,,,
1,2810482466,2017-08-30,3801.9,2,1,210,68,59,77,0.77,3,77.1,5.7,11678,4931.12840466926,8.50332312617494,2.06738768718802,0.726285823435576,0,,42.28,,680.27,1,882.321660181582,6.78255668360549,0,64.67,0,11678,0,3,,11678,0,,,2,4644,5802,11678,13862,13862,2184,,0,0,,,,0,0,8,0,11678,M01AX25,400 MG,M01,M01A,M01AX,M01AX25,"",,1,,,,,,,,,,"","",,,,,,,,,,,,0,1,0,0,0,0,0,0,0,0,0,,0.99,19.45,2,011209CJB,312.228,1.34,3,202.8,3,138.346,8,13210,13210,42.28,0,0,0,0,0,2,0,0,0,0,0,0,0,0,0,0,0,141,67,0,0,0,0,0,0,1,,,,,8,0,,0,1,0,0,0,0,0,1,1,1,0,2,0,,,0,0,63,22.0838668453902,0,0,0,0,0,,0,0,0,0,0,,0,,,,0,0,0,,,0,130.2,0,38.9105058365759,3.66126428708096,2,0,0,0,82,0,1,,17003,,,,60.1357122520642,1,Q3,low,low,Q1-Q3,Q1-Q3,,,,,,
1,2810482873,2017-12-16,4545.7,2,1,272,73,232,106,0.75,4.6,78.1,5.7,11797,5820.35851472471,8.66911713929642,1.74786845310597,0.558397018741293,0,,53.6,,544.39,1,697.042253521127,6.54684603090462,0,64.64,0,11797,0,3,14,11797,0,,,2,3760,5756,11797,14038,14038,2241,,0,0,,,,0,0,8,0,11797,C10AX06,"",C10,C10A,C10AX,C10AX06,"",,,,,,1,,,,,,"","",,,,,,,,,,,,0,0,0,0,0,1,0,0,0,0,0,,2.86,73.71,2,020409bCJ,251.28,1.37,27,195.4,27,116.302,8,12944,12944,53.6,0,0,0,0,0,2,0,0,0,0,0,0,0,0,0,0,0,141,64.5,0,0,0,0,0,0,1,,,,,4,8,,0,1,0,0,0,0,0,1,1,1,0,2,0,,,0,0,78,23.8289714005064,0,0,0,0,0,,0,0,0,0,0,,1,8714,,,0,0,1,,,0,152.6,1,58.898847631242,4.07582152563155,2,0,1,0,76,0,1,,16731,8714,14,4934,76.5836646674304,0,Q3,high,high,Q1-Q3,Q1-Q3,Intracerebral Hemmorhage,13.5085557837098,1,1,1,0
1,2810482951,2018-06-30,20000,3,1,181,44,88,87,0.73,3,87.7,5.7,11924,22805.0171037628,10.0347358391461,3.0712,1.12206836470445,0,,42.6,,1265.06,1,1442.48574686431,7.27412311747681,0,64.03,0,11924,0,3,,11924,0,,,2,4408,5665,11924,13933,13933,2009,,0,0,,,,0,0,8,0,11924,"","","","","","","",,,,,,,,,,,,"","",,,,,,,,,,,,0,0,0,0,0,0,0,0,0,0,0,,0.35,44.35,2,020709CJB,466.496,0.66,32,240.8,32,151.307,8,13003,13003,42.6,0,0,0,0,0,2,0,0,0,0,0,0,0,0,0,0,0,129,64.75,0,0,0,0,0,0,1,,,,,8,1,,0,1,0,0,0,0,0,1,1,1,0,2,0,,,0,0,62,21.6329515409735,0,0,0,0,0,,0,0,0,0,0,,0,,,,0,0,1,,,0,119.4,0,34.2075256556442,3.53244566827211,2,0,0,0,88,1,1,,16789,,,,259.147921633669,1,Q4,high,high,Q4,Q4,,,,,,
7,2810483412,2017-08-10,2657.8,2,1,137,56,55,105,0.71,3,43.7,6.3,3283,6081.92219679634,8.71307607578395,2.258114374034,0.814530117249799,0,0.2,28.3,28.38,613.39,2,1403.63844393593,7.246823032858,0,71.4,0,3283,0,3,,3283,0,,,2,3283,5387,,,5387,2104,,0,0,,,,0,0,8,0,3283,"","","","","","","",,,,,,,,,,,,"","",,,,,,,,,,,,0,0,0,0,0,0,0,0,0,0,0,,3.48,75.94,2,122908CJB,202.136,1.89,2,162.5,2,91.847,3,,,28.3,0,0,0,0,0,,0,0,0,0,0,0,,,,,0,211,69.5,0,0,0,0,0,0,,1,,,,7,1,,0,1,0,0,,,0,,2,2,0,2,0,,,0,0,50,30.7127326122568,0,,0,0,0,,0,0,0,0,0,,0,,,,0,0,0,,,0,70,0,68.649885583524,4.2290194655487,2,0,0,0,115,0,1,,7893,,,,52.8862799721421,1,Q3,high,low,Q1-Q3,Q1-Q3,,,,,,
1,2810484745,2018-06-30,20000,3,1,186,29,546,123,0.81,36.8,277.7,6,12585,7202.0165646381,8.88211634421147,1.51923076923077,0.418204133885594,1,,50.48,,2950.3,1,1062.40547353259,6.96829093075388,0,62.4,0,12585,0,3,,12585,0,,,1,4544,5876,12585,14707,14707,2122,,0,0,,,,0,0,8,0,12585,"","","","","","","",,,,,,,,,,,,"","",,,,,,,,,,,,0,0,0,0,0,0,0,0,0,0,0,,1.36,91.22,2,020409CJB,289.328,2.94,26,124.1,26,89.865,8,13741,13741,50.48,0,0,0,0,0,8,1,1,1,0,0,0,0,0,0,0,0,189,64.75,0,0,0,0,0,0,1,,,,,3,1,,0,1,0,0,0,0,0,,1,1,2,2,0,,,0,0,53,31.6947894670077,1,,0,0,0,,0,0,0,0,0,,0,,,,0,0,0,,,0,47.8,1,132.517104789341,4.88671172984427,2,0,0,0,101,1,1,,17528,,,,71.3070946993871,1,Q4,high,high,Q1-Q3,Q4,,,,,,
1,2810485039,2017-12-23,2351.7,2,1,175,50,95,221,0.64,3,29.4,9.7,12615,7998.97959183674,8.98706926150624,,,,,48.12,,299.09,1,1017.31292517007,6.92492004308621,0,,,,,,,12615,0,,,2,4587,5817,12615,,,,15782,1,0,3167,15782,,0,0,,0,12615,C10AA05,20 MG,C10,C10A,C10AA,C10AA05,"",,,,1,1,1,1,,,1,,"","",,,,,,,,,,,,0,0,0,1,1,1,1,0,0,1,0,,8.57,68.9,2,020709CJB,269.54,4.71,31,206.7,31,128.896,8,13707,13707,48.12,1,0,0,0,1,2,0,0,0,0,0,0,0,0,0,0,0,203,58.25,0,0,0,0,0,0,1,,,,,3,6,,0,1,1,1,0,0,0,1,1,1,0,2,0,,,0,0,76,42.0639246848683,0,1,1,1,1,,0,0,0,0,0,,0,,1,1,0,0,0,,,0,106,0,102.040816326531,4.62537289330561,2,1,0,1,87,1,1,,17493,,,,91.9422941590429,1,Q4,high,high,Q4,Q4,,,,,,
1,2810485083,2017-11-21,156.3,1,1,201,52,133,96,0.74,3,10.7,5.5,11638,1460.7476635514,7.28670368194766,,,,,42.76,,123.96,1,1158.5046728972,7.05488537743978,0,66.55,0,11638,0,3,,11638,0,,,2,4364,5684,11638,13644,13644,2006,,0,0,,,,0,0,8,0,11638,M01AE02,220 MG,M01,M01A,M01AE,M01AE02,"",,1,,,,1,,,,,,"","",,,,,,,,,,,,0,1,0,0,0,1,0,0,0,0,0,,1.68,56.57,2,012909CJB,698.452,0.97,19,178.5,19,110.528,8,12898,12898,42.76,0,0,0,0,0,2,0,0,0,0,0,0,0,0,0,0,0,155,64,0,0,0,0,0,0,1,,,,,4,2,,,,0,0,0,0,0,1,1,1,0,,0,,,0,0,63,26.6058637586025,0,0,0,0,0,,0,0,0,0,0,,0,,,,0,0,0,,,0,122.4,0,280.373831775701,5.63612382618239,2,0,1,0,86,0,0,15399,,15399,27,3761,16.9854379482721,0,Q1,low,low,Q1-Q3,Q1-Q3,,10.2970568104038,1,1,0,0
1,2810485454,2018-02-01,393.5,2,1,225,83,99,96,0.83,3,30.9,5.5,12841,1273.46278317152,7.14949506994185,3.98326996197719,1.38210308045579,0,,49.1,,209.65,1,678.478964401295,6.51985347570116,0,66.9,0,12841,0,3,,12841,0,,,2,4542,5651,12841,15077,15077,2236,,0,0,,,,0,0,8,0,12841,B01AC06,500 MG,B01,B01A,B01AC,B01AC06,500 MG,1,,,,,,,,,,,"","",,,,,,,,,,,,1,0,0,0,0,0,0,0,0,0,0,,0.47,65.19,2,021809bCJ,306.928,0.52,44,242.4,44,172.061,8,13698,13698,49.1,0,0,0,0,0,0,0,0,0,0,0,0,0,0,0,0,0,119,66,0,0,0,0,0,0,1,,,,,8,2,,0,1,0,0,0,0,0,0,1,1,0,2,0,,,0,0,58,19.2072284971016,0,0,0,0,0,,0,0,0,0,0,,0,,,,0,0,0,,,0,122.2,0,97.0873786407767,4.57561138374655,2,0,0,0,78,0,0,,17479,,,,16.3264459380964,1,Q1,low,low,Q1-Q3,Q1-Q3,,,,,,
1,2810485506,2017-10-25,2950.2,2,1,205,43,159,112,0.87,7.2,151.1,5.1,12454,1952.48180013236,7.57685656035535,1,0,1,,22.3,,977.03,1,646.611515552614,6.47174567452436,0,72.01,0,12454,0,3,,12454,0,,,1,4502,5833,12454,14659,14659,2205,,0,0,,,,0,0,8,0,12454,C10AA02,20 MG,C10,C10A,C10AA,C10AA02,"",,,,,,1,1,,,,,"","",,,,,,,,,,,,0,0,0,0,0,1,1,0,0,0,0,,1.34,51.55,2,012209CJB,432.512,1.14,13,165.4,13,152.303,8,13814,13814,22.3,0,0,0,0,0,8,0,0,0,0,0,0,0,0,0,0,0,195,67.5,0,0,0,0,0,0,1,,,,,6,7,,0,1,0,0,0,0,0,,1,1,0,2,0,,,0,0,64,30.0907268481204,0,0,0,1,0,,0,0,0,0,0,,0,,,,0,0,0,,,0,130.2,1,47.6505625413634,3.86389443572545,2,0,0,1,91,0,0,,17606,,,,21.4558439574985,1,Q1,low,low,Q1-Q3,Q1-Q3,,,,,,
7,2810486287,2017-08-16,3018.7,2,1,178,41,113,96,0.74,3,65,6,4466,4644.15384615385,8.44336447020917,2.14869109947644,0.76485886580993,0,2.5,46.26,47.96,369.57,2,568.569230769231,6.34312308373445,0,70.82,0,4466,0,3,,4466,0,,,2,4466,6069,,,6069,1603,,0,0,,,,0,0,8,0,4466,M01AH01,200 MG,M01,M01A,M01AH,M01AH01,"",,1,,1,1,,,,,1,,"","",,,,,,,,,,,,0,1,0,1,1,0,0,0,0,1,0,,8.48,32.6,2,010509CJB,320.054,2.6,4,171.1,4,142.419,3,,,46.26,1,0,0,0,1,,0,0,0,0,0,0,,,,,0,190,63,0,0,0,0,0,0,,,,,,7,2,1,1,0,1,1,,,0,,,,0,1,0,,,0,0,66,33.6572101715632,0,1,1,0,1,,0,0,0,0,0,,0,,,,0,0,0,,,0,114.4,0,46.1538461538462,3.83198029775461,2,1,0,0,84,0,1,,8979,,,,55.2875457875458,1,Q3,low,low,Q1-Q3,Q1-Q3,,,,,,
1,2810487153,2017-12-16,3190,2,1,209,60,84,92,0.82,3,47.1,5.4,11951,6772.82377919321,8.82067338074461,3.33296337402886,1.20386181037499,0,,36.18,,501.78,1,1065.35031847134,6.97105896158721,0,65.22,0,11951,0,3,,11951,0,,,2,4233,5640,11951,14016,14016,2065,,0,0,,,,0,0,8,0,11951,"","","","","","","",,,,,,,,,,,,"","",,,,,,,,,,,,0,0,0,0,0,0,0,0,0,0,0,,1.35,40.89,2,020509CJB,251.41,13.11,28,216.6,28,139.575,8,13080,13080,36.18,0,0,0,0,0,2,0,0,0,0,0,0,0,0,0,0,0,142,62.75,0,0,0,0,0,0,1,,,,,8,1,,0,1,0,0,0,0,0,1,1,1,0,2,0,,,0,0,57,25.3551682481534,0,0,0,0,0,,0,0,0,0,0,,0,,,,0,0,0,,,0,132.2,0,63.6942675159236,4.15409456662788,2,0,0,0,79,1,1,,16866,,,,85.7319465720659,1,Q4,high,high,Q4,Q4,,,,,,
1,2810487661,2017-08-23,4280.1,2,1,229,44,142,99,0.89,3,103.3,4.9,12008,4143.36882865441,8.32926446265138,1.88686360779384,0.63491598385562,0,,43.46,,1540.85,1,1491.62633107454,7.30762230105482,0,48.52,0,12008,1,2,,12008,0,,,1,,6056,12008,14343,14343,2335,,0,0,,,,0,0,7,0,12008,"","","","","","","",,,,,,,,,,,,"","",,,,,,,,,,,,0,0,0,0,0,0,0,0,0,0,0,,2.47,99.07,2,010909CJB,451.122,1.47,1,290.6,1,195.001,8,13616,13616,43.46,0,0,0,0,0,8,0,0,0,0,0,0,0,0,0,0,0,174,67.5,0,0,0,0,0,0,1,,,,,8,1,,0,1,0,0,0,0,0,,1,1,0,2,0,,,0,0,57,26.8501870337074,0,,0,0,0,,0,0,0,0,0,,0,,,,0,0,0,,,0,156.6,0,29.0416263310745,3.36873019152465,1,0,0,0,95,0,0,15235,,15235,29,3227,43.614408722678,0,Q2,low,low,Q1-Q3,Q1-Q3,Death,8.83504449007529,1,0,0,0
7,2810488793,2017-08-19,847.6,2,1,259,44,163,111,,4.6,85.5,6.1,3384,991.345029239766,6.89906263643952,2.30379746835443,0.834558834609774,0,4.4,42.56,45.3,1150.71,2,1345.85964912281,7.20478823219942,0,72.22,0,3384,0,3,,3384,0,,,2,3384,5379,,,5379,1995,,0,0,,,,0,0,8,0,3384,C10AX09,20 MG,C10,C10A,C10AA,C10AA01,"",,,,1,,1,,,,1,,C10AA01,"",,,,,,1,1,,,,,0,0,0,1,0,1,1,0,0,1,0,,,496.6,2,010609CJB,,,,,,,,,,42.56,1,0,0,0,1,,0,0,0,0,0,0,,,,,0,203,64.75,,,,,,,,,,,,,,,,,1,1,,,0,,,,0,,0,,,0,0,58,34.042551649749,0,1,1,1,1,,0,0,0,0,0,,0,,,,0,0,0,,,0,182.4,1,53.8011695906433,3.98529520653447,2,1,0,1,,0,0,,7848,,,,,1,Q1,low,,,Q1-Q3,,,,,,
1,2810488812,2018-01-01,1203.2,2,1,202,70,112,93,0.59,4.1,84.4,5.3,12541,1425.59241706161,7.26234273758176,2.57047724750277,0.944091581084548,0,,47.36,,1335.16,1,1581.94312796209,7.36640919822634,0,67.68,0,12541,0,3,,12541,0,,,2,4599,5789,12541,14520,14520,1979,15690,1,0,3122,15663,,0,0,8,0,12541,M01AE02,220 MG,M01,M01A,M01AE,M01AE02,"",,1,,,1,,,,,,,"","",,,,,,,,,,,,0,1,0,0,1,0,0,0,0,0,0,,0.53,98.69,2,021109CJB,472.698,1.23,34,114.2,34,73.765,8,13578,13578,47.36,1,0,0,0,0,2,0,0,0,0,0,0,0,0,0,0,0,185,66,0,0,0,0,0,0,1,,,,,4,6,,0,1,1,0,0,0,0,1,1,1,0,2,0,,,0,0,69,29.8599770753261,0,0,1,0,1,,0,0,0,0,0,,0,,1,2,0,0,0,,,0,109.6,1,48.5781990521327,3.88317485109049,2,0,0,0,94,0,0,,17363,,,,15.1658767772512,1,Q1,low,low,Q1-Q3,Q1-Q3,,,,,,
1,2810489234,2018-12-15,6097.6,2,1,128,52,65,97,0.76,3,133.4,5.2,12305,4570.91454272864,8.42746858262616,2.66576576576577,0.98049135809383,0,,39,,2547.83,1,1909.91754122939,7.55481534797752,0,72.53,0,12305,0,3,,12305,0,,,2,4650,5725,12305,14291,14291,1986,,0,0,,,,0,0,8,0,12305,C10AX06,2 GELS,C10,C10A,C10AX,C10AX06,"",,,,,,1,,,,,,"","",,,,,,,,,,,,0,0,0,0,0,1,0,0,0,0,0,,17.39,83.87,2,021109CJB,308.682,2,35,184.4,35,123.027,8,13340,13340,39,0,0,0,0,0,0,0,0,0,0,0,0,0,0,0,0,0,271,68,0,0,0,0,0,0,1,,,,,7,1,,0,1,0,0,0,0,0,0,1,1,0,2,0,,,0,0,43,41.2056792971718,0,0,0,0,0,,0,0,0,0,0,,0,,,,0,0,0,,,0,63,0,22.4887556221889,3.11301543416872,1,0,1,0,96,0,1,15351,,15351,27,3046,47.6136931534233,0,Q3,low,low,Q1-Q3,Q1-Q3,,8.33949349760438,1,0,0,0
1,2810489998,2017-09-30,2568.5,2,1,178,47,125,95,1.11,3,72.8,5.4,12216,3528.15934065934,8.16853158069277,,,,,74.42,,922.05,1,1266.5521978022,7.14405368280658,0,76.21,0,12216,0,3,,12216,0,,,2,4581,6588,12216,14357,14357,2141,,0,0,,,,0,0,8,0,12216,C10AA05,10 MG,C10,C10A,C10AA,C10AA05,"",,,,1,1,1,1,1,,,,"","",,,,,,,,,,,,0,0,0,1,1,1,1,1,0,0,0,,6.46,59.77,2,011609CJB,392.422,5.87,8,219.4,8,176.243,8,13638,13638,74.42,1,0,0,0,0,2,0,0,0,0,0,0,0,0,0,0,0,198,58.75,0,0,0,0,0,0,1,,,,,3,6,,0,1,1,0,0,0,0,1,1,1,0,2,0,,,0,0,52,40.3324924350166,0,0,1,1,1,,0,0,0,0,0,,0,,,,0,0,0,,,0,106,0,41.2087912087912,3.71865161244761,2,0,0,1,57,0,0,,17431,,,,61.8975322922691,1,Q2,low,low,Q1-Q3,Q1-Q3,,,,,,
7,2810490116,2018-11-24,6289.6,2,1,185,87,89,102,0.75,8.1,65.2,5.8,4461,9646.62576687117,9.17436347172308,,,,2.4,54.2,52.38,980.76,2,1504.23312883436,7.31603849837152,0,85.42,0,4461,0,3,,4461,0,,,2,4461,6146,,,6146,1685,,0,0,,,,0,0,8,0,4461,C03DB02,37.5/25 MG,C03,C03A,C03AA,C03AA03,"",,,,,,,,1,,,,C03AA03,"",,,,,,,,1,,,,0,0,0,0,0,0,0,1,0,0,0,,2.09,25.91,2,122208CJB,274.378,1.68,1,217.2,1,130.82,3,,,54.2,1,0,0,0,0,,0,0,0,0,0,0,,,,,0,124,61.25,0,0,0,0,0,0,,1,,,,4,0,,0,1,1,0,,,0,,2,2,0,2,0,,,0,0,84,23.2388756322702,0,0,1,0,1,,0,0,0,0,0,,0,,,,0,0,0,,,0,80.2,1,124.233128834356,4.82215987172792,2,0,0,0,85,1,1,,9143,,,,113.489714904367,1,Q4,high,high,Q4,Q4,,,,,,
1,2810490571,2018-01-08,4173.9,2,1,238,65,127,102,1.12,5.7,73.6,5.6,11880,5671.0597826087,8.6431312897692,5.80705190989226,1.7590730255427,0,,24.08,,432.13,1,587.133152173913,6.37525162915417,0,66.23,0,11880,0,3,,11880,0,,,2,4347,5728,11880,13944,13944,2064,,0,0,,,,0,0,8,0,11880,C10AB05,48 MG,C10,C10A,C10AB,C10AB05,"",,,,,1,1,1,1,,,,"","",,,,,,,,,,,,0,0,0,0,1,1,1,1,0,0,0,,0.46,61.67,2,021109bCJ,314.122,1.84,37,210.2,37,130.563,8,12882,12882,24.08,1,0,0,0,0,2,0,0,0,0,0,0,0,0,0,0,0,165,60.5,0,0,0,0,0,0,1,,,,,3,6,,0,1,1,0,0,0,0,1,1,1,0,2,0,,,0,0,74,31.6941280013289,0,0,1,1,1,,0,0,0,0,0,,0,,,,0,0,0,,,0,147.6,1,77.4456521739131,4.34957642808781,2,0,0,1,48,0,1,,16667,,,,118.147078804348,1,Q3,high,high,Q4,Q1-Q3,,,,,,
1,2810490849,2017-12-23,1171.3,2,1,217,63,71,101,0.79,3.4,30.2,6,12369,3878.47682119205,8.2631977836831,2.27910685805423,0.823783637296947,0,,49.84,,239.64,1,793.509933774834,6.67646605882299,0,66.99,0,12369,0,3,,12369,0,,,2,,5474,12369,,,,,0,0,,,,0,0,8,0,12369,M01AE02,220 MG,M01,M01A,M01AE,M01AE02,"",,1,,,1,,,,,,,"","",,,,,,,,,,,,0,1,0,0,1,0,0,0,0,0,0,,0.72,60.65,2,020609CJB,457.916,1.66,29,229.2,29,142.795,8,13477,13477,49.84,1,0,0,0,0,2,0,0,0,0,0,0,0,0,0,0,0,127,59.25,0,0,0,0,0,0,1,,,,,3,6,,0,1,1,0,0,0,0,1,1,1,0,2,0,,,0,0,82,25.435051671257,0,0,1,0,1,,0,0,0,0,0,,0,,,,0,0,0,,,0,139.8,0,112.582781456954,4.72368878622343,2,0,0,0,70,0,0,15875,,15875,28,3506,55.406811731315,0,Q2,low,low,Q1-Q3,Q1-Q3,Death,9.59890485968515,1,0,0,0
7,2810492201,2018-11-26,5242.7,2,1,167,67,114,149,0.84,26.2,153,6.4,3445,3426.60130718954,8.13932417638177,2.31518151815182,0.839488094033147,0,,39.06,,1171.89,1,765.941176470588,6.64110537367251,0,65.51,0,3445,0,3,,3445,0,,,1,3445,,,,,,,0,0,,,,0,0,8,0,3445,M01AX05,20 MG,C10,C10A,C10AA,C10AA01,"",,1,,,,1,,,,1,,C10AA01,"",,,,,,1,1,,,,,0,1,0,0,0,1,1,0,0,1,0,,0.76,164.9,2,010809CJB,128.338,1.73,5,142.4,5,88.541,3,,,39.06,1,0,0,0,1,,0,0,0,0,0,0,,,,,0,231,71.5,0,0,0,0,0,0,,1,,,,8,7,,0,1,1,1,,,0,,2,2,0,2,0,,,0,0,66,31.769143688906,0,1,1,1,1,,0,0,0,0,0,,0,,,,0,0,0,,,0,77.2,1,171.241830065359,5.14307676835675,2,1,0,1,106,0,0,,7819,,,,32.3264274263164,1,Q2,low,low,Q1-Q3,Q1-Q3,,,,,,
1,2810492571,2018-12-06,5148,2,1,186,33,220,100,1.16,11.5,110.9,5.9,12013,4642.01983769161,8.44290486034779,2.70971867007673,0.996844817722988,0,,47.64,,1234.49,1,1113.15599639315,7.01495449993867,0,65.22,0,12013,0,3,,12013,0,,,1,4631,5715,12013,,,,14060,1,0,2047,14060,,0,0,8,0,12013,C10AC01,40/25 MG,C03,C03A,C03AA,C03AA03,"",,,,,1,1,,,,,,C03AA03,"",,,,,,,,1,,,,0,0,0,0,1,1,0,1,0,0,0,,10.79,106.4,2,012309CJB,348.166,6.65,14,183.9,14,134.221,8,13352,13352,47.64,1,0,0,0,0,8,0,0,0,0,0,0,0,0,0,0,0,182,64.75,0,0,0,0,0,0,,1,,,,5,6,,0,1,1,0,0,0,0,,2,2,0,2,0,,,0,0,82,30.5209083756371,0,0,1,0,1,,0,0,0,0,0,,0,,1,1,0,0,0,3,12527,0,109,1,103.697024346258,4.64147341999502,2,0,1,0,68,0,1,14116,,14116,29,2103,68.264997613112,0,Q3,low,high,Q1-Q3,Q1-Q3,Death,5.75770020533881,1,0,0,0
1,2810492976,2017-12-24,935.7,2,1,191,35,537,130,1.07,3,92.1,5.8,12164,1015.96091205212,6.9235901550087,2.06555772994129,0.725400277084671,0,,38.38,,671.76,1,729.381107491857,6.59219637660214,0,55.94,0,12164,0,3,,12164,0,,,1,4626,5743,12164,14223,14223,2059,,0,0,,,,0,0,8,0,12164,M01AB01,10/20 MG,C09,C09A,C09AA,C09AA07,"",,1,,,,,,,,,,C09AA07,"",,,,,1,,,,,,,0,1,0,0,1,0,0,0,0,0,0,,4.35,114.2,2,020709CJB,445.268,2.61,31,288.2,31,173.805,8,13255,13255,38.38,1,0,0,0,1,8,0,0,0,0,0,0,0,0,0,0,0,224,70.5,0,0,0,0,0,0,1,,,,,7,1,,0,1,1,1,0,0,0,,1,1,0,2,0,,,0,0,54,31.6865821599457,0,0,1,0,1,,0,0,0,0,0,,0,,,,0,0,0,,,0,48.6,0,32.5732899022801,3.48349262438899,2,1,0,0,78,0,0,,17041,,,,13.0251398981041,1,Q1,low,low,Q1-Q3,Q1-Q3,,,,,,
1,2810493956,2017-12-23,2862.1,2,1,186,47,194,114,0.71,5.7,93.8,6,11413,3051.27931769723,8.02331623008288,,,,,41.32,,863.72,1,920.810234541578,6.82525397218254,0,73.19,0,11413,0,3,41,11413,1,3044,14457,2,4185,5641,11413,13964,13964,2551,,0,0,,,,0,1,8,1,11413,M01AE02,220 MG,M01,M01A,M01AE,M01AE02,"",,1,,,,,,1,,1,,"","",,,,,,,,,,,,0,1,0,0,0,0,0,1,0,1,0,,3.82,46.85,2,020609CJB,386.406,2.23,30,207.2,30,138.442,8,12510,12510,41.32,0,0,0,0,1,2,0,0,0,0,0,0,0,0,0,0,0,154,57,0,0,0,0,0,0,1,,,,,3,6,,0,1,0,1,0,0,0,1,1,1,0,2,0,,,0,0,84,33.3254960138729,0,1,0,0,0,,0,0,0,0,0,,0,,,,0,0,0,,,0,100.2,1,60.7675906183369,4.10705659781046,2,1,0,0,78,0,0,15243,14127,14457,41,3044,39.1189656115029,0,Q2,low,low,Q1-Q3,Q1-Q3,CHF,8.33401779603012,1,0,0,0
1,2810494300,2018-12-15,6401.5,2,1,132,49,127,101,0.86,3,128.1,5.4,12588,4997.26775956284,8.51664659397164,2.48372911169745,0.909761104862597,0,,38.32,,1129.87,1,882.021857923497,6.7822168379259,0,73.23,0,12588,0,3,,12588,0,,,2,4559,5778,12588,14728,14728,2140,,0,0,,,,0,0,8,0,12588,C10AX06,1200 MG,C10,C10A,C10AX,C10AX06,"",,,,,,1,,1,,,,"","",,,,,,,,,,,,0,0,0,0,0,1,0,1,0,0,0,,6.45,160.3,2,021309CJB,426.192,1.94,39,232.6,39,113.472,8,13548,13548,38.32,1,0,0,0,0,2,1,1,0,63,0,0,0,0,0,0,0,265,65.75,0,0,0,0,0,0,1,,,,,7,6,,0,1,1,0,0,0,0,1,1,1,1,2,0,,,0,0,63,43.0982833658189,1,0,1,0,1,,0,0,0,0,0,,0,,,,0,0,0,,,0,57.6,0,23.4192037470726,3.15355635874756,1,0,1,0,72,0,1,,17332,,,,69.406496660595,1,Q3,low,high,Q1-Q3,Q1-Q3,,,,,,
1,2810494328,2017-09-30,3782.2,2,1,235,75,95,101,0.86,42.2,80.9,4.9,12008,4675.15451174289,8.45001749181682,2.79941002949853,1.02940869122948,0,,64.82,,2808.54,1,3471.61928306551,8.1523764162729,0,69.14,0,12008,0,3,,12008,0,,,1,4591,5704,12008,,,,,0,0,,,,0,0,8,0,12008,"","","","","","","",,,,,,,,,,,,"","",,,,,,,,,,,,0,0,0,0,0,0,0,0,0,0,0,,1.82,24.23,2,011609CJB,405.858,6.56,9,328.8,9,173.928,8,13428,13428,64.82,0,0,0,0,0,8,1,1,1,0,0,0,0,0,0,0,0,140,66.25,0,0,0,0,0,0,1,,,,,3,1,,0,1,0,0,0,0,0,,1,1,2,2,0,,,0,0,62,22.4265197551399,1,,0,0,0,,0,0,0,0,0,,0,,,,0,0,0,1,13427,0,141,1,521.631644004944,6.25696167595966,3,0,0,0,93,0,1,13493,,13493,27,1485,50.2704786208913,0,Q3,low,low,Q1-Q3,Q1-Q3,,4.06570841889117,1,0,0,0
1,2810495341,2018-01-28,2336.7,2,1,166,58,113,103,0.45,4,28.9,5.7,12005,8085.46712802768,8.99782354746372,3.71841851494696,1.31329844750091,0,,36.18,,309.51,1,1070.96885813149,6.9763189926501,0,77.48,0,12005,0,3,,12005,0,,,2,,5702,12005,13890,13890,1885,,0,0,,,,0,0,8,0,12005,C10AX06,1200 MG,C10,C10A,C10AX,C10AX06,"",,,,1,,1,1,1,,,,"","",,,,,,,,,,,,0,0,0,1,0,1,1,1,0,0,0,,1.4,50.73,2,021809CJB,406.356,1.92,43,188.1,43,104.469,8,12901,12901,36.18,1,0,0,0,0,2,0,0,0,0,0,0,0,0,0,0,0,177,61.5,0,0,0,0,0,0,1,,,,,4,1,,0,1,1,0,0,0,0,1,1,1,0,2,0,,,0,0,62,32.9024810339924,0,0,1,1,1,,0,0,0,0,0,,0,,,,0,0,1,,,0,85.4,1,138.40830449827,4.93020804498364,2,0,0,1,107,1,1,,16682,,,,75.5651133460531,1,Q4,high,high,Q1-Q3,Q4,,,,,,
1,2810496193,2018-11-26,5372,2,1,224,47,120,77,0.64,3,87.7,5.4,12274,6125.4275940707,8.72020384425308,3.48514431239389,1.24850945293731,0,,46.5,,693.65,1,790.935005701254,6.67321579713669,0,58.39,0,12274,0,3,,12274,0,,,2,4516,5789,12274,14472,14472,2198,,0,0,,,,0,0,8,0,12274,"","","","","","","",,,,,,,,,,,,"","",,,,,,,,,,,,0,0,0,0,0,0,0,0,0,0,0,,4.16,54.38,2,011409CJB,444.792,2.35,5,215.7,5,189.571,8,13749,13749,46.5,0,0,0,0,0,2,0,0,0,0,0,0,0,0,0,0,0,201,67.75,0,0,0,0,0,0,1,,,,,4,4,,0,0,0,0,0,0,0,1,1,1,0,,0,,,0,0,51,30.7881129371823,0,,0,0,0,,0,0,0,0,0,,0,,,,0,0,0,,,0,153,0,34.2075256556442,3.53244566827211,2,0,0,0,103,0,1,,17542,,,,59.4701708162204,1,Q3,high,low,Q1-Q3,Q1-Q3,,,,,,
1,2810496250,2017-11-26,4230.7,2,1,188,60,81,107,1.05,6.7,88.4,5.6,11777,4785.85972850679,8.47342095932732,3.61915125136017,1.28623953739719,0,,19.62,,678.19,1,767.183257918552,6.64272570101432,0,65.57,0,11777,0,3,,11777,0,,,2,4392,5649,11777,13917,13917,2140,,0,0,,,,0,0,8,0,11777,C10AX06,1200 MG,C10,C10A,C10AX,C10AX06,"",,,,1,1,1,1,1,,,,"","",,,,,,,,,,,,0,0,0,1,1,1,1,1,0,0,0,,2.65,93.25,2,020309bCJ,371.838,2.32,25,213,25,155.027,8,12950,12950,19.62,1,0,0,0,0,2,0,0,0,0,0,0,0,0,0,0,0,164,63,0,0,0,0,0,0,1,,,,,6,6,,0,1,1,0,0,0,0,1,1,1,0,2,0,,,0,0,77,29.0514866744019,0,0,1,1,1,,0,0,0,0,0,,0,,,,0,0,1,,,0,111.8,1,75.7918552036199,4.32799083573546,2,0,0,1,51,0,1,,16738,,,,93.8403868334664,1,Q3,low,high,Q4,Q1-Q3,,,,,,
1,2810497003,2017-10-07,4698.4,2,1,140,41,94,89,1.55,16.1,158.6,5.4,12450,2962.42118537201,7.99376218099565,,,,,36.38,,831.48,1,524.262295081967,6.26199212221463,0,59.55,0,12450,0,3,,12450,0,,,1,4550,5835,12450,14507,14507,2057,,0,0,,,,0,0,8,0,12450,C10AX09,10 MG,C10,C10A,C10AX,C10AX09,"",,,,,1,1,1,,,,,"","",,,,,,,,,,,,0,0,0,0,1,1,1,0,0,0,0,,0.16,60.51,2,012009CJB,488.96,1.82,10,223.7,10,198.421,8,13849,13849,36.38,1,0,0,0,0,8,0,0,0,0,0,0,0,0,0,0,0,191,71.75,0,0,0,0,0,0,1,,,,,8,7,,0,1,1,0,0,0,0,,1,1,0,2,0,,,0,0,74,26.0852599550019,0,0,1,1,1,,0,0,0,0,0,,0,,,,0,0,0,,,0,80.2,1,101.513240857503,4.62018924177181,2,0,0,1,43,0,0,,17641,,,,68.8935159388838,1,Q2,low,high,Q1-Q3,Q1-Q3,,,,,,
1,2810497266,2018-12-22,6363.2,2,1,269,39,159,105,0.7,5.1,150.8,5.9,12424,4219.62864721485,8.34750240486766,2.26499032882012,0.817570489089288,0,,44.74,,1250.63,1,829.330238726791,6.72061843374524,0,,0,12424,,,,12424,0,,,2,4727,6089,12424,,,,,0,0,,,,0,0,,0,12424,M01AE01,200 MG,M01,M01A,M01AE,M01AE01,"",,1,,,,,,,,,,"","",,,,,,,,,,,,0,1,0,0,0,0,0,0,0,0,0,,3.76,119.9,2,021409CJB,252.3,2.06,41,211.1,41,214.302,8,13355,13355,44.74,0,0,0,0,0,0,0,0,0,0,0,0,0,0,0,0,0,233,60,0,0,0,0,0,0,1,,,,,8,1,,0,0,0,0,0,0,0,0,1,1,0,,0,,,0,0,52,45.504991009982,0,0,0,0,0,,0,0,0,0,0,,0,,,,0,0,0,,,0,198.2,1,33.8196286472149,3.52104136313856,2,0,0,0,100,0,1,,17139,,,,42.1962864721485,1,Q3,low,low,Q1-Q3,Q1-Q3,,,,,,
1,2810497298,2018-12-06,5633.9,2,1,186,42,198,105,0.63,3.6,83.5,5.6,11326,6747.18562874252,8.81688075303131,3.11733800350263,1.13697943363012,0,,38.4,,1049.33,1,1256.68263473054,7.13623069837534,0,65.05,0,11326,0,3,,11326,0,,,2,4308,5638,11326,13306,13306,1980,,0,0,,,,0,0,8,0,11326,M01AX05,TABLET,M01,M01A,M01AX,M01AX25,"",,1,,,,,,,,,,M01AX25,"",,1,,,,,,,,,,0,1,0,0,0,0,0,0,0,0,0,,4.25,66.43,2,012609CJB,614.548,2.47,14,162.2,14,118.569,8,12658,12658,38.4,0,0,0,0,0,2,0,0,0,0,0,0,0,0,0,0,0,171,64.75,0,0,0,0,0,0,1,,,,,4,7,,0,1,0,0,0,0,0,1,1,1,0,2,0,,,0,0,61,28.6762380891975,0,0,0,0,0,,0,0,0,0,0,,0,,,,0,0,0,,,0,104.4,0,43.1137724550898,3.76384249258739,2,0,0,0,97,1,1,,16450,,,,69.5586147293043,1,Q4,high,high,Q1-Q3,Q4,,,,,,
1,2810497316,2018-01-14,2632,2,1,183,59,45,108,0.98,3,130.4,5.6,12036,2018.40490797546,7.61006282894075,2.43992248062016,0.891966268562784,0,,28.84,,669.66,1,513.542944785276,6.24133365739122,0,70.58,0,12036,0,3,,12036,0,,,1,4854,5968,12036,14050,14050,2014,,0,0,,,,0,0,8,0,12036,C10AX06,1000 MG,C10,C10A,C10AX,C10AX06,"",,,,,,1,,,,,,"","",,,,,,,,,,,,0,0,0,0,0,1,0,0,0,0,0,,1.13,15.1,2,021309CJB,214.098,1.99,40,211.9,40,144.057,8,12989,12989,28.84,0,0,0,0,0,8,0,0,0,0,0,0,0,0,0,0,0,169,67,0,0,0,0,0,0,1,,,,,8,6,,0,1,0,0,0,0,0,,1,1,0,2,0,,,0,0,71,26.469315580645,0,0,0,0,0,,0,0,0,0,0,,0,,,,0,0,0,,,0,115,0,23.0061349693252,3.13576091815769,1,0,1,0,77,0,0,,16773,,,,26.2130507529281,1,Q1,low,low,Q1-Q3,Q1-Q3,,,,,,
1,2810497333,2018-02-01,1124.3,2,1,151,40,154,106,1.09,3,29.7,5.7,12398,3785.52188552189,8.23893903893515,1.04014989293362,0.0393648305886521,1,,27.38,,218.45,1,735.521885521886,6.60058029557688,0,69.97,0,12398,0,3,,12398,0,,,1,4580,5729,12398,,,,10535,1,1,-1863,10535,,0,0,8,0,12398,C10AX09,40 MG,C10,C10A,C10AA,C10AA01,"",,,,,1,1,,1,,,1,C10AA01,"",,,,,,1,1,,,,,0,0,0,0,1,1,1,1,0,0,1,,2.7,131.9,2,021809bCJ,317.504,25.72,44,174.7,44,165.069,8,13251,13251,27.38,1,0,0,0,0,8,0,0,0,0,0,0,0,1,0,0,0,190,72.75,0,0,0,0,0,0,1,,,,,7,6,,0,1,1,0,0,1,0,,1,1,0,2,0,,,0,0,75,25.2402247816505,0,0,1,1,1,,0,0,0,0,0,,0,,2,2,1,0,1,,,0,80.2,0,101.010101010101,4.61522052184159,2,0,0,1,66,0,0,13332,15288,13332,27,934,57.3563922048771,0,Q2,low,low,Q1-Q3,Q1-Q3,,2.55715263518138,0,0,0,0
1,2810497490,2017-10-07,1741.4,2,1,165,44,149,107,2.02,18.3,92,5.5,12009,1892.82608695652,7.54582627533357,0.946332737030411,-0.0551610412967998,1,,37,,855.48,1,929.869565217391,6.83504432385659,0,54.63,1,12009,1,2,,12009,0,,,1,4495,5716,12009,,,,,0,0,,,,0,0,7,0,12009,M01AX05,TABLET,M01,M01A,M01AX,M01AX25,"",,1,,1,,1,1,1,,,,M01AX25,"",,1,,,,,,,,,,0,1,0,1,0,1,1,1,0,0,0,,4.05,58.55,2,012009CJB,683.278,10.28,10,176.3,10,139.775,8,13415,13415,37,1,0,0,0,0,8,0,0,0,0,0,0,0,0,0,0,0,205,63.5,0,0,0,0,0,0,1,,,,,3,7,,0,1,1,0,0,0,0,,1,1,0,2,0,,,0,0,79,35.7447301787777,0,0,1,1,1,140,0,1,1,0,0,,0,,,,0,0,1,,,0,91.2,1,198.913043478261,5.29286776178047,2,0,0,1,30,0,0,13898,14984,13898,27,1889,63.0942028985507,0,Q1,low,low,Q1-Q3,Q1-Q3,,5.17180013689254,1,0,0,0
1,2810498707,2018-12-15,6700.3,2,1,284,52,164,97,0.77,95.9,225.9,5.5,12478,2966.04692341744,7.99498534301017,2.4438149197356,0.893560310019385,0,,21.7,,1641.52,1,726.657813191678,6.58845568335963,0,66.16,0,12478,0,3,,12478,0,,,2,4580,5778,12478,14480,14480,2002,,0,0,,,,0,0,8,0,12478,M01AH01,200 MG,M01,M01A,M01AH,M01AH01,"",,1,,,,,,,,,,"","",,,,,,,,,,,,0,1,0,0,0,0,0,0,0,0,0,,0.63,107.9,2,020909CJB,540.98,0.83,32,225.8,32,174.938,8,13554,13554,21.7,0,0,0,0,0,2,0,0,0,0,0,0,0,0,0,0,0,158,63,0,0,0,0,0,0,1,,,,,6,5,,0,1,0,0,0,0,0,1,1,1,0,2,0,,,0,0,64,27.9886274058262,0,0,0,0,0,,0,0,0,0,0,,0,,,,0,0,0,,,0,199.2,1,424.524125719345,6.05096883739757,3,0,0,0,82,0,0,,17340,,,,36.1713039441151,1,Q2,low,low,Q1-Q3,Q1-Q3,,,,,,
1,2810498853,2017-10-30,310.8,2,1,151,71,56,90,0.91,3,53.8,5.5,11508,577.695167286246,6.35904633731385,4.81262939958592,1.57124358747807,0,,41.18,,374.84,1,696.728624535316,6.54639598707598,0,67.76,0,11508,0,3,,11508,0,,,2,4347,5693,11508,13524,13524,2016,,0,0,,,,0,0,8,0,11508,M01AX05,500/400 MG,M01,M01A,M01AX,M01AX25,"",,1,,,,1,1,,,,,M01AX25,"",,1,,,,,,,,,,0,1,0,0,0,1,1,0,0,0,0,,2.43,27.49,2,012609CJB,370.312,2.74,14,170.3,14,111.624,8,12841,12841,41.18,0,0,0,0,0,2,0,0,0,0,0,0,0,0,0,0,0,140,65.25,0,0,0,0,0,0,1,,,,,3,0,,0,0,0,0,0,0,0,1,1,1,0,,0,,,0,0,61,23.1191901147179,0,0,0,1,0,,0,0,0,0,0,,0,,,,0,0,1,,,0,68.8,0,55.7620817843866,4.02109410048251,2,0,0,1,68,0,0,,16633,,,,8.4955171659742,1,Q1,low,low,Q1-Q3,Q1-Q3,,,,,,
1,2810498952,2018-01-14,216.3,2,1,198,76,88,93,0.78,3,16.4,5.5,12752,1318.90243902439,7.18455518411695,3.89054054054054,1.35854810441396,0,,33.22,,163.41,1,996.40243902439,6.90415123122163,0,63.49,0,12752,0,3,15,12752,0,,,2,5360,6461,12752,14885,14885,2133,,0,0,,,,0,0,8,0,12752,M01AX05,1500 + 1200 MG,M01,M01A,M01AX,M01AX25,"",,1,,,,1,,,,,,M01AX25,"",,1,,,,,,,,,,0,1,0,0,0,1,0,0,0,0,0,,0.32,33.32,2,021309CJB,260.222,0.82,40,223.8,40,130.044,8,13705,13705,33.22,0,0,0,0,0,3,0,0,0,0,0,0,0,0,0,0,0,109,63,0,0,0,0,0,0,1,,,,,8,2,,0,1,0,0,0,0,0,1,1,1,0,2,0,,,0,0,54,19.3086100457915,0,0,0,0,0,,0,0,0,0,0,,1,12523,,,0,0,0,,,0,104.4,0,182.926829268293,5.20908623282009,2,0,1,0,86,0,0,,17489,12523,15,4737,15.3360748723766,0,Q1,low,low,Q1-Q3,Q1-Q3,Subarachnoid Hemmorhage,12.9691991786448,1,1,1,0
1,2810499091,2017-09-13,4919.6,2,1,247,78,72,108,0.82,3,125.8,5.1,11220,3910.65182829889,8.27145934709001,1.95475113122172,0.670262886726358,0,,23.58,,1493.75,1,1187.40063593005,7.07952185740157,0,67.32,0,11220,0,3,,11220,0,,,2,4254,5647,11220,,,,,0,0,,,,0,0,8,0,11220,"","","","","","","",,,,,,,,,,,,"","",,,,,,,,,,,,0,0,0,0,0,0,0,0,0,0,0,,0.5,32.36,2,011409CJB,384.034,1.19,5,222.5,5,150.607,8,12702,12702,23.58,0,0,0,0,0,2,0,0,0,0,0,0,0,1,0,0,0,139,64.5,0,0,0,0,0,0,1,,,,,3,1,,0,1,0,0,0,1,0,1,1,1,0,2,0,,,0,0,53,23.4909718061729,0,0,0,0,0,,0,0,0,0,0,,0,,,,0,0,0,,,0,154.6,0,23.8473767885533,3.17167422338391,1,0,0,0,82,0,0,,16495,,,,47.6908759548645,1,Q2,low,low,Q1-Q3,Q1-Q3,,,,,,
7,2810499193,2017-08-10,1758.8,2,1,177,60,61,99,1.23,3,202.9,6,4202,866.830951207491,6.76484397646298,2.5941475826972,0.953257978145249,0,4.4,29.06,30.94,1202.91,2,592.85855101035,6.38495583936479,0,59.17,0,4202,0,3,,4202,0,,,1,4202,5995,,,5995,1793,,0,0,,,,0,0,8,0,4202,C10AX09,20 MG,C10,C10A,C10AA,C10AA01,"",,,,,1,1,,,,,,C10AA01,"",,,,,,1,1,,,,,0,0,0,0,1,1,1,0,0,0,0,,1.49,67.38,2,122308CJB,442.492,1,1,131.1,1,108.452,3,,,29.06,1,0,0,0,0,,0,0,0,0,0,0,,,,,0,219,74.5,0,0,0,0,0,0,,1,,,,8,5,,0,0,1,0,,,0,,2,2,0,,0,,,0,0,59,27.7419626052261,0,0,1,1,1,,0,0,0,0,0,,0,,,,0,0,0,,,0,104.8,0,14.7856086742238,2.69365432081848,1,0,0,1,74,0,0,,8862,-2690,11,4660,11.7139317730742,0,Q1,low,low,Q1-Q3,Q1-Q3,Atherothrombotic Infarction of Brain,12.7583846680356,1,1,1,0
1,2810499378,2017-11-26,3369.3,2,1,226,56,72,115,1.06,3,47.1,5.7,12296,7153.50318471338,8.87535747160282,1.603517186251,0.47219945805497,1,,46.56,,503.14,1,1068.23779193206,6.97376564635873,0,66.23,0,12296,0,3,,12296,0,,,1,4508,5728,12296,14303,14303,2007,,0,0,,,,0,0,8,0,12296,"","","","","","","",,,,,,,,,,,,"","",,,,,,,,,,,,0,0,0,0,0,0,0,0,0,0,0,,2.15,44.18,2,020309bCJ,273.268,0.98,25,258.5,25,173.138,8,13470,13470,46.56,0,0,0,0,0,8,0,0,0,0,0,0,0,0,0,0,0,179,70.5,0,0,0,0,0,0,1,,,,,5,6,,0,1,0,0,0,0,0,,1,1,0,2,0,,,0,0,64,25.3209741367423,0,,0,0,0,,0,0,0,0,0,,0,,,,0,0,0,,,0,155.6,0,63.6942675159236,4.15409456662788,2,0,0,0,74,1,1,,17258,,,,96.6689619555862,1,Q4,high,high,Q4,Q4,,,,,,
1,2810501333,2018-01-08,1337.1,2,1,168,71,63,79,,6.7,34.3,5.2,11844,3898.25072886297,8.26828320043682,2.91546526867628,1.07002941896164,0,,24.08,,171.51,1,500.029154518951,6.21466640576019,0,,0,11844,,,,11844,0,,,2,4233,5701,11844,13797,13797,1953,,0,0,,,,0,0,,0,11844,"","","","","","","",,,,,,,,,,,,"","",,,,,,,,,,,,0,0,0,0,0,0,0,0,0,0,0,,,7.29,2,021109bCJ,,,,,,,,,,24.08,0,0,0,0,0,0,0,0,0,0,0,0,0,0,0,0,0,113,62.25,0,0,0,0,0,0,1,,,,,7,1,,0,1,0,0,0,0,0,0,1,1,0,2,0,,,0,0,47,20.502430321162,0,0,0,0,0,,0,0,0,0,0,,0,,,,0,0,0,,,0,84.4,1,195.33527696793,5.27471745120716,2,0,0,0,,0,0,,16635,,,,,1,Q2,low,,,Q1-Q3,,,,,,
1,2810501951,2018-12-15,5823.1,2,1,184,46,113,93,0.88,7.4,84.2,5.4,11718,6915.79572446556,8.84156330970785,5.90510948905109,1.77581799123037,0,,31.08,,1579.11,1,1875.42755344418,7.53659194091353,0,60.97,0,11718,0,3,,11718,0,,,1,4005,5645,11718,,,,12234,1,0,516,12234,,0,0,8,0,11718,"","","","","","","",,,,,,,,,,,,"","",,,,,,,,,,,,0,0,0,0,0,0,0,0,0,0,0,,0.33,36.82,2,021209CJB,278.76,2.4,38,257.3,38,187.256,8,12702,12702,31.08,0,0,0,0,0,8,0,0,0,0,0,0,0,0,0,0,0,128,67.5,0,0,0,0,0,0,1,,,,,3,6,,0,1,0,0,0,0,0,,1,1,0,2,0,,,0,0,79,19.7518617259457,0,,0,0,0,,0,0,0,0,0,,0,,1,1,0,0,0,,,0,115.4,1,87.8859857482185,4.47604035794398,2,0,0,0,82,1,1,12253,16338,12253,28,535,84.33897224958,0,Q4,high,high,Q4,Q4,Death,1.46475017111567,0,0,0,0
1,2810502038,2018-12-06,7097,2,1,160,32,73,97,1.13,3,104.6,5.4,12406,6784.8948374761,8.82245407288225,1.56756756756757,0.449525097902195,1,,50,,872.17,1,833.814531548757,6.7260109933936,0,73.1,0,12406,0,3,,12406,0,,,1,4565,5811,12406,14470,14470,2064,,0,0,,,,0,0,8,0,12406,"","","","","","","",,,,,,,,,,,,"","",,,,,,,,,,,,0,0,0,0,0,0,0,0,0,0,0,,9.37,44.84,2,012209CJB,318.144,9.2,12,200.7,12,169.498,8,13772,13772,50,0,0,0,0,0,8,0,0,0,0,0,0,0,0,0,0,0,171,69.25,0,0,0,0,0,0,1,,,,,7,2,,0,1,0,0,0,0,0,,1,1,0,2,0,,,0,0,65,25.0704522053129,0,0,0,0,0,,0,0,0,0,0,,0,,,,0,0,0,,,0,113.4,0,28.6806883365201,3.35622401601942,1,0,0,0,68,1,1,,17564,,,,99.7778652570015,1,Q4,high,high,Q4,Q4,,,,,,
1,2810502105,2018-02-17,844.5,2,1,124,46,67,92,1.76,5,70.7,5.4,12189,1194.48373408769,7.08546934933342,1.38501026694045,0.325707552565221,1,,79.16,,179.32,1,253.635077793494,5.5358965323728,0,78.45,0,12189,0,3,,12189,0,,,1,,5099,12189,,,,,0,0,,,,0,0,8,0,12189,C10AX09,210 MG,C10,C10A,C10AA,C10AA01,"",,,,,,1,,,,,,C10AA01,"",,,,,,1,1,,,,,0,0,0,0,0,1,1,0,0,0,0,,3.59,52.04,2,022009CJB,206.728,2.87,49,200.9,49,146.377,8,12867,12867,79.16,0,0,0,0,0,8,0,0,0,0,0,0,0,0,0,0,0,187,67.75,0,0,0,0,0,0,1,,,,,7,8,,0,1,0,0,0,0,0,,1,1,0,2,0,,,0,0,77,28.6436672599656,0,0,0,1,0,,0,0,0,0,0,,0,,,,0,0,1,,,0,64.6,1,70.7213578500707,4.25874761851371,2,0,0,1,36,0,0,,16555,,,,33.1801037246582,1,Q1,low,low,Q1-Q3,Q1-Q3,,,,,,
7,2810502686,2018-11-24,20000,3,1,176,43,87,183,0.71,5.5,120.3,7.7,4449,16625.1039068994,9.71866911554359,2.10888888888889,0.746161215845562,0,,55.86,,1039.35,1,863.965087281795,6.76153235974896,0,70.32,0,4449,0,3,,4449,0,,,2,4449,6321,,,6321,1872,,0,0,,,,0,0,8,0,4449,C09AA03,5 MG,C09,C09A,C09AA,C09AA03,"",,,,,1,,,,,1,,"","",,,,,,,,,,,,0,0,0,0,1,0,0,0,0,1,0,,24.78,205.7,2,010809CJB,323.3,9.35,5,219.9,5,139.127,3,,,55.86,1,0,0,0,1,,0,0,0,0,0,0,,,,,0,248,63.5,0,0,0,0,0,0,,,,,,8,1,,1,0,1,1,,,0,,,,0,1,0,,,0,0,57,43.2424052894482,0,1,1,0,1,,0,0,0,0,0,,0,,,,0,0,0,,,0,115.6,1,45.7190357439734,3.82251474823993,2,1,0,0,95,1,1,,8897,,,,175.001093756836,1,Q4,high,high,Q4,Q4,,,,,,
1,2810503222,2017-11-25,1987.2,2,1,208,88,56,92,0.86,3,100.8,5.3,12084,1971.42857142857,7.58651372208998,2.2145144076841,0.795033150426377,0,,18.52,,10,1,9.92063492063492,2.29461692334487,0,70.63,0,12084,0,3,,12084,0,,,2,4581,5730,12084,14208,14208,2124,,0,0,,,,0,0,8,0,12084,M01AE01,200 MG,M01,M01A,M01AE,M01AE01,"",,1,,,,,,,,,,"","",,,,,,,,,,,,0,1,0,0,0,0,0,0,0,0,0,,0.92,45.38,2,020209CJB,296.008,2.55,22,229.2,22,131.706,8,13295,13295,18.52,0,0,0,0,0,2,1,0,0,64,0,0,0,0,0,0,0,144,63,0,0,0,0,0,0,1,,,,,3,1,,0,1,0,0,0,0,0,1,1,1,1,2,0,,,0,0,66,25.5086224458163,0,0,0,0,0,,0,0,0,0,0,,0,,,,0,0,1,,,0,108.8,0,29.7619047619048,3.39322921201298,1,0,0,0,70,0,0,,17083,,,,28.1632653061225,1,Q1,low,low,Q1-Q3,Q1-Q3,,,,,,
1,2810503327,2018-01-06,2421.5,2,1,202,141,47,128,0.97,4.8,113,5.4,12670,2142.9203539823,7.66992482911904,4.90972972972973,1.59121889542984,0,,49.82,,1271.83,1,1125.51327433628,7.02599445444541,0,73.73,0,12670,0,3,,12670,0,,,1,5309,6854,12670,,,,,0,0,,,,0,0,8,0,12670,"",5/20 MG,C09,C09A,C09AA,C09AA07,"",,,,,,,,,,,,C09AA07,"",,,,,1,,,,,,,0,0,0,0,1,0,0,0,0,0,0,,0.19,36.37,2,021109CJB,359.278,0.73,35,190.9,35,90.175,8,13701,13701,49.82,1,0,0,0,0,8,0,0,0,0,0,0,0,0,0,0,0,113,67.75,0,0,0,0,0,0,1,,,,,8,1,,0,1,1,0,0,0,0,,1,1,0,2,0,,,0,0,66,17.3087401089632,0,0,1,0,1,,0,0,0,0,0,,0,,,,0,0,0,,,0,51.6,1,42.4778761061947,3.74898337818364,2,1,0,0,81,0,0,,17486,,,,26.4558068392877,1,Q1,low,low,Q1-Q3,Q1-Q3,,,,,,
7,2810503940,2017-08-12,4700.4,2,1,144,66,57,87,0.74,13.1,172,5.3,3217,2732.79069767442,7.91307859963442,1.55410590943975,0.440900402415794,1,5.1,32.82,30.56,854.32,2,496.697674418605,6.20798154003793,0,67.51,0,3217,0,3,,3217,0,,,2,3217,5118,,,5118,1901,,0,0,,,,0,0,8,0,3217,"","","","","","","",,,,,,,,,,,,"","",,,,,,,,,,,,0,0,0,0,0,0,0,0,0,0,0,,0.29,35.92,2,123008CJB,254.464,0.61,3,190.3,3,105.184,3,,,32.82,0,0,0,0,0,,0,0,0,0,0,0,,,,,0,118,62.75,0,0,0,0,0,0,,,1,,,6,2,,0,1,0,0,,,0,,2,3,0,2,0,,,0,0,50,21.0697876991697,0,0,0,0,0,,0,0,0,0,0,,0,,,,0,0,0,,,0,66.6,1,76.1627906976744,4.33287303237579,2,0,0,0,94,0,0,,7803,,,,29.0722414646215,1,Q2,low,low,Q1-Q3,Q1-Q3,,,,,,
1,2810504918,2017-10-25,1588.5,2,1,185,85,62,90,0.86,18.9,66.5,5.8,12092,2388.72180451128,7.77851369203585,1.94113756613757,0.663274175522719,0,,20.44,,437.47,1,657.84962406015,6.48897637034425,0,66.86,0,12092,0,3,12,12092,0,,,2,4497,5736,12092,14160,14160,2068,,0,0,,,,0,0,8,0,12092,M01AE01,200 MG,M01,M01A,M01AE,M01AE01,"",,1,,,,,,,,,,"","",,,,,,,,,,,,0,1,0,0,0,0,0,0,0,0,0,,0.96,22.74,2,012209CJB,235.074,2.23,13,193.1,13,101.373,8,13452,13452,20.44,0,0,0,0,0,2,0,0,0,0,0,0,0,0,0,0,0,134,64.25,0,0,0,0,0,0,1,,,,,8,6,,0,1,0,0,0,0,0,1,1,1,0,2,0,,,0,0,70,22.8225489381076,0,0,0,0,0,,0,0,0,0,0,,1,16489,,,0,0,0,,,0,87.6,1,284.210526315789,5.64971525338593,2,0,0,0,68,0,0,,17244,16489,12,5152,35.1282618310482,1,Q1,low,low,Q1-Q3,Q1-Q3,TIA,14.1054072553046,1,1,1,0
1,2810505145,2018-02-10,626.5,2,1,148,53,62,92,1.17,3,121.5,5.7,11859,515.637860082305,6.24540469754361,3.3122289679098,1.19762136695646,0,,41.4,,776.36,1,638.979423868313,6.45987225334002,0,63.95,0,11859,0,3,,11859,0,,,1,4390,5636,11859,14259,14259,2400,,0,0,,,,0,0,8,0,11859,C07AB03,50 MG,C07,C07A,C07AB,C07AB03,"",,,,1,,,,,,,,"","",,,,,,,,,,,,0,0,0,1,0,0,0,0,0,0,0,,1.93,23.37,2,021909bCJ,230.302,1.14,47,147.6,47,101.268,8,12634,12634,41.4,0,0,0,0,0,8,0,0,0,0,0,0,0,0,0,0,0,194,70.75,0,0,0,0,0,0,1,,,,,4,1,,0,1,0,0,0,0,0,,1,1,0,2,0,,,0,0,63,27.249243775417,0,0,0,0,0,,0,0,0,0,0,,0,,,,0,0,0,,,0,82.6,0,24.6913580246914,3.20645330486964,1,0,0,0,66,0,0,,16415,,,,7.81269484973189,1,Q1,low,low,Q1-Q3,Q1-Q3,,,,,,
1,2810505532,2018-01-14,471.8,2,1,152,42,83,98,0.94,14.4,128.5,5.2,11993,367.15953307393,5.90579644862639,3.08163265306122,1.1254595387043,0,,23.08,,1033.36,1,804.171206225681,6.68981218957658,0,61.06,0,11993,0,3,,11993,0,,,1,4427,6327,11993,14226,14226,2233,,0,0,,,,0,0,8,0,11993,C10AA02,40 MG,C10,C10A,C10AA,C10AA02,"",,,,,,1,1,,,,,"","",,,,,,,,,,,,0,0,0,0,0,1,1,0,0,0,0,,1.79,38.72,2,021409CJB,363.928,2.14,40,202.9,40,149.521,8,12939,12939,23.08,0,0,0,0,0,8,0,0,0,0,0,0,0,0,0,0,0,199,68.5,0,0,0,0,0,0,1,,,,,8,1,,0,1,0,0,0,0,0,,1,1,0,2,0,,,0,0,68,29.817933790058,0,0,0,1,0,,0,0,0,0,0,,0,,,,0,0,0,,,0,93.4,1,112.062256809339,4.71905458122882,2,0,0,1,83,0,0,,16723,,,,4.42360883221602,1,Q1,low,low,Q1-Q3,Q1-Q3,,,,,,
1,2810506660,2018-12-22,4760.7,2,,,,,,,24.4,82.2,,12211,5791.60583941606,8.66416487916286,2.4570685169124,0.898968979561458,0,,,,691.7,,841.484184914842,6.7351672195325,0,62.53,0,12211,0,3,,12211,0,,,2,4251,5625,12211,,,,14324,1,0,2113,14324,,0,0,8,0,12211,"","","","","","","",,,,,,,,,,,,"","",,,,,,,,,,,,0,0,0,0,0,0,0,0,0,0,0,,,,,"",,,,,,,,,,,0,0,0,0,0,2,0,0,0,0,0,0,0,0,0,0,0,135,64.25,1,1,0,0,1,1,1,,,,,3,6,,0,0,0,0,0,0,0,1,1,1,0,,0,,,0,1,80,22.9928664674965,0,0,0,0,0,,0,0,0,0,0,,0,,1,1,0,0,0,,,0,,1,296.83698296837,5.69318310921916,2,,0,0,,0,1,14647,15418,3516,6,3207,,0,Q3,high,,,Q1-Q3,Angina,8.78028747433265,1,0,0,0
7,2810507431,2018-11-24,5214.5,2,1,195,43,137,104,0.95,4.3,220.6,6.1,4367,2363.78059836809,7.76801756472996,1.24201930215293,0.21673852457646,1,,57.44,,868.24,1,393.581142339075,5.97528725330645,0,71.29,0,4367,0,3,,4367,0,,,1,4367,6105,,,6105,1738,,0,0,,,,0,0,8,0,4367,M01AX01,750 MG,M01,M01A,M01AX,M01AX01,"",,1,,,,1,1,,,,,"","",,,,,,,,,,,,0,1,0,0,0,1,1,0,0,0,0,,1.03,114,2,010809CJB,305.19,1.84,5,221,5,169.684,3,,,57.44,2,0,0,0,1,,0,0,0,0,0,0,,,,,0,222,70.25,0,0,0,0,0,0,1,,,,,3,10,,1,0,1,1,,,0,,1,1,0,1,0,,,0,0,56,31.6275775976787,0,0,0,1,1,,0,0,0,0,0,,0,,,,0,0,0,,,0,124.6,1,19.4922937443336,2.97001919486225,1,0,0,1,89,0,0,,7767,2075,6,3400,26.5593325659336,0,Q1,low,low,Q1-Q3,Q1-Q3,Angina,9.30869267624914,1,0,0,0
1,2810507494,2018-02-03,3533.1,2,1,162,83,57,109,0.77,5.4,95.9,5.9,12423,3684.15015641293,8.21179515561431,,,,,48.02,,906.63,1,945.391032325339,6.8515986327264,0,64.64,0,12423,0,3,,12423,0,,,2,4583,5843,12423,14299,14299,1876,,0,0,,,,0,0,8,0,12423,M01AX05,"",M01,M01A,M01AX,M01AX25,"",,1,,,,1,1,,,,,M01AX25,"",,1,,,,,,,,,,0,1,0,0,0,1,1,0,0,0,0,,0.2,57.18,2,021909CJB,289.798,0.93,45,126.6,45,79.357,8,13246,13246,48.02,0,0,0,0,0,2,0,0,0,0,0,0,0,0,0,0,0,139,64.75,0,0,0,0,0,0,1,,,,,7,0,,0,1,0,0,0,0,0,1,1,1,0,2,0,,,0,0,83,23.3099245286459,0,0,0,1,0,,0,0,0,0,0,,0,,,,0,0,1,,,0,67.6,1,56.3086548488009,4.03084825066297,2,0,0,1,71,0,0,,17027,,,,51.8894388227173,1,Q2,low,low,Q1-Q3,Q1-Q3,,,,,,
1,2810507637,2018-06-28,20000,3,1,141,33,263,135,0.84,5.4,210,7.5,11040,9523.80952380953,9.16155020780675,1.16891284815813,0.15607412723696,1,,39.6,,2660.81,1,1267.05238095238,7.14444852197041,0,,0,11040,,,,11040,0,,,1,4327,5650,11040,13168,13168,2128,,0,0,,,,0,0,,0,11040,C10AX06,1000 MG,C10,C10A,C10AX,C10AX06,"",,,,,,1,,,,,,"","",,,,,,,,,,,,0,0,0,0,0,1,0,0,0,0,0,,1.01,140.4,2,011309CJB,547.218,3.52,4,194.6,4,158.895,8,12539,12539,39.6,0,0,0,0,0,8,1,0,0,56,0,0,0,0,0,0,0,235,73.5,0,0,0,0,0,0,1,,,,,3,7,,0,1,0,0,0,0,0,,1,1,1,2,0,,,0,0,57,30.5843177284022,0,0,0,1,0,,0,0,0,0,0,,0,,,,0,0,0,,,0,55.4,1,25.7142857142857,3.2470467018349,1,1,1,0,97,1,1,,16332,,,,98.1836033382425,1,Q4,high,high,Q4,Q4,,,,,,
1,2810507659,2017-11-23,1831.2,2,1,236,86,81,109,0.89,3,42.7,5.5,12006,4288.52459016393,8.36369803439187,,,,,46.04,,543.36,1,1272.50585480094,7.14874334943644,0,,0,12006,,,,12006,0,,,2,4581,5723,12006,14037,14037,2031,,0,0,,,,0,0,,0,12006,C07AB02,25 MG,C07,C07A,C07AB,C07AB02,"",,,,1,,,,,,,,"","",,,,,,,,,,,,0,0,0,1,0,0,0,0,0,0,0,,1.23,24.57,2,020209CJB,420.082,0.84,21,231,21,150.093,8,13237,13237,46.04,1,0,0,0,0,2,0,0,0,0,0,0,0,0,0,0,0,109,62,0,0,0,0,0,0,1,,,,,4,1,,0,1,1,0,0,0,0,1,1,1,0,2,0,,,0,0,63,19.9364914858862,0,0,1,0,1,,0,0,0,0,0,,0,,,,0,0,1,,,0,133.8,0,70.2576112412178,4.25216864741567,2,0,0,0,69,0,1,,17025,,,,62.1525302922309,1,Q3,low,low,Q1-Q3,Q1-Q3,,,,,,
1,2810509694,2017-12-02,1076,2,1,197,75,183,94,0.67,3,69.2,5.6,12043,1554.91329479769,7.3491750640862,1.60886917960089,0.475531559298249,1,,37.78,,620.09,1,896.083815028902,6.79803395215905,0,67.87,0,12043,0,3,,12043,0,,,2,,,12043,,,,,0,0,,,,0,0,8,0,12043,"","","","","","","",,,,,,,,,,,,"","",,,,,,,,,,,,0,0,0,0,0,0,0,0,0,0,0,,5.55,42.78,2,020409CJB,403.886,1.2,25,162.7,25,89.922,8,13208,13208,37.78,0,0,0,0,0,2,0,0,0,0,0,0,0,0,0,0,0,152,68,0,0,0,0,0,0,1,,,,,7,6,,0,1,0,0,0,0,0,1,1,1,0,2,0,,,0,0,57,23.1116725209229,0,0,0,0,0,,0,0,0,0,0,,0,,,,0,0,0,,,0,85.4,0,43.3526011560694,3.76936670502662,2,0,0,0,98,0,0,,16996,,,,15.8664621918131,1,Q1,low,low,Q1-Q3,Q1-Q3,,,,,,
1,2810510297,2017-12-14,2790.2,2,1,225,71,137,93,0.99,3,82,5.5,12309,3402.68292682927,8.13231949555785,5.11626387981711,1.63242446170956,0,,20.16,,1166.01,1,1421.96341463415,7.25979388192683,0,66.97,0,12309,0,3,12,12309,0,,,2,4510,5720,12309,14343,14343,2034,,0,0,,,,0,0,8,0,12309,"","","","","","","",,,,,,,,,,,,"","",,,,,,,,,,,,0,0,0,0,0,0,0,0,0,0,0,,1.86,54.85,2,020409bCJ,268.216,4.91,27,185.4,27,99.196,8,13461,13461,20.16,1,0,0,0,0,2,0,0,0,0,0,0,0,0,0,0,0,151,62.25,0,0,0,0,0,0,1,,,,,8,6,,0,1,1,0,0,0,0,1,1,1,0,2,0,,,0,0,72,27.3970529070395,0,0,1,0,1,,0,0,0,0,0,,1,15698,,,0,0,0,,,0,126.6,0,36.5853658536585,3.59964832038599,2,0,0,0,57,0,0,,17248,15698,12,4939,59.6961916987591,0,Q2,low,low,Q1-Q3,Q1-Q3,TIA,13.5222450376454,1,1,1,0
1,2810510707,2018-06-30,20000,3,1,208,70,119,102,0.77,17.3,226.1,5.4,12426,8845.64352056612,9.0876803592403,2.32879377431907,0.845350440102808,0,,42.66,,1598.82,1,707.129588677576,6.56121394284513,0,63.31,0,12426,0,3,,12426,0,,,2,4574,5793,12426,14712,14712,2286,,0,0,,,,0,0,8,0,12426,M01AX05,TABLET,M01,M01A,M01AX,M01AX25,"",,1,,,,1,1,1,,,1,M01AX25,"",,1,,,,,,,,,,0,1,0,0,0,1,1,1,0,0,1,,1.02,87.74,2,012609CJB,531.606,2.23,14,191,14,133.173,8,13758,13758,42.66,1,0,0,0,0,2,0,0,0,0,0,0,0,0,0,0,0,147,60.25,0,0,0,0,0,0,1,,,,,3,1,,0,0,1,0,0,0,0,1,1,1,0,,0,,,0,0,63,28.4714014444472,0,0,1,1,1,,0,0,0,0,0,,0,,,,0,0,0,1,9662,1,114.2,1,76.514816452897,4.33748440120195,2,0,0,1,82,1,1,,17550,,,,107.873701470319,1,Q4,high,high,Q4,Q4,,,,,,
1,2810511282,2018-12-06,4647.7,2,1,196,69,90,89,0.78,13.8,151.3,5.4,12149,3071.84401850628,8.03003331775264,2.42868785656072,0.887351134788539,0,,43.82,,959.27,1,634.018506278916,6.45207814372559,0,65.54,0,12149,0,3,,12149,0,,,2,4567,5771,12149,14177,14177,2028,,0,0,,,,0,0,8,0,12149,"","","","","","","",,,,,,,,,,,,"","",,,,,,,,,,,,0,0,0,0,0,0,0,0,0,0,0,,0.35,40.45,2,012709CJB,438.79,1.38,16,279.1,16,133.04,8,13453,13453,43.82,0,0,0,0,0,2,0,0,0,0,0,0,0,0,0,0,0,147,61.25,0,0,0,0,0,0,1,,,,,8,8,,0,1,0,0,0,0,0,1,1,1,0,2,0,,,0,0,63,27.5493122414816,0,,0,0,0,,0,0,0,0,0,,0,,,,0,0,0,,,0,109,1,91.2095175148711,4.51315925035099,2,0,0,0,81,0,0,,17244,,,,37.9240002284726,1,Q2,low,low,Q1-Q3,Q1-Q3,,,,,,
1,2810511555,2018-12-22,4641.2,2,1,212,75,113,99,0.77,4.3,92.7,5.8,12841,5006.6882416397,8.51852994588967,1.89687795648061,0.640209353870432,0,,52.58,,10.17,1,10.9708737864078,2.39524392347675,0,62.53,0,12841,0,3,,12841,0,,,2,4578,5791,12841,15057,15057,2216,,0,0,,,,0,0,8,0,12841,M01AH01,200 MG,M01,M01A,M01AH,M01AH01,"",,1,,,,,,,,,1,"","",,,,,,,,,,,,0,1,0,0,0,0,0,0,0,0,1,,3.08,76.28,2,021909bCJ,467.85,1.73,48,232.1,48,143.081,8,13572,13572,52.58,0,0,0,0,0,2,0,0,0,0,0,0,0,0,0,0,2,150,61.5,0,0,0,0,0,0,1,,,,,3,7,,0,1,0,0,0,0,1,1,1,1,0,2,0,,,1,0,76,27.8834585033834,0,0,0,0,0,,0,0,0,0,0,,0,,,,0,0,1,,,0,114.4,1,46.38619201726,3.83700182910984,2,0,0,0,75,0,1,,17353,11226,11,4512,66.7558432218626,0,Q3,low,high,Q1-Q3,Q1-Q3,Atherothrombotic Infarction of Brain,12.35318275154,1,1,1,0
1,2810512005,2018-06-28,20000,3,1,139,43,94,107,1.39,196.2,89.7,6.7,11493,22296.5440356745,10.0121869694595,4.35212489158716,1.47066420665731,0,,43.24,,972.58,1,1084.25863991081,6.98865175124339,0,26.57,4,11493,1,1,1,11493,1,-308,11185,1,4336,5697,11493,,,,11493,1,1,-326,11167,,1,0,5,1,11493,C10AX09,80 MG,C10,C10A,C10AA,C10AA01,"",,,,,,1,,1,,1,1,C10AA01,"",,,,,,1,1,,,,,0,0,0,0,0,1,1,1,0,1,1,,14.62,30.32,2,012209CJB,301.07,10.29,13,220.2,13,151.283,8,12857,12857,43.24,0,0,0,0,0,8,0,0,0,0,0,0,1,0,,0,0,176,66.25,0,0,1,1,0,0,1,,,,,2,6,,0,1,0,0,0,0,0,,1,1,0,2,0,,,0,1,80,28.1933391207473,0,1,0,1,0,,0,0,0,0,1,2840,0,,1,3,1,1,1,,,0,77.2,1,2187.29096989967,7.69041905704865,3,1,0,1,48,1,1,11893,15853,2833,6,4360,464.511334076552,0,Q4,high,high,Q4,Q4,Angina,11.937029431896,1,1,0,0
1,2810512527,2018-12-15,5472.8,2,1,200,80,64,96,1.11,3,82.9,5.6,12454,6601.68878166466,8.79508077129363,,,,,19.96,,374.36,1,451.580217129071,6.1127530251359,0,77.7,0,12454,0,3,,12454,0,,,2,4537,5713,12454,14449,14449,1995,,0,0,,,,0,0,8,0,12454,C09AA03,10 MG,C09,C09A,C09AA,C09AA03,"",,,,,1,,,1,,,,"","",,,,,,,,,,,,0,0,0,0,1,0,0,1,0,0,0,,3.92,68.63,2,021109CJB,425.47,1.82,35,254.8,35,137.07,8,13477,13477,19.96,1,0,0,0,0,2,0,0,0,0,0,0,0,0,0,0,0,186,63,0,0,0,0,0,0,1,,,,,3,0,,0,1,1,0,0,0,0,1,1,1,0,2,0,,,0,0,79,32.9486373258461,0,0,1,0,1,,0,0,0,0,0,,0,,,,0,0,0,,,0,107.2,0,36.1881785283474,3.588732505509,2,0,0,0,47,1,1,,16493,,,,140.461463439674,1,Q4,high,high,Q4,Q4,,,,,,
1,2810512638,2018-12-22,3988,2,1,192,55,79,112,1.17,3,192.7,5.9,11813,2069.53814218993,7.6350807416495,2.44148936170213,0.892608247230596,0,,62.66,,2143.55,1,1112.37675142709,7.01425422266918,0,63.73,0,11813,0,3,,11813,0,,,1,,5637,11813,13659,13659,1846,,0,0,,,,0,0,8,0,11813,M01AX25,600 MG,M01,M01A,M01AX,M01AX25,"",,1,,,,,,,,,,"","",,,,,,,,,,,,0,1,0,0,0,0,0,0,0,0,0,,0.71,74.92,2,021909CJB,458.968,2.94,46,166.6,46,145.482,8,12635,12635,62.66,0,0,0,0,0,8,0,0,0,0,0,0,0,0,0,0,0,171,69,0,0,0,0,0,0,1,,,,,2,2,,0,1,0,0,0,0,0,,1,1,0,2,0,,,0,0,71,25.2524512610462,0,0,0,0,0,,0,0,0,0,0,,0,,,,0,0,0,,,0,121.2,0,15.5682407887909,2.74523299222993,1,0,0,0,62,0,0,,16416,,,,33.3796474546763,1,Q1,low,low,Q1-Q3,Q1-Q3,,,,,,
1,2810512945,2018-06-28,20000,3,1,152,57,105,99,1.12,41.9,90.7,5.7,11755,22050.7166482911,10.0011003814031,3.06112852664577,1.11878364753189,0,,23.1,,953.29,1,1051.03638368247,6.95753198843425,0,68.07,0,11755,0,3,41,11755,1,3511,15266,2,4331,5463,11755,14166,14166,2411,,0,0,,,,0,1,8,1,11755,"","","","","","","",,,,,,,,,,,,"","",,,,,,,,,,,,0,0,0,0,0,0,0,0,0,0,0,,3.33,44.59,2,012609CJB,383.872,1.63,14,206.7,14,109.49,8,13088,13088,23.1,0,0,0,0,0,2,0,0,0,0,0,0,0,0,0,0,0,135,60.5,0,0,0,0,0,0,1,,,,,3,8,,0,1,0,0,0,0,0,1,1,1,0,2,0,,,0,0,79,25.9315592738145,0,0,0,0,0,,0,0,0,0,0,,0,,,,0,0,0,,,0,74,1,461.962513781698,6.13548374878914,3,0,0,0,47,1,1,16264,16162,15266,41,4407,469.164184006193,0,Q4,high,high,Q4,Q4,CHF,12.0657084188912,1,1,1,0
1,2810513408,2018-01-01,4693.9,2,1,175,44,91,90,0.94,3,127,5.5,12336,3695.9842519685,8.21500217192147,1.21647509578544,0.195957411010053,1,,33.86,,1341.03,1,1055.92913385827,6.9621763539256,0,63.99,0,12336,0,3,,12336,0,,,1,5060,6110,12336,14335,14335,1999,,0,0,,,,0,0,8,0,12336,M01AX25,1200 MG,M01,M01A,M01AX,M01AX25,"",,1,,,,1,,,,,,"","",,,,,,,,,,,,0,1,0,0,0,1,0,0,0,0,0,,0.65,64.81,2,021009CJB,283.772,1.83,34,233.1,34,168.87,8,13386,13386,33.86,0,0,0,0,0,8,0,0,0,0,0,0,0,0,0,0,0,185,67.5,0,0,0,0,0,0,1,,,,,8,8,,0,1,0,0,0,0,0,,1,1,0,2,0,,,0,0,73,28.5476126507809,0,0,0,0,0,,0,0,0,0,0,,0,,,,0,0,1,,,0,112.8,0,23.6220472440945,3.16218048119166,1,0,1,0,80,0,0,,17171,,,,46.1998031496063,1,Q2,low,low,Q1-Q3,Q1-Q3,,,,,,
1,2810513532,2018-02-22,4919.9,2,1,140,47,65,121,0.67,3,47.2,5.2,12450,10423.5169491525,9.25181977747312,1.7629179331307,0.566970352775093,0,,48.6,,731.48,1,1549.74576271186,7.34584617240301,0,65.98,0,12450,0,3,,12450,0,,,2,4231,5694,12450,,,,,0,0,,,,0,0,8,0,12450,C10AX06,25 MG,C10,C10A,C10AX,C10AX06,"",,,,,,1,,1,,,,"","",,,,,,,,,,,,0,0,0,0,0,1,0,1,0,0,0,,5.67,71.41,2,022109CJB,257.816,3.63,50,232.8,50,137.003,8,13063,13063,48.6,1,0,0,0,0,2,0,0,0,0,0,0,0,0,0,0,0,251,64.5,0,0,0,0,0,0,1,,,,,6,6,,0,0,1,0,0,0,0,1,1,1,0,,0,,,0,0,67,42.4189490888446,0,0,1,0,1,,0,0,0,0,0,,0,,,,0,0,0,,,0,80,0,63.5593220338983,4.15197367505874,2,0,1,0,91,1,1,,16843,,,,114.54414229838,1,Q4,high,high,Q4,Q4,,,,,,
1,2810514058,2017-08-26,3099.4,2,1,205,56,107,118,0.96,3,120.7,5.5,12085,2567.85418392709,7.85082588123784,1.34144059869036,0.29374411013452,1,,39.42,,847.92,1,702.502071251036,6.55464834960361,0,64.21,0,12085,0,3,12,12085,0,,,1,4529,5789,12085,14620,14620,2535,12463,1,0,320,12405,,0,0,8,0,12085,C10AX09,10 MG,C10,C10A,C10AX,C10AX09,"",,,,1,,1,1,,,,,"","",,,,,,,,,,,,0,0,0,1,0,1,1,0,0,0,0,,0.68,120.5,2,010909CJB,540.724,1.16,2,198,2,178.473,8,13658,13658,39.42,1,0,0,0,0,8,0,0,0,0,0,0,0,0,0,0,0,181,65.25,1,1,0,0,0,0,1,,,,,3,1,,0,1,1,0,0,0,0,,1,1,0,2,0,,,0,1,64,29.8898100768853,0,0,1,1,1,,0,0,0,0,0,,1,9644,2,6,0,0,0,,,0,127.6,0,24.8550124275062,3.21305943954676,1,0,0,1,83,0,0,15588,,9644,12,,30.9380022159891,1,Q1,low,low,Q1-Q3,Q1-Q3,TIA,,,,,
7,2810514825,2018-11-24,11154.5,2,1,178,63,65,112,1.1,4.8,199.7,5.7,4791,5585.628442664,8.62795222847903,1.88865323435843,0.635864000656204,0,,51.72,,2244.1,1,1123.73560340511,7.02441377449585,0,63.77,0,4791,0,3,,4791,0,,,1,4791,6870,,,6870,2079,,0,0,,,,0,0,8,0,4791,A10BB01,2.5,A10,A10B,A10BB,A10BB01,"",,,,,,,,,,1,,"","",,,,,,,,,,,,0,0,0,0,0,0,0,0,0,1,0,,0.87,78.26,2,010809CJB,392.9,1.22,5,234.3,5,138.041,3,,,51.72,0,0,0,0,1,,0,0,0,0,0,0,,,,,0,181,69,0,0,0,0,0,0,,1,,,1,8,7,,0,0,0,1,,,0,,2,2,0,,0,,,0,0,63,26.7292027967799,0,1,0,0,0,,0,0,0,0,0,,0,,,,0,0,1,,,0,102,1,24.0360540811217,3.17955495647421,1,1,0,0,82,0,1,,8713,,,,68.1174200324878,1,Q3,low,high,Q1-Q3,Q1-Q3,,,,,,
7,2810514978,2017-08-12,1181.7,2,1,208,50,138,96,0.97,3,37.7,5.6,3388,3134.48275862069,8.0502194501791,1.29795299469295,0.260788403984373,1,1.5,34.68,33.92,606.59,2,1608.99204244032,7.38336320132467,0,56.96,0,3388,0,3,,3388,0,,,1,3388,5223,,,5223,1835,,0,0,,,,0,0,8,0,3388,M01AE01,200 MG,M01,M01A,M01AE,M01AE01,"",,1,,,,,,,,,,"","",,,,,,,,,,,,0,1,0,0,0,0,0,0,0,0,0,,0.92,31.13,2,123008CJB,369.008,1.06,3,185.7,3,146.511,3,,,34.68,0,0,0,0,0,,0,0,0,0,0,0,,,,,0,169,66.75,0,0,0,0,0,0,1,,,,,6,1,,1,0,0,0,,,0,,1,1,0,1,0,,,0,0,51,26.6679589033967,0,0,0,0,0,,0,0,0,0,0,,0,,,,0,0,0,,,0,130.4,0,79.5755968169761,4.37670747319628,2,0,0,0,90,0,0,,7971,,,,34.8275862068966,1,Q2,low,low,Q1-Q3,Q1-Q3,,,,,,
1,2810515187,2018-01-06,3344.5,2,1,221,54,90,92,0.88,3.1,83.1,5.6,11826,4024.66907340554,8.30019796868515,,,,,49.36,,573.31,1,689.903730445247,6.53655206676349,0,80.71,0,11826,0,3,,11826,0,,,2,4258,5692,11826,13770,13770,1944,,0,0,,,,0,0,8,0,11826,C10AX06,"",C10,C10A,C10AX,C10AX06,"",,,,,,1,,,,,,"","",,,,,,,,,,,,0,0,0,0,0,1,0,0,0,0,0,,0.56,22.54,2,021109CJB,397.332,0.68,51,234.6,35,145.758,8,12862,12867,49.36,0,0,0,0,0,2,0,0,0,0,0,0,0,0,0,0,0,137,60.75,0,0,0,0,0,0,1,,,,,4,7,,0,1,0,0,0,0,0,1,1,1,0,2,0,,,0,0,73,26.0995858068534,0,0,0,0,0,,0,0,0,0,0,,0,,,,0,0,0,,,0,149,0,37.3044524669073,3.61911268861184,2,0,1,0,65,0,0,,16647,,,,61.9179857447006,1,Q2,low,low,Q1-Q3,Q1-Q3,,,,,,
1,2810515332,2018-01-01,655.2,2,1,164,49,107,107,,3,77.3,5.7,12735,847.606727037516,6.74241676293358,,,,,28.96,,771.72,1,998.344113842173,6.90609802032949,0,64.47,0,12735,0,3,,12735,0,,,2,4676,5824,12735,14476,14476,1741,,0,0,,,,0,0,8,0,12735,M01AX05,750 + 600 MG,M01,M01A,M01AX,M01AX25,"",,1,,,,1,,,,,,M01AX25,"",,1,,,,1,1,,,,,0,1,0,0,0,1,1,0,0,0,0,,,89.48,2,021009CJB,,,,,,,,,,28.96,0,0,0,0,2,2,0,0,0,0,0,0,0,0,0,0,0,185,62.5,0,0,0,0,0,0,1,,,,,8,6,,0,1,0,1,0,0,0,1,1,1,0,2,0,,,0,0,66,33.2979353958708,0,0,0,1,0,,0,0,0,0,0,,0,,,,0,0,0,,,0,93.6,0,38.8098318240621,3.65867361205687,2,0,0,1,,0,0,,17564,,,,,1,Q1,low,,,Q1-Q3,,,,,,
1,2810515615,2018-12-08,9238,2,1,201,68,158,87,0.77,8.8,152.6,5.2,11762,6053.73525557012,8.70843075812829,2.5728051391863,0.944996797507626,0,,21.72,,999.97,1,655.288335517693,6.48507534566986,0,66.21,0,11762,0,3,,11762,0,,,2,4438,5651,11762,13758,13758,1996,,0,0,,,,0,0,8,0,11762,"","","","","","","",,,,,,,,,,,,"","",,,,,,,,,,,,0,0,0,0,0,0,0,0,0,0,0,,1.24,47.78,2,020309CJB,661.662,3.17,24,185,24,153.275,8,12956,12956,21.72,0,0,0,0,0,2,0,0,0,0,0,0,0,0,0,0,0,227,65.5,0,0,0,0,0,0,1,,,,,7,7,,0,1,0,0,0,0,0,1,1,1,0,2,0,,,0,0,63,37.2005079421848,0,0,0,0,0,,0,0,0,0,0,,0,,,,0,0,0,,,0,101.4,1,57.6671035386632,4.05468688161594,2,0,0,0,82,0,1,,16744,,,,73.8260397020746,1,Q3,high,high,Q1-Q3,Q1-Q3,,,,,,
1,2810515723,2018-01-28,4486.4,2,1,267,77,118,112,0.93,3,94.3,5.9,12212,4757.5821845175,8.4674948737489,2.0419527078566,0.713906559756653,0,,38.78,,884.13,1,937.571580063627,6.84329310699776,0,67.53,0,12212,0,3,,12212,0,,,2,4252,5678,12212,14126,14126,1914,,0,0,,,,0,0,8,0,12212,M01AX05,TABLET,M01,M01A,M01AX,M01AX25,"",,1,,,,,,,,,,M01AX25,"",,1,,,,,,,,,,0,1,0,0,0,0,0,0,0,0,0,,2.41,50.52,2,021709CJB,322.954,1.33,42,290.1,42,169.241,8,13122,13122,38.78,0,0,0,0,0,2,0,0,0,0,0,0,0,0,0,0,0,142,59.75,0,0,0,0,0,0,1,,,,,3,6,,0,1,0,0,0,0,0,1,1,1,0,2,0,,,0,0,67,27.9652134031601,0,0,0,0,0,,0,0,0,0,0,,0,,,,0,0,0,,,0,166.4,0,31.813361611877,3.45988637801084,2,0,0,0,64,0,1,,16906,,,,74.3372216330859,1,Q3,low,high,Q1-Q3,Q1-Q3,,,,,,
1,2810516354,2017-12-24,663.1,2,1,211,46,119,104,0.96,3,34.8,5.1,12727,1905.45977011494,7.55247860758249,1.340799031477,0.293265728398313,1,,29.04,,277.44,1,797.241379310345,6.68115749279984,0,71.17,0,12727,0,3,,12727,0,,,1,4612,5804,12727,14764,14764,2037,,0,0,,,,0,0,8,0,12727,M01AB05,75 MG/200 MCG,M01,M01A,M01AB,M01AB05,"",,1,,,,,,,,,,"","",,,,,,,,,,,,0,1,0,0,0,0,0,0,0,0,0,,0.7,44.83,2,020709CJB,324.258,0.84,32,161.1,32,142.29,8,13805,13805,29.04,0,0,0,0,0,8,0,0,0,0,0,0,0,0,0,0,0,177,71,0,0,0,0,0,0,1,,,,,6,7,,0,1,0,0,0,0,0,,1,1,0,2,0,,,0,0,60,24.6866512380119,0,0,0,0,0,,0,0,0,0,0,,0,,,,0,0,0,,,0,141.2,0,86.2068965517242,4.45675018086982,2,0,0,0,86,0,0,,17591,,,,22.1565089548249,1,Q1,low,low,Q1-Q3,Q1-Q3,,,,,,
1,2810517110,2018-01-28,2478.7,2,1,246,59,181,96,1.08,3,81.2,6,12117,3052.58620689655,8.02374444699363,2.82613390928726,1.03890966788397,0,,68.7,,667.67,1,822.253694581281,6.71204897831694,0,62.59,0,12117,0,3,,12117,0,,,2,4421,5642,12117,14175,14175,2058,,0,0,,,,0,0,8,0,12117,M01AE01,400 MG,M01,M01A,M01AE,M01AE01,"",,1,,,,,,,,,,"","",,,,,,,,,,,,0,1,0,0,0,0,0,0,0,0,0,,1.03,58.58,2,021809CJB,232.866,1.47,43,201.6,43,149.311,8,13005,13005,68.7,0,0,0,0,0,2,0,0,0,0,0,0,0,0,0,0,0,152,62.25,0,0,0,0,0,0,1,,,,,4,6,,0,1,0,0,0,0,0,1,1,1,0,2,0,,,0,0,81,27.5784903435099,0,0,0,0,0,,0,0,0,0,0,,0,,,,0,0,0,,,0,150.8,0,36.9458128078818,3.60945232048261,2,0,0,0,48,0,0,,16786,,,,63.5955459770115,1,Q2,low,low,Q1-Q3,Q1-Q3,,,,,,
1,2810517486,2017-10-28,2610.8,2,1,246,59,262,88,0.93,3.4,71.7,5.7,11977,3641.28312412831,8.20009140514358,1.91739130434783,0.650965566523651,0,,38.28,,710.53,1,990.976290097629,6.89869060881434,0,68.84,0,11977,0,3,,11977,0,,,2,4620,5721,11977,14094,14094,2117,,0,0,,,,0,0,8,0,11977,M01AE01,800 MG,M01,M01A,M01AE,M01AE01,"",,1,,,,1,1,1,,,,"","",,,,,,,,,,,,0,1,0,0,0,1,1,1,0,0,0,,3.84,35.27,2,012309CJB,734.128,4.03,13,165.1,13,121.113,8,13331,13331,38.28,0,0,0,0,0,2,0,0,0,0,0,0,0,0,0,0,0,193,64.25,0,0,0,0,0,0,1,,,,,7,2,,0,1,0,0,0,0,0,1,1,1,0,2,0,,,0,0,60,32.8712831720505,0,0,0,1,0,,0,0,0,0,0,,0,,,,0,0,0,,,0,134.6,0,47.4198047419805,3.85903996299868,2,0,0,1,67,0,0,,17123,,,,54.3475093153479,1,Q2,low,low,Q1-Q3,Q1-Q3,,,,,,
1,2810518075,2017-12-24,4544.4,2,1,265,46,166,99,0.79,3.1,109.8,5.7,11990,4138.79781420765,8.32816064160841,,,,,36.06,,1172.41,1,1067.76867030965,6.97332639522514,0,69.7,0,11990,0,3,,11990,0,,,2,4287,5619,11990,13970,13970,1980,,0,0,,,,0,0,8,0,11990,"","","","","","","",,,,,,,,,,,,"","",,,,,,,,,,,,0,0,0,0,0,0,0,0,0,0,0,,1.99,46.95,2,020709CJB,372.996,1.61,31,147.6,31,137.117,8,13073,13073,36.06,0,0,0,0,0,2,0,0,0,0,0,0,0,0,0,0,0,111,61.5,0,0,0,0,0,0,1,,,,,4,6,,0,1,0,0,0,0,0,1,1,1,0,2,0,,,0,0,82,20.6337592925037,0,0,0,0,0,,0,0,0,0,0,,0,,,,0,0,1,,,0,185.8,0,28.2331511839709,3.34049686139781,1,0,0,0,70,0,0,,16665,,,,59.1256830601093,1,Q2,low,low,Q1-Q3,Q1-Q3,,,,,,
1,2810518191,2018-12-08,4192.6,2,1,160,38,83,123,1.26,3,117.8,6.5,11399,3559.08319185059,8.17725826030039,2.02227171492205,0.704221490859039,0,,41.78,,1524.48,1,1294.12563667233,7.16559056205743,0,68.74,0,11399,0,3,,11399,0,,,1,4279,5649,11399,13405,13405,2006,,0,0,,,,0,0,8,0,11399,C09AA06,10 MG,C09,C09A,C09AA,C09AA06,"",,,,,1,,,,,1,,"","",,,,,,,,,,,,0,0,0,0,1,0,0,0,0,1,0,,1.28,85.77,2,020409CJB,554.474,2.38,26,240.1,26,194.039,8,12558,12558,41.78,1,0,0,0,1,8,0,0,0,0,0,0,0,0,0,0,0,258,72.75,0,0,0,0,0,0,1,,,,,7,1,,0,1,1,1,0,0,0,,1,1,0,2,0,,,0,0,61,34.2735683877149,0,1,1,0,1,,0,0,0,0,0,,0,,,,0,0,1,1,10361,1,105.4,0,25.4668930390492,3.23737929643276,1,1,0,0,61,0,0,,16345,,,,58.3456260959114,1,Q2,low,low,Q1-Q3,Q1-Q3,,,,,,
1,2810518930,2018-01-10,3169.5,2,0,305,63,161,113,0.61,3.3,69.7,5.5,12034,4547.34576757532,8.42229899394583,,,,,59.78,,1008.97,1,1447.58967001435,7.27765515572488,0,72.13,0,12034,0,3,,12034,0,,,2,4287,5653,12034,14126,14126,2092,11652,1,1,-382,11652,,0,0,8,0,12034,M01AE01,200 MG,M01,M01A,M01AE,M01AE01,"",,1,,,,,,,,,,"","",,,,,,,,,,,,0,1,0,0,0,0,0,0,0,0,0,,3.14,89.59,2,021109bCJ,422.458,1.71,37,195.7,37,160.591,8,13030,13030,59.78,0,0,0,0,0,2,0,0,0,0,0,0,0,0,0,0,0,158,63.25,0,0,0,0,0,0,1,,,,1,4,3,,0,1,0,0,0,0,0,1,1,1,0,2,0,,,0,0,66,27.7678106950521,0,0,0,0,0,,0,0,0,0,0,,0,,1,1,1,0,1,,,0,209.8,0,47.3457675753228,3.85747742968809,2,0,0,0,94,0,1,,16815,,,,48.3760188039928,1,Q3,low,low,Q1-Q3,Q1-Q3,,,,,,
1,2810518936,2017-12-31,2043.3,2,1,167,46,61,92,1.04,3,110.1,5.2,11685,1855.8583106267,7.52610256917484,3.42374213836478,1.23073414538654,0,,41.2,,747.69,1,679.100817438692,6.52076959582789,0,64.2,0,11685,0,3,,11685,0,,,1,4300,5873,11685,13667,13667,1982,,0,0,,,,0,0,8,0,11685,"","","","","","","",,,,,,,,,,,,"","",,,,,,,,,,,,0,0,0,0,0,0,0,0,0,0,0,,0.32,11.27,2,020909CJB,532.85,0.87,33,306,33,188.266,8,12750,12750,41.2,0,0,0,0,0,8,0,0,0,0,0,0,0,0,0,0,0,162,72,0,0,0,0,0,0,1,,,,,7,6,,0,1,0,0,0,0,0,,1,1,0,2,0,,,0,0,63,21.9712939425879,0,0,0,0,0,,0,0,0,0,0,,0,,,,0,0,1,,,0,108.8,0,27.2479564032698,3.30497852392161,1,0,0,0,76,0,0,,16535,,,,24.4191882977198,1,Q1,low,low,Q1-Q3,Q1-Q3,,,,,,
1,2810519038,2018-12-17,4223.5,2,1,194,87,64,93,0.73,3,86.9,5.6,11711,4860.18411967779,8.4888316008843,3.27970749542962,1.18775424019676,0,,32.98,,1983.69,1,2282.72727272727,7.73312617935326,0,63.16,0,11711,0,3,,11711,0,,,2,4686,5866,11711,14267,14267,2556,,0,0,,,,0,0,8,0,11711,M01AX05,500 + 400 MG,M01,M01A,M01AX,M01AX25,"",,1,,,,,,,,,,M01AX25,"",,1,,,,,,,,,,0,1,0,0,0,0,0,0,0,0,0,,6.26,26.85,2,020609CJB,381.284,0.74,29,125,29,98.753,8,12825,12825,32.98,0,0,0,0,0,2,0,0,0,0,0,0,0,0,0,0,0,123,62.25,0,0,0,0,0,0,1,,,,,7,2,,0,1,0,0,0,0,0,1,1,1,0,2,0,,,0,0,72,22.3168046858666,0,0,0,0,0,,0,0,0,0,0,,0,,,,0,0,1,,,0,94.2,0,34.5224395857307,3.5416095353789,2,0,0,0,82,0,1,,16611,,,,59.2705380448511,1,Q3,low,low,Q1-Q3,Q1-Q3,,,,,,
1,2810519765,2018-12-08,4128,2,1,162,59,66,105,0.8,3,109.5,5.7,11328,3769.86301369863,8.23479394389294,,,,,35.28,,753.81,1,688.41095890411,6.53438598359491,0,65.85,0,11328,0,3,,11328,0,,,2,,,11328,13384,13384,2056,,0,0,,,,0,0,8,0,11328,"","","","","","","",,,,,,,,,,,,"","",,,,,,,,,,,,0,0,0,0,0,0,0,0,0,0,0,,3.9,65.29,2,020209CJB,401.792,2.96,21,200.6,21,106.213,8,12557,12557,35.28,0,0,0,0,0,0,0,0,0,0,0,0,0,0,0,0,0,229,65.75,0,0,0,0,0,0,1,,,,,6,1,,0,1,0,0,0,0,0,0,1,1,0,2,0,,,0,0,49,37.2434222293303,0,,0,0,0,,0,0,0,0,0,,0,,,,0,0,0,,,0,89.8,0,27.3972602739726,3.31044301839369,1,0,0,0,87,0,0,,16345,,,,43.3317587781452,1,Q2,low,low,Q1-Q3,Q1-Q3,,,,,,
1,2810520166,2018-12-08,6368.2,2,1,166,41,118,148,1.16,17.5,153.5,6.7,12524,4148.66449511401,8.33054175302704,2.43644859813084,0.89054148647755,0,,37.04,,1689.67,1,1100.76221498371,7.00375814153883,0,,0,12524,,,12,12524,0,,,1,4531,5812,12524,14709,14709,2185,,0,0,,,,0,0,,0,12524,C10AA05,5 MG,C10,C10A,C10AA,C10AA05,"",,,,,,1,1,,,,,"","",,,,,,,,,,,,0,0,0,0,0,1,1,0,0,0,0,,0.33,100.6,2,020709CJB,559.812,1.32,31,230.5,31,181.426,8,13617,13617,37.04,0,0,0,0,0,8,0,0,0,0,0,0,0,0,0,0,0,155,65.25,0,0,0,0,0,0,1,,,,,7,2,,0,1,0,0,0,0,0,,1,1,0,2,0,,,0,0,70,25.5962461984377,0,0,0,1,0,,0,0,0,0,0,,1,12034,,,0,0,0,2,12032,1,101.4,1,114.00651465798,4.73625559288435,2,1,0,1,63,0,0,,17403,12034,12,4879,65.851817382762,0,Q2,low,high,Q1-Q3,Q1-Q3,TIA,13.3579739904175,1,1,1,0
1,2810520928,2017-11-21,4388.8,2,1,167,47,100,122,0.95,8.2,111.4,6.1,12497,3939.67684021544,8.27885397867825,1.24956063268893,0.22279199567691,1,,21.9,,645.83,1,579.739676840215,6.36257916975066,0,65.29,0,12497,0,3,40,12497,1,3599,16096,1,4542,5817,12497,15224,15224,2727,,0,0,,,,0,1,8,1,12497,"","","","","","","",,,,,,,,,,,,"","",,,,,,,,,,,,0,0,0,0,0,0,0,0,0,0,0,,1.7,44.38,2,012909CJB,336.606,2.12,19,275.5,19,134.526,8,13758,13758,21.9,0,0,0,0,1,8,0,0,0,0,0,0,0,0,0,0,0,200,69.25,1,1,0,0,0,0,1,,,,,7,1,,0,1,0,1,0,0,0,,1,1,0,2,0,,,0,1,60,29.3221663220034,0,0,0,0,0,,0,0,0,0,0,,0,,,,0,0,1,,,0,100,1,73.6086175942549,4.29876210575916,2,0,0,0,87,0,0,,17549,16096,40,5052,45.2836418415568,1,Q2,low,low,Q1-Q3,Q1-Q3,CHF,13.8316221765914,1,1,1,0
1,2810521775,2018-12-22,3176.7,2,1,192,57,87,101,0.82,3,149.8,5.6,12524,2120.62750333778,7.65946731600949,1.9627473806752,0.674345216577545,0,,39.2,,1355.42,1,904.819759679573,6.80773576328977,0,60.94,0,12524,0,3,,12524,0,,,1,4970,6078,12524,14399,14399,1875,,0,0,,,,0,0,8,0,12524,"","","","","","","",,,,,,,,,,,,"","",,,,,,,,,,,,0,0,0,0,0,0,0,0,0,0,0,,1.63,43.06,2,021809CJB,502.936,1.12,44,233.3,44,155.432,8,13398,13398,39.2,0,0,0,0,0,8,0,0,0,0,0,0,0,0,0,0,0,203,67.5,0,0,0,0,0,0,1,,,,,7,1,,0,1,0,0,0,0,0,,1,1,0,2,0,,,0,0,60,31.325218205992,0,0,0,0,0,,0,0,0,0,0,,0,,,,0,0,0,,,0,117.6,0,20.0267022696929,2.99706649656713,1,0,0,0,96,0,0,,17179,,,,22.0898698264352,1,Q1,low,low,Q1-Q3,Q1-Q3,,,,,,
1,2810522905,2018-12-22,4294.6,2,1,152,51,84,152,1.04,18.2,137.2,6.5,11717,3130.1749271137,8.04884416922934,1.78767772511848,0.580917417283236,0,,46.66,,1222.31,1,890.896501457726,6.79222826074361,0,64.57,0,11717,0,3,,11717,0,,,1,4343,5616,11717,13631,13631,1914,,0,0,,,,0,0,8,0,11717,C10AA02,40 MG,C10,C10A,C10AA,C10AA02,"",,,1,,,1,1,,,,,"","",,,,,,,,,,,,0,0,1,0,0,1,1,0,0,0,0,,0.87,66.32,2,021709CJB,437.422,0.96,42,172.1,42,148.483,8,12627,12627,46.66,0,0,0,0,1,8,0,0,0,0,0,0,0,0,0,0,0,210,68.25,0,0,0,0,0,0,1,,,,,7,6,,0,1,0,1,0,0,0,,1,1,0,2,0,,,0,0,67,31.697104814328,0,0,0,1,0,,0,0,0,0,0,,0,,,,0,0,0,,,0,84.2,1,132.65306122449,4.8877371577731,2,1,0,1,74,0,0,,16411,,,,42.2996611772122,1,Q2,low,low,Q1-Q3,Q1-Q3,,,,,,
1,2810523367,2018-01-28,4684.5,2,1,189,58,84,106,0.56,7.8,49.8,5.1,12539,9406.6265060241,9.14916966734873,3.0066889632107,1.10083946108093,0,,46.46,,1800.61,1,3615.68273092369,8.19303597732076,0,73.23,0,12539,0,3,,12539,0,,,2,4519,5728,12539,14408,14408,1869,,0,0,,,,0,0,8,0,12539,"","","","","","","",,,,,,,,,,,,"","",,,,,,,,,,,,0,0,0,0,0,0,0,0,0,0,0,,15.4,77.25,2,021809CJB,315.46,2.6,43,229,43,135.212,8,13435,13435,46.46,0,0,0,0,0,2,0,0,0,0,0,0,0,0,0,0,0,133,60.75,0,0,0,0,0,0,1,,,,,2,0,,0,1,0,0,0,0,0,1,1,1,0,2,0,,,0,0,76,25.3375541044635,0,,0,0,0,,0,0,0,0,0,,0,,,,0,0,0,,,0,114.2,1,156.626506024096,5.05386402864708,2,0,0,0,91,1,1,,17216,,,,103.369522044221,1,Q4,high,high,Q4,Q4,,,,,,
1,2810523644,2017-09-13,4732.6,2,1,196,60,63,98,0.78,11.1,75.7,5.5,12369,6251.78335535007,8.74062203888564,1.24248302618817,0.217111817879774,1,,22.26,,984.82,1,1300.95112285337,7.17085090890083,0,58.76,0,12369,0,3,,12369,0,,,1,4622,5883,12369,14560,14560,2191,,0,0,,,,0,0,8,0,12369,"","","","","","","",,,,,,,,,,,,"","",,,,,,,,,,,,0,0,0,0,0,0,0,0,0,0,0,,1.27,13.42,2,011409CJB,400.83,2.75,5,194.7,5,135.841,8,13841,13841,22.26,0,0,0,0,0,8,1,1,1,0,0,0,0,0,0,0,0,170,68,0,0,0,0,0,0,1,,,,,3,1,,0,1,0,0,0,0,0,,1,1,2,2,0,,,0,0,61,25.8485811089269,1,0,0,0,0,,0,0,0,0,0,,0,,,,0,0,0,,,0,123.4,1,146.63143989432,4.98792222685702,2,0,0,0,97,0,1,,17634,,,,64.4513747974234,1,Q3,high,low,Q1-Q3,Q1-Q3,,,,,,
1,2810523740,2017-10-25,1119.1,2,1,221,68,71,93,0.69,3.3,27.8,5.7,11533,4025.53956834532,8.30041423511548,2.71417910447761,0.998489552042032,0,,28.26,,244.87,1,880.827338129496,6.78086162276683,0,57.55,0,11533,0,3,,11533,0,,,2,4389,5715,11533,13799,13799,2266,,0,0,,,,0,0,8,0,11533,M01AE01,200 MG,M01,M01A,M01AE,M01AE01,"",,1,,,1,,,,,,,"","",,,,,,,,,,,,0,1,0,0,1,0,0,0,0,0,0,,21.84,77.23,2,012209CJB,317.302,3.33,13,192.3,13,124.704,8,12897,12897,28.26,1,0,0,0,0,2,0,0,0,0,0,0,0,0,0,0,0,161,61.5,0,0,0,0,0,0,1,,,,,3,6,,0,1,1,0,0,0,0,1,1,1,0,2,0,,,0,0,74,29.9282454602982,0,0,1,0,1,,0,0,0,0,0,,0,,,,0,0,0,,,0,138.8,0,118.705035971223,4.77664172675798,2,0,0,0,86,0,0,,16689,,,,46.8085996319224,1,Q2,low,low,Q1-Q3,Q1-Q3,,,,,,
1,2810523778,2018-12-17,1569.8,2,1,157,58,77,85,0.75,35.7,100.4,5.9,11781,1563.54581673307,7.35471148042318,4.14285714285714,1.42138568093116,0,,44.86,,1211.65,1,1206.82270916335,7.09574632477719,0,,0,11781,,,,11781,0,,,2,,5680,11781,13898,13898,2117,,0,0,,,,0,0,,0,11781,M01AE02,220 MG,M01,M01A,M01AE,M01AE02,"",,1,,1,1,1,1,,,,,"","",,,,,,,,,,,,0,1,0,1,1,1,1,0,0,0,0,,0.66,32.32,2,020609CJB,630.502,1.56,29,190.4,29,113.139,8,12895,12895,44.86,1,0,0,0,0,2,1,1,1,0,0,0,0,0,0,0,0,104,60.75,0,0,0,0,0,0,1,,,,,3,7,,0,1,1,0,0,0,0,1,1,1,2,2,0,,,0,0,68,19.8128242621369,1,0,1,1,1,,0,0,0,0,0,,0,,,,0,0,0,2,307,1,83.6,1,355.577689243028,5.8737437605101,3,0,0,1,82,0,0,,16681,,,,19.0676319113789,1,Q1,low,low,Q1-Q3,Q1-Q3,,,,,,
1,2810524318,2018-12-17,2795.8,2,1,196,61,89,104,1.14,3,99.6,5.8,11475,2807.0281124498,7.93988159143457,1.15701091519731,0.145839882218304,1,,41.8,,573.56,1,575.863453815261,6.35587057324438,0,69.31,0,11475,0,3,,11475,0,,,1,4313,5616,11475,13596,13596,2121,,0,0,,,,0,0,8,0,11475,M01AX05,750 MG,M01,M01A,M01AX,M01AX05,"",,1,,,,1,1,,,,,"","",,,,,,,,,,,,0,1,0,0,0,1,1,0,0,0,0,,1.27,28.01,2,020509CJB,266.106,0.96,29,214.1,29,128.982,8,12595,12595,41.8,0,0,0,0,0,8,0,0,0,0,0,0,0,0,0,0,0,176,67.75,0,0,0,0,0,0,1,,,,,7,1,,0,1,0,0,0,0,0,,1,1,0,2,0,,,0,0,58,26.9587456564382,0,0,0,1,0,,0,0,0,0,0,,0,,,,0,0,1,,,0,117.2,0,30.1204819277108,3.40520540305969,2,0,0,1,70,0,0,,16381,,,,40.1004016064257,1,Q2,low,low,Q1-Q3,Q1-Q3,,,,,,
1,2810524718,2017-11-21,274.4,2,1,128,39,63,105,1.01,3,75.7,5.4,12494,362.483487450462,5.89297892139642,2.58837772397094,0.951031318064012,0,,32.8,,680.5,1,898.943196829591,6.80121984763621,0,63.66,0,12494,0,3,,12494,0,,,1,4552,5830,12494,14675,14675,2181,,0,0,,,,0,0,8,0,12494,C10AA05,10 MG,C10,C10A,C10AA,C10AA05,"",,,,,1,1,1,1,,,,"","",,,,,,,,,,,,0,0,0,0,1,1,1,1,0,0,0,,0.34,49.81,2,012709bCJ,531.854,0.81,18,151.2,18,166.974,8,13768,13768,32.8,1,0,0,0,0,8,0,0,0,0,0,0,0,0,0,0,0,182,69.5,0,0,0,0,0,0,1,,,,,3,6,,0,1,1,0,0,0,0,,1,1,0,2,0,,,0,0,67,26.4915513527523,0,0,1,1,1,,0,0,0,0,0,,0,,,,0,0,0,,,0,76.4,0,39.6301188903567,3.67958940720684,2,0,0,1,77,0,0,,17559,,,,4.70757775909691,1,Q1,low,low,Q1-Q3,Q1-Q3,,,,,,
1,2810525084,2017-12-31,1995.5,2,1,222,50,200,102,0.85,3,86.3,5.6,12301,2312.28273464658,7.7459905123875,0.892797319932998,-0.113395689226758,1,,41.46,,557.09,1,645.527230590962,6.47006739466565,0,71.42,0,12301,0,3,,12301,0,,,2,,,12301,14400,14400,2099,,0,0,,,,0,0,8,0,12301,"","","","","","","",,,,,,,,,,,,"","",,,,,,,,,,,,0,0,0,0,0,0,0,0,0,0,0,,1.06,78.57,2,020909CJB,210.966,1.15,33,192.7,33,116.725,8,13366,13366,41.46,0,0,0,0,0,2,0,0,0,0,0,0,0,0,0,0,0,138,59,0,0,0,0,0,0,1,,,,,4,6,,0,1,0,0,0,0,0,1,1,1,0,2,0,,,0,0,62,27.872804955607,0,,0,0,0,,0,0,0,0,0,,0,,,,0,0,0,,,0,132,0,34.7624565469293,3.54853796956086,2,0,0,0,73,0,0,,17151,,,,31.6751059540628,1,Q1,low,low,Q1-Q3,Q1-Q3,,,,,,
1,2810525531,2017-11-18,4551.9,2,1,147,68,52,94,0.96,3,151.7,5.3,12033,3000.59327620303,8.00656530683291,1.26761819803747,0.237139705024941,1,,35.56,,735.24,1,484.667106130521,6.18346227615917,0,69.69,0,12033,0,3,,12033,0,,,1,4616,5781,12033,14659,14659,2626,,0,0,,,,0,0,8,0,12033,"","","","","","","",,,,,,,,,,,,"","",,,,,,,,,,,,0,0,0,0,0,0,0,0,0,0,0,,0.95,13.86,2,012909CJB,290.568,1.03,19,194,19,190.533,8,13282,13282,35.56,0,0,0,0,0,8,0,0,0,0,0,0,0,0,0,0,0,186,70.5,0,0,0,0,0,0,1,,,,,8,1,,0,1,0,0,0,0,0,,1,1,0,2,0,,,0,0,65,26.3111798292406,0,0,0,0,0,,0,0,0,0,0,,0,,,,0,0,0,,,0,68.6,0,19.77587343441,2.98446268129576,1,0,0,0,83,0,0,,17073,,,,36.1517262193136,1,Q2,low,low,Q1-Q3,Q1-Q3,,,,,,
1,2810525707,2018-11-26,6585.8,2,1,163,40,72,91,0.93,3,182.2,5.5,11640,3614.5993413831,8.19273629619135,0.936688311688312,-0.0654046970254202,1,,47.7,,1966.11,1,1079.09440175631,6.98387745147403,0,69.58,0,11640,0,3,,11640,0,,,1,4376,5582,11640,13797,13797,2157,11626,1,1,-14,11626,,0,0,8,0,11640,C07AB02,50 MG,C07,C07A,C07AB,C07AB02,"",,,,1,,,,,,,1,"","",,,,,,,,,,,,0,0,0,1,0,0,0,0,0,0,1,,1.08,35.23,2,011309CJB,221.638,2.61,4,214.9,4,178.015,8,13133,13133,47.7,0,0,0,0,0,8,1,1,0,60,0,0,0,1,0,0,0,188,70,0,0,0,0,0,0,1,,,,,7,6,,0,1,0,0,0,1,0,,1,1,1,2,0,,,0,0,60,26.9753682364508,1,0,0,0,0,,0,0,0,0,0,,0,,1,2,1,0,0,,,0,108.6,0,16.4654226125137,2.80126258282439,1,0,0,0,89,0,0,,16926,,,,40.6134757458775,1,Q2,low,low,Q1-Q3,Q1-Q3,,,,,,
7,2810525770,2018-11-24,6797.9,2,1,221,65,201,97,1.01,4.8,118.1,5.8,4304,5756.05419136325,8.65800748272376,2.21894093686354,0.797030026590154,0,0.7,49.38,48.88,1151.31,2,974.860287891617,6.88229416626008,0,74.65,0,4304,0,3,,4304,0,,,2,4304,6125,,,6125,1821,,0,0,,,,0,0,8,0,4304,M01AX25,1200 MG,M01,M01A,M01AX,M01AX25,"",,1,,,,,,1,,,,"","",,,,,,,,,,,,0,1,0,0,0,0,0,1,0,0,0,,0.94,91.72,2,122908CJB,429.896,1.51,2,207.8,2,130.144,3,,,49.38,1,0,0,0,0,,0,0,0,0,0,0,,,,,0,132,58,0,0,0,0,0,0,,,1,,,7,2,,0,1,1,0,,,0,,2,3,0,2,0,,,0,0,76,27.588212132429,0,0,1,0,1,,0,0,0,0,0,,0,,,,0,0,0,,,0,115.8,1,40.6435224386114,3.70483947369267,2,0,0,0,54,0,1,,8916,0,6,4612,106.593596136357,0,Q3,high,high,Q4,Q1-Q3,Angina,12.6269678302533,1,1,1,0
1,2810526080,2018-02-01,1311.6,2,1,188,98,63,93,0.77,3,60.5,6,11718,2167.93388429752,7.68152986592179,2.70314192849404,0.994414773682767,0,,57.14,,486.16,1,803.570247933884,6.6890646087784,0,,0,11718,,,,11718,0,,,2,4431,5655,11718,14129,14129,2411,,0,0,,,,0,0,,0,11718,C10AX06,20 MG,C10,C10A,C10AX,C10AX06,"",,,,,,1,1,1,,,,"","",,,,,,,,,,,,0,0,0,0,0,1,1,1,0,0,0,,0.64,55.34,2,021809CJB,244.492,1.29,43,174.2,43,92.323,8,12599,12599,57.14,1,0,0,0,0,2,0,0,0,0,0,0,0,0,0,0,0,132,61.5,0,0,0,0,0,0,1,,,,,3,0,,0,1,1,0,0,0,0,1,1,1,0,2,0,,,0,0,60,24.5374434829774,0,0,1,1,1,,0,0,0,0,0,,0,,,,0,0,0,,,0,77.4,0,49.5867768595041,3.90372420261345,2,0,0,1,84,0,0,,14129,,,,25.8087367178276,1,Q1,low,low,Q1-Q3,Q1-Q3,,,,,,
1,2810526418,2017-12-16,2464.8,2,1,193,93,67,99,0.82,3,86.9,5.7,11347,2836.36363636364,7.9502781009992,1.23853467561521,0.213928967629794,1,,26.04,,575.21,1,661.921749136939,6.49514734522976,0,67.09,0,11347,0,3,,11347,0,,,2,4213,5624,11347,13615,13615,2268,,0,0,,,,0,0,8,0,11347,M01AE02,"",M01,M01A,M01AE,M01AE02,"",,1,,,,,,,,,,"","",,,,,,,,,,,,0,1,0,0,0,0,0,0,0,0,0,,0.8,33.83,2,020509CJB,239.614,1.5,28,271.2,28,114.291,8,12475,12475,26.04,0,0,0,0,0,2,0,0,0,0,0,0,0,0,0,0,0,116,62.5,0,0,0,0,0,0,1,,,,,5,0,,0,1,0,0,0,0,0,1,1,1,0,2,0,,,0,0,65,20.8787054374109,0,0,0,0,0,,0,0,0,0,0,,0,,,,0,0,0,,,0,86.6,0,34.5224395857307,3.5416095353789,2,0,0,0,75,0,0,,16261,,,,37.8181818181818,1,Q2,low,low,Q1-Q3,Q1-Q3,,,,,,
1,2810527355,2017-11-23,3631.1,2,1,217,82,64,100,0.67,3,34.8,5.5,11879,10434.1954022989,9.25284371086518,3.14655172413793,1.14630716247613,0,,42.44,,829.27,1,2382.95977011494,7.77609859492306,0,63.5,0,11879,0,3,,11879,0,,,2,4265,5628,11879,14049,14049,2170,,0,0,,,,0,0,8,0,11879,"","","","","","","",,,,,,,,,,,,"","",,,,,,,,,,,,0,0,0,0,0,0,0,0,0,0,0,,2.23,51.73,2,013009CJB,457.15,1.28,20,295.7,20,147.254,8,13118,13118,42.44,0,0,0,0,0,2,0,0,0,0,0,0,0,0,0,0,0,156,63.75,0,0,0,0,0,0,1,,,,,3,2,,0,1,0,0,0,0,0,1,1,1,0,2,0,,,0,0,61,26.9879460174145,0,0,0,0,0,,0,0,0,0,0,,0,,,,0,0,0,,,0,122.2,0,86.2068965517242,4.45675018086982,2,0,0,0,95,1,1,,16906,,,,109.833635813672,1,Q4,high,high,Q4,Q4,,,,,,
1,2810527500,2017-09-15,1445.2,2,1,233,50,129,104,0.8,3,61.3,5.4,11965,2357.58564437194,7.76539334231941,2.53560830860534,0.930433572203284,0,,41.14,,858.5,1,1400.48939641109,7.24457702338346,0,73.08,0,11965,0,3,2,11965,0,,,1,5148,6304,11965,14161,14161,2196,,0,0,,,,0,0,8,0,11965,C07AB02,50MG,C07,C07A,C07AB,C07AB02,"",,,,1,,,,,,,,"","",,,,,,,,,,,,0,0,0,1,0,0,0,0,0,0,0,,2.29,102.1,2,011409CJB,426.4,3.05,6,243,6,212.292,8,13428,13428,41.14,1,0,0,0,0,8,0,0,0,0,0,0,0,0,0,0,0,210,71.25,0,0,0,0,0,0,1,,,,,8,1,,0,1,1,0,0,0,0,,1,1,0,2,0,,,0,0,58,29.0840692484709,0,0,1,0,1,140,0,1,1,0,1,12372,0,,,,0,0,0,,,0,157.2,0,48.9396411092985,3.89058772470808,2,0,0,0,98,0,0,,17221,12372,2,5256,24.0569963711423,1,Q1,low,low,Q1-Q3,Q1-Q3,MI,14.3901437371663,1,1,1,0
1,2810527890,2017-11-23,2041.2,2,1,183,72,73,95,0.81,3,30.5,5.5,12489,6692.45901639344,8.80873665156454,,,,,29.3,,331.41,1,1086.59016393443,6.99079978192702,0,66.14,0,12489,0,3,,12489,0,,,2,4523,5788,12489,,,,15441,1,0,2952,15441,,0,0,8,0,12489,"","","","","","","",,,,,,,,,,,,"","",,,,,,,,,,,,0,0,0,0,0,0,0,0,0,0,0,,1.02,44.63,2,020209CJB,632.66,0.72,21,240.6,21,150.016,8,13719,13719,29.3,0,0,0,0,0,2,0,0,0,0,0,0,0,0,0,0,0,106,60,0,0,0,0,0,0,1,,,,,6,6,,0,1,0,0,0,0,0,1,1,1,0,2,0,,,0,0,85,20.7018414036828,0,0,0,0,0,,0,0,0,0,0,,0,,1,1,0,0,0,,,0,96.4,0,98.3606557377049,4.58864088403688,2,0,0,0,66,1,1,15455,13513,15455,28,2966,101.400894187779,0,Q4,high,high,Q4,Q4,Death,8.12046543463381,1,0,0,0
1,2810528525,2018-07-06,20000,3,1,243,60,164,112,0.95,14.4,155,5.5,11578,12903.2258064516,9.46523262160497,1.76481149012567,0.568043880219882,0,,46.7,,2406.11,1,1552.32903225806,7.34751168359413,0,72.83,0,11578,0,3,,11578,0,,,2,,,11578,,,,,0,0,,,,0,0,8,0,11578,"","","","","","","",,,,,,,,,,,,"","",,,,,,,,,,,,0,0,0,0,0,0,0,0,0,0,0,,4.22,80.85,2,021009CJB,512.808,2.48,34,246.6,34,129.01,8,12617,12617,46.7,0,0,0,0,0,2,0,0,0,0,0,0,0,0,0,0,0,171,57.5,0,0,0,0,0,0,1,,,,,3,6,,0,1,0,0,0,0,0,1,1,1,0,2,0,,,0,0,72,36.3635298159065,0,,0,0,0,,0,0,0,0,0,,0,,,,0,0,0,,,0,150.2,1,92.9032258064516,4.53155836864485,2,0,0,0,60,1,1,,15339,,,,215.05376344086,1,Q4,high,high,Q4,Q4,,,,,,
1,2810528547,2018-02-22,2169.6,2,1,216,73,73,108,0.77,6.3,36.6,5.9,11789,5927.86885245902,8.68742004332685,1.39339622641509,0.331744095425267,1,,38.64,,189.5,1,517.75956284153,6.24951097010325,0,75.11,0,11789,0,3,,11789,0,,,1,,,11789,13773,13773,1984,,0,0,,,,0,0,8,0,11789,M01AE01,10 MG,C09,C09A,C09AA,C09AA07,"",,1,,,,,,,,,,C09AA07,"",,,,,1,,,,,,,0,1,0,0,1,0,0,0,0,0,0,,1.74,82.78,2,022009CJB,290.294,1.16,49,228.2,49,135.26,8,12451,12451,38.64,1,0,0,0,0,8,1,0,0,49,0,0,0,0,0,0,0,209,68.5,0,0,0,0,0,0,1,,,,,4,1,,0,0,1,0,0,0,0,,1,1,1,,0,,,0,0,54,31.3163224227242,0,0,1,0,1,,0,0,0,0,0,,0,,,,0,0,0,,,0,128.4,1,172.131147540984,5.1482566719723,2,0,0,0,103,0,1,,16231,,,,57.5521247811555,1,Q3,high,low,Q1-Q3,Q1-Q3,,,,,,
1,2810529605,2017-12-02,3044.6,2,1,231,42,282,97,0.83,3.7,28.3,5.6,12134,10758.3038869258,9.28343318996405,2.89409368635438,1.06267200030258,0,,40.3,,559.16,1,1975.83038869258,7.58874403894183,0,72.2,0,12134,0,3,,12134,0,,,2,4599,5705,12134,,,,,0,0,,,,0,0,8,0,12134,C03CA01,20 MG,C03,C03C,C03CA,C03CA01,"",,,,,,,,1,,,,"","",,,,,,,,,,,,0,0,0,0,0,0,0,1,0,0,0,,1.57,67.52,2,020409CJB,307.912,1.98,26,207,26,173.89,8,13294,13294,40.3,0,0,0,0,0,2,1,0,0,60,0,0,0,0,0,0,0,149,60.5,0,0,0,0,0,0,1,,,,,3,2,,0,1,0,0,0,0,0,1,1,1,1,2,0,,,0,0,64,28.6207580133212,0,0,0,0,0,,0,0,0,0,0,,0,,,,0,0,1,,,0,132.6,0,130.742049469965,4.87322629398312,2,0,0,0,75,1,1,14306,,14306,27,2172,143.444051825677,0,Q4,high,high,Q4,Q4,,5.94661190965092,1,0,0,0
1,2810529628,2018-11-26,7572.2,2,1,193,66,125,96,0.69,8,108.7,5.4,11829,6966.14535418583,8.84881731694222,3.45501285347044,1.23982617746465,0,,26.64,,1252.66,1,1152.40110395584,7.04960296117229,0,68.83,0,11829,0,3,,11829,0,,,2,,5508,11829,13897,13897,2068,,0,0,,,,0,0,8,0,11829,M01AE01,"",M01,M01A,M01AE,M01AE01,"",,1,,,,,,,,,,"","",,,,,,,,,,,,0,1,0,0,0,0,0,0,0,0,0,,2.73,44.97,2,012009CJB,404.18,1.63,10,169.5,10,93.552,8,13235,13235,26.64,0,0,0,0,0,2,0,0,0,0,0,0,0,0,0,0,0,141,66.25,0,0,0,0,0,0,1,,,,,6,2,,0,1,0,0,0,0,0,1,1,1,0,2,0,,,0,0,64,22.5867091819623,0,0,0,0,0,,0,0,0,0,0,,0,,,,0,0,0,,,0,102,1,73.5970561177553,4.29860502653481,2,0,0,0,92,1,1,,17027,,,,75.7189712411504,1,Q4,high,high,Q1-Q3,Q4,,,,,,
1,2810530042,2017-09-27,1365.6,2,1,181,34,167,125,0.83,34.6,138.3,5.7,12042,987.418655097614,6.89509411879761,1.14746543778802,0.137555542924248,1,,50.2,,1190.69,1,860.947216196674,6.75803319731814,0,,0,12042,,,,12042,0,,,2,4959,6324,12042,14874,14874,2832,,0,0,,,,0,0,,0,12042,M01AX05,TABLET,M01,M01A,M01AX,M01AX25,"",,1,,,,1,1,1,,,,M01AX25,"",,1,,,,,,,,,,0,1,0,0,0,1,1,1,0,0,0,,12.37,204.7,2,011609CJB,450.206,8.41,8,224.1,8,168.431,8,13469,13469,50.2,1,0,0,0,0,2,0,0,0,0,0,0,0,0,0,0,0,236,64.75,0,0,0,0,0,0,1,,,,,4,1,,0,1,1,0,0,0,0,1,1,1,0,2,0,,,0,0,59,39.5765625090678,0,0,1,1,1,,0,0,0,0,0,,0,,,,0,0,1,,,0,113.6,1,250.180766449747,5.5221837223751,2,0,0,1,77,0,0,,17262,,,,12.8236188973716,1,Q1,low,low,Q1-Q3,Q1-Q3,,,,,,
1,2810530399,2018-06-28,20000,3,1,184,44,114,108,0.89,17.8,222.8,5.5,11642,8976.66068222621,9.10238323047109,2.35680751173709,0.857307953982304,0,,32.6,,2247.45,1,1008.72980251346,6.91644719709223,0,66.48,0,11642,0,3,,11642,0,,,2,4290,5638,11642,14139,14139,2497,,0,0,,,,0,0,8,0,11642,C10AX06,"",C10,C10A,C10AX,C10AX06,"",,,,,,1,,,,,,"","",,,,,,,,,,,,0,0,0,0,0,1,0,0,0,0,0,,3.03,31.01,2,012009CJB,333.982,2.3,9,184.3,9,128.886,8,13057,13057,32.6,0,0,0,0,2,2,1,1,1,0,0,0,0,0,0,0,0,163,62.5,0,0,0,0,0,0,1,,,,,6,1,,0,0,0,1,0,0,0,1,1,1,2,,0,,,0,0,61,29.3381809163618,1,0,0,0,0,,0,0,0,0,0,,0,,,,0,0,0,,,0,117.2,1,79.8922800718133,4.38067922822705,2,0,1,0,70,1,1,,16849,,,,128.238009746089,1,Q4,high,high,Q4,Q4,,,,,,
1,2810530408,2017-08-29,2221.8,2,1,239,49,108,103,0.85,6.9,146.8,5.4,11281,1513.48773841962,7.3221720269553,2.1786703601108,0.778714764165452,0,,46.82,,3210.67,1,2187.10490463215,7.69033398689361,0,60.93,0,11281,0,3,2,11281,0,,,1,,5155,11281,13479,13479,2198,,0,0,,,,0,0,8,0,11281,M01AE01,200 MG,M01,M01A,M01AE,M01AE01,"",,1,,,,,,,,,,"","",,,,,,,,,,,,0,1,0,0,0,0,0,0,0,0,0,,0.78,57.07,2,010909CJB,,,2,215.9,2,177.377,8,12846,12846,46.82,0,0,0,0,0,8,0,0,0,0,0,0,0,0,0,0,0,164,70.75,0,0,0,0,0,0,1,,,,,3,1,,0,1,0,0,0,0,0,,1,1,0,2,0,,,0,0,57,23.0354431915896,0,0,0,0,0,,0,0,0,0,1,15764,0,,,,0,0,0,,,0,168.4,1,47.0027247956403,3.85020557440494,2,0,0,0,97,0,0,,16640,15764,2,5359,15.60296637546,1,Q1,low,low,Q1-Q3,Q1-Q3,MI,14.6721423682409,1,1,1,0
1,2810530743,2017-11-21,3810.5,2,1,165,38,105,98,0.7,3,167,5.6,12095,2281.73652694611,7.73269206667751,1.15700058582308,0.145830954540782,1,,47.66,,1184.1,1,709.041916167665,6.56391464490825,0,,0,12095,,,,12095,0,,,1,4619,5715,12095,14226,14226,2131,,0,0,,,,0,0,,0,12095,C09AA03,10 MG,C09,C09A,C09AA,C09AA03,"",,,,,1,,,,,,,"","",,,,,,,,,,,,0,0,0,0,1,0,0,0,0,0,0,,4.66,174.6,2,012909CJB,361.132,4.11,19,208.1,19,134.698,8,13348,13348,47.66,1,0,0,0,0,8,0,0,0,0,0,0,0,0,0,0,0,272,68.5,0,0,0,0,0,0,1,,,,,3,1,,0,1,1,0,0,0,0,,1,1,0,2,0,,,0,0,53,40.7561708085215,0,0,1,0,1,,0,0,0,0,0,,0,,,,0,0,0,,,0,106,0,17.9640718562874,2.88837375523349,1,0,0,0,108,0,0,,17139,,,,21.1271900643158,1,Q1,low,low,Q1-Q3,Q1-Q3,,,,,,
1,2810531289,2018-12-15,6792.4,2,1,218,119,76,97,0.86,4.9,57,4.8,12732,11916.4912280702,9.38567853722569,,,,,59.44,,1034.25,1,1814.47368421053,7.50355072349506,0,68.81,0,12732,0,3,,12732,0,,,1,5603,6667,12732,,,,,0,0,,,,0,0,8,0,12732,"","","","","","","",,,,,,,,,,,,"","",,,,,,,,,,,,0,0,0,0,0,0,0,0,0,0,0,,1.21,57.8,2,020909CJB,,,32,208.5,32,134.459,8,13798,13798,59.44,1,0,0,0,0,8,1,1,1,0,0,0,0,0,0,0,0,157,67.75,0,0,0,0,0,0,1,,,,,3,2,,0,1,1,0,0,0,0,,1,1,2,2,0,,,0,0,61,24.0484265230727,1,0,1,0,1,,0,0,0,0,0,,0,,,,0,0,0,,,0,83.8,1,85.9649122807018,4.45393921626417,2,0,0,0,94,1,1,14909,,14909,27,2177,126.771183277342,0,Q4,high,high,Q4,Q4,,5.96030116358659,1,0,0,0
1,2810531653,2018-07-06,20000,3,1,232,32,173,95,1.26,13.4,158.1,5.5,12076,12650.2213788741,9.44542999430879,1.50664893617021,0.409887937078166,1,,86.66,,1759.6,1,1112.96647691335,7.01478423124723,0,66.2,0,12076,0,3,1,12076,0,,,1,4293,5644,12076,14079,14079,2003,14723,1,0,1920,13996,,0,0,8,0,12076,C09AA03,5 MG,C09,C09A,C09AA,C09AA03,"",,,,,1,,,1,,,,"","",,,,,,,,,,,,0,0,0,0,1,0,0,1,0,0,0,,8.98,69.94,2,021309CJB,302.612,7.45,39,286.2,39,234.547,8,13030,13030,86.66,1,0,0,0,0,8,1,1,1,0,0,0,0,0,0,0,0,228,70.25,1,0,0,0,0,0,1,,,,,6,2,,0,0,1,0,0,0,0,,1,1,2,,0,,,0,1,64,32.4823769922106,1,0,1,0,1,140,0,1,1,0,1,13407,0,,1,2,0,0,1,,,0,165.4,1,84.7564832384567,4.43978224172358,2,0,0,0,60,1,1,,16814,12614,30,4738,210.837022981235,0,Q4,high,high,Q4,Q4,IC,12.9719370294319,1,1,1,0
1,2810531692,2018-06-30,20000,3,1,224,47,187,99,0.97,3.4,178.2,5.4,11673,11223.3445566779,9.32575122348751,1.0974866717441,0.093022721696726,1,,38.18,,1557.79,1,874.180695847363,6.77328710010734,0,66.52,0,11673,0,3,,11673,0,,,1,4346,5744,11673,13683,13683,2010,,0,0,,,,0,0,8,0,11673,"","","","","","","",,,,,,,,,,,,"","",,,,,,,,,,,,0,0,0,0,0,0,0,0,0,0,0,,0.79,45.86,2,020309bCJ,392.528,1.19,24,153.5,24,172.385,8,12861,12861,38.18,0,0,0,0,0,8,0,0,0,0,0,0,0,0,0,0,0,173,66.5,0,0,0,0,0,0,1,,,,,7,6,,0,1,0,0,0,0,0,,1,1,0,2,0,,,0,0,69,27.5047958089585,0,0,0,0,0,,0,0,0,0,0,,0,,,,0,0,1,,,0,139.6,0,19.0796857463524,2.94862419556754,1,0,0,0,79,1,1,14746,,14746,27,3073,142.067652616176,0,Q4,high,high,Q4,Q4,,8.41341546885695,1,0,0,0
7,2810531908,2017-08-13,2318.2,2,1,152,57,71,97,0.67,3,85.1,5.4,4283,2724.089306698,7.90988945186341,2.38902538902539,0.870885495757017,0,7,22.1,24.4,642.57,2,755.076380728555,6.62681891065992,0,59.2,0,4283,0,3,,4283,0,,,2,4283,5840,,,5840,1557,,0,0,,,,0,0,8,0,4283,M01AE02,220 MG,M01,M01A,M01AE,M01AE02,"",,1,,,,,,,,,,"","",,,,,,,,,,,,0,1,0,0,0,0,0,0,0,0,0,,0.49,45.82,2,010509CJB,317.438,1.59,4,158.1,4,85.873,3,,,22.1,0,0,0,0,0,,0,0,0,0,0,0,,,,,0,136,62.25,0,0,0,0,0,0,,,,,,5,1,1,1,0,0,0,,,0,,,,0,1,0,,,0,0,55,24.6754913599826,0,0,0,0,0,,0,0,0,0,0,,0,,,,0,0,0,,,0,80.8,0,35.2526439482961,3.56254053207092,2,0,0,0,99,0,0,,8813,,,,27.5160536030101,1,Q2,low,low,Q1-Q3,Q1-Q3,,,,,,
1,2810532369,2018-02-01,1590.3,2,1,180,69,82,97,0.82,3,40.8,5.8,12691,3897.79411764706,8.26816606123985,3.93881644934804,1.37088028461617,0,,41.98,,485.1,1,1188.97058823529,7.08084315982915,0,73.09,0,12691,0,3,,12691,0,,,2,5358,6462,12691,14707,14707,2016,,0,0,,,,0,0,8,0,12691,"","","","","","","",,,,,,,,,,,,"","",,,,,,,,,,,,0,0,0,0,0,0,0,0,0,0,0,,46.82,58.95,2,021809CJB,559.31,5.98,44,215.9,44,125.757,8,13559,13559,41.98,0,0,0,0,0,2,0,0,0,0,0,0,0,0,0,0,0,149,61.5,0,0,0,0,0,0,1,,,,,7,0,,0,1,0,0,0,0,0,1,1,1,0,2,0,,,0,0,72,27.6975687800275,0,0,0,0,0,,0,0,0,0,0,,0,,,,0,0,0,,,0,94.6,0,73.5294117647059,4.29768548624013,2,0,0,0,71,0,0,,17340,,,,54.8985086992543,1,Q2,low,low,Q1-Q3,Q1-Q3,,,,,,
1,2810533282,2017-10-22,2960.2,2,1,239,59,95,96,0.79,5.5,134.9,5.2,11382,2194.3661971831,7.69364853537747,1.16388888888889,0.151766888471982,1,,22.36,,1933.08,1,1432.97257227576,7.26750628757226,0,63.66,0,11382,0,3,12,11382,0,,,2,4056,5268,11382,13535,13535,2153,,0,0,,,,0,0,8,0,11382,M01AE01,200 MG,M01,M01A,M01AE,M01AE01,"",,1,,,,,,,,,,"","",,,,,,,,,,,,0,1,0,0,0,0,0,0,0,0,0,,2.36,39.34,2,012109CJB,298.448,1.16,10,148.6,10,116.33,8,12778,12778,22.36,0,0,0,0,0,2,0,0,0,0,0,0,0,0,0,0,0,180,60.25,0,0,0,0,0,0,1,,,,,3,1,,0,0,0,0,0,0,0,1,1,1,0,,0,,,0,0,57,34.862940544221,0,0,0,0,0,,0,0,0,0,1,14005,1,13866,,,0,0,0,,,0,161,1,40.7709414381023,3.70796960800685,2,0,0,0,83,0,0,,16570,13866,12,5188,26.4381469540132,1,Q1,low,low,Q1-Q3,Q1-Q3,TIA,14.2039698836413,1,1,1,0
1,2810534174,2017-11-26,2228.2,2,1,191,76,77,90,0.89,3,54.8,5.3,12547,4066.05839416058,8.31042935565934,,,,,30.64,,181.29,1,330.821167883212,5.8015779510757,0,76.97,0,12547,0,3,,12547,0,,,2,4580,5986,12547,14672,14672,2125,,0,0,,,,0,0,8,0,12547,C10AX06,250 MG,C10,C10A,C10AX,C10AX06,"",,,,,,1,,,,,,"","",,,,,,,,,,,,0,0,0,0,0,1,0,0,0,0,0,,0.86,18.84,2,020309bCJ,420.254,0.92,24,154.5,24,164.287,8,13727,13727,30.64,0,0,0,0,0,2,0,0,0,0,0,0,0,0,0,0,0,100,63,0,0,0,0,0,0,1,,,,,4,2,,0,1,0,0,0,0,0,1,1,1,0,2,0,,,0,0,66,17.714321142928,0,0,0,0,0,,0,0,0,0,0,,0,,,,0,0,1,,,0,99.6,0,54.7445255474453,4.00267737369628,2,0,1,0,68,0,0,,17515,,,,59.7949763847145,1,Q2,low,low,Q1-Q3,Q1-Q3,,,,,,
1,2810534614,2018-01-13,2281,2,1,247,119,41,105,0.79,3,93.4,5.4,11980,2442.18415417559,7.80064806303768,5.77813095994914,1.75408026706049,0,,29.16,,955.2,1,1022.69807280514,6.93019958339163,0,67.1,0,11980,0,3,,11980,0,,,2,4393,5678,11980,14077,14077,2097,,0,0,,,,0,0,8,0,11980,"","","","","","","",,,,,,,,,,,,"","",,,,,,,,,,,,0,0,0,0,0,0,0,0,0,0,0,,0.18,20.58,2,021309CJB,192.214,0.43,39,223.2,39,140.109,8,12954,12954,29.16,0,0,0,0,0,2,0,0,0,0,0,0,0,0,0,0,0,106,59,0,0,0,0,0,0,1,,,,,6,0,,0,1,0,0,0,0,0,1,1,1,0,2,0,,,0,0,68,21.4095458354663,0,0,0,0,0,,0,0,0,0,0,,0,,,,0,0,0,,,0,119.8,0,32.1199143468951,3.46947622241545,2,0,0,0,77,0,0,,16738,,,,31.7166773269557,1,Q1,low,low,Q1-Q3,Q1-Q3,,,,,,
1,2810535115,2017-08-29,1069.8,2,1,134,44,120,179,0.74,3,86.4,8.1,12111,1238.19444444444,7.12140950427523,1.59714512291832,0.468217737313588,1,,42.98,,1393.85,1,1613.25231481481,7.38600749169161,0,,0,12111,,,40,12111,1,3599,15710,2,4538,5791,12111,14314,14314,2203,,0,0,,,,0,1,,1,12111,M01AE02,220 MG,M01,M01A,M01AE,M01AE02,"",,1,,,1,1,1,,,1,,"","",,,,,,,,,,,,0,1,0,0,1,1,1,0,0,1,0,,3.6,41.39,2,010909CJB,392.152,3.37,2,115.8,2,81.186,8,13671,13671,42.98,1,0,0,0,1,2,0,0,0,0,0,0,0,0,0,0,0,216,62.75,0,0,0,0,0,0,1,,,,,5,0,,0,1,1,1,0,0,0,1,1,1,0,2,0,,,0,0,65,38.568424940853,0,1,1,1,1,,0,0,0,0,0,,0,,,,0,0,1,,,0,66,0,34.7222222222222,3.54737989184024,2,1,0,1,85,0,0,,17209,15710,40,5098,14.5669934640523,1,Q1,low,low,Q1-Q3,Q1-Q3,CHF,13.9575633127995,1,1,1,0
1,2810535204,2017-10-25,1625.8,2,1,216,59,175,93,0.71,3,25.3,6,12375,6426.08695652174,8.76812107156709,2.23622047244095,0.804787151702615,0,,39.52,,313.66,1,1239.7628458498,7.1226753869609,0,63.25,0,12375,0,3,,12375,0,,,2,4503,5788,12375,14607,14607,2232,,0,0,,,,0,0,8,0,12375,"","","","","","","",,,,,,,,,,,,"","",,,,,,,,,,,,0,0,0,0,0,0,0,0,0,0,0,,0.44,89.29,2,020209CJB,590.606,1.7,21,154.4,21,120.131,8,13603,13603,39.52,0,0,0,0,0,2,0,0,0,0,0,0,0,0,0,0,0,109,60,0,0,0,0,0,0,1,,,,,3,2,,0,1,0,0,0,0,0,1,1,1,0,2,0,,,0,0,64,21.2877425754852,0,0,0,0,0,,0,0,0,0,0,,0,,,,0,0,0,,,0,122,0,118.577075098814,4.77556317191677,2,0,0,0,90,0,1,15387,,15387,27,3012,71.4009661835749,0,Q3,high,high,Q1-Q3,Q1-Q3,,8.24640657084189,1,0,0,0
1,2810535335,2017-08-30,1206.7,2,1,218,68,78,82,1.08,3,43.7,5.8,11904,2761.32723112128,7.9234667239661,3.57836787564767,1.27490679580123,0,,55.14,,375.33,1,858.878718535469,6.75562772288397,0,65.84,0,11904,0,3,,11904,0,,,2,4597,5749,11904,14094,14094,2190,,0,0,,,,0,0,8,0,11904,M01AX05,TABLET,M01,M01A,M01AX,M01AX25,"",,1,1,1,,1,,,,,,M01AX25,"",,1,,,,,,,,,,0,1,1,1,0,1,0,0,0,0,0,,3.64,18.78,2,011209CJB,366.232,2.9,3,218.9,3,130.434,8,13449,13449,55.14,1,0,0,0,0,2,0,0,0,0,0,0,0,0,0,0,0,136,64,0,0,0,0,0,0,1,,,,,3,2,,0,1,1,0,0,0,0,1,1,1,0,2,0,,,0,0,53,23.3444998139996,0,0,1,1,1,,0,0,0,0,0,,0,,,,0,0,0,,,0,134.4,0,68.649885583524,4.2290194655487,2,0,1,0,59,0,0,,17242,,,,46.8021564596827,1,Q2,low,low,Q1-Q3,Q1-Q3,,,,,,
1,2810535456,2018-12-15,6510.4,2,1,153,31,190,129,0.99,618.2,112.5,6.4,12657,5787.02222222222,8.66337314159104,,,,,51.42,,1083.68,1,963.271111111111,6.87033489981021,0,,0,12657,,,13,12657,1,2226,14883,1,,,12657,,,,12657,1,1,-1751,10906,,0,1,,1,12657,M01AX05,750+600 MG,M01,M01A,M01AX,M01AX25,"",,1,,1,,1,,1,,,1,M01AX25,"",,1,,,,,,,,,,0,1,0,1,0,1,0,1,0,0,1,,8.49,180.7,2,020909CJB,506.946,6.25,33,177.2,33,158.695,8,13716,13716,51.42,1,0,0,0,0,8,1,0,0,67,0,0,0,1,1,0,0,296,68.25,0,0,0,0,0,0,1,,,,,3,6,,0,1,1,0,0,1,0,,1,1,1,2,0,,,1,0,73,44.6778239287671,0,0,1,0,1,,0,0,0,0,0,,1,14239,1,3,1,1,0,,,0,84,1,5495.11111111111,8.61161408703568,3,1,1,0,75,0,1,15372,,14239,13,,77.1602962962963,1,Q3,high,high,Q1-Q3,Q1-Q3,Cancer Death,,,,,
1,2810535545,2018-12-17,1939.7,2,1,187,63,65,86,0.84,3,24.7,5.4,12246,7853.03643724696,8.96865554327841,,,,,40.88,,179.21,1,725.546558704454,6.58692524490946,0,65.69,0,12246,0,3,,12246,0,,,2,4606,5725,12246,14408,14408,2162,,0,0,,,,0,0,8,0,12246,"","","","","","","",,,,,,,,,,,,"","",,,,,,,,,,,,0,0,0,0,0,0,0,0,0,0,0,,2.1,25.44,2,020509CJB,445.934,1.45,29,212.5,29,132.83,8,13364,13364,40.88,0,0,0,0,0,2,0,0,0,0,0,0,0,0,0,0,0,146,68,0,0,0,0,0,0,1,,,,,8,1,,0,1,0,0,0,0,0,1,1,1,0,2,0,,,0,0,54,22.1993696582549,0,0,0,0,0,,0,0,0,0,0,,0,,,,0,0,0,,,0,111,0,121.457489878543,4.79956432401632,2,0,0,0,79,1,1,,17150,,,,99.4055245221135,1,Q4,high,high,Q4,Q4,,,,,,
1,2810535826,2017-12-24,554.1,2,1,189,74,66,99,0.99,3,24.4,5.3,12061,2270.90163934426,7.72793222956224,1.22027972027972,0.199080111382575,1,,38.74,,137.33,1,562.827868852459,6.33297384223113,0,66.36,0,12061,0,3,,12061,0,,,1,,,12061,14539,14539,2478,,0,0,,,,0,0,8,0,12061,"","","","","","","",,,,,,,,,,,,"","",,,,,,,,,,,,0,0,0,0,0,0,0,0,0,0,0,,0.2,18.2,2,020709CJB,346.716,0.54,31,239,31,162.477,8,13140,13140,38.74,0,0,0,0,0,8,0,0,0,0,0,0,0,0,0,0,0,153,66.75,0,0,0,0,0,0,1,,,,,8,1,,0,1,0,0,0,0,0,,1,1,0,2,0,,,0,0,52,24.1431817291106,0,0,0,0,0,,0,0,0,0,0,,0,,,,0,0,0,,,0,101.8,0,122.950819672131,4.81178443535109,2,0,0,0,87,0,0,,16926,,,,26.1023176936122,1,Q1,low,low,Q1-Q3,Q1-Q3,,,,,,
1,2810536788,2018-11-26,4329.5,2,1,226,85,111,97,0.93,3,92.1,5.3,12181,4700.86862106406,8.45550258361469,,,,,61.02,,1690.22,1,1835.20086862106,7.51490921968639,0,72.08,0,12181,0,3,41,12181,1,1834,14015,1,4900,6419,12181,14532,14532,2351,14379,1,0,1834,14015,,0,1,8,1,12181,C07AB03,50 MG,C07,C07A,C07AB,C07AB03,"",,,,1,,,,,,,,"","",,,,,,,,,,,,0,0,0,1,0,0,0,0,0,0,0,,3.6,38.3,2,011209CJB,468.094,4.49,3,289.5,3,145.858,8,13722,13722,61.02,1,0,0,0,0,8,0,0,0,0,0,0,0,0,0,0,1,170,68.25,0,0,0,0,0,0,1,,,,,7,6,,0,1,1,0,0,0,1,,1,1,0,2,0,,,1,0,77,25.6595610401703,0,0,1,0,1,143,1,0,0,0,0,,0,,2,2,0,0,1,,,0,118.8,0,32.5732899022801,3.48349262438899,2,0,0,0,79,0,1,15207,15703,14015,41,3522,59.5046660894185,0,Q3,low,low,Q1-Q3,Q1-Q3,CHF,9.64271047227926,1,0,0,0
1,2810536812,2017-08-29,3365.1,2,1,133,38,145,136,2.15,240.2,127.1,5.8,11068,2647.60031471282,7.88140896711197,1.53341013824885,0.427494103734761,1,,38.46,,783,1,616.050354051928,6.42332870378349,0,66.97,0,11068,0,3,41,11068,1,1280,12348,1,4392,5635,11068,,,,13444,1,0,1176,12244,,0,1,8,1,11068,M01AX05,TABLET,M01,M01A,M01AX,M01AX25,"",,1,,,1,1,1,,,,,M01AX25,"",,1,,,,,,,,,,0,1,0,0,1,1,1,0,0,0,0,,3.21,122.3,2,011209CJB,628.386,2.8,2,215.8,2,163.297,8,12622,12622,38.46,1,0,0,0,1,8,0,0,0,0,0,0,0,0,0,0,0,234,70.25,1,0,0,0,0,0,1,,,,,7,6,,0,1,1,1,0,0,0,,1,1,0,2,0,,,0,1,80,33.3371763867424,0,0,1,1,1,,0,0,0,0,0,,0,,1,1,0,0,1,,,0,66,1,1889.85051140834,7.54425301043261,3,1,0,1,28,0,0,13459,,12348,41,,94.5571540968866,1,Q1,low,high,Q4,Q1-Q3,CHF,,,,,
1,2810537044,2018-01-08,757,2,1,198,82,99,96,0.99,3,23.7,5.4,11635,3194.09282700422,8.06905839128446,1.62370242214533,0.484708987354186,1,,45.08,,135.75,1,572.784810126582,6.35051009666105,0,64.55,0,11635,0,3,,11635,0,,,2,4586,5637,11635,13644,13644,2009,,0,0,,,,0,0,8,0,11635,C10AX06,1000 MG,C10,C10A,C10AX,C10AX06,"",,,,,,1,,,,,,"","",,,,,,,,,,,,0,0,0,0,0,1,0,0,0,0,0,,5.4,60.76,2,021109bCJ,289.376,1.99,36,181.7,36,105.498,8,12644,12644,45.08,0,0,0,0,0,2,0,0,0,0,0,0,0,0,0,0,0,154,66.25,0,0,0,0,0,0,1,,,,,7,0,,0,1,0,0,0,0,0,1,1,1,0,2,0,,,0,0,61,24.6691717306539,0,0,0,0,0,,0,0,0,0,0,,0,,,,0,0,1,,,0,96.2,0,126.582278481013,4.84089251950916,2,0,1,0,61,0,0,,16429,,,,52.3621774918725,1,Q2,low,low,Q1-Q3,Q1-Q3,,,,,,
1,2810537632,2018-07-06,20000,3,1,187,61,169,135,0.84,8,148.9,5.8,12510,13431.8334452653,9.50538279883426,1.80701754385965,0.591677720395086,0,,33.28,,1867.36,1,1254.10342511753,7.13417619396217,0,,0,12510,,,,12510,0,,,2,5123,6126,12510,14707,14707,2197,,0,0,,,,0,0,,0,12510,M01AE02,220 MG,M01,M01A,M01AE,M01AE02,"",,1,,,1,1,1,,,1,,"","",,,,,,,,,,,,0,1,0,0,1,1,1,0,0,1,0,,3.73,187.4,2,021909bCJ,220.4,2.25,47,201.4,47,134.555,8,13264,13264,33.28,1,0,0,0,1,2,1,0,0,60,0,0,0,0,0,0,0,198,63.25,0,0,0,0,0,0,1,,,,,6,6,,0,1,1,1,0,0,0,1,1,1,1,2,0,,,0,0,64,34.7976361874703,0,1,1,1,1,,0,0,0,0,0,,0,,,,0,0,0,,,0,92.2,1,53.7273337810611,3.98392188097201,2,1,0,1,73,1,1,,16170,,,,183.997718428292,1,Q4,high,high,Q4,Q4,,,,,,
1,2810537770,2018-12-22,6189.8,2,1,185,95,42,100,0.89,3,169.3,5.9,12971,3656.11340815121,8.20415595182795,,,,,45.36,,1222.48,1,722.079149438866,6.582134758146,0,73.57,0,12971,0,3,,12971,0,,,1,4565,5789,12971,,,,,0,0,,,,0,0,8,0,12971,"","","","","","","",,,,,,,,,,,,"","",,,,,,,,,,,,0,0,0,0,0,0,0,0,0,0,0,,3.42,41.26,2,022009CJB,405.258,1.99,49,188.2,49,135.907,8,13637,13637,45.36,0,0,0,0,0,8,0,0,0,0,0,0,0,0,0,0,0,159,67,0,0,0,0,0,0,1,,,,,4,6,,0,1,0,0,0,0,0,,1,1,0,2,0,,,0,0,67,24.9030838894826,0,,0,0,0,,0,0,0,0,0,,0,,,,0,0,0,,,0,81.6,0,17.7200236266982,2.87469527851116,1,0,0,0,88,0,0,,16795,,,,41.5467432744456,1,Q2,low,low,Q1-Q3,Q1-Q3,,,,,,
1,2810537846,2018-01-26,3389.8,2,1,184,65,144,95,0.68,12.6,41.8,5.3,12692,8109.56937799043,9.00080004804133,4.12845010615711,1.41790205957938,0,,70.28,,490.64,1,1173.77990430622,7.06798450777511,0,,0,12692,,,,12692,0,,,2,4585,5803,12692,14681,14681,1989,,0,0,,,,0,0,,0,12692,M01AX25,20/12.5 MG,C03,C03A,C03AA,C03AA03,"",,1,,1,1,1,1,,,,,C03AA03,"",,,,,,,,1,,,,0,1,0,1,1,1,1,1,0,0,0,,12.73,93.57,2,021709CJB,321.404,4.98,42,139.7,42,109.08,8,13605,13605,70.28,1,0,0,0,0,2,0,0,0,0,0,0,0,0,0,0,0,213,59.75,0,0,0,0,0,0,1,,,,,6,2,,0,1,1,0,0,0,0,1,1,1,0,2,0,,,0,0,59,41.9478201047402,0,0,1,1,1,,0,0,0,0,0,,0,,,,0,0,0,,,0,90.2,1,301.435406698565,5.70855575340886,3,0,0,1,96,1,1,,17389,,,,84.4746810207337,1,Q4,high,high,Q4,Q4,,,,,,
1,2810537877,2018-12-22,8866.3,2,1,177,44,129,105,1.73,90.5,110.2,5.9,11829,8045.6442831216,8.99288614113243,,,,,51.8,,1019.08,1,924.75499092559,6.82952882775189,0,,0,11829,,,,11829,0,,,1,4396,5633,11829,,,,,0,0,,,,0,0,,0,11829,C09AA03,10 MG,C09,C09A,C09AA,C09AA03,"",,,,,1,,,1,,,,"","",,,,,,,,,,,,0,0,0,0,1,0,0,1,0,0,0,,2.88,64.46,2,021709CJB,463.658,7.16,42,210.4,42,137.098,8,12739,12739,51.8,1,0,0,0,0,8,0,0,0,0,0,0,0,0,0,0,0,211,69.25,0,0,0,0,0,0,1,,,,,2,7,,0,1,1,0,0,0,0,,1,1,0,2,0,,,0,0,82,30.9348854697136,0,0,1,0,1,,0,0,0,0,0,,0,,,,0,0,0,1,9918,1,107.2,1,821.234119782214,6.7108082329692,3,0,0,0,36,1,1,12152,,12009,11,,223.4901189756,1,Q4,high,high,Q4,Q4,Atherothrombotic Infarction of Brain,,,,,
1,2810537927,2017-11-25,569.2,2,1,223,54,80,105,0.69,3,54,5.4,12609,1054.07407407407,6.96041800563951,,,,,32.44,,10,1,18.5185185185185,2.91877123241786,0,71.83,0,12609,0,3,,12609,0,,,2,4615,5820,12609,,,,,0,0,,,,0,0,8,0,12609,"","","","","","","",,,,,,,,,,,,"","",,,,,,,,,,,,0,0,0,0,0,0,0,0,0,0,0,,2.95,41.07,2,020209CJB,334.036,1.67,22,218.7,22,135.164,8,13820,13820,32.44,0,0,0,0,0,2,1,1,0,69,0,0,0,0,0,0,0,181,63.5,0,0,0,0,0,0,1,,,,,6,1,,0,1,0,0,0,0,0,1,1,1,1,2,0,,,0,0,70,31.5599812797989,1,,0,0,0,,0,0,0,0,0,,0,,,,0,0,1,,,0,153,0,55.5555555555556,4.01738352108597,2,0,0,0,88,0,0,,17608,4100,30,4999,11.9781144781145,0,Q1,low,low,Q1-Q3,Q1-Q3,IC,13.6865160848734,1,1,1,0
1,2810538492,2017-11-26,156.3,1,1,226,90,34,92,0.94,3,9.4,5.4,11796,1662.76595744681,7.41623773413956,2.3748031496063,0.86491454967521,0,,33.18,,70.31,1,747.978723404255,6.6173745329232,0,64.34,0,11796,0,3,,11796,0,,,2,4375,5656,11796,13794,13794,1998,,0,0,,,,0,0,8,0,11796,"","","","","","","",,,,,,,,,,,,"","",,,,,,,,,,,,0,0,0,0,0,0,0,0,0,0,0,,2.78,39.54,2,020309bCJ,226.534,1.13,25,191.7,25,113.606,8,12971,12971,33.18,0,0,0,0,0,2,0,0,0,0,0,0,0,0,0,0,0,126,58.5,0,0,0,0,0,0,1,,,,,3,6,,0,1,0,0,0,0,0,1,1,1,0,2,0,,,0,0,67,25.8859689317012,0,0,0,0,0,,0,0,0,0,0,,0,,,,0,0,0,,,0,129.2,0,319.148936170213,5.76565787837429,3,0,0,0,63,0,0,,16759,,,,26.3931104356636,1,Q1,low,low,Q1-Q3,Q1-Q3,,,,,,
1,2810538553,2017-11-26,2852.8,2,1,164,50,128,122,0.92,3,29.8,6.2,12162,9573.15436241611,9.16671803958561,1.77101096224117,0.571550548641037,0,,48.24,,301.68,1,1012.34899328859,6.92002864542683,0,68.9,0,12162,0,3,,12162,0,,,2,4647,5726,12162,14164,14164,2002,,0,0,,,,0,0,8,0,12162,C10AA05,20 MG,C10,C10A,C10AA,C10AA05,"",,,,,1,1,1,1,,,,"","",,,,,,,,,,,,0,0,0,0,1,1,1,1,0,0,0,,2.78,130.1,2,020309bCJ,270.798,2.04,25,147,25,123.327,8,13341,13341,48.24,1,0,0,0,0,2,0,0,0,0,0,0,0,0,0,0,0,203,69,0,0,0,0,0,0,1,,,,,4,2,,0,1,1,0,0,0,0,1,1,1,0,2,0,,,0,0,61,29.978056175394,0,0,1,1,1,,0,0,0,0,0,,0,,,,0,0,0,,,0,88.4,0,100.671140939597,4.61185917413889,2,0,0,1,67,1,1,,17129,,,,142.882900931584,1,Q4,high,high,Q4,Q4,,,,,,
1,2810538627,2018-02-17,1409.4,2,1,137,42,70,85,1.08,3.6,46.3,5,12659,3044.06047516199,8.02094758578883,3.63146997929607,1.28963751927956,0,,29.54,,457.15,1,987.365010799136,6.89503978950634,0,61.82,0,12659,0,3,15,12659,0,,,2,,5273,12659,,,,,0,0,,,,0,0,8,0,12659,M01AX25,600 MG,M01,M01A,M01AX,M01AX25,"",,1,,,,,,,,,,"","",,,,,,,,,,,,0,1,0,0,0,0,0,0,0,0,0,,0.86,55.15,2,022009CJB,368.04,2.72,48,159.1,48,88.293,8,13377,13377,29.54,0,0,0,0,0,2,0,0,0,0,0,0,0,0,0,0,0,136,62.5,1,,0,0,0,0,1,,,,,8,8,,0,1,0,0,0,0,0,1,1,1,0,2,0,,,0,1,77,24.4784822369645,0,0,0,0,0,,0,0,0,0,0,,1,14096,,,0,0,0,,,0,81,0,77.7537796976242,4.35354716335201,2,0,0,0,49,0,0,,17158,14096,15,4499,62.1236831665712,0,Q2,low,low,Q1-Q3,Q1-Q3,Subarachnoid Hemmorhage,12.3175906913073,1,1,1,0
1,2810538796,2018-12-22,6439.8,2,1,213,47,186,120,0.88,3,126.9,5.9,11726,5074.70449172577,8.53202357398328,0.915140415140415,-0.088677766310417,1,,61.6,,2130.22,1,1678.66036249015,7.42575135102253,0,63.12,0,11726,0,3,,11726,0,,,1,4358,5694,11726,13702,13702,1976,,0,0,,,,0,0,8,0,11726,C10AX09,20 MG,C10,C10A,C10AA,C10AA01,"",,,,1,1,1,,,,,,C10AA01,"",,,,,,1,1,,,,,0,0,0,1,1,1,1,0,0,0,0,,1.1,83.29,2,021809CJB,,0.98,44,220.8,44,170.889,8,12600,12600,61.6,1,0,0,0,1,8,0,0,0,0,0,0,0,0,0,0,0,197,70.5,0,0,0,0,0,0,1,,,,,3,2,,0,1,1,1,0,0,0,,1,1,0,2,0,,,0,0,62,27.8672173460236,0,0,1,1,1,,0,0,0,0,0,,0,,,,0,0,0,,,0,128.8,0,23.6406619385343,3.1629681929299,1,0,0,1,92,0,1,,16381,,,,55.1598314318018,1,Q3,low,low,Q1-Q3,Q1-Q3,,,,,,
1,2810539844,2018-01-14,1811.8,2,1,146,56,69,98,0.63,3,31.1,5.5,11584,5825.72347266881,8.67003847203809,2.64945382323734,0.974353514316952,0,,43.26,,534.55,1,1718.81028938907,7.44938763826241,0,70.18,0,11584,0,3,,11584,0,,,2,,5243,11584,13499,13499,1915,,0,0,,,,0,0,8,0,11584,M01AX05,500 + 400 MG,M01,M01A,M01AX,M01AX25,"",,1,,,1,1,1,,,,,M01AX25,"",,1,,,,,,1,,,,0,1,0,0,1,1,1,1,0,0,0,,1.89,113.7,2,021409CJB,269.918,1.44,41,248.4,41,123.894,8,12519,12519,43.26,1,0,0,0,0,2,0,0,0,0,0,0,0,0,0,0,0,182,62.25,0,0,0,0,0,0,1,,,,,8,1,,0,0,1,0,0,0,0,1,1,1,0,,0,,,0,0,65,33.0216134376237,0,0,1,1,1,,0,0,0,0,0,,0,,,,0,0,0,,,0,76.2,0,96.4630225080386,4.56915974846506,2,0,0,1,94,0,1,,16303,,,,61.9757816241363,1,Q3,high,low,Q1-Q3,Q1-Q3,,,,,,
1,2810539976,2018-01-10,1383.6,2,,,,,,,3,19.9,,12291,6952.76381909548,8.84689453132066,,,,,,,189.76,,953.56783919598,6.86021057006701,0,67.9,0,12291,0,3,,12291,0,,,1,4560,5757,12291,14399,14399,2108,,0,0,,,,0,0,8,0,12291,C10AX06,1200 MG,C10,C10A,C10AX,C10AX06,"",,,,,,1,,,,,,"","",,,,,,,,,,,,0,0,0,0,0,1,0,0,0,0,0,,,,,"",,,,,,,,,,,0,0,0,0,0,8,0,0,0,0,0,0,0,0,0,0,0,178,69.5,0,0,0,0,0,0,1,,,,1,7,1,,0,1,0,0,0,0,0,,1,1,0,2,0,,,0,0,61,25.9093194548896,0,0,0,0,0,,0,0,0,0,0,,0,,,,0,0,0,,,0,,0,150.753768844221,5.0156478359198,2,,1,0,,1,1,,17066,,,,,1,Q4,high,,,Q4,,,,,,
1,2810540065,2018-12-08,3587,2,1,171,54,49,96,1.19,4.7,121.1,5.3,11475,2962.01486374897,7.99362501296133,2.56380208333333,0.941491345491453,0,,37,,947.49,1,782.402972749794,6.66236991824022,0,59.69,0,11475,0,3,,11475,0,,,1,4435,5652,11475,13490,13490,2015,,0,0,,,,0,0,8,0,11475,"","","","","","","",,,,,,,,,,,,"","",,,,,,,,,,,,0,0,0,0,0,0,0,0,0,0,0,,3.59,41.69,2,020409CJB,437.872,1.48,25,225.4,25,153.417,8,12642,12642,37,1,0,0,0,0,8,0,0,0,0,0,0,0,0,0,0,0,200,65.25,0,0,0,0,0,0,1,,,,,4,1,,0,1,1,0,0,0,0,,1,1,0,2,0,,,0,0,63,33.027414449597,0,0,0,0,1,,0,0,0,0,0,,0,,,,0,0,0,1,13109,0,107.2,1,38.8109000825764,3.6587011371391,2,0,0,0,65,0,0,,16430,,,,45.5694594422918,1,Q2,low,low,Q1-Q3,Q1-Q3,,,,,,
1,2810540078,2018-01-08,1725.3,2,1,143,65,66,277,1.04,11.6,200.2,7.9,12704,861.788211788212,6.75900954649479,2.09433962264151,0.739238287760212,0,,35.14,,1718.84,1,858.561438561439,6.75525824278729,0,62.16,0,12704,0,3,,12704,0,,,1,,5575,12704,14728,14728,2024,,0,0,,,,0,0,8,0,12704,A10BA02,500 MG,A10,A10B,A10BA,A10BA02,"",,,,,,,,,1,1,,"","",,,,,,,,,,,,0,0,0,0,0,0,0,0,1,1,0,,1.21,65.58,2,021109bCJ,435.698,2.82,36,254.2,36,111.243,8,13715,13715,35.14,0,0,0,0,1,8,0,0,0,0,0,0,0,0,0,0,0,204,67.75,0,0,1,1,1,1,1,,,,,6,2,,0,1,0,1,0,0,0,,1,1,0,2,0,,,0,1,72,31.2476370108716,0,1,0,0,0,,0,0,0,0,0,,0,,,,0,0,1,,,0,64.8,1,57.9420579420579,4.05944351021334,2,1,0,0,71,0,0,16432,,16432,27,3728,12.1378621378621,0,Q1,low,low,Q1-Q3,Q1-Q3,,10.2067077344285,1,1,0,0
1,2810540280,2017-09-17,1076.1,2,1,194,51,108,94,0.86,3,34,5.4,11859,3165,8.05990833457828,1.21478060046189,0.19456348473522,1,,53.9,,256.28,1,753.764705882353,6.62508025814275,0,61.62,0,11859,0,3,,11859,0,,,1,4797,5734,11859,13939,13939,2080,,0,0,,,,0,0,8,0,11859,"","","","","","","",,,,,,,,,,,,"","",,,,,,,,,,,,0,0,0,0,0,0,0,0,0,0,0,,0.47,26.21,2,011509CJB,286.662,0.88,6,240.3,6,143.472,8,13315,13315,53.9,0,0,0,0,0,8,0,0,0,0,0,0,0,0,0,0,0,189,72.75,0,0,0,0,0,0,1,,,,,3,1,,0,1,0,0,0,0,0,,1,1,0,2,0,,,0,0,51,25.1073814933261,0,0,0,0,0,,0,0,0,0,0,,0,,,,0,0,0,,,0,121.4,0,88.2352941176471,4.48000704303409,2,0,0,0,100,0,0,,17108,,,,31.65,1,Q2,low,low,Q1-Q3,Q1-Q3,,,,,,
1,2810541010,2017-12-23,4728.3,2,1,209,47,229,115,0.77,3.2,79.6,6,12554,5940.07537688442,8.68947710198736,,,,,45.28,,1013.24,1,1272.91457286432,7.1490644893648,0,71.25,0,12554,0,3,,12554,0,,,2,4622,5801,12554,14525,14525,1971,,0,0,,,,0,0,8,0,12554,C10AA02,40 MG,C10,C10A,C10AA,C10AA02,"",,,,1,1,1,1,,,1,,"","",,,,,,,,,,,,0,0,0,1,1,1,1,0,0,1,0,,1.19,78.25,2,020609CJB,272.332,3.13,30,226.9,30,152.684,8,13652,13652,45.28,1,0,0,0,1,2,0,0,0,0,0,0,0,0,0,0,0,145,58.75,0,0,0,0,0,0,1,,,,,3,6,,0,0,1,1,0,0,0,1,1,1,0,,0,,,0,0,70,29.5364212276637,0,1,1,1,1,,0,0,0,0,0,,0,,,,0,0,0,,,0,116.2,0,40.2010050251256,3.69389199593748,2,1,0,1,78,0,1,,17438,,,,76.1548125241593,1,Q3,high,high,Q1-Q3,Q1-Q3,,,,,,
1,2810541330,2017-12-16,1508.3,2,1,201,47,141,104,0.9,20.9,31,5.4,11346,4865.48387096774,8.48992144927715,1.43832020997375,0.363475911821314,1,,50.3,,232.01,1,748.41935483871,6.6179634556886,0,69.63,0,11346,0,3,,11346,0,,,1,4169,5882,11346,13416,13416,2070,,0,0,,,,0,0,8,0,11346,"","","","","","","",,,,,,,,,,,,"","",,,,,,,,,,,,0,0,0,0,0,0,0,0,0,0,0,,1.13,44.92,2,020409bCJ,387.78,1.08,27,198.9,27,212.711,8,12484,12484,50.3,0,0,0,0,0,8,0,0,0,0,0,0,0,0,0,0,0,160,66.5,0,0,0,0,0,0,1,,,,,4,2,,0,1,0,0,0,0,0,,1,1,0,2,0,,,0,0,45,25.4379614418113,0,0,0,0,0,,0,0,0,0,0,,0,,,,0,0,1,,,0,125.8,1,674.193548387097,6.51351723346776,3,0,0,0,103,0,1,,16271,15620,11,4925,47.2377074851237,0,Q3,low,low,Q1-Q3,Q1-Q3,Atherothrombotic Infarction of Brain,13.4839151266256,1,1,1,0
1,2810541617,2017-11-23,1482.1,2,1,279,63,99,115,0.61,3,42.6,5.5,11697,3479.10798122066,8.15453121267564,1.86370716510903,0.622567603658467,0,,41.16,,638.63,1,1499.13145539906,7.31264118965389,0,67.96,0,11697,0,3,,11697,0,,,2,,5681,11697,13867,13867,2170,,0,0,,,,0,0,8,0,11697,M01AE01,"",M01,M01A,M01AE,M01AE01,"",,1,,,,,,,,,,"","",,,,,,,,,,,,0,1,0,0,0,0,0,0,0,0,0,,0.78,88.16,2,013009CJB,430.292,0.93,20,259.3,20,160.296,8,12936,12936,41.16,0,0,0,0,0,2,0,0,0,0,0,0,0,0,0,0,0,125,62.75,0,0,0,0,0,0,1,,,,,3,6,,0,1,0,0,0,0,0,1,1,1,0,2,0,,,0,0,63,22.3196903592899,0,0,0,0,0,,0,0,0,0,0,,0,,,,0,0,0,,,0,196.2,0,70.4225352112676,4.25451331437492,2,0,0,0,96,0,0,,16724,,,,36.2407081377152,1,Q2,low,low,Q1-Q3,Q1-Q3,,,,,,
1,2810542297,2018-01-10,1694.4,2,1,163,67,99,100,0.71,3,21,5.7,12083,8068.57142857143,8.99573172311181,2.84548104956268,1.04573213924715,0,,50.16,,532.12,1,2533.90476190476,7.83751677608037,0,56.74,0,12083,0,3,,12083,0,,,2,4280,5659,12083,14155,14155,2072,,0,0,,,,0,0,8,0,12083,C10AA01,20 MG,C10,C10A,C10AA,C10AA01,"",,,,,,1,1,,,,,"","",,,,,,,,,,,,0,0,0,0,0,1,1,0,0,0,0,,1.57,47.01,2,021209CJB,258.004,1.22,38,248.9,38,159.381,8,13066,13066,50.16,0,0,0,0,0,2,1,1,1,0,0,0,0,0,0,0,0,134,63.75,1,1,0,0,0,0,1,,,,,6,1,,0,1,0,0,0,0,0,1,1,1,2,2,0,,,0,1,60,23.1819536303433,1,0,0,1,0,,0,0,0,0,0,,0,,,,0,0,0,,,0,76.2,0,142.857142857143,4.96184512992682,2,0,0,1,93,1,1,,16850,,,,86.7588325652842,1,Q4,high,high,Q4,Q4,,,,,,
1,2810542798,2018-02-01,3477.8,2,1,156,49,53,112,0.84,3,141.7,5.5,11730,2454.34015525759,7.80561322823943,1.21167161226508,0.192000903958356,1,,53.12,,1121.53,1,791.482004234298,6.67390714278249,0,64,0,11730,0,3,,11730,0,,,1,3659,5446,11730,13544,13544,1814,,0,0,,,,0,0,8,0,11730,M01AE01,200 MG,M01,M01A,M01AE,M01AE01,"",,1,,,,,,,,,,"","",,,,,,,,,,,,0,1,0,0,0,0,0,0,0,0,0,,4.96,95.49,2,021809CJB,403.872,1.6,44,365.2,44,157.39,8,12602,12602,53.12,0,0,0,0,0,8,0,0,0,0,0,0,0,0,0,0,0,315,74.25,0,0,0,0,0,0,1,,,,,4,1,,0,1,0,0,0,0,0,,1,1,0,2,0,,,0,0,59,40.1719811704086,0,0,0,0,0,,0,0,0,0,0,,0,,,,0,0,0,,,0,96.4,0,21.1714890613973,3.05265542095361,1,0,0,0,96,0,0,,16383,,,,25.5660432839332,1,Q1,low,low,Q1-Q3,Q1-Q3,,,,,,
1,2810543410,2017-11-26,3638.4,2,1,190,45,142,94,0.98,3,84.4,5.5,11705,4310.90047393365,8.3689020879424,,,,,50.5,,530.44,1,628.483412322275,6.44330963519558,0,64.72,0,11705,0,3,,11705,0,,,1,4348,5705,11705,13734,13734,2029,,0,0,,,,0,0,8,0,11705,"","","","","","","",,,,,,,,,,,,"","",,,,,,,,,,,,0,0,0,0,0,0,0,0,0,0,0,,1.14,61.47,2,020309bCJ,288.372,1.02,24,207.7,24,111.853,8,12887,12887,50.5,0,0,0,0,0,8,0,0,0,0,0,0,0,0,0,0,0,175,70.25,0,0,0,0,0,0,1,,,,,8,7,,0,1,0,0,0,0,0,,1,1,0,2,0,,,0,0,67,24.9316490071792,0,0,0,0,0,,0,0,0,0,0,,0,,,,0,0,0,,,0,116.6,0,35.5450236966825,3.57080016604834,2,0,0,0,79,0,1,,16675,,,,54.5683604295399,1,Q3,low,low,Q1-Q3,Q1-Q3,,,,,,
1,2810543600,2018-07-06,20000,3,1,202,54,150,122,0.92,12.4,177.9,5.4,12825,11242.2709387296,9.32743614385243,0.838120104438642,-0.17659386605063,1,,68.8,,1831.89,1,1029.73018549747,6.93705209107956,0,70.57,0,12825,0,3,13,12825,1,2060,14885,1,4656,5769,12825,15066,15066,2241,15066,1,0,2060,14885,,0,1,8,1,12825,"","","","","","","",,,,,,,,,,,,"","",,,,,,,,,,,,0,0,0,0,0,0,0,0,0,0,0,,1.27,142.1,2,021309CJB,420.01,1.63,39,233.7,39,138.261,8,13800,13800,68.8,0,0,0,0,0,8,1,0,0,56,0,0,0,0,0,0,0,251,76.5,0,0,0,0,0,0,,,,,1,3,2,,0,1,0,0,0,0,0,,2,3,1,2,0,,,0,0,58,30.1548007940307,0,0,0,0,0,,0,0,0,0,0,,1,14886,1,3,0,0,0,,,0,118,1,69.7020798201237,4.24423015692134,2,0,0,0,91,1,1,,17584,14885,41,4759,123.541438887139,0,Q4,high,high,Q4,Q4,CHF,13.0294318959617,1,1,1,0
1,2810543835,2018-02-08,1841,2,1,194,82,46,96,0.84,3,48.6,5.6,12165,3788.0658436214,8.23961083631472,2.92341678939617,1.07275306556259,0,,29.16,,363.28,1,747.489711934156,6.61672054187134,0,65.54,0,12165,0,3,,12165,0,,,2,,,12165,14164,14164,1999,,0,0,,,,0,0,8,0,12165,C10AX06,"",C10,C10A,C10AX,C10AX06,"",,,,,,1,,,,,,"","",,,,,,,,,,,,0,0,0,0,0,1,0,0,0,0,0,,0.74,43.27,2,021909CJB,246.44,1.16,46,304.1,46,168.193,8,12963,12963,29.16,0,0,0,0,0,2,0,0,0,0,0,0,0,0,0,0,0,103,64.25,0,0,0,0,0,0,1,,,,,7,2,,0,1,0,0,0,0,0,1,1,1,0,2,0,,,0,0,62,17.5427055270529,0,0,0,0,0,,0,0,0,0,0,,0,,,,0,0,0,,,0,102.8,0,61.7283950617284,4.1227440367438,2,0,1,0,74,0,0,,16744,,,,51.1900789678568,1,Q2,low,low,Q1-Q3,Q1-Q3,,,,,,
7,2810544009,2018-11-24,8417.1,2,1,216,80,60,85,0.9,3,152,5.7,3361,5537.56578947369,8.61931029500041,1.7116704805492,0.537469782878887,0,2.9,50.54,48.54,1430.18,2,940.907894736842,6.84684525460016,0,65.33,0,3361,0,3,,3361,0,,,2,3361,5039,,,5039,1678,,0,0,,,,0,0,8,0,3361,"","","","","","","",,,,,,,,,,,,"","",,,,,,,,,,,,0,0,0,0,0,0,0,0,0,0,0,,1.38,33.29,2,122908CJB,326.402,0.9,2,192.4,2,113.863,3,,,50.54,0,0,0,0,0,,0,0,0,0,0,0,,,,,0,125,59.5,0,0,0,0,0,0,,1,,,,4,1,,0,1,0,0,,,0,,2,2,0,2,0,,,0,0,56,24.8245676916465,0,,0,0,0,,0,0,0,0,0,,0,,,,0,0,0,,,0,124,0,19.7368421052632,2.98248704680397,1,0,0,0,83,0,1,,7979,,,,66.7176601141408,1,Q3,low,high,Q1-Q3,Q1-Q3,,,,,,
1,2810544102,2017-11-21,1373.5,2,1,233,67,171,92,0.77,3,33.7,5.4,12277,4075.66765578635,8.3127898541651,,,,,55.92,,451.86,1,1340.83086053412,7.20104474597109,0,67.45,0,12277,0,3,,12277,0,,,2,4549,5764,12277,14294,14294,2017,,0,0,,,,0,0,8,0,12277,M01AE01,200 MG,M01,M01A,M01AE,M01AE01,"",,1,,,,,,,,,,"","",,,,,,,,,,,,0,1,0,0,0,0,0,0,0,0,0,,1.76,58.75,2,012909CJB,862.292,1.94,19,160.6,19,121.536,8,13534,13534,55.92,0,0,0,0,0,2,0,0,0,0,0,0,0,0,0,0,0,128,62.75,0,0,0,0,0,0,1,,,,,7,0,,0,1,0,0,0,0,0,1,1,1,0,2,0,,,0,0,56,22.8553629279129,0,0,0,0,0,,0,0,0,0,0,,0,,,,0,0,1,,,0,131.8,0,89.0207715133531,4.48886973029193,2,0,0,0,86,0,0,,17325,,,,47.3914843696087,1,Q2,low,low,Q1-Q3,Q1-Q3,,,,,,
1,2810545137,2018-02-03,2441.3,2,1,253,65,102,113,0.71,4.1,80.9,5.8,12824,3017.6761433869,8.0122423252156,,,,,33.28,,839.55,1,1037.76266996292,6.94482239592912,0,74.43,0,12824,0,3,,12824,0,,,2,4662,5805,12824,,,,,0,0,,,,0,0,8,0,12824,"","","","","","","",,,,,,,,,,,,"","",,,,,,,,,,,,0,0,0,0,0,0,0,0,0,0,0,,0.83,38.91,2,021909CJB,,,45,200.2,45,134.898,8,13656,13656,33.28,0,0,0,0,0,2,0,0,0,0,0,0,0,0,0,0,0,139,64,,,,,,,1,,,,,7,8,,0,1,0,0,0,0,0,1,1,1,0,2,0,,,0,0,66,23.859452015779,0,0,0,0,0,,0,0,0,0,0,,0,,,,0,0,1,,,0,167.6,1,50.6798516687268,3.92552842862795,2,0,0,0,89,0,0,,17437,,,,33.9064735212011,1,Q2,low,low,Q1-Q3,Q1-Q3,,,,,,
1,2810545468,2018-02-01,2289.7,2,1,223,78,130,107,0.5,3.6,76,5.6,11663,3012.76315789474,8.01061292930141,,,,,41.8,,1244.82,1,1637.92105263158,7.40118306583486,0,77.59,0,11663,0,3,12,11663,0,,,2,4269,5636,11663,13504,13504,1841,,0,0,,,,0,0,8,0,11663,M01AE01,200 MG,M01,M01A,M01AE,M01AE01,"",,1,,,,,,1,,,,"","",,,,,,,,,,,,0,1,0,0,0,0,0,1,0,0,0,,1.44,56.15,2,021809bCJ,345.164,2.6,44,180.9,44,132.24,8,12529,12529,41.8,0,0,0,0,0,2,0,0,0,0,0,0,0,0,0,0,0,231,62,0,0,0,0,0,0,1,,,,,3,2,,0,1,0,0,0,0,0,1,1,1,0,2,0,,,0,0,72,42.2507296627497,0,0,0,0,0,,0,0,0,0,0,,1,4648,,,0,0,1,,,0,119,0,47.3684210526316,3.85795578415787,2,0,0,0,97,0,0,15254,,4648,12,,31.0594139989148,1,Q2,low,low,Q1-Q3,Q1-Q3,TIA,,,,,
1,2810545756,2018-12-22,6699.4,2,1,220,44,148,95,0.73,4.9,83.6,5,12114,8013.63636363636,8.98889991502765,2.96987366375122,1.08851941445236,0,,39.18,,1050.33,1,1256.37559808612,7.13598634538588,0,63.22,0,12114,0,3,,12114,0,,,2,4399,5650,12114,14172,14172,2058,,0,0,,,,0,0,8,0,12114,"","","","","","","",,,,,,,,,,,,"","",,,,,,,,,,,,0,0,0,0,0,0,0,0,0,0,0,,1.33,60.76,2,021809CJB,301.31,1.25,43,183.1,43,186.961,8,12992,12992,39.18,0,0,0,0,0,2,1,1,1,0,0,0,0,0,0,0,0,162,61.75,0,0,0,0,0,0,1,,,,,4,2,,0,1,0,0,0,0,0,1,1,1,2,2,0,,,0,0,58,29.8707896338902,1,,0,0,0,,0,0,0,0,0,,0,,,,0,0,0,,,0,146.4,1,58.6124401913876,4.07094696400806,2,0,0,0,91,1,1,,16773,,,,88.0619380619381,1,Q4,high,high,Q4,Q4,,,,,,
1,2810545927,2018-12-08,4731.8,2,1,126,21,271,116,1.07,48.8,287.4,5.5,11878,1646.416144746,7.40635617112136,0.828421052631579,-0.188233736177183,1,,25.22,,2465.53,1,857.874043145442,6.75445728585058,0,67.23,0,11878,0,3,4,11878,0,,,1,4251,5630,11878,13825,13825,1947,,0,0,,,,0,0,8,0,11878,C10AB04,600 MG,C10,C10A,C10AB,C10AB04,"",,,,,1,1,1,,,,,"","",,,,,,,,,,,,0,0,0,0,1,1,1,0,0,0,0,,1.27,171.5,2,020309CJB,640.988,2.53,23,102,23,100.859,8,13075,13075,25.22,1,0,0,0,0,8,0,0,0,0,0,0,0,0,0,0,0,209,69.25,0,0,0,0,0,0,1,,,,,4,1,,0,1,1,0,0,0,0,,1,1,0,2,0,,,0,0,67,30.6416638064936,0,0,1,1,1,,0,0,0,0,1,14465,0,,,,0,0,1,,,0,50.8,1,169.798190675017,5.13461061819631,2,0,0,1,71,0,0,,16863,14465,4,4985,23.1889597851549,0,Q1,low,low,Q1-Q3,Q1-Q3,MI,13.6481861738535,1,1,1,0
1,2810546071,2018-06-30,20000,3,1,203,41,159,107,1.25,12.5,306.3,5.5,11777,6529.54619653934,8.78409272468549,1.43173150266972,0.358884552822809,1,,65.44,,2392.69,1,781.158994449886,6.66077870716132,0,57.97,0,11777,0,3,,11777,0,,,1,4341,5684,11777,13861,13861,2084,,0,0,,,,0,0,8,0,11777,C07AB03,25 MG,C07,C07A,C07AB,C07AB03,"",,,,1,,,,,,,,"","",,,,,,,,,,,,0,0,0,1,0,0,0,0,0,0,0,,2.71,61.68,2,020709CJB,419.014,2.23,30,175.4,30,176.91,8,12874,12874,65.44,1,0,0,0,0,8,0,0,0,0,0,0,0,0,0,0,0,172,67.75,0,0,0,0,0,0,1,,,,,3,6,,0,0,1,0,0,0,0,,1,1,0,,0,,,0,0,70,26.3460468915192,0,0,1,0,1,141,0,1,0,1,0,,0,,,,0,0,0,,,0,130.2,1,40.8096637283709,3.70891890945166,2,0,0,0,58,1,1,,16534,,,,112.578382698954,1,Q4,high,high,Q4,Q4,,,,,,
1,2810546509,2017-09-07,2305.7,2,1,186,62,67,94,0.88,3.2,85.1,6.3,12134,2709.40070505288,7.90448274737133,4.58165322580645,1.52205989932671,0,,39.82,,1240.08,1,1457.20329024677,7.2842743230558,0,,0,12134,,,13,12134,0,,,2,,5864,12134,,,,15191,1,0,3057,15191,,0,0,,0,12134,M01AE01,5/20 MG,C09,C09A,C09AA,C09AA07,"",,1,,,,,,,,,,C09AA07,"",,,,,1,,,,,,,0,1,0,0,1,0,0,0,0,0,0,,24.08,57.5,2,011409CJB,554.908,17.43,5,251.2,5,145.044,8,13617,13617,39.82,1,0,0,0,0,2,0,0,0,0,0,0,0,0,0,0,0,155,63,0,0,0,0,0,0,1,,,,,3,6,,0,1,1,0,0,0,0,1,1,1,0,2,0,,,0,0,72,27.4571977715384,0,0,1,0,1,,0,0,0,0,0,,1,15190,1,1,0,0,1,,,0,110.6,0,37.6028202115159,3.62707905320849,2,0,0,0,66,0,0,15594,,15190,13,,41.0515258341345,1,Q2,low,low,Q1-Q3,Q1-Q3,Cancer Death,,,,,
1,2810546567,2018-01-26,4998.6,2,1,250,87,61,90,0.81,3.8,162.7,5.5,11712,3072.28027043639,8.03017532397202,0.972586412395709,-0.0277963515030991,1,,27.24,,1081,1,664.413030116779,6.49890398940231,0,67.04,0,11712,0,3,,11712,0,,,2,4531,5757,11712,13744,13744,2032,,0,0,,,,0,0,8,0,11712,M01AC01,20 MG,M01,M01A,M01AC,M01AC01,"",,1,,,,,,,,,,"","",,,,,,,,,,,,0,1,0,0,0,0,0,0,0,0,0,,1.56,38.01,2,021709CJB,332.47,1.63,42,274.5,42,129.001,8,12625,12625,27.24,0,0,0,0,0,1,0,0,0,0,0,0,0,0,0,0,0,159,67.5,0,0,0,0,0,0,1,,,,,4,1,,0,1,0,0,0,0,0,0,1,1,0,2,0,,,0,0,55,24.5355157376982,0,0,0,0,0,,0,0,0,0,0,,0,,,,0,0,0,,,0,150.8,0,23.3558696988322,3.15084833148949,1,0,0,0,82,0,0,,16409,,,,37.4668325662974,1,Q2,low,low,Q1-Q3,Q1-Q3,,,,,,
1,2810546639,2017-11-25,210.5,2,1,242,67,132,97,0.81,3,12.4,5.3,11746,1697.58064516129,7.43695936649954,2.63298662704309,0.968118801520298,0,,57.06,,10,1,80.6451612903226,4.39005880637115,0,75.79,0,11746,0,3,,11746,0,,,2,4402,5651,11746,13833,13833,2087,,0,0,,,,0,0,8,0,11746,C03AA03,12.5 MG,C03,C03A,C03AA,C03AA03,"",,,,,,,,1,,,,"","",,,,,,,,,,,,0,0,0,0,0,0,0,1,0,0,0,,2.85,54.85,2,020309CJB,368.41,27.3,22,230.6,22,133.126,8,12956,12956,57.06,1,0,0,0,0,2,0,0,0,0,0,0,0,0,0,0,0,182,64.75,0,0,0,0,0,0,1,,,,,3,2,,0,1,1,0,0,0,0,1,1,1,0,2,0,,,0,0,62,30.5209083756371,0,0,1,0,1,,0,0,0,0,0,,0,,,,0,0,0,,,0,148.6,0,241.935483870968,5.48867109503926,2,0,0,0,78,0,0,,16744,,,,21.7638544251448,1,Q1,low,low,Q1-Q3,Q1-Q3,,,,,,
1,2810547417,2017-11-26,156.3,1,1,120,47,104,96,1.03,3,20.2,5.5,11945,773.762376237624,6.65126481900836,1.60674157303371,0.474208260527767,1,,56.44,,79.54,1,393.762376237624,5.97574762136048,0,67.59,0,11945,0,3,,11945,0,,,1,4307,5636,11945,13960,13960,2015,,0,0,,,,0,0,8,0,11945,M01AX05,500/400 MG,M01,M01A,M01AX,M01AX25,81 MG,1,1,,,,1,1,1,,,,M01AX25,"",,1,,,,,,,,,,1,1,0,0,0,1,1,1,0,0,0,,6.18,114.2,2,020309bCJ,259.63,3.45,25,151.5,25,82.801,8,13125,13125,56.44,1,0,0,0,0,8,1,0,0,64,0,0,0,0,0,0,0,257,70.75,0,0,0,0,0,0,1,,,,,7,1,,0,1,1,0,0,0,0,,1,1,1,2,0,,,0,0,67,36.0982250014544,0,0,1,1,1,,0,0,0,0,0,,0,,,,0,0,0,,,0,52.2,0,148.514851485149,5.00068496324309,2,0,0,1,75,0,0,,16913,,,,10.3168316831683,1,Q1,low,low,Q1-Q3,Q1-Q3,,,,,,
1,2810547487,2018-12-15,7689.8,2,1,232,63,97,101,0.7,5.5,165.5,5.5,12782,4646.40483383686,8.44384904553011,,,,,69.52,,1784.4,1,1078.18731117825,6.98303649442508,0,61.1,0,12782,0,3,,12782,0,,,2,4558,5788,12782,14776,14776,1994,,0,0,,,,0,0,8,0,12782,"","","","","","","",,,,,,,,,,,,"","",,,,,,,,,,,,0,0,0,0,0,0,0,0,0,0,0,,6.8,135.2,2,021309CJB,189.538,1.51,39,239.1,39,135.469,8,13744,13744,69.52,0,0,0,0,0,2,1,1,0,57,0,0,0,0,0,0,0,201,67,0,0,0,0,0,0,1,,,,,7,1,,0,1,0,0,0,0,0,1,1,1,1,2,0,,,0,0,58,31.4812569923647,1,0,0,0,0,,0,0,0,0,0,,0,,,,0,0,1,,,0,149.6,1,33.2326283987915,3.50353217640344,2,0,0,0,96,0,1,,17528,,,,48.4000503524673,1,Q3,low,low,Q1-Q3,Q1-Q3,,,,,,
1,2810549625,2018-12-08,5559.7,2,1,264,78,121,85,0.63,4.8,102.3,5.5,11650,5434.7018572825,8.60055994198488,3.94971613949716,1.37364371291229,0,,54.2,,1323.34,1,1293.58748778104,7.16517463581432,0,71.48,0,11650,0,3,,11650,0,,,2,4608,5706,11650,,,,,0,0,,,,0,0,8,0,11650,"","","","","","","",,,,,,,,,,,,"","",,,,,,,,,,,,0,0,0,0,0,0,0,0,0,0,0,,0.77,60.92,2,013009CJB,508.39,2.76,20,223.2,20,132.821,8,12887,12887,54.2,0,0,0,0,0,2,0,0,0,0,0,0,0,0,0,0,2,161,66,0,0,0,0,0,0,1,,,,,4,0,,0,1,0,0,0,0,1,1,1,1,0,2,0,,,1,0,82,25.9862503196081,0,0,0,0,0,,0,0,0,0,0,,0,,,,0,0,1,,,0,161.8,1,46.9208211143695,3.8484615239384,2,0,0,0,84,0,1,,16675,,,,64.6988316343155,1,Q3,low,low,Q1-Q3,Q1-Q3,,,,,,
7,2810549991,2017-08-12,4347.6,2,1,167,42,68,90,1.22,3,111.2,6,3311,3909.71223021583,8.27121905186064,1.26906779661017,0.238282612529894,1,7.5,44.44,49.44,474.84,2,427.014388489209,6.05681770935694,0,65.39,0,3311,0,3,,3311,0,,,1,3311,5153,,,5153,1842,,0,0,,,,0,0,8,0,3311,C10AX06,800 MG,C10,C10A,C10AX,C10AX06,"",,,,,1,1,,,,,,"","",,,,,,,,,,,,0,0,0,0,1,1,0,0,0,0,0,,1.7,68.87,2,122208CJB,203.16,1.11,1,226.6,1,114.063,3,,,44.44,1,0,0,0,0,,0,0,0,0,0,0,,,,,0,213,70.25,0,0,0,0,0,0,,1,,,,5,8,,0,0,1,0,,,0,,2,2,0,,0,,,0,0,75,30.3453785058809,0,0,1,0,1,,0,0,0,0,0,,0,,,,0,0,1,,,0,111.4,0,26.9784172661871,3.29503718583376,1,0,1,0,67,0,0,,7986,,,,58.3539138838183,1,Q2,low,low,Q1-Q3,Q1-Q3,,,,,,
1,2810550010,2018-12-08,9417.9,2,1,194,50,158,91,0.85,3.6,158.9,5.6,12232,5926.93517935809,8.68726252522695,1.33464257659073,0.288663523114526,1,,48.66,,1287.47,1,810.239144115796,6.69732944374097,0,67.38,0,12232,0,3,,12232,0,,,2,4503,5721,12232,14317,14317,2085,,0,0,,,,0,0,8,0,12232,C10AA05,10 MG,C10,C10A,C10AA,C10AA05,"",,,,,1,1,1,,,,,"","",,,,,,,,,,,,0,0,0,0,1,1,1,0,0,0,0,,2.11,19.25,2,013009CJB,444.194,2.19,21,215.1,21,140.509,8,13467,13467,48.66,1,0,0,0,0,2,0,0,0,0,0,0,0,0,0,0,0,152,63,0,0,0,0,0,0,1,,,,,6,1,,0,1,1,0,0,0,0,1,1,1,0,2,0,,,0,0,60,26.9257681372506,0,0,1,1,1,,0,0,0,0,0,,0,,,,0,0,0,,,0,112.4,0,22.6557583385777,3.12041405090153,1,0,0,1,74,0,1,,17255,,,,80.0937186399741,1,Q3,high,high,Q1-Q3,Q1-Q3,,,,,,
1,2810550162,2017-09-13,1240.2,2,1,160,48,83,99,0.71,3,23.3,5.7,11130,5322.74678111588,8.57974476133222,,,,,53.68,,226.45,1,971.888412017167,6.87924099541866,0,55.02,0,11130,0,3,,11130,0,,,2,4480,5714,11130,13408,13408,2278,,0,0,,,,0,0,8,0,11130,C10AA01,40 MG,C10,C10A,C10AA,C10AA01,"",,,,,1,1,1,1,,,,"","",,,,,,,,,,,,0,0,0,0,1,1,1,1,0,0,0,,7.09,66.92,2,011409CJB,260.676,3.28,5,234.3,5,157.133,8,12609,12609,53.68,1,0,0,0,0,2,0,0,0,0,0,0,0,0,0,0,0,169,63,0,0,0,0,0,0,1,,,,,3,0,,0,1,1,0,0,0,0,1,1,1,0,2,0,,,0,0,67,29.9372027315483,0,0,1,1,1,,0,0,0,0,0,,0,,,,0,0,0,,,0,95.4,0,128.755364806867,4.85791420707859,2,0,0,1,88,0,1,,14146,,,,60.4857588763168,1,Q3,low,low,Q1-Q3,Q1-Q3,,,,,,
1,2810550521,2018-01-26,762.4,2,1,255,62,141,83,0.64,3,29,5.6,11596,2628.96551724138,7.87434570834161,1.06610247026532,0.0640094470763118,1,,54.54,,307.38,1,1059.93103448276,6.96595912318078,0,67.44,0,11596,0,3,,11596,0,,,2,4485,5808,11596,13611,13611,2015,,0,0,,,,0,0,8,0,11596,"","","","","","","",,,,,,,,,,,,"","",,,,,,,,,,,,0,0,0,0,0,0,0,0,0,0,0,,1.01,66.97,2,021709CJB,220.71,0.95,41,190.9,41,138.432,8,12522,12522,54.54,0,0,0,0,0,2,0,0,0,0,0,0,0,0,0,0,0,119,62.5,0,0,0,0,0,0,1,,,,,8,1,,0,1,0,0,0,0,0,1,1,1,0,2,0,,,0,0,59,21.4186719573439,0,0,0,0,0,,0,0,0,0,0,,0,,,,0,0,0,,,0,164.8,0,103.448275862069,4.63907173766377,2,0,0,0,98,0,0,,16306,,,,26.826178747361,1,Q1,low,low,Q1-Q3,Q1-Q3,,,,,,
1,2810550848,2018-06-30,20000,3,1,116,28,71,257,0.79,8.6,157.5,9.3,12157,12698.4126984127,9.44923228025853,1.05907172995781,0.0573927979966527,1,,21.38,,1919.43,1,1218.68571428571,7.10552827366812,0,66.7,0,12157,0,3,,12157,0,,,1,4813,5702,12157,14488,14488,2331,,0,0,,,,0,0,8,0,12157,C10AA04,80 MG,C10,C10A,C10AA,C10AA04,"",,,,,,1,1,,,1,,"","",,,,,,,,,,,,0,0,0,0,0,1,1,0,0,1,0,,3.88,224.4,2,020509CJB,,,28,252.2,28,232.517,8,13283,13283,21.38,0,0,0,0,1,8,1,1,1,0,0,0,0,0,0,0,0,180,68.25,0,0,0,0,0,0,1,,,,,4,1,,0,1,0,1,0,0,0,,1,1,2,2,0,,,0,0,52,27.1689469837097,1,1,0,1,0,,0,0,0,0,0,,0,,,,0,0,0,,,0,73.8,1,54.6031746031746,4.00009202397591,2,1,0,1,103,1,1,,17069,,,,123.285560178764,1,Q4,high,high,Q4,Q4,,,,,,
1,2810552570,2018-12-15,5996.7,2,1,157,34,217,134,0.98,186.6,125.5,6.2,12252,4778.24701195219,8.47182902432096,2.41804320203304,0.882958618878746,0,,32.76,,1148.24,1,914.932270916335,6.81885004167938,0,61.64,0,12252,0,3,,12252,0,,,1,4558,5726,12252,,,,,0,0,,,,0,0,8,0,12252,M01AX25,10 MG,M01,M01A,M01AX,M01AX25,"",,1,,,,1,1,,,1,1,"","",,,,,,,,,,,,0,1,0,0,0,1,1,0,0,1,1,,0.71,117.7,2,021109CJB,245.026,1.12,35,253.8,35,153.851,8,13288,13288,32.76,0,0,0,0,1,8,0,0,0,0,0,0,0,0,0,0,0,211,62.75,0,0,0,0,0,0,1,,,,,7,2,,0,1,0,1,0,0,0,,1,1,0,2,0,,,0,0,72,37.6756373264814,0,1,0,1,0,,0,0,0,0,0,,0,,,,0,0,0,1,12113,1,79.6,1,1486.85258964143,7.30441680882354,3,1,0,1,77,0,1,,16725,,,,62.0551559993791,1,Q3,low,low,Q1-Q3,Q1-Q3,,,,,,
1,2810552652,2018-07-06,20000,3,1,185,62,117,95,1.04,19.4,120.1,6.1,12087,16652.7893422148,9.72033300943828,1.63342830009497,0.490681057673523,1,,88.84,,1612.92,1,1342.98084929226,7.20264693677321,0,57.61,0,12087,0,3,41,12087,1,1872,13959,1,4275,5680,12087,,,,12087,1,1,-1436,10651,,0,1,8,1,12087,C09AA13,15/25 MG,C03,C03A,C03AA,C03AA03,"",,,,1,1,,,,,,1,C03AA03,"",,,,,,,,1,,,,0,0,0,1,1,0,0,1,0,0,1,,11.89,61.14,2,021909CJB,277.528,10.01,46,256,46,142.995,8,12896,12896,88.84,1,0,0,0,0,8,0,0,0,0,0,0,0,1,0,0,0,180,67.75,0,0,0,0,0,0,1,,,,,3,6,,0,1,1,0,0,1,0,,1,1,0,2,0,,,0,0,83,27.5714444213573,0,0,1,0,1,,0,0,0,0,0,,0,,1,3,1,1,0,,,0,99.6,1,161.532056619484,5.08470361596548,2,0,0,0,66,1,1,13962,,13959,41,,252.314990033558,1,Q4,high,high,Q4,Q4,CHF,,,,,
1,2810552881,2018-01-06,790.5,2,1,177,49,152,135,0.69,3,40,5.5,11846,1976.25,7.58895638852368,1.6175972927242,0.480941895645303,1,,56.94,,847.78,1,2119.45,7.65891190004498,0,75.99,0,11846,0,3,,11846,0,,,1,4713,5797,11846,13959,13959,2113,,0,0,,,,0,0,8,0,11846,"","","","","","","",,,,,,,,,,,,"","",,,,,,,,,,,,0,0,0,0,0,0,0,0,0,0,0,,1.12,65.15,2,021109CJB,215.128,1.78,35,191.9,35,156.961,8,12876,12876,56.94,1,0,0,0,1,8,0,0,0,0,0,0,0,0,0,0,0,139,68,0,0,0,0,0,0,1,,,,,7,2,,0,1,1,1,0,0,0,,1,1,0,2,0,,,0,0,70,21.1350163184756,0,,,0,1,,0,0,0,0,0,,0,,,,0,0,0,,,0,97.6,0,75,4.31748811353631,2,1,0,0,96,0,0,,16661,,,,20.5859375,1,Q1,low,low,Q1-Q3,Q1-Q3,,,,,,
7,2810553264,2018-11-24,13720.5,2,1,154,55,109,111,0.97,3.4,205,6.1,4129,6692.92682926829,8.80880655061421,2.32318952234206,0.842941035627006,0,,44.1,,1503.58,1,733.453658536585,6.59776441704129,0,70.29,0,4129,0,3,,4129,0,,,1,4129,5693,,,5693,1564,,0,0,,,,0,0,8,0,4129,C10AX09,20 MG,C10,C10A,C10AA,C10AA01,"",,,1,,,1,,,,,,C10AA01,"",,,,,,1,1,,,,,0,0,1,0,0,1,1,0,0,0,0,,0.4,47.43,2,010809CJB,386.016,1.01,5,179.6,5,120.017,3,,,44.1,0,0,0,0,0,,0,0,0,0,0,0,,,,,0,160,68.25,0,0,0,0,0,0,,,1,,,8,1,,0,1,0,0,,,0,,2,3,0,2,0,,,0,0,53,24.1501750966308,0,0,0,1,0,,0,0,0,0,0,,0,,,,0,0,0,,,0,77.2,0,16.5853658536585,2.80852073146584,1,0,0,1,89,1,1,,8526,,,,75.2014250479583,1,Q4,high,high,Q1-Q3,Q4,,,,,,
1,2810553391,2018-02-03,4558.5,2,1,194,57,54,91,0.81,5.1,165.3,5.7,12747,2757.71324863884,7.92215708218607,2.99234972677596,1.09605894057287,0,,45.6,,702.83,1,425.184513006655,6.05252322296029,0,60.84,0,12747,0,3,,12747,0,,,2,4579,6208,12747,14735,14735,1988,,0,0,,,,0,0,8,0,12747,"","","","","","","",,,,,,,,,,,,"","",,,,,,,,,,,,0,0,0,0,0,0,0,0,0,0,0,,11.38,58.8,2,021909CJB,218.474,3.87,45,167.2,45,119.979,8,13579,13579,45.6,0,0,0,0,0,0,0,0,0,0,0,0,0,0,0,0,0,184,71,0,0,0,0,0,0,1,,,,,7,2,,0,1,0,0,0,0,0,0,1,1,0,2,0,,,0,0,40,25.6629594790632,0,0,0,0,0,,0,0,0,0,0,,0,,,,0,0,0,,,0,126.2,1,30.8529945553539,3.42923381388544,2,0,0,0,91,0,0,,17360,,,,30.3045411938334,1,Q2,low,low,Q1-Q3,Q1-Q3,,,,,,
1,2810553526,2018-12-08,11272.3,2,1,133,31,122,100,0.83,17.1,219,5.7,12574,5147.16894977169,8.54620212401624,1.95212765957447,0.668919885224621,0,,24.84,,10,1,4.5662100456621,1.51868354916564,0,56.8,0,12574,0,3,,12574,0,,,1,4533,5800,12574,14781,14781,2207,,0,0,,,,0,0,8,0,12574,"","","","","","","",,,,,,,,,,,,"","",,,,,,,,,,,,0,0,0,0,0,0,0,0,0,0,0,,0.53,56.5,2,020209CJB,274.418,1.12,22,202.3,22,204.404,8,13785,13785,24.84,0,0,0,0,0,8,0,0,0,0,0,0,0,0,0,0,0,205,70.5,0,0,0,0,0,0,1,,,,,7,1,,0,1,0,0,0,0,0,,1,1,0,2,0,,,0,0,52,28.9988809945931,0,0,0,0,0,,0,0,0,0,0,,0,,,,0,0,0,,,0,77.6,1,78.0821917808219,4.35776201267425,2,0,0,0,101,0,1,,17573,,,,50.9620688096207,1,Q3,low,low,Q1-Q3,Q1-Q3,,,,,,
1,2810553678,2018-02-17,4246.1,2,1,271,92,58,92,,3.3,103.5,5.6,12399,4102.51207729469,8.31935476684649,,,,,21.4,,851.1,1,822.31884057971,6.71212820376558,0,61.54,0,12399,0,3,,12399,0,,,2,4213,5630,12399,14294,14294,1895,,0,0,,,,0,0,8,0,12399,"","","","","","","",,,,,,,,,,,,"","",,,,,,,,,,,,0,0,0,0,0,0,0,0,0,0,0,,,39.09,2,022009CJB,,,,,,,,,,21.4,0,0,0,0,0,2,0,0,0,0,0,0,0,0,0,0,0,132,67.5,0,0,0,0,0,0,1,,,,,6,2,,0,1,0,0,0,0,0,1,1,1,0,2,0,,,0,0,63,20.3691074048815,0,0,0,0,0,,0,0,0,0,0,,0,,,,0,0,0,,,0,167.4,0,31.8840579710145,3.46210613474915,2,0,0,0,,0,0,,16877,,,,,1,Q2,low,,,Q1-Q3,,,,,,
1,2810553933,2018-11-26,6290.6,2,1,190,67,63,93,0.65,14,156.1,5.7,11264,4029.85265855221,8.30148509311906,1.39814293753517,0.335144882887724,1,,54.84,,1197.52,1,767.149263292761,6.64268138907369,0,67.93,0,11264,0,3,,11264,0,,,2,4308,5705,11264,13392,13392,2128,,0,0,,,,0,0,8,0,11264,M01AE02,220 MG,M01,M01A,M01AE,M01AE02,"",,1,,,,,,,,,,"","",,,,,,,,,,,,0,1,0,0,0,0,0,0,0,0,0,,35.13,57.4,2,011309CJB,360.448,2.37,4,242.5,4,144.758,8,12762,12762,54.84,0,0,0,0,0,2,0,0,0,0,0,0,0,0,,0,0,188,65.25,0,0,0,0,0,0,1,,,,,6,1,,0,1,0,0,0,0,0,1,1,1,0,2,0,,,0,0,54,31.0457695826212,0,0,0,0,0,,0,0,0,0,0,,0,,,,0,0,0,,,0,110.4,1,89.6860986547085,4.49631578107601,2,0,0,0,101,0,0,,16555,,,,39.8995312727942,1,Q2,low,low,Q1-Q3,Q1-Q3,,,,,,
1,2810554013,2018-12-22,6130.9,2,1,188,77,45,90,0.88,6.3,212.1,5.5,12316,2890.57048561999,7.9692091614942,2.64550641940086,0.972862509895055,0,,34.38,,1226.17,1,578.109382366808,6.35976309361736,0,69.49,0,12316,0,3,,12316,0,,,1,,,12316,,,,,0,0,,,,0,0,8,0,12316,C10AX06,500 MG,C10,C10A,C10AX,C10AX06,"",,,,,,1,,,,,,"","",,,,,,,,,,,,0,0,0,0,0,1,0,0,0,0,0,,0.38,22.66,2,021909CJB,264.42,2.33,45,180,45,149.75,8,13146,13146,34.38,0,0,0,0,0,8,0,0,0,0,0,0,0,0,0,0,0,146,72,0,0,0,0,0,0,1,,,,,8,6,,0,1,0,0,0,0,0,,1,1,0,2,0,,,0,0,52,19.8012896025792,0,0,0,0,0,,0,0,0,0,0,,0,,,,0,0,0,,,0,102,1,29.7029702970297,3.39124705080899,1,0,1,0,99,0,0,,13732,,,,29.1976816729292,1,Q2,low,low,Q1-Q3,Q1-Q3,,,,,,
7,2810554198,2017-08-16,4652.5,2,1,210,69,65,91,0.82,3,142,5.2,4438,3276.40845070423,8.09450311690324,1.46587171052632,0.382450089762339,1,2.7,26.98,28.04,1345.01,2,947.19014084507,6.85349985533937,0,,0,4438,,,,4438,0,,,2,4438,6034,,,6034,1596,,0,0,,,,0,0,,0,4438,"","","","","","","",,,,,,,,,,,,"","",,,,,,,,,,,,0,0,0,0,0,0,0,0,0,0,0,,1.39,75.02,2,010509CJB,279.886,0.69,4,165.7,4,98.234,3,,,26.98,0,0,0,0,0,,0,0,0,0,0,0,,,,,0,170,62.75,0,0,0,0,0,0,,1,,,,6,4,,0,1,0,0,,,0,,2,2,0,2,0,,,0,0,52,30.3547788886343,0,0,0,0,0,,0,0,0,0,0,,0,,,,0,0,0,,,0,128,0,21.1267605633803,3.05054051004899,1,0,0,0,95,0,0,,8951,,,,34.4885100074129,1,Q2,low,low,Q1-Q3,Q1-Q3,,,,,,
1,2810554251,2018-02-10,2743.4,2,1,195,49,86,97,1.15,3.2,137.2,5.3,11836,1999.56268221574,7.60068377674061,1.24499599679744,0.219132314487757,1,,27.86,,827.92,1,603.440233236152,6.40264700205623,0,74.86,0,11836,0,3,,11836,0,,,1,,5799,11836,14014,14014,2178,,0,0,,,,0,0,8,0,11836,C03AA03,5/20 MG,C09,C09A,C09AA,C09AA07,"",,,,,,,,1,,,,C09AA07,"",,,,,1,,,,,,,0,0,0,0,1,0,0,1,0,0,0,,0.87,43.04,2,021909bCJ,298.474,1.09,47,130.8,47,121.208,8,12606,12606,27.86,1,0,0,0,0,8,0,0,0,0,0,0,0,0,0,0,0,159,65.75,0,0,0,0,0,0,1,,,,,7,8,,0,1,1,0,0,0,0,,1,1,0,2,0,,,0,0,66,25.8589700194913,0,0,1,0,1,,0,0,0,0,0,,0,,,,0,0,0,,,0,128.8,0,23.3236151603499,3.14946637349603,1,0,0,0,66,0,0,,16387,,,,30.2964042759961,1,Q1,low,low,Q1-Q3,Q1-Q3,,,,,,
7,2810554854,2018-11-24,8430.9,2,1,144,79,56,89,,6.2,79,5.6,3754,10672.0253164557,9.2753811403842,,,,0.5,33.46,33.24,1362.68,2,1724.91139240506,7.45293096142444,0,69.42,0,3754,0,3,,3754,0,,,2,3754,5666,,,5666,1912,,0,0,,,,0,0,8,0,3754,"","","","","","","",,,,,,,,,,,,"","",,,,,,,,,,,,0,0,0,0,0,0,0,0,0,0,0,,,27.51,2,122308CJB,,,,,,,,,,33.46,0,0,0,0,0,,0,0,0,0,0,0,,,,,0,116,63,0,0,0,0,0,0,,,1,,,8,2,,0,1,0,0,,,0,,2,3,0,2,0,,,0,0,51,20.5486125257965,0,0,0,0,0,,0,0,0,0,0,,0,,,,0,0,0,,,0,53.8,1,78.4810126582279,4.36285671856616,2,0,0,0,,1,1,,8386,0,8,4632,,0,Q4,high,,,Q4,MI,12.6817248459959,1,1,1,0
1,2810555661,2017-11-23,4910.3,2,1,158,44,88,103,1.54,43.2,174,5.5,12179,2822.01149425287,7.94520520549195,,,,,44.98,,1101.7,1,633.16091954023,6.45072460711958,0,62.22,0,12179,0,3,,12179,0,,,1,4502,5742,12179,,,,,0,0,,,,0,0,8,0,12179,C10AA05,10 MG,C10,C10A,C10AA,C10AA05,"",,,1,,,1,1,,,,,"","",,,,,,,,,,,,0,0,1,0,0,1,1,0,0,0,0,,0.42,55.27,2,013009CJB,451.04,5.21,21,186.8,21,129.991,8,13411,13411,44.98,0,0,0,0,0,8,0,0,0,0,0,0,0,0,0,0,0,133,64.25,0,0,0,0,0,0,1,,,,,3,2,,0,1,0,0,0,0,0,,1,1,0,2,0,,,0,0,86,22.6522314087188,0,0,0,1,0,,0,0,0,0,0,,0,,,,0,0,0,,,0,96.4,1,248.275862068966,5.51454047501767,2,0,0,1,40,0,0,14591,,14591,27,2412,70.5502873563219,0,Q2,low,high,Q1-Q3,Q1-Q3,,6.60369609856263,1,0,0,0
1,2810555735,2017-12-31,990.7,2,1,141,73,124,107,1.46,4.1,16.9,5.9,12656,5862.13017751479,8.67626832803805,,,,,29.04,,99.91,1,591.183431952663,6.38212634480399,0,61.92,0,12656,0,3,12,12656,1,-933,11723,2,,6166,12656,,,,11952,1,1,-1025,11631,,1,0,6,1,12656,C10AA01,10 MG,C10,C10A,C10AA,C10AA01,"",,,,1,1,1,1,1,,,1,"","",,,,,,,,,,,,0,0,0,1,1,1,1,1,0,0,1,,3.31,26.68,2,020909CJB,407.254,5.44,33,220.3,33,99.863,8,13722,13722,29.04,1,0,0,0,0,2,0,0,0,0,0,0,0,1,0,0,0,140,57.75,0,0,0,0,0,0,1,,,,,3,6,,0,1,1,0,0,1,0,1,1,1,0,2,0,,,0,0,84,29.5141086149941,0,0,1,1,1,141,0,1,1,1,1,11475,1,10465,1,1,1,0,1,1,13291,0,43.2,1,242.603550295858,5.49142863076337,2,0,0,1,33,0,1,13975,,1436,6,,177.640308409539,1,Q3,high,high,Q4,Q1-Q3,Angina,,,,,
1,2810556896,2017-09-02,1511.5,2,1,185,79,64,103,0.68,3,40.9,5.7,11970,3695.59902200489,8.21489793715885,3.38817733990148,1.22029211895638,0,,21.34,,818.94,1,2002.29828850856,7.60205094403549,0,65.88,0,11970,0,3,,11970,0,,,2,5186,6364,11970,14129,14129,2159,,0,0,,,,0,0,8,0,11970,"","","","","","","",,,,,,,,,,,,"","",,,,,,,,,,,,0,0,0,0,0,0,0,0,0,0,0,,0.25,31.53,2,011309CJB,513.208,0.46,4,154.2,4,88.96,8,13483,13483,21.34,0,0,0,0,0,2,0,0,0,0,0,0,0,0,0,0,0,131,64.5,0,0,0,0,0,0,1,,,,,8,1,,0,1,0,0,0,0,0,1,1,1,0,2,0,,,0,0,54,22.1389734288392,0,0,0,0,0,,0,0,0,0,0,,0,,,,0,0,0,,,0,93.2,0,73.3496332518337,4.29523750460149,2,0,0,0,99,0,0,,17276,,,,37.3292830505544,1,Q2,low,low,Q1-Q3,Q1-Q3,,,,,,
1,2810556897,2018-12-08,6019.5,2,1,192,63,60,90,0.82,3.6,84,5.4,12059,7166.07142857143,8.87711286551986,2.97625329815303,1.09066522697558,0,,40.72,,812.97,1,967.821428571429,6.87504759564275,0,73.84,0,12059,0,3,,12059,0,,,1,4606,5708,12059,14047,14047,1988,,0,0,,,,0,0,8,0,12059,"","","","","","","",,,,,,,,,,,,"","",,,,,,,,,,,,0,0,0,0,0,0,0,0,0,0,0,,2.59,42.69,2,020309CJB,369.926,2.35,23,219.9,23,145.891,8,13253,13253,40.72,0,0,0,0,0,8,0,0,0,0,0,0,0,0,0,0,0,161,69.5,0,0,0,0,0,0,1,,,,,7,8,,0,1,0,0,0,0,0,,1,1,0,2,0,,,0,0,69,23.4348338889732,0,0,0,0,0,,0,0,0,0,0,,0,,,,0,0,0,,,0,117,0,42.8571428571429,3.75787232560089,2,0,0,0,90,1,1,,17041,,,,79.6230158730159,1,Q4,high,high,Q1-Q3,Q4,,,,,,
1,2810557404,2018-06-28,20000,3,1,192,38,171,138,0.76,3,141.5,7,11480,14134.2756183746,9.55635802144093,1.35786568537259,0.305914118039208,1,,50.7,,2077.15,1,1467.95053003534,7.29162250972063,0,59.89,0,11480,0,3,,11480,0,,,2,4349,6071,11480,13846,13846,2366,,0,0,,,,0,0,8,0,11480,C07AB02,100 MG,C07,C07A,C07AB,C07AB02,"",,,,1,,,,,,,,"","",,,,,,,,,,,,0,0,0,1,0,0,0,0,0,0,0,,10.45,184.1,2,011509CJB,213.004,3.46,6,231.4,6,156.514,8,12937,12937,50.7,1,0,0,0,1,2,0,0,0,0,0,0,0,0,0,0,0,238,63.25,0,0,0,0,0,0,1,,,,,3,1,,0,1,1,1,0,0,0,1,1,1,0,2,0,,,0,0,58,41.8274616798886,0,0,1,0,1,,0,0,0,0,0,,0,,,,0,0,0,,,0,119.8,0,21.2014134275618,3.05406785056695,1,1,0,0,86,1,1,,16730,,,,164.352042074123,1,Q4,high,high,Q4,Q4,,,,,,
1,2810557797,2017-11-26,4068.4,2,1,143,45,95,110,1.06,3,106.7,5.5,12068,3812.93345829428,8.24615410843182,1.28414755732802,0.250095118702364,1,,37.66,,980.89,1,919.297094657919,6.82360935047955,0,,2,12068,,,12,12068,0,,,1,4582,5712,12068,14757,14757,2689,,0,0,,,,0,0,,0,12068,C10AA05,80 MG,C10,C10A,C10AA,C10AA05,"",,,1,1,1,1,1,,,,1,"","",,,,,,,,,,,,0,0,1,1,1,1,1,0,0,0,1,,2.93,74.13,2,020309CJB,362.586,2.4,23,164.6,23,119.464,8,13265,13265,37.66,1,0,0,0,0,8,0,0,0,0,0,0,0,0,0,0,1,250,72,0,0,0,0,0,0,1,,,,,4,6,,0,1,1,0,0,0,1,,1,1,0,2,0,,,1,0,65,33.9063178126356,0,0,1,1,1,141,0,1,1,1,1,8373,1,13643,,,0,0,1,3,8523,1,79,0,28.116213683224,3.33634640934254,1,0,0,1,73,0,0,15303,,8373,2,,52.2319651821135,1,Q2,low,low,Q1-Q3,Q1-Q3,MI,,,,,
7,2810558291,2017-08-22,4407.1,2,1,180,39,109,87,0.8,3.4,110,5.7,4013,4006.45454545455,8.29566197595336,2.38693467336683,0.870009979310149,0,,50.26,,1317.72,1,1197.92727272727,7.0883480695933,0,65.58,0,4013,0,3,,4013,0,,,1,4013,5992,,,5992,1979,,0,0,,,,0,0,8,0,4013,"","","","","","","",,,,,,,,,,,,"","",,,,,,,,,,,,0,0,0,0,0,0,0,0,0,0,0,,0.51,58.7,2,010809CJB,251.006,1.82,5,190,5,138.146,3,,,50.26,0,0,0,0,0,,0,0,0,0,0,0,,,,,0,125,63.5,0,0,0,0,0,0,,,1,,,8,1,,0,1,0,0,,,0,,2,3,0,2,0,,,0,0,52,21.7955671821816,0,0,0,0,0,,0,0,0,0,0,,0,,,,0,0,0,,,0,119.2,0,30.9090909090909,3.43105034481184,2,0,0,0,103,0,0,,8427,,,,38.8976169461606,1,Q2,low,low,Q1-Q3,Q1-Q3,,,,,,
1,2810559184,2017-11-25,4749.9,2,1,146,78,48,122,0.98,11.8,108,6,12188,4398.05555555556,8.38891780303937,1.98732037193576,0.686787184561683,0,,42.64,,10,1,9.25925925925926,2.22562405185792,0,66.89,0,12188,0,3,,12188,0,,,1,4515,5723,12188,14323,14323,2135,,0,0,,,,0,0,8,0,12188,C10AA05,10 MG,C10,C10A,C10AA,C10AA05,"",,,,,,1,1,,,1,,"","",,,,,,,,,,,,0,0,0,0,0,1,1,0,0,1,0,,0.52,37.3,2,020309CJB,872.188,1.82,22,189.2,22,97.515,8,13398,13398,42.64,0,0,0,0,1,8,0,0,0,0,0,0,0,0,0,0,0,170,73.5,0,0,0,0,0,0,1,,,,,7,8,,0,1,0,1,0,0,0,,1,1,0,2,0,,,0,0,82,22.1248255907591,0,1,0,1,0,,0,0,0,0,0,,0,,,,0,0,1,,,0,58.4,1,109.259259259259,4.69372358332954,2,1,0,1,72,0,1,15759,,15759,28,3571,61.0841049382716,0,Q3,low,low,Q1-Q3,Q1-Q3,Death,9.77686516084873,1,0,0,0
1,2810559254,2018-12-15,4690.7,2,1,268,46,146,102,1.06,4,208.7,5.3,12642,2247.58025874461,7.71760947593938,1.06810897435897,0.0658897712493356,1,,38.48,,1161.51,1,556.54528030666,6.32174853363495,0,68.95,0,12642,0,3,,12642,0,,,1,4601,5777,12642,14644,14644,2002,,0,0,,,,0,0,8,0,12642,"","","","","","","",,,,,,,,,,,,"","",,,,,,,,,,,,0,0,0,0,0,0,0,0,0,0,0,,1.34,31.19,2,021309CJB,439.626,1.11,39,263.5,39,187.771,8,13597,13597,38.48,0,0,0,0,0,8,0,0,0,0,0,0,0,0,0,0,0,195,68.5,0,0,0,0,0,0,1,,,,,4,1,,0,1,0,0,0,0,0,,1,1,0,2,0,,,0,0,60,29.2185783369915,0,,0,0,0,,0,0,0,0,0,,0,,,,0,0,0,,,0,192.8,1,19.1662673694298,2.95315182601887,1,0,0,0,76,0,0,,17381,,,,29.5734244571659,1,Q1,low,low,Q1-Q3,Q1-Q3,,,,,,
1,2810559468,2017-12-02,1530.5,2,1,227,64,140,102,0.7,3,22.4,5.8,11788,6832.58928571429,8.82945898551257,1.32660228270413,0.282620998825557,1,,51.06,,209.38,1,934.732142857143,6.84026001001831,0,69.84,0,11788,0,3,,11788,0,,,2,4427,5651,11788,,,,,0,0,,,,0,0,8,0,11788,M01AX05,TAB,M01,M01A,M01AX,M01AX25,"",,1,,,1,1,1,,,,,M01AX25,"",,1,,,,,,,,,,0,1,0,0,1,1,1,0,0,0,0,,1.5,102.4,2,020409CJB,465.942,0.45,25,255.8,25,151.931,8,12956,12956,51.06,1,0,0,0,0,2,0,0,0,0,0,0,0,0,0,0,0,206,65.25,0,0,0,0,0,0,1,,,,,3,6,,0,1,1,0,0,0,0,1,1,1,0,2,0,,,0,0,59,34.018236883085,0,0,1,1,1,,0,0,0,0,0,,0,,,,0,0,0,,,0,135,0,133.928571428571,4.89730660878925,2,0,0,1,95,1,1,,16744,,,,71.921992481203,1,Q4,high,high,Q1-Q3,Q4,,,,,,
1,2810559533,2017-11-25,3297.8,2,1,197,50,125,106,0.67,3,36.3,5.1,11725,9084.84848484849,9.11436330318415,,,,,57.4,,425.58,1,1172.39669421488,7.06680538915934,0,55.26,0,11725,0,3,,11725,0,,,2,,5804,11725,13684,13684,1959,,0,0,,,,0,0,8,0,11725,"","","","","","","",,,,,,,,,,,,"","",,,,,,,,,,,,0,0,0,0,0,0,0,0,0,0,0,,1.84,28.89,2,020209CJB,378.562,1.11,22,247,22,133.292,8,12942,12942,57.4,0,0,0,0,0,2,0,0,0,0,0,0,0,0,0,0,0,134,62,0,0,0,0,0,0,1,,,,,3,1,,0,0,0,0,0,0,0,1,1,1,0,,0,,,0,0,59,24.5090812762271,0,,0,0,0,,0,0,0,0,0,,0,,,,0,0,0,,,0,122,0,82.6446280991736,4.41454982637944,2,0,0,0,96,1,1,,16730,,,,94.6338383838384,1,Q4,high,high,Q4,Q4,,,,,,
1,2810560279,2018-11-26,6251.8,2,1,185,56,59,114,0.9,3,98.3,5.7,12413,6359.91861648016,8.75777086010138,2.67577030812325,0.98423730454737,0,,33.8,,1481.87,1,1507.49745676501,7.3182062415452,0,61.55,0,12413,0,3,,12413,0,,,1,4559,5812,12413,14513,14513,2100,,0,0,,,,0,0,8,0,12413,M01AE01,200 MG,M01,M01A,M01AE,M01AE01,"",,1,,,,,,,,,,"","",,,,,,,,,,,,0,1,0,0,0,0,0,0,0,0,0,,0.57,50.77,2,012009CJB,527.524,1.47,10,153.8,10,129.896,8,13814,13814,33.8,0,0,0,0,2,8,1,1,1,0,0,0,0,0,0,0,0,179,68.75,0,0,0,0,0,0,1,,,,,5,1,,0,1,0,1,0,0,0,,1,1,2,2,0,,,0,0,63,26.6264482281031,1,0,0,0,0,,0,0,0,0,0,,0,,,,0,0,0,,,0,117.2,0,30.5188199389624,3.41834354049713,2,0,0,0,91,0,1,16802,,16802,27,4389,69.8892155657161,0,Q3,high,high,Q1-Q3,Q1-Q3,,12.0164271047228,1,1,1,0
1,2810560439,2018-12-08,10912.3,2,1,212,51,237,123,0.89,3,64.2,5.8,12536,16997.3520249221,9.74081284766612,1.61428571428571,0.478892576662982,1,,54.28,,1285.82,1,2002.83489096573,7.60231890139738,0,61.82,0,12536,0,3,,12536,0,,,1,4558,5786,12536,14505,14505,1969,,0,0,,,,0,0,8,0,12536,"","","","","","","",,,,,,,,,,,,"","",,,,,,,,,,,,0,0,0,0,0,0,0,0,0,0,0,,0.55,117.5,2,020609CJB,605.252,25.84,30,235.1,30,164.316,8,13637,13637,54.28,0,0,0,0,0,8,0,0,0,0,,,0,0,0,0,0,219,71.25,0,0,0,0,0,0,1,,,,,3,6,,0,1,0,0,0,0,0,,1,1,0,2,,,,0,0,71,30.3305293591197,0,,0,0,0,,0,0,0,0,0,,0,,,,0,0,1,,,0,113.6,0,46.7289719626168,3.84436435695433,2,0,0,0,86,1,1,15503,14286,15503,27,2967,197.643628196769,0,Q4,high,high,Q4,Q4,,8.12320328542094,1,0,0,0
1,2810560779,2018-12-08,5818.6,2,1,207,80,55,88,0.76,3,74,5.5,11747,7862.97297297297,8.96992005474448,,,,,38.56,,676.21,1,913.797297297297,6.81760877147246,0,69.27,0,11747,0,3,,11747,0,,,2,4391,5656,11747,13876,13876,2129,,0,0,,,,0,0,8,0,11747,"","","","","","","",,,,,,,,,,,,"","",,,,,,,,,,,,0,0,0,0,0,0,0,0,0,0,0,,0.48,26.24,2,020209CJB,227.946,0.97,22,126.6,22,70.021,8,12970,12970,38.56,0,0,0,0,0,2,0,0,0,0,0,0,0,0,0,0,0,114,57,0,0,0,0,0,0,1,,,,,3,1,,0,1,0,0,0,0,0,1,1,1,0,2,0,,,0,0,64,24.6695230232566,0,0,0,0,0,,0,0,0,0,0,,0,,,,0,0,0,,,0,116,0,40.5405405405405,3.70230247444608,2,0,0,0,83,1,1,,16758,,,,94.7346141322045,1,Q4,high,high,Q4,Q4,,,,,,
1,2810561981,2018-12-22,6095.1,2,1,190,82,98,85,0.68,3,84.9,5.2,11741,7179.1519434629,8.87893654134246,2.86437613019892,1.05235057085204,0,,51.48,,645.42,1,760.212014134276,6.63359736034276,0,67.64,0,11741,0,3,,11741,0,,,2,4188,5639,11741,13765,13765,2024,,0,0,,,,0,0,8,0,11741,C07AB03,50 MG,C07,C07A,C07AB,C07AB03,"",,,,1,,,,,,,,"","",,,,,,,,,,,,0,0,0,1,0,0,0,0,0,0,0,,3.5,37.58,2,021709CJB,315.686,3.11,41,231.5,41,120.227,8,12667,12667,51.48,1,0,0,0,0,2,0,0,0,0,0,0,0,0,0,0,0,147,65.5,0,0,0,0,0,0,1,,,,,4,6,,0,1,1,0,0,0,0,1,1,1,0,2,0,,,0,0,77,24.0901967731329,0,0,1,0,1,,0,0,0,0,0,,0,,,,0,0,1,,,0,88.4,0,35.3356890459364,3.56489347433295,2,0,0,0,84,1,1,13970,,13970,28,2229,85.4660945650345,0,Q4,high,high,Q4,Q4,Death,6.10266940451745,1,0,0,0
1,2810562297,2018-01-10,4681.1,2,1,210,39,122,93,1.08,3,143.6,5.6,12084,3259.81894150418,8.08942693340249,0.969672785315244,-0.0307965991214193,1,,44.34,,1553.68,1,1081.94986072423,6.98652011889116,0,57.34,0,12084,0,3,,12084,0,,,1,4287,5658,12084,13917,13917,1833,,0,0,,,,0,0,8,0,12084,C07AB03,50 MG,C07,C07A,C07AB,C07AB03,"",,,,1,,,,1,,,,"","",,,,,,,,,,,,0,0,0,1,0,0,0,1,0,0,0,,3.29,263.1,2,021209CJB,608.582,3.39,38,215.4,38,157.714,8,13065,13065,44.34,1,0,0,0,0,8,0,0,0,0,0,0,0,0,0,0,0,206,71,0,0,0,0,0,0,1,,,,,3,7,,0,1,1,0,0,0,0,,1,1,0,2,0,,,0,0,63,28.7313568080816,0,0,1,0,1,,0,0,0,0,0,,0,,,,0,0,1,,,0,146.6,0,20.891364902507,3.03933591103612,1,0,0,0,73,0,0,,16849,,,,44.6550539932079,1,Q2,low,low,Q1-Q3,Q1-Q3,,,,,,
1,2810562678,2018-12-22,3425.6,2,1,165,60,39,93,0.51,3,88.8,5.9,13032,3857.65765765766,8.25781545382539,2.58325219084713,0.949049144209182,0,,31.16,,1151.7,1,1296.95945945946,7.16777792666483,0,75.79,0,13032,0,3,,13032,0,,,2,5396,,13032,,,,,0,0,,,,0,0,8,0,13032,M01AC06,15 MG,M01,M01A,M01AC,M01AC06,"",,1,,,,,,,,,,"","",,,,,,,,,,,,0,1,0,0,0,0,0,0,0,0,0,,22.98,72.93,2,021909CJB,424.02,8.58,45,232.9,45,144.234,8,13855,13855,31.16,0,0,0,0,0,2,0,0,0,0,0,0,0,0,0,0,0,169,61.5,0,0,0,0,0,0,1,,,,,8,8,,0,1,0,0,0,0,0,1,1,1,0,2,0,,,0,0,71,31.4153632471453,0,0,0,0,0,,0,0,0,0,0,,0,,,,0,0,0,,,0,97.2,0,33.7837837837838,3.51998091765212,2,0,0,0,97,0,0,,17636,,,,39.7696665737903,1,Q2,low,low,Q1-Q3,Q1-Q3,,,,,,
1,2810563120,2018-12-15,5254,2,1,169,48,185,217,0.78,4.2,70.5,8.7,11976,7452.48226950355,8.91630244641535,1.50393700787402,0.408086341588039,1,,74.28,,1009.1,1,1431.3475177305,7.26637159964035,0,71.57,0,11976,0,3,,11976,0,,,2,4704,5617,11976,13973,13973,1997,,0,0,,,,0,0,8,0,11976,C10AX09,40 MG,C10,C10A,C10AA,C10AA01,"",,,,,1,1,,,,1,,C10AA01,"",,,,,,1,1,,,,,0,0,0,0,1,1,1,0,0,1,0,,2.58,192.1,2,021109CJB,379.786,1.7,35,210.4,35,139.985,8,13008,13008,74.28,1,0,0,0,1,1,0,0,0,0,0,0,0,0,0,0,2,138,63,1,1,0,0,0,0,1,,,,,4,2,,0,1,1,1,0,0,1,0,1,1,0,2,0,,,1,1,60,24.4457631772407,0,1,1,1,1,,0,0,0,0,0,,0,,,,0,0,0,,,0,84,1,59.5744680851064,4.08722709445324,2,1,0,1,83,1,1,,16793,12463,30,4817,89.7889430060668,0,Q4,high,high,Q4,Q4,IC,13.1882272416153,1,1,1,0
1,2810563895,2017-12-31,2336,2,1,186,78,156,84,0.7,27.4,44.4,5.5,11526,5261.26126126126,8.56812606049803,2.56005221932115,0.940027656455755,0,,31.56,,222.95,1,502.13963963964,6.2188782476234,0,67.75,0,11526,0,3,,11526,0,,,2,4446,5513,11526,13758,13758,2232,12733,1,0,1207,12733,,0,0,8,0,11526,C10AX06,1100 MG,C10,C10A,C10AX,C10AX06,"",,,,,,1,1,,,,,"","",,,,,,,,,,,,0,0,0,0,0,1,1,0,0,0,0,,4.29,36.82,2,020909CJB,209.72,0.78,33,158.7,33,89.684,8,12589,12589,31.56,0,0,0,0,0,2,0,0,0,0,0,0,0,0,0,0,0,133,64.5,0,0,0,0,0,0,1,,,,,6,6,,0,1,0,0,0,0,0,1,1,1,0,2,0,,,0,0,67,22.4769730231727,0,0,0,1,0,,0,0,0,0,0,,0,,1,4,0,0,0,,,0,76.8,1,617.117117117117,6.42505882293798,3,0,0,1,90,0,1,,13758,,,,58.4584584584585,1,Q3,low,low,Q1-Q3,Q1-Q3,,,,,,
1,2810564579,2018-07-06,20000,3,1,183,68,46,108,1,6.8,213,5.5,12401,9389.67136150235,9.14736557281479,2.0707171314741,0.727894987606339,0,,38.24,,1241.3,1,582.769953051643,6.36779251680057,0,68.26,0,12401,0,3,,12401,0,,,1,4244,5962,12401,14291,14291,1890,,0,0,,,,0,0,8,0,12401,"","","","","","","",,,,,,,,,,,,"","",,,,,,,,,,,,0,0,0,0,0,0,0,0,0,0,0,,0.29,40.72,2,022009CJB,298.844,1.17,49,277.1,49,162.01,8,13077,13077,38.24,0,0,0,0,0,8,0,0,0,0,0,0,0,0,0,0,0,156,68.75,0,0,0,0,0,0,1,,,,,7,1,,0,1,0,0,0,0,0,,1,1,0,2,0,,,0,0,56,23.205172757453,0,0,0,0,0,,0,0,0,0,0,,0,,,,0,0,0,,,0,105.8,1,31.924882629108,3.46338572545477,2,0,0,0,84,1,1,,16857,,,,111.781801922647,1,Q4,high,high,Q4,Q4,,,,,,
1,2810565765,2017-08-26,3968.8,2,1,243,74,66,102,0.94,5.4,167,5.3,12031,2376.52694610778,7.77339543455818,1.82302771855011,0.600498700490481,0,,41.78,,879.75,1,526.796407185629,6.26681414977303,0,62.54,1,12031,0,3,,12031,0,,,1,,,12031,14244,14244,2213,14829,1,0,2435,14466,,0,0,8,0,12031,"","","","","","","",,,,,,,,,,,,"","",,,,,,,,,,,,0,0,0,0,0,0,0,0,0,0,0,,0.48,20.79,2,010909CJB,545.812,2.62,2,264.1,2,187.523,8,13611,13611,41.78,0,0,0,0,0,8,0,0,0,0,0,0,0,0,0,0,0,176,72,0,0,0,0,0,0,1,,,,,3,7,,0,1,0,0,0,0,0,,1,1,0,2,0,,,0,0,62,23.8700477400955,0,,0,0,0,,0,0,0,0,0,,0,,1,4,0,0,1,,,0,155.8,1,32.3353293413174,3.47616042013561,2,0,0,0,87,0,0,,17384,,,,27.3164016793998,1,Q1,low,low,Q1-Q3,Q1-Q3,,,,,,
1,2810566458,2018-12-06,8694.1,2,1,202,102,43,93,0.81,23.9,130.2,5.4,12106,6677.49615975423,8.80649836988163,3.77411764705882,1.32816661950204,0,,28.18,,1603.39,1,1231.48233486943,7.11597387305611,0,63.43,0,12106,0,3,,12106,0,,,2,,,12106,14113,14113,2007,,0,0,,,,0,0,8,0,12106,"","","","","","","",,,,,,,,,,,,"","",,,,,,,,,,,,0,0,0,0,0,0,0,0,0,0,0,,0.14,36.75,2,012909CJB,418.22,0.8,19,270.8,19,207.491,8,13366,13366,28.18,0,0,0,0,0,2,1,1,1,0,0,0,0,0,0,0,0,128,63.5,0,0,0,0,0,0,1,,,,,3,1,,0,1,0,0,0,0,0,1,1,1,2,2,0,,,0,0,54,22.3186607945539,1,0,0,0,0,,0,0,0,0,0,,0,,,,0,0,0,,,0,91.4,1,183.563748079877,5.21256200814513,2,0,0,0,82,1,1,,17157,,,,81.4328799970027,1,Q4,high,high,Q1-Q3,Q4,,,,,,
1,2810566669,2017-10-25,2278.4,2,1,199,56,53,95,0.8,3,74.2,5.6,12217,3070.61994609164,8.02963475703241,4.44454148471616,1.49167671060049,0,,33.64,,1579.28,1,2128.40970350404,7.66313036177217,0,68.18,0,12217,0,3,,12217,0,,,2,4586,5783,12217,14268,14268,2051,,0,0,,,,0,0,8,0,12217,C09AA03,20MG,C09,C09A,C09AA,C09AA03,"",,,,,1,,,1,,,,"","",,,,,,,,,,,,0,0,0,0,1,0,0,1,0,0,0,,3.14,20,2,012109CJB,319.822,0.97,12,183,12,109.862,8,13596,13596,33.64,1,0,0,0,0,2,0,0,0,0,0,0,0,0,0,0,0,122,60.25,0,0,0,0,0,0,1,,,,,7,1,,0,1,1,0,0,0,0,1,1,1,0,2,0,,,0,0,67,23.6293263688609,0,0,1,0,1,,0,0,0,0,0,,0,,,,0,0,0,,,0,132.4,0,40.4312668463612,3.69960341747691,2,0,0,0,76,0,0,,17380,,,,40.4028940275216,1,Q2,low,low,Q1-Q3,Q1-Q3,,,,,,
1,2810567223,2018-06-30,20000,3,1,122,51,115,101,1.02,107,107.9,5.3,11454,18535.6811862836,9.82745286626013,1.27391304347826,0.242093300093872,1,,73.92,,1470.38,1,1362.72474513438,7.2172414634919,0,47.76,2,11454,1,2,12,11454,1,105,11559,1,3865,5193,11454,,,,11378,1,1,-76,11378,,0,1,7,1,11454,C10AD02,37.5 MG 25 MG,C03,C03A,C03AA,C03AA03,"",,,,1,,1,1,1,,,1,C03AA03,"",,,,,,,,1,,,,0,0,0,1,0,1,1,1,0,0,1,,0.87,189.9,2,020509CJB,391.126,2.58,28,195.2,28,125.785,8,12587,12587,73.92,0,0,0,0,0,8,0,0,0,0,0,0,0,0,0,0,0,205,70.5,0,0,0,0,0,0,1,,,,,3,6,,0,1,0,0,0,0,0,,1,1,0,2,0,,,0,0,85,28.9988809945931,0,0,0,1,0,,0,0,0,0,0,,1,9298,1,1,1,0,1,,,0,48,1,991.658943466172,6.89937924117995,3,0,0,1,67,1,1,12970,5669,9298,12,-2156,276.651958004233,0,Q4,high,high,Q4,Q4,TIA,-5.90280629705681,0,0,0,0
1,2810567935,2017-11-23,2532.4,2,1,194,60,139,91,0.75,3,56.7,5.9,12463,4466.3139329806,8.40431872392436,1.29646017699115,0.259637609744782,1,,33.64,,1016.06,1,1791.99294532628,7.49108365676724,0,79.9,0,12463,0,3,,12463,0,,,2,4615,5792,12463,14601,14601,2138,,0,0,,,,0,0,8,0,12463,C10AA05,10 MG,C10,C10A,C10AA,C10AA05,"",,,,,,1,1,1,,,,"","",,,,,,,,,,,,0,0,0,0,0,1,1,1,0,0,0,,26.59,90.5,2,013009CJB,,,20,220.3,20,130.982,8,13705,13705,33.64,1,0,0,0,0,2,0,0,0,0,0,0,0,0,0,0,0,225,61.25,0,0,0,0,0,0,1,,,,,7,1,,0,0,1,0,0,0,0,1,1,1,0,,0,,,0,0,58,42.167314655329,0,0,1,1,1,,0,0,0,0,0,,0,,,,0,0,0,,,0,106.2,0,52.9100529100529,3.96859335691654,2,0,0,1,88,0,1,,17493,,,,50.7535674202341,1,Q3,low,low,Q1-Q3,Q1-Q3,,,,,,
1,2810568134,2018-12-17,966,2,1,172,47,175,110,0.65,4.7,48.4,5.4,12447,1995.86776859504,7.59883420647802,1.96712619300106,0.676573692408078,0,,32.9,,415.02,1,857.479338842975,6.75399708410605,0,64.25,0,12447,0,3,12,12447,0,,,2,4747,5881,12447,14960,14960,2513,,0,0,,,,0,0,8,0,12447,M01AE02,10 MG,M01,M01A,M01AE,M01AE02,"",,1,,1,,1,1,,,,,"","",,,,,,,,,,,,0,1,0,1,0,1,1,0,0,0,0,,1,145.8,2,020509CJB,309.474,3.9,29,159.6,29,103.507,8,13567,13567,32.9,1,0,0,0,0,2,0,0,0,0,0,0,0,0,0,0,0,154,62.5,0,0,0,0,0,0,1,,,,,3,6,,0,1,1,0,0,0,0,1,1,1,0,2,0,,,0,0,72,27.7182813565627,0,0,1,1,1,,0,0,0,0,0,,1,16320,,,0,0,1,,,0,90,1,97.1074380165289,4.57581797397556,2,0,0,1,89,0,0,,17353,8693,6,4906,22.4254805460117,0,Q1,low,low,Q1-Q3,Q1-Q3,Angina,13.4318959616701,1,1,1,0
1,2810568271,2017-11-13,2518.1,2,1,243,52,164,112,0.96,6.5,222.7,5.4,11761,1130.7139649753,7.03060453959926,1.94424673784104,0.664874620741974,0,,41.76,,1855.96,1,833.390211046251,6.72550197311454,0,65.74,0,11761,0,3,,11761,0,,,1,4278,5643,11761,14015,14015,2254,,0,0,,,,0,0,8,0,11761,C09AA03,40 MG,C09,C09A,C09AA,C09AA03,"",,,,1,1,,,,,,,"","",,,,,,,,,,,,0,0,0,1,1,0,0,0,0,0,0,,3.84,144,2,012709bCJ,353.508,1.77,17,192,17,146.901,8,13045,13045,41.76,1,0,0,0,0,8,0,0,0,0,0,0,0,0,0,0,0,198,67,0,0,0,0,0,0,1,,,,,8,1,,0,1,1,0,0,0,0,,1,1,0,2,0,,,0,0,57,31.011387485016,0,0,1,0,1,,0,0,0,0,0,,0,,,,0,0,0,,,0,158.2,1,29.1872474180512,3.37373188162041,1,0,0,0,87,0,0,,16836,,,,12.9967122410954,1,Q1,low,low,Q1-Q3,Q1-Q3,,,,,,
1,2810568472,2017-11-13,301.2,2,1,227,47,95,103,1.13,3,63.7,5.5,12514,472.841444270016,6.15876011933571,1.31767955801105,0.27587227906257,1,,29.22,,827.88,1,1299.6546310832,7.16985383975599,0,66.17,0,12514,0,3,,12514,0,,,1,4527,5780,12514,14536,14536,2022,,0,0,,,,0,0,8,0,12514,B01AC06,325 MG,B01,B01A,B01AC,B01AC06,325 MG,1,,,,,,,,,,,"","",,,,,,,,,,,,1,0,0,0,0,0,0,0,0,0,0,,0.81,71.04,2,012709CJB,309.688,0.15,17,219.7,17,163.297,8,13803,13803,29.22,0,0,0,0,0,8,0,0,0,0,0,0,0,0,0,0,2,185,68.75,0,0,0,0,0,0,1,,,,,3,1,,0,1,0,0,0,0,1,,1,1,0,2,0,,,1,0,55,27.5189548726205,0,0,0,0,0,,0,0,0,0,0,,0,,,,0,0,1,,,0,161,0,47.0957613814757,3.85218300507213,2,0,0,0,73,0,0,,17594,,,,6.47728005849337,1,Q1,low,low,Q1-Q3,Q1-Q3,,,,,,
1,2810568753,2018-01-06,1282.7,2,1,236,91,57,91,0.52,3,25.2,5.2,12004,5090.07936507937,8.53504870177652,3.02675585284281,1.10749137030924,0,,50.44,,536.02,1,2127.06349206349,7.66249766527822,0,,0,12004,,,,12004,0,,,2,4703,5719,12004,13987,13987,1983,,0,0,,,,0,0,,0,12004,"","","","","","","",,,,,,,,,,,,"","",,,,,,,,,,,,0,0,0,0,0,0,0,0,0,0,0,,1.38,33.52,2,021109CJB,360.816,0.97,35,195.4,35,123.485,8,13029,13029,50.44,0,0,0,0,0,2,1,1,1,0,0,0,0,0,0,0,0,117,65.75,0,0,0,0,0,0,1,,,,,3,1,,0,1,0,0,0,0,0,1,1,1,2,2,0,,,0,0,52,19.0282986935879,1,0,0,0,0,,0,0,0,0,0,,0,,,,0,0,0,,,0,133.6,0,119.047619047619,4.77952357313287,2,0,0,0,110,0,1,,16814,,,,46.2734487734488,1,Q3,low,low,Q1-Q3,Q1-Q3,,,,,,
1,2810569144,2017-08-29,1473.3,2,1,223,98,73,92,0.71,3,30.3,5.2,11916,4862.37623762376,8.48928253518608,2.92199775533109,1.07226754513214,0,,49.14,,268.8,1,887.128712871287,6.78799008212176,0,69,0,11916,0,3,,11916,0,,,2,4531,5735,11916,,,,,0,0,,,,0,0,8,0,11916,C10AX06,TAB,C10,C10A,C10AX,C10AX06,"",,,,,,1,,,,,,"","",,,,,,,,,,,,0,0,0,0,0,1,0,0,0,0,0,,0.44,28.21,2,010909CJB,379.074,1.16,2,203.8,2,133.016,8,13482,13482,49.14,0,0,0,0,0,2,0,0,0,0,0,0,0,0,0,0,0,142,64.25,0,0,0,0,0,0,1,,,,,4,6,,0,1,0,0,0,0,0,1,1,1,0,2,0,,,0,0,74,24.1850891732185,0,0,0,0,0,,0,0,0,0,0,,0,,,,0,0,0,,,0,110.4,0,99.009900990099,4.59521985513492,2,0,1,0,84,0,1,14235,,14235,27,2319,57.8854314002829,0,Q3,low,low,Q1-Q3,Q1-Q3,,6.34907597535934,1,0,0,0
1,2810569284,2018-12-08,6542.8,2,1,182,66,111,106,0.88,3.7,124.1,5.5,12142,5272.19983883965,8.5702029811619,1.52722772277228,0.423454145944238,1,,42.16,,1394.42,1,1123.62610797744,7.02431633096711,0,64.28,0,12142,0,3,,12142,0,,,1,,,12142,,,,,0,0,,,,0,0,8,0,12142,M01AE02,220 MG,M01,M01A,M01AE,M01AE02,"",,1,,,,,,,,,,"","",,,,,,,,,,,,0,1,0,0,0,0,0,0,0,0,0,,1.5,87.44,2,020509CJB,369.624,2.17,28,210.2,28,119.826,8,13269,13269,42.16,0,0,0,0,0,8,0,0,0,0,0,0,0,0,0,0,0,188,69,0,0,0,0,0,0,1,,,,,7,6,,0,1,0,0,0,0,0,,1,1,0,2,0,,,0,0,70,27.7629288717935,0,0,0,0,0,,0,0,0,0,0,,0,,,,0,0,0,,,0,93.8,0,29.8146655922643,3.39500040642175,1,0,0,0,87,0,1,,17055,,,,60.5999981475821,1,Q3,low,low,Q1-Q3,Q1-Q3,,,,,,
1,2810569683,2018-06-30,20000,3,1,205,49,115,104,0.87,12,115.8,5.2,12639,17271.1571675302,9.75679317338532,1.8295371050698,0.604062986807287,0,,30.92,,1501.54,1,1296.66666666667,7.16755214794438,0,69.49,0,12639,0,3,,12639,0,,,1,4434,5792,12639,15127,15127,2488,,0,0,,,,0,0,8,0,12639,C10AA05,40 MG,C10,C10A,C10AA,C10AA05,"",,,,,1,1,1,,,,,"","",,,,,,,,,,,,0,0,0,0,1,1,1,0,0,0,0,,1.64,86.08,2,020909CJB,486.828,2.63,32,217.8,32,158.533,8,13715,13715,30.92,1,0,0,0,0,8,0,0,0,0,0,0,0,0,0,0,0,225,74.25,0,0,0,0,0,0,1,,,,,4,6,,0,1,1,0,0,0,0,,1,1,0,2,0,,,0,0,66,28.6942722645776,0,0,1,1,1,,0,0,0,0,0,,0,,,,0,0,0,,,0,133,1,103.626943005181,4.64079736363124,2,0,0,1,90,1,1,,17501,,,,191.901746305891,1,Q4,high,high,Q4,Q4,,,,,,
1,2810569710,2017-12-24,671.1,2,1,156,50,129,104,0.75,3.8,58.5,5.6,12486,1147.17948717949,7.04506158891447,1.47113163972286,0.386031927569674,1,,41.08,,393.06,1,671.897435897436,6.51010570372212,0,66.52,0,12486,0,3,1,12486,0,,,2,4566,5770,12486,14467,14467,1981,,0,0,,,,0,0,8,0,12486,C10AA05,10 MG,C10,C10A,C10AA,C10AA05,"",,,,,1,1,1,1,,,,"","",,,,,,,,,,,,0,0,0,0,1,1,1,1,0,0,0,,3.46,88.09,2,020709CJB,282.47,1.22,31,183.4,31,109.347,8,13577,13577,41.08,1,0,0,0,0,2,0,0,0,0,0,0,0,0,0,0,0,185,61,1,1,0,0,0,0,1,,,,,4,6,,0,1,1,0,0,0,0,1,1,1,0,2,0,,,0,1,67,34.955673243784,0,0,1,1,1,140,0,1,1,0,1,14229,0,,,,0,0,0,,,0,80.2,0,64.957264957265,4.17372959147667,2,0,0,1,82,0,0,,17363,14229,1,4877,13.9899937460913,0,Q1,low,low,Q1-Q3,Q1-Q3,MI,13.3524982888433,1,1,1,0
1,2810569893,2018-01-13,3380.8,2,1,212,46,93,84,0.98,3.2,145.5,5.2,12437,2323.57388316151,7.75086174623834,1.06637554585153,0.0642655581223648,1,,43.72,,902.97,1,620.59793814433,6.43068342965029,0,67.87,0,12437,0,3,,12437,0,,,1,,5795,12437,14733,14733,2296,,0,0,,,,0,0,8,0,12437,C10AX06,10/12.5 MG,C03,C03A,C03AA,C03AA03,"",,,,,1,1,1,,,,,C03AA03,"",,,,,,,,1,,,,0,0,0,0,1,1,1,1,0,0,0,,0.6,47.66,2,021309CJB,339.036,0.74,39,185.6,39,178.072,8,13397,13397,43.72,1,0,0,0,0,8,0,0,0,0,0,0,0,0,0,0,0,187,68.5,0,0,0,0,0,0,1,,,,,8,1,,0,1,1,0,0,0,0,,1,1,0,2,0,,,0,0,69,28.0198674308585,0,0,1,1,1,,0,0,0,0,0,,0,,,,0,0,0,,,0,147.4,0,21.9931271477663,3.09073000217627,1,0,0,1,78,0,0,,17181,,,,29.7894087584809,1,Q1,low,low,Q1-Q3,Q1-Q3,,,,,,
1,2810570079,2018-02-03,400.4,2,1,199,82,51,112,0.65,3.2,24.1,5.8,12109,1661.41078838174,7.41542239293255,3.29328914664457,1.1918868059909,0,,42.2,,246.8,1,1024.06639004149,6.93153663752272,0,70.75,0,12109,0,3,,12109,0,,,2,4392,5690,12109,14314,14314,2205,,0,0,,,,0,0,8,0,12109,"","","","","","","",,,,,,,,,,,,"","",,,,,,,,,,,,0,0,0,0,0,0,0,0,0,0,0,,0.98,28.63,2,021809bCJ,267.484,0.95,45,227.4,45,160.029,8,12952,12952,42.2,0,0,0,0,0,2,0,0,0,0,0,0,0,0,0,0,0,136,64.25,0,0,0,0,0,0,1,,,,,4,1,,0,1,0,0,0,0,0,1,1,1,0,2,0,,,0,0,77,23.1631839968853,0,,0,0,0,,0,0,0,0,0,,0,,,,0,0,0,,,0,106.8,0,132.780082987552,4.88869424829121,2,0,0,0,86,0,0,,16733,,,,19.3187300974621,1,Q1,low,low,Q1-Q3,Q1-Q3,,,,,,
1,2810570141,2018-02-10,1558.4,2,1,269,46,291,113,0.66,16,84.2,6,12592,1850.83135391924,7.52339019762808,1.49244966442953,0.40041884004054,1,,35.06,,1302.52,1,1546.93586698337,7.34403139333582,0,72.71,0,12592,0,3,,12592,0,,,2,4738,6100,12592,,,,,0,0,,,,0,0,8,0,12592,C10AA,20 MG,C10,C10A,C10AA,C10AA,"",,,,,,1,1,,,,,"","",,,,,,,,,,,,0,0,0,0,0,1,1,0,0,0,0,,2.8,66.43,2,021909bCJ,473.384,1.94,47,223.2,47,191.824,8,13369,13369,35.06,0,0,0,0,0,2,0,0,0,0,0,0,0,0,0,0,0,196,63.5,0,0,0,0,0,0,1,,,,,4,2,,0,1,0,0,0,0,0,1,1,1,0,2,0,,,0,0,70,34.1754493416607,0,0,0,1,0,,0,0,0,0,0,,0,,,,0,0,0,,,0,164.8,1,190.023752969121,5.24714907997364,2,0,0,1,89,0,0,,17150,,,,20.7958579092049,1,Q1,low,low,Q1-Q3,Q1-Q3,,,,,,
1,2810570170,2018-02-22,705.6,2,1,178,43,145,114,1.22,3,116.6,5.9,12733,605.145797598628,6.40546941676428,1.91787003610108,0.651215214051288,0,,38.82,,624.72,1,535.780445969125,6.28372446142612,0,63.77,0,12733,0,3,,12733,0,,,1,4192,6205,12733,,,,,0,0,,,,0,0,8,0,12733,C10AX09,20 MG,C10,C10A,C10AA,C10AA01,"",,,,,,1,,,,,,C10AA01,"",,,,,,1,1,,,,,0,0,0,0,0,1,1,0,0,0,0,,0.72,146.9,2,022009CJB,275.22,1.01,49,157.8,49,128.962,8,13391,13391,38.82,0,0,0,0,0,8,0,0,0,0,0,0,0,0,0,0,0,212,74.25,0,0,0,0,0,0,1,,,,,8,1,,0,1,0,0,0,0,0,,1,1,0,2,0,,,0,0,50,27.0363809781798,0,0,0,1,0,,0,0,0,0,0,,0,,,,0,0,0,,,0,106,0,25.7289879931389,3.24761829373385,1,0,0,1,69,0,0,,17171,,,,8.77022895070475,1,Q1,low,low,Q1-Q3,Q1-Q3,,,,,,
1,2810570371,2018-12-15,5328,2,1,146,47,54,85,1.26,7.1,122.3,5.3,12193,4356.50040883074,8.37942435551519,1.63813651137595,0.493559322236626,1,,25.8,,1018.94,1,833.147996729354,6.72521129352799,0,68.2,0,12193,0,3,,12193,0,,,1,4572,5733,12193,14108,14108,1915,,0,0,,,,0,0,8,0,12193,M01AE01,200 MG,M01,M01A,M01AE,M01AE01,"",,1,,,,,,,,,,"","",,,,,,,,,,,,0,1,0,0,0,0,0,0,0,0,0,,3.3,70.42,2,021009CJB,266.522,2.82,34,208.9,34,147.473,8,13232,13232,25.8,0,0,0,0,0,8,0,0,0,0,0,0,0,0,0,0,0,205,67.75,0,0,0,0,0,0,1,,,,,8,6,,0,1,0,0,0,0,0,,1,1,0,2,0,,,0,0,71,31.4008117021013,0,0,0,0,0,,0,0,0,0,0,,0,,,,0,0,0,,,0,88.2,1,58.0539656582175,4.06137302033628,2,0,0,0,57,0,1,,17017,,,,76.4298317338727,1,Q3,low,high,Q1-Q3,Q1-Q3,,,,,,
1,2810571023,2018-12-22,6203.9,2,1,256,82,90,101,0.57,4.2,123.7,5.7,12588,5015.27890056588,8.52024431212303,,,,,28.56,,1504.85,1,1216.53193209378,7.10375941103138,0,,0,12588,,,,12588,0,,,2,4552,5719,12588,14861,14861,2273,,0,0,,,,0,0,,0,12588,C03AA03,50 MG,C03,C03A,C03AA,C03AA03,"",,,,,,,,1,,,,"","",,,,,,,,,,,,0,0,0,0,0,0,0,1,0,0,0,,1.66,69.75,2,021809bCJ,378.28,1.2,44,261.8,44,148.425,8,13447,13447,28.56,1,0,0,0,0,2,0,0,0,0,0,0,0,0,0,0,0,160,62.5,0,0,0,0,0,0,1,,,,,8,1,,0,1,1,0,0,0,0,1,1,1,0,2,0,,,0,0,56,28.7982143964288,0,0,1,0,1,,0,0,0,0,0,,0,,,,0,0,0,,,0,156,1,33.9531123686338,3.52498052487302,2,0,0,0,104,0,1,,17228,,,,48.2238355823643,1,Q3,low,low,Q1-Q3,Q1-Q3,,,,,,
1,2810571521,2018-05-23,15000,2,1,182,48,123,98,0.74,259.2,172.3,5.9,11859,8705.74579222287,9.07173852253855,2.54630788485607,0.93464442167547,0,,52.16,,1344.21,1,780.15670342426,6.65949480133154,0,63.5,0,11859,0,3,13,11859,1,-1501,10358,2,4610,5714,11859,14098,14098,2239,11859,1,1,-7952,3907,,1,0,6,1,11859,C09CA06,16 MG,C09,C09C,C09CA,C09CA06,"",,,,1,1,,,1,,,1,"","",,,,,,,,,,,,0,0,0,1,1,0,0,1,0,0,1,,3.25,31.31,2,010909CJB,270.952,4.01,1,185.2,1,128.801,8,13461,13461,52.16,0,0,0,0,0,2,0,0,0,0,0,0,1,1,0,0,0,169,67.5,0,0,0,0,0,0,,,,,,8,7,,0,1,0,0,0,1,0,1,1,1,0,2,0,,,0,0,76,26.0786299350377,0,0,0,0,0,,0,0,0,0,0,,1,10306,1,3,1,1,0,,,0,109.4,1,1504.35287289611,7.31611809992637,3,0,0,0,79,1,1,14982,,10306,13,,110.199313825606,1,Q4,high,high,Q4,Q4,Cancer Death,,,,,
1,2810571603,2018-02-17,689.2,2,1,153,82,47,93,0.9,21.4,120.7,5.8,12092,571.002485501243,6.34739356253838,1.28426256522933,0.250184674416526,1,,40.04,,1162.35,1,963.007456503728,6.87006115476267,0,74.44,0,12092,0,3,12,12092,0,,,2,,,12092,,,,14904,1,0,955,13047,,0,0,8,0,12092,M01AE02,1000 MG,M01,M01A,M01AE,M01AE02,"",,1,,1,1,1,1,,,,,"","",,,,,,,,,,,,0,1,0,1,1,1,1,0,0,0,0,,0.37,67.29,2,022009CJB,249.714,0.77,48,127.7,48,99.935,8,12802,12802,40.04,1,0,0,0,0,2,0,0,0,0,0,0,0,0,0,0,2,137,68,0,0,0,0,0,0,1,,,,,7,0,,0,1,1,0,0,0,1,1,1,1,0,2,0,,,1,0,67,20.8309153642529,0,0,1,1,1,,0,0,0,0,0,,1,13180,1,1,0,0,0,,,0,61.6,1,177.299088649544,5.17783807290646,2,0,0,1,66,0,0,,16583,13180,12,4491,8.65155281062489,0,Q1,low,low,Q1-Q3,Q1-Q3,TIA,12.2956878850103,1,1,1,0
1,2810571693,2018-07-06,20000,3,1,185,64,117,116,1.14,497.5,287.6,5.4,11808,6954.10292072323,8.84708711267733,,,,,58.78,,2024.09,1,703.786509040334,6.55647505596312,0,62.47,0,11808,0,3,41,11808,1,3633,15441,1,4326,5656,11808,14070,14070,2262,,0,0,,,,0,1,8,1,11808,C07AB03,100 MG,C07,C07A,C07AB,C07AB03,"",,,,1,,,,,,,,"","",,,,,,,,,,,,0,0,0,1,0,0,0,0,0,0,0,,2.69,40.71,2,021709CJB,548.806,3.33,42,226.8,42,150.397,8,12708,12708,58.78,1,0,0,0,0,8,0,0,0,0,0,0,0,0,0,0,0,154,62.5,0,0,0,0,0,0,1,,,,,4,6,,0,1,1,0,0,0,0,,1,1,0,2,0,,,0,0,78,27.7182813565627,0,0,1,0,1,,0,0,0,0,0,,0,,,,0,0,0,2,10053,1,97.6,1,1729.8331015299,7.45578020973389,3,0,0,0,61,1,1,15762,,15441,41,,114.001687224971,1,Q4,high,high,Q4,Q4,CHF,,,,,
1,2810572303,2017-09-15,2818.5,2,1,141,38,94,89,0.66,3,81.8,5.9,12027,3445.59902200489,8.14485304990102,1.30426884650318,0.265642612885489,1,,32.3,,569.56,1,696.283618581907,6.54575707529218,0,67.13,0,12027,0,3,,12027,0,,,2,4215,5732,12027,14107,14107,2080,,0,0,,,,0,0,8,0,12027,C10AA05,20 MG,C10,C10A,C10AA,C10AA05,"",,,,,,1,1,,,,,"","",,,,,,,,,,,,0,0,0,0,0,1,1,0,0,0,0,,28.76,39.27,2,022109CJB,418.114,1.48,6,121.8,6,87.931,8,13490,13490,32.3,0,0,0,0,0,2,0,0,0,0,0,0,0,0,0,0,0,176,62.75,0,0,0,0,0,0,1,,,,,3,4,,0,1,0,0,0,0,0,1,1,1,0,2,0,,,0,0,64,31.4261240258802,0,0,0,1,0,,0,0,0,0,0,,0,,,,0,0,0,,,0,84.2,0,36.6748166259169,3.60209032404155,2,0,0,1,93,0,0,,17283,,,,37.049451849515,1,Q2,low,low,Q1-Q3,Q1-Q3,,,,,,
1,2810572509,2018-02-03,2968.8,2,1,197,89,60,95,0.88,3,69.4,5.6,11820,4277.80979827089,8.36119642822172,0.528357116721551,-0.637982866475297,1,,37.78,,981.82,1,1414.72622478386,7.25469131063941,0,66.76,0,11820,0,3,,11820,0,,,2,,5758,11820,13843,13843,2023,,0,0,,,,0,0,8,0,11820,"","","","","","","",,,,,,,,,,,,"","",,,,,,,,,,,,0,0,0,0,0,0,0,0,0,0,0,,0.51,47.42,2,021909CJB,318.044,1.1,45,267.8,45,144.005,8,12644,12644,37.78,0,0,0,0,0,2,0,0,0,0,0,0,0,0,0,0,0,124,61.75,0,0,0,0,0,0,1,,,,,3,2,,0,0,0,0,0,0,0,1,1,1,0,,0,,,0,0,63,22.8640612012493,0,0,0,0,0,,0,0,0,0,0,,0,,,,0,0,0,,,0,96,0,43.2276657060519,3.76648070013749,2,0,0,0,70,0,1,,16425,,,,61.1115685467271,1,Q3,low,low,Q1-Q3,Q1-Q3,,,,,,
1,2810573161,2017-11-18,2505,2,1,229,84,76,80,0.94,4.4,93.2,5.6,11718,2687.76824034335,7.89646647781551,2.9526270456503,1.08269529801978,0,,43.98,,1089.74,1,1169.24892703863,7.06411687895634,0,62.29,0,11718,0,3,,11718,0,,,2,4383,5663,11718,13758,13758,2040,,0,0,,,,0,0,8,0,11718,"","","","","","","",,,,,,,,,,,,"","",,,,,,,,,,,,0,0,0,0,0,0,0,0,0,0,0,,0.33,42.12,2,012909CJB,321.432,1.77,19,194.5,19,164.411,8,12968,12968,43.98,0,0,0,0,0,2,0,0,0,0,0,0,0,0,0,0,0,168,66,0,0,0,0,0,0,1,,,,,8,1,,0,1,0,0,0,0,0,1,1,1,0,2,0,,,0,0,59,27.1160872900258,0,0,0,0,0,,0,0,0,0,0,,0,,,,0,0,0,,,0,129.8,1,47.2103004291846,3.85461209821481,2,0,0,0,66,0,0,,16759,,,,40.7237612173234,1,Q1,low,low,Q1-Q3,Q1-Q3,,,,,,
1,2810573712,2017-08-30,1456.8,2,1,169,47,51,103,0.98,3,87.9,5.1,11711,1657.33788395904,7.41296790971036,1.39022498060512,0.329465590595688,1,,39.4,,799.45,1,909.499431171786,6.81289437252839,0,62.54,0,11711,0,3,,11711,0,,,1,4488,5699,11711,14098,14098,2387,,0,0,,,,0,0,8,0,11711,M01AX25,TABLET,M01,M01A,M01AX,M01AX25,"",,1,,,,,,,,,,"","",,,,,,,,,,,,0,1,0,0,0,0,0,0,0,0,0,,0.41,32.36,2,011209CJB,299.026,0.61,3,196.3,3,155.904,8,13239,13239,39.4,0,0,0,0,0,8,0,0,0,0,1,1,0,0,0,0,0,143,65.5,0,0,0,0,0,0,1,,,,,7,6,,0,1,0,0,0,0,0,,1,1,0,2,2,,,0,0,58,23.4346812146803,0,0,0,0,0,,0,0,0,0,0,,0,,,,0,0,0,,,0,111.8,0,34.1296928327645,3.53016776295912,2,0,0,0,85,0,0,,17032,,,,19.4980927524593,1,Q1,low,low,Q1-Q3,Q1-Q3,,,,,,
1,2810574019,2017-09-06,1969.2,2,1,212,91,74,91,0.63,4.4,94.8,5.7,11771,2077.21518987342,7.63878342461116,3.37891737891738,1.2175553560918,0,,63,,1695.41,1,1788.40717299578,7.48908065519711,0,58.99,0,11771,0,3,,11771,0,,,2,,6521,11771,13954,13954,2183,,0,0,,,,0,0,8,0,11771,"","","","","","","",,,,,,,,,,,,"","",,,,,,,,,,,,0,0,0,0,0,0,0,0,0,0,0,,1.2,24.57,2,011309CJB,437.79,2.47,4,175.6,4,110.147,8,13276,13276,63,0,0,0,0,0,2,0,0,0,0,0,0,0,0,0,0,0,140,64,0,0,0,0,0,0,1,,,,,7,0,,0,1,0,0,0,0,0,1,1,1,0,2,0,,,0,0,55,24.0311027497055,0,0,0,0,0,,0,0,0,0,0,,0,,,,0,0,0,,,0,106.2,1,46.4135021097046,3.83759041064538,2,0,0,0,101,0,0,,17069,,,,20.5664870284497,1,Q1,low,low,Q1-Q3,Q1-Q3,,,,,,
1,2810574266,2018-12-15,7946.2,2,1,137,37,108,100,0.73,14.2,123.5,5.4,12105,6434.17004048583,8.76937813587465,2.1044776119403,0.744067270987202,0,,28.68,,1065.77,1,862.971659919028,6.76038185151644,0,,0,12105,,,12,12105,1,-2865,9240,2,4265,5636,12105,14095,14095,1990,12105,1,1,-2865,9240,,1,0,,1,12105,C10AA05,20 MG,C10,C10A,C10AA,C10AA05,"",,,,1,,1,1,,,,1,"","",,,,,,,,,,,,0,0,0,1,0,1,1,0,0,0,1,,2.18,64.99,2,021109bCJ,328.632,2.13,36,173.1,36,167.355,8,13114,13114,28.68,1,0,0,0,0,2,0,0,0,0,0,0,0,1,0,0,0,111,58,0,0,0,0,0,0,1,,,,,4,5,,0,1,1,0,0,1,0,1,1,1,0,2,0,,,0,0,62,23.1991783840881,0,0,1,1,1,143,1,0,0,0,1,15518,1,11740,1,3,1,1,0,,,0,78.4,1,114.97975708502,4.74475608752132,2,0,0,1,88,0,1,15547,,3512,30,,73.1155686418844,1,Q3,high,high,Q1-Q3,Q1-Q3,IC,,,,,
1,2810575437,2018-12-15,6204.5,2,1,138,58,82,115,1.04,3.3,207.8,5.8,11903,2985.80365736285,8.00162422153764,4.14158636026686,1.42107889325139,0,,38.06,,1397.16,1,672.358036573629,6.51079099115989,0,63.49,0,11903,0,3,12,11903,0,,,1,4291,5691,11903,13996,13996,2093,,0,0,,,,0,0,8,0,11903,C10AA02,40 MG,C10,C10A,C10AA,C10AA02,"",,,,1,1,1,1,,,,,"","",,,,,,,,,,,,0,0,0,1,1,1,1,0,0,0,0,,38.2,43.81,2,021209CJB,182.15,7.41,38,181.7,38,114.587,8,12883,12883,38.06,1,0,0,0,0,8,0,0,0,0,0,0,0,0,0,0,0,167,70.5,0,0,0,0,0,0,1,,,,,8,7,,0,1,1,0,0,0,0,,1,1,0,2,0,,,0,0,60,23.6234786638881,0,0,1,1,1,,0,0,0,0,0,,1,11812,,,0,0,1,,,0,63.6,0,15.8806544754572,2.76510166878944,1,0,0,1,78,0,0,,16667,10570,6,4764,38.2795340687545,0,Q2,low,low,Q1-Q3,Q1-Q3,Angina,13.0431211498973,1,1,1,0
1,2810575557,2018-02-01,4614.5,2,1,163,67,33,90,0.74,35.4,111.7,5.6,12909,4131.15487914055,8.32631227861857,2.07583547557841,0.730363711478365,0,,35.1,,1072.91,1,960.528200537153,6.86748334204534,0,56.08,0,12909,0,3,,12909,0,,,2,,5912,12909,14925,14925,2016,,0,0,,,,0,0,8,0,12909,"","","","","","","",,,,,,,,,,,,"","",,,,,,,,,,,,0,0,0,0,0,0,0,0,0,0,0,,1.39,59.51,2,021809bCJ,223.632,0.97,44,201,44,140.242,8,13762,13762,35.1,0,0,0,0,0,2,0,0,0,0,0,0,0,0,0,0,0,166,66,0,0,0,0,0,0,1,,,,,8,1,,0,1,0,0,0,0,0,1,1,1,0,2,0,,,0,0,53,26.7932767270493,0,0,0,0,0,,0,0,0,0,0,,0,,,,0,0,0,,,0,89.4,1,316.920322291853,5.75865039304671,3,0,0,0,92,0,0,,17543,,,,44.9038573819626,1,Q2,low,low,Q1-Q3,Q1-Q3,,,,,,
1,2810577568,2018-05-23,15000,2,1,198,89,83,89,1.95,16.5,181.6,5.8,12266,8259.91189427313,9.01916919990525,2.44603174603175,0.894467015934537,0,,47.16,,5048.95,1,2780.25881057269,7.9302992996797,0,,0,12268,,,,12266,0,,,1,4625,5783,12266,,,,8228,1,1,-4038,8228,,0,0,,0,12268,C09CA01,100 MG,C09,C09C,C09CA,C09CA01,"",,,,,1,,,1,,,,"","",,,,,,,,,,,,0,0,0,0,1,0,0,1,0,0,0,,3.93,75.39,2,012609CJB,470.676,11.16,15,226.3,15,149.378,8,13584,13584,47.16,1,0,0,0,0,8,1,1,0,53,0,0,,0,0,0,0,156,66.25,1,1,1,1,1,1,1,,,,,7,6,,0,1,1,0,0,0,0,,1,1,1,2,0,,,0,1,54,24.9895505842988,1,0,1,0,1,,0,0,0,0,0,,0,,1,6,1,0,1,,,0,92.4,1,90.8590308370044,4.50930919372148,2,0,0,0,38,1,1,13748,13880,13748,28,1482,217.366102480872,0,Q4,high,high,Q4,Q4,Death,4.05749486652977,1,0,0,0
1,2810577875,2017-11-26,1230.6,2,1,244,73,52,85,0.76,3,60.6,5.5,12418,2030.69306930693,7.61613242721921,2.29985549132948,0.832846291104478,0,,46.28,,10,1,16.5016501650165,2.80346038590687,0,74.72,0,12418,0,3,,12418,0,,,2,4544,5782,12418,14407,14407,1989,,0,0,,,,0,0,8,0,12418,"","","","","","","",,,,,,,,,,,,"","",,,,,,,,,,,,0,0,0,0,0,0,0,0,0,0,0,,0.45,17.69,2,020309CJB,331.426,0.61,23,209,23,137.632,8,13621,13621,46.28,0,0,0,0,0,2,0,0,0,0,0,0,0,0,0,0,0,133,66.25,0,0,0,0,0,0,1,,,,,8,8,,0,1,0,0,0,0,0,1,1,1,0,2,0,,,0,0,64,21.3051937673829,0,0,0,0,0,,0,0,0,0,0,,0,,,,0,0,0,,,0,160.6,0,49.5049504950495,3.90207267457498,2,0,0,0,83,0,0,,17409,,,,24.4661815579148,1,Q1,low,low,Q1-Q3,Q1-Q3,,,,,,
1,2810578274,2018-06-30,20000,3,1,212,59,102,97,0.65,3.1,140.3,5.4,12638,14255.1674982181,9.5648747514158,2.24684585847504,0.809527392040681,0,,31.24,,1702.93,1,1213.77761938703,7.10149277476334,0,72.6,0,12638,0,3,,12638,0,,,2,4598,5784,12638,14619,14619,1981,14304,1,0,1572,14210,,0,0,8,0,12638,M01AE02,220 MG,M01,M01A,M01AE,M01AE02,"",,1,,,,,,,,,,"","",,,,,,,,,,,,0,1,0,0,0,0,0,0,0,0,0,,9.57,81.16,2,020909CJB,364.074,2.35,32,167.3,32,123.437,8,13707,13707,31.24,0,0,0,0,0,2,0,0,0,0,0,0,0,0,0,0,0,166,60.5,0,0,0,0,0,0,1,,,,,7,2,,0,0,0,0,0,0,0,1,1,1,0,,0,,,0,0,58,31.8862136255794,0,0,0,0,0,,0,0,0,0,0,,0,,1,1,0,0,0,,,0,132.6,0,22.0955096222381,3.09537440336482,1,0,0,0,98,1,1,,17493,,,,145.46089283896,1,Q4,high,high,Q4,Q4,,,,,,
1,2810578342,2018-01-06,299.1,2,1,205,79,60,98,0.78,3,35.6,5.6,11549,840.168539325843,6.73360251376601,2.69937205651491,0.993019174300158,0,,53.34,,1275.74,1,3583.5393258427,8.18410622951711,0,64.59,0,11549,0,3,,11549,0,,,2,,5861,11549,13762,13762,2213,,0,0,,,,0,0,8,0,11549,M01AX25,600 MG,M01,M01A,M01AX,M01AX25,"",,1,,,,1,,,,,,"","",,,,,,,,,,,,0,1,0,0,0,1,0,0,0,0,0,,5.14,30.42,2,021109CJB,370.402,1.3,35,254.6,35,134.326,8,12581,12581,53.34,0,0,0,0,0,1,0,0,0,0,0,0,0,0,0,0,0,147,66.75,0,0,0,0,0,0,1,,,,,8,8,,0,1,0,0,0,0,0,0,1,1,0,2,0,,,0,0,64,23.1963902887533,0,0,0,0,0,,0,0,0,0,0,,0,,,,0,0,0,,,0,114,0,84.2696629213483,4.43402192979226,2,0,1,0,80,0,0,,16366,,,,10.502106741573,1,Q1,low,low,Q1-Q3,Q1-Q3,,,,,,
1,2810578931,2018-06-30,20000,3,1,160,57,96,97,0.91,107.1,142.9,5.9,11350,13995.8012596221,9.5465126535884,1.16287534121929,0.150895680533859,1,,55.32,,1325.07,1,927.270818754374,6.83224566826581,0,,4,11350,,,2,11350,1,-4314,7036,1,,5657,11350,,,,7051,1,1,-4299,7051,,1,0,,1,11350,C10AA05,20 MG,C10,C10A,C10AA,C10AA05,"",,,,1,1,1,1,,,,1,"","",,,,,,,,,,,,0,0,0,1,1,1,1,0,0,0,1,,2.19,55.06,2,020309CJB,383.052,3.25,23,178.6,23,154.789,8,12550,12550,55.32,1,0,0,0,0,8,0,0,0,0,0,0,0,0,0,0,0,153,66.75,0,0,0,0,0,0,1,,,,,3,6,,0,1,1,0,0,0,0,,1,1,0,2,0,,,0,0,77,24.1431817291106,0,0,1,1,1,141,0,1,0,1,1,3457,0,,1,1,1,0,1,,,0,83.8,1,749.475157452764,6.61937317150002,3,0,0,1,81,1,1,13069,,3457,2,,172.787669871878,1,Q4,high,high,Q4,Q4,MI,,,,,
7,2810579144,2018-11-24,8202.5,2,1,217,50,120,95,0.7,4.5,149.6,5.9,3829,5482.95454545455,8.60939938528297,2.99617102744097,1.09733514928634,0,2.8,42.44,40.82,1151.02,2,769.398395721925,6.64560890521325,0,62.79,0,3829,0,3,,3829,0,,,2,3829,5655,,,5655,1826,,0,0,,,,0,0,8,0,3829,"","","","","","","",,,,,,,,,,,,"","",,,,,,,,,,,,0,0,0,0,0,0,0,0,0,0,0,,0.73,65.11,2,123008CJB,264.472,2.09,3,190.9,3,115.616,3,,,42.44,0,0,0,0,0,,0,0,0,0,0,0,,,,,0,217,66,0,0,0,0,0,0,,,,,,,1,,1,0,0,0,,,0,,,,0,1,0,,,0,0,51,35.02494608295,0,0,0,0,0,,0,0,0,0,0,,0,,,,0,0,0,,,0,143,1,30.0802139037433,3.40386761021803,2,0,0,0,100,0,1,,8393,,,,54.8295454545455,1,Q3,low,low,Q1-Q3,Q1-Q3,,,,,,
1,2810579193,2018-01-14,2827.6,2,1,182,56,50,104,1.05,3,146.8,5.6,12719,1926.15803814714,7.56328264410448,3.74395003903201,1.32014121425067,0,,45.78,,1015.76,1,691.934604904632,6.53949144956921,0,60.98,0,12719,0,3,,12719,0,,,1,4613,,12719,14867,14867,2148,,0,0,,,,0,0,8,0,12719,M01AX25,200 MG,M01,M01A,M01AX,M01AX25,"",,1,,,,,,,,,,"","",,,,,,,,,,,,0,1,0,0,0,0,0,0,0,0,0,,0.21,44.24,2,021309CJB,348.85,0.51,40,144.5,40,75.613,8,13667,13667,45.78,0,0,0,0,0,8,0,0,0,0,0,0,0,0,0,0,0,190,75.75,0,0,0,0,0,0,1,,,,,7,1,,0,1,0,0,0,0,0,,1,1,0,2,0,,,0,0,58,23.2805876845946,0,0,0,0,0,,0,0,0,0,0,,0,,,,0,0,0,,,0,116,0,20.4359673024523,3.01729645146983,1,0,0,0,78,0,0,,17451,,,,24.6943338223992,1,Q1,low,low,Q1-Q3,Q1-Q3,,,,,,
1,2810579428,2018-12-06,5909.7,2,,,,,,,3,76.4,,12580,7735.20942408377,8.95353783750604,1.91732283464567,0.650929856064053,0,,,,1133.75,,1483.96596858639,7.30247349124496,0,68.62,0,12580,0,3,,12580,0,,,2,4487,5845,12580,15248,15248,2668,,0,0,,,,0,0,8,0,12580,"","","","","","","",,,,,,,,,,,,"","",,,,,,,,,,,,0,0,0,0,0,0,0,0,0,0,0,,,,,"",,,,,,,,,,,0,0,0,0,0,2,0,0,0,0,0,0,0,0,0,0,0,143,63.25,0,0,0,0,0,0,1,,,,,3,5,,0,1,0,0,0,0,0,1,1,1,0,2,0,,,0,0,61,25.1316261353953,0,0,0,0,0,,0,0,0,0,0,,0,,,,0,0,0,,,0,,0,39.2670157068063,3.67038487147777,2,,0,0,,1,1,,16207,,,,,1,Q4,high,,,Q4,,,,,,
1,2810579830,2018-07-06,20000,3,1,196,85,50,91,0.58,3.2,81.2,5.4,12558,24630.5418719212,10.1117424913566,2.00693374422188,0.696608056923432,0,,53.7,,1636.55,1,2015.45566502463,7.60860058530443,0,72.57,0,12558,0,3,12,12558,0,,,2,4510,5705,12558,,,,,0,0,,,,0,0,8,0,12558,"","","","","","","",,,,,,,,,,,,"","",,,,,,,,,,,,0,0,0,0,0,0,0,0,0,0,0,,0.5,32.4,2,021809CJB,269.978,0.81,43,184.7,43,131.268,8,13440,13440,53.7,0,0,0,0,0,2,0,0,0,0,0,0,0,0,0,0,0,138,66.5,0,0,0,0,0,0,1,,,,,4,0,,0,0,0,0,0,0,0,1,1,1,0,,0,,,0,0,56,21.9402417435622,0,0,0,0,0,,0,0,0,0,0,,1,12450,,,0,0,0,,,0,101,0,39.4088669950739,3.67399084162019,2,0,0,0,103,1,1,,17221,12450,12,4663,239.131474484672,0,Q4,high,high,Q4,Q4,TIA,12.766598220397,1,1,1,0
1,2810579948,2018-12-06,5040.1,2,1,170,70,81,113,0.9,3,128.9,5.7,11994,3910.08533747091,8.27131447818137,3.17848410757946,1.15640438740683,0,,36.22,,2037.43,1,1580.62839410396,7.36557776473957,0,73.24,0,11994,0,3,,11994,0,,,2,4605,5747,11994,14148,14148,2154,,0,0,,,,0,0,8,0,11994,M01AE01,200 MG,M01,M01A,M01AE,M01AE01,"",,1,,,,,,,,,,"","",,,,,,,,,,,,0,1,0,0,0,0,0,0,0,0,0,,0.51,74.78,2,012709bCJ,281.78,0.15,17,192.8,17,114.977,8,13275,13275,36.22,0,0,0,0,0,2,0,0,0,0,0,0,0,0,0,0,0,141,64.75,0,0,0,0,0,0,1,,,,,4,1,,0,1,0,0,0,0,0,1,1,1,0,2,0,,,0,0,60,23.6453191261804,0,0,0,0,0,,0,0,0,0,0,,0,,,,0,0,0,,,0,83.8,0,23.2738557020946,3.14733065770511,1,0,0,0,69,0,0,,17066,,,,56.6679034416074,1,Q2,low,low,Q1-Q3,Q1-Q3,,,,,,
1,2810579951,2017-09-30,3808.8,2,1,226,25,976,107,0.8,3,151.4,5.3,11260,2515.71994715984,7.83031430286505,2.72479838709677,1.00239443899157,0,,45.04,,1062.78,1,701.968295904888,6.5538882404773,0,,0,11260,,,,11260,0,,,1,4328,5685,11260,13381,13381,2121,,0,0,,,,0,0,,0,11260,C10AX09,10 MG,C10,C10A,C10AX,C10AX09,"",,,,,,1,,,,,,"","",,,,,,,,,,,,0,0,0,0,0,1,0,0,0,0,0,,0.72,107.8,2,011609CJB,371.418,1.73,8,290.7,8,156.152,8,12686,12686,45.04,0,0,0,0,0,8,0,0,0,0,0,0,0,0,0,0,0,242,71.25,0,0,0,0,0,0,1,,,,,4,1,,0,1,0,0,0,0,0,,1,1,0,2,0,,,0,0,61,33.5159274196665,0,0,0,1,0,,0,0,0,0,0,,0,,,,0,0,0,,,0,5.80000000000001,0,19.8150594451783,2.9864422266469,1,0,1,0,96,0,0,,16479,,,,26.2054161162484,1,Q1,low,low,Q1-Q3,Q1-Q3,,,,,,
1,2810580371,2018-06-30,20000,3,1,213,38,103,102,0.83,26.9,280.2,5.2,12372,7137.75874375446,8.87315410462131,1.35877192982456,0.306581299028328,1,,40.44,,1619.9,1,578.122769450393,6.35978625001128,0,65.13,0,12372,0,3,,12372,0,,,1,4487,5707,12372,14379,14379,2007,,0,0,,,,0,0,8,0,12372,"","","","","","","",,,,,,,,,,,,"","",,,,,,,,,,,,0,0,0,0,0,0,0,0,0,0,0,,3.61,76.95,2,020709CJB,271.242,1.78,31,248.9,31,234.994,8,13456,13456,40.44,0,0,0,0,0,8,0,0,0,0,0,0,0,0,0,0,0,220,68,0,0,0,0,0,0,1,,,,,8,1,,0,1,0,0,0,0,0,,1,1,0,2,0,,,0,0,58,33.4511049644937,0,0,0,0,0,,0,0,0,0,0,,0,,,,0,0,0,,,0,154.4,1,96.0028551034975,4.56437793168702,2,0,0,0,97,1,1,,17242,,,,73.5851416881903,1,Q4,high,high,Q1-Q3,Q4,,,,,,
1,2810581518,2017-11-25,345.5,2,1,208,81,45,85,0.71,3,46.5,5.2,11694,743.010752688172,6.61071051660251,,,,,28.04,,833.41,1,1792.27956989247,7.49124359135122,0,71.28,0,11694,0,3,,11694,0,,,2,4693,5882,11694,13827,13827,2133,,0,0,,,,0,0,8,0,11694,"","","","","","","",,,,,,,,,,,,"","",,,,,,,,,,,,0,0,0,0,0,0,0,0,0,0,0,,1.37,10.63,2,020209CJB,,,22,270.5,22,132.202,8,12915,12915,28.04,0,0,0,0,0,2,0,0,0,0,0,0,0,0,0,0,0,124,63.5,0,0,0,0,0,0,1,,,,,4,6,,0,1,0,0,0,0,0,1,1,1,0,2,0,,,0,0,60,21.6212026447241,0,0,0,0,0,,0,0,0,0,0,,0,,,,0,0,0,,,0,118,0,64.5161290322581,4.16691525505694,2,0,0,0,93,0,0,,16703,,,,7.98936293213088,1,Q1,low,low,Q1-Q3,Q1-Q3,,,,,,
1,2810581662,2018-02-10,4803,2,1,206,71,106,105,0.58,3,76.6,5.8,11796,6270.23498694517,8.74356911090637,1.8156378600823,0.596436844038799,0,,54.82,,1646.96,1,2150.07832898172,7.6732595525426,0,64.16,0,11796,0,3,,11796,0,,,2,4223,5671,11796,14098,14098,2302,,0,0,,,,0,0,8,0,11796,"","","","","","","",,,,,,,,,,,,"","",,,,,,,,,,,,0,0,0,0,0,0,0,0,0,0,0,,2.28,88.31,2,021909bCJ,480.79,4.58,47,154.5,47,99.068,8,12571,12571,54.82,1,0,0,0,0,2,0,0,0,0,0,0,0,0,0,0,0,162,63.5,1,1,0,0,0,0,1,,,,,8,7,,0,1,1,0,0,0,0,1,1,1,0,2,0,,,0,1,68,28.2470550681073,0,0,1,0,1,,0,0,0,0,0,,0,,,,0,0,0,,,0,113.8,0,39.1644908616188,3.6677704909037,2,0,0,0,95,0,1,,16352,,,,66.0024735467913,1,Q3,high,high,Q1-Q3,Q1-Q3,,,,,,
1,2810581813,2017-11-25,4533.5,2,0,217,50,145,90,0.85,3.3,129.8,5.2,12603,3492.68104776579,8.15842492880421,,,,,33.92,,1284.77,1,989.807395993837,6.89751037470025,0,58.21,0,12605,0,3,,12603,0,,,1,4519,5784,12603,14912,14912,2309,,0,0,,,,0,0,8,0,12605,M01AX05,"",M01,M01A,M01AX,M01AX25,"",,1,,,,,,,,,,M01AX25,"",,1,,,,,,,,,,0,1,0,0,0,0,0,0,0,0,0,,0.39,19.75,2,020209CJB,370.57,0.81,22,270.3,22,185.427,8,13820,13820,33.92,0,0,0,0,0,8,0,0,0,0,0,0,0,0,0,0,0,154,71.5,0,0,0,0,0,0,1,,,,,8,1,,0,1,0,0,0,0,0,,1,1,0,2,0,,,0,0,61,21.1794291259373,0,0,0,0,0,,0,0,0,0,0,,0,,,,0,0,0,,,0,138,0,25.4237288135593,3.23568294318458,1,0,0,0,94,0,0,17062,,17062,28,4459,37.1561813592106,0,Q2,low,low,Q1-Q3,Q1-Q3,Death,12.208076659822,1,1,1,0
1,2810581994,2018-07-06,20000,3,1,178,35,287,97,1.27,12.1,164.6,5.6,12825,12150.6682867558,9.40513945028125,0.933631618195377,-0.0686733316216346,1,,58.1,,1824.15,1,1108.23207776428,7.01052130184024,0,64,0,12825,0,3,,12825,0,,,1,4606,5789,12825,14800,14800,1975,,0,0,,,,0,0,8,0,12825,C10AX06,20/12.5 MG,C03,C03A,C03AA,C03AA03,"",,,,1,1,1,1,,,,,C03AA03,"",,,,,,,,1,,,,0,0,0,1,1,1,1,1,0,0,0,,9.58,214.7,2,021809bCJ,,,44,188,44,140.261,8,13691,13691,58.1,1,0,0,0,0,8,1,1,1,0,0,0,0,0,0,0,0,259,71,0,0,0,0,0,0,1,,,,,7,6,,0,1,1,0,0,0,0,,1,1,2,2,0,,,0,0,65,36.1234049188987,1,0,1,1,1,,0,0,0,0,0,,0,,,,0,0,0,,,0,85.6,1,73.5115431348724,4.29744244334186,2,0,0,1,59,1,1,,17472,16199,11,4647,205.943530283996,0,Q4,high,high,Q4,Q4,Atherothrombotic Infarction of Brain,12.7227926078029,1,1,1,0
1,2810583027,2018-06-30,20000,3,1,178,37,131,111,0.9,8.8,176.4,5.7,12222,11337.8684807256,9.33590359495153,1.26955782312925,0.238668669080618,1,,23.9,,1916.91,1,1086.68367346939,6.99088583600213,0,65.42,0,12222,0,3,,12222,0,,,1,4580,5722,12222,,,,,0,0,,,,0,0,8,0,12222,C10AX06,440 MG,C10,C10A,C10AX,C10AX06,"",,,,1,1,1,,,,,,"","",,,,,,,,,,,,0,0,0,1,1,1,0,0,0,0,0,,1.88,197.7,2,020909CJB,496.392,3.44,32,186.6,32,165.897,8,13288,13288,23.9,1,0,0,0,0,8,0,0,0,0,0,0,0,0,0,0,0,248,72,0,0,0,0,0,0,1,,,,,3,6,,0,1,1,0,0,0,0,,1,1,0,2,0,,,0,0,68,33.6350672701345,0,0,1,0,1,,0,0,0,0,0,,0,,,,0,0,1,,,0,114.8,1,49.8866213151928,3.90975285689361,2,0,1,0,87,1,1,,14281,,,,130.320327364662,1,Q4,high,high,Q4,Q4,,,,,,
1,2810583117,2017-11-21,577.6,2,1,177,47,93,103,1.01,3,38.1,5.7,11348,1516.01049868766,7.32383749143405,2.44444444444444,0.893817876022096,0,,23.72,,827.66,1,2172.33595800525,7.6835583458906,0,66.78,0,11348,0,3,,11348,0,,,1,4308,5672,11348,13483,13483,2135,,0,0,,,,0,0,8,0,11348,C09AA03,10 MG,C09,C09A,C09AA,C09AA03,"",,,,,1,,,1,,,,"","",,,,,,,,,,,,0,0,0,0,1,0,0,1,0,0,0,,1.27,89.45,2,012909CJB,211.836,1.66,19,156.8,19,156.918,8,12610,12610,23.72,1,0,0,0,0,8,0,0,0,0,0,0,0,0,0,0,0,235,72,0,0,0,0,0,0,1,,,,,4,1,,0,1,1,0,0,0,0,,1,1,0,2,0,,,0,0,62,31.8719387438775,0,0,1,0,1,,0,0,0,0,0,,0,,,,0,0,0,,,0,111.4,0,78.740157480315,4.36615328551759,2,0,0,0,79,0,0,,16401,,,,19.1900063125021,1,Q1,low,low,Q1-Q3,Q1-Q3,,,,,,
1,2810583609,2017-11-13,889.1,2,1,164,53,135,88,0.87,3.1,28.2,5.6,11284,3152.83687943262,8.05605792317112,2.2375,0.805359171166874,0,,35,,209.51,1,742.943262411348,6.61061967896394,0,,0,11284,,,,11284,0,,,2,4242,5650,11284,,,,,0,0,,,,0,0,,0,11284,M01AB05,75 MG,M01,M01A,M01AB,M01AB05,"",,1,,,,1,1,,,,,"","",,,,,,,,,,,,0,1,0,0,0,1,1,0,0,0,0,,0.54,57.36,2,012709bCJ,388.748,0.32,17,147.4,17,102.412,8,12568,12568,35,0,0,0,0,0,2,0,0,0,0,0,0,0,0,0,0,0,133,61.75,0,0,0,0,0,0,1,,,,,7,0,,0,1,0,0,0,0,0,1,1,1,0,2,0,,,0,0,73,24.5235495142432,0,0,0,1,0,,0,0,0,0,0,,0,,,,0,0,0,,,0,84,0,109.929078014184,4.69983541252917,2,0,0,1,66,0,0,,16134,,,,47.7702557489792,1,Q2,low,low,Q1-Q3,Q1-Q3,,,,,,
1,2810584118,2018-06-30,20000,3,1,175,52,102,101,0.97,3,184.1,5.4,11355,10863.6610537751,9.29317865028519,2.12150537634409,0.752125919875314,0,,38.42,,1643.21,1,892.563824008691,6.7940980225913,0,68.13,0,11355,0,3,,11355,0,,,1,3595,4785,11355,13500,13500,2145,,0,0,,,,0,0,8,0,11355,C10AA05,10 MG,C10,C10A,C10AA,C10AA05,"",,,,,,1,1,,,,,"","",,,,,,,,,,,,0,0,0,0,0,1,1,0,0,0,0,,0.37,26.44,2,012709CJB,422.724,0.15,16,189.1,16,155.437,8,12650,12650,38.42,0,0,0,0,0,8,0,0,0,0,0,0,0,0,0,0,0,142,65.25,0,0,0,0,0,0,1,,,,,8,1,,0,1,0,0,0,0,0,,1,1,0,2,0,,,0,0,58,23.4494642592139,0,0,0,1,0,,0,0,0,0,0,,0,,,,0,0,0,,,0,102.6,0,16.2954915806627,2.79088847941121,1,0,0,1,86,1,1,,16441,,,,126.321640160176,1,Q4,high,high,Q4,Q4,,,,,,
1,2810584128,2017-10-25,2858.9,2,1,225,53,122,103,0.93,9.4,122.8,5.5,12259,2328.09446254072,7.75280538472086,1.68897637795276,0.52412265190948,0,,38.78,,1964.57,1,1599.81270358306,7.3776418411152,0,67.93,0,12259,0,3,,12259,0,,,1,4608,5793,12259,14374,14374,2115,,0,0,,,,0,0,8,0,12259,C10AX06,1000 MG,C10,C10A,C10AX,C10AX06,"",,,,,,1,,,,,,"","",,,,,,,,,,,,0,0,0,0,0,1,0,0,0,0,0,,3.82,151.8,2,012209CJB,437.176,1.12,12,197.3,12,148.168,8,13632,13632,38.78,0,0,0,0,0,8,0,0,0,0,0,0,0,0,0,0,0,200,68,0,0,0,0,0,0,1,,,,,3,1,,0,0,0,0,0,0,0,,1,1,0,,0,,,0,0,50,30.410095422267,0,0,0,0,0,,0,0,0,0,0,,0,,,,0,0,0,,,0,147.6,1,76.5472312703583,4.33790795254505,2,0,1,0,95,0,0,,17424,,,,24.5062575004286,1,Q1,low,low,Q1-Q3,Q1-Q3,,,,,,
1,2810584880,2017-10-30,4337.7,2,1,164,49,131,110,1.43,5.4,99.7,5.7,11175,4350.75225677031,8.37810404172249,3.91435185185185,1.36464976065447,0,,31.22,,539.95,1,541.574724172518,6.29448105169907,0,66.16,0,11175,0,3,,11175,0,,,1,3840,5001,11175,13229,13229,2054,,0,0,,,,0,0,8,0,11175,C10AA05,10 MG,C10,C10A,C10AA,C10AA05,"",,,,,,1,1,1,,,,"","",,,,,,,,,,,,0,0,0,0,0,1,1,1,0,0,0,,0.28,158,2,012309CJB,247.328,1.17,,,,,,,,31.22,1,0,0,0,0,8,0,0,0,0,0,0,0,0,0,0,0,200,65,0,0,0,0,0,0,1,,,,,8,6,,0,1,1,0,0,0,0,,1,1,0,2,0,,,0,0,77,33.2819600550444,0,0,1,1,1,,0,0,0,0,0,,0,,,,0,0,1,,,0,88.8,1,54.1624874623872,3.99198855558457,2,0,0,1,47,0,1,14889,,14889,28,3714,92.5691969525598,0,Q3,low,high,Q4,Q1-Q3,Death,10.1683778234086,1,1,0,0
7,2810585364,2017-08-10,1276.9,2,1,179,48,114,95,0.98,3,52.8,5.4,4358,2418.37121212121,7.79084953970651,2.72131147540984,1.00111392418323,0,2.6,37.74,36.36,426.94,2,808.598484848485,6.69530248340883,0,62.66,0,4358,0,3,,4358,0,,,1,4358,6133,,,6133,1775,,0,0,,,,0,0,8,0,4358,"","","","","","","",,,,,,,,,,,,"","",,,,,,,,,,,,0,0,0,0,0,0,0,0,0,0,0,,1.39,61,2,122308CJB,473.398,0.97,1,146.1,1,133.297,3,,,37.74,0,0,0,0,0,,0,0,0,0,0,0,,,,,0,170,65.25,0,0,0,0,0,0,,,,,,6,2,,1,0,0,0,,,0,,,,0,1,0,,,0,0,55,28.0733022821575,0,0,0,0,0,,0,0,0,0,0,,0,,,,0,0,0,,,0,108.2,0,56.8181818181818,4.03985637693803,2,0,0,0,86,0,0,,9014,,,,28.1205954897815,1,Q1,low,low,Q1-Q3,Q1-Q3,,,,,,
1,2810586116,2017-08-26,4812.4,2,1,237,85,78,80,0.79,14.8,115.9,5.1,12171,4152.20017256255,8.33139363480176,3.92512479201331,1.36739814487247,0,,44.34,,1032.6,1,890.940465918895,6.79227760808793,0,72.4,0,12171,0,3,,12171,0,,,2,4539,5805,12171,14383,14383,2212,,0,0,,,,0,0,8,0,12171,"","","","","","","",,,,,,,,,,,,"","",,,,,,,,,,,,0,0,0,0,0,0,0,0,0,0,0,,0.71,28.54,2,010909CJB,618.62,2.75,2,245.3,2,156.58,8,13751,13751,44.34,0,0,0,0,0,2,0,0,0,0,0,0,0,0,0,0,0,126,65.75,,,,,,,1,,,,,4,10,,0,0,0,0,0,0,0,1,1,1,0,,0,,,0,0,59,20.4920139777101,0,0,0,0,0,,0,0,0,0,0,,0,,,,0,0,0,,,0,136.4,1,127.696289905091,4.8496547094065,2,0,0,0,82,0,0,,17545,,,,50.636587470275,1,Q2,low,low,Q1-Q3,Q1-Q3,,,,,,
1,2810586301,2017-09-06,4863.8,2,1,,,,,,4.6,65.5,,11265,7425.64885496183,8.91269534772645,2.09807073954984,0.741018227017614,0,,,,724.32,,1105.8320610687,7.00835332703453,0,69.87,0,11265,0,3,12,11265,0,,,2,4294,5676,11265,,,,11075,1,1,-190,11075,,0,0,8,0,11265,M01AX05,500 MG,M01,M01A,M01AX,M01AX05,"",,1,,,1,,,,,,1,"","",,,,,,,,,,,,0,1,0,0,1,0,0,0,0,0,1,,,,,"",,,,,,,,,,,1,0,0,0,0,2,0,0,0,0,0,0,0,1,0,0,0,113,61,0,0,0,0,0,0,1,,,,,7,0,,0,0,1,0,0,1,0,1,1,1,0,,0,,,0,0,78,21.3513031164735,0,0,1,0,1,,0,0,0,0,0,,1,10674,1,1,1,0,1,,,0,,1,70.2290076335878,4.25176143983598,2,,0,0,,1,1,12918,14120,10674,12,2855,,0,Q4,high,,,Q4,TIA,7.81656399726215,1,0,0,0
1,2810586911,2018-01-13,1210.4,2,1,182,50,63,118,1.41,14.9,133,5.6,11560,910.075187969925,6.81352722024048,1.27843137254902,0.245633836208281,1,,36.32,,920.69,1,692.248120300752,6.53994444669997,0,63.07,0,11560,0,3,,11560,0,,,1,3579,5656,11560,,,,,0,0,,,,0,0,8,0,11560,M01AB01,37.5/25 MG,C03,C03A,C03AA,C03AA03,"",,1,,1,,,,1,,,,C03AA03,"",,,,,,,,1,,,,0,1,0,1,0,0,0,1,0,0,0,,12.64,133.1,2,021309CJB,360.64,4.26,39,194.6,39,141.061,8,12536,12536,36.32,1,0,0,0,0,8,0,0,0,0,0,0,0,0,0,0,0,277,66.75,0,0,0,0,0,0,1,,,,,4,6,,0,1,1,0,0,0,0,,1,1,0,2,0,,,0,0,68,43.7102048298277,0,0,1,0,1,,0,0,0,0,0,,0,,,,0,0,0,3,9840,1,119.4,1,112.03007518797,4.7187673637118,2,0,0,0,51,0,0,14129,,14129,28,2569,17.8446115288221,0,Q1,low,low,Q1-Q3,Q1-Q3,Death,7.03353867214237,1,0,0,0
1,2810586923,2017-12-14,2528.7,2,1,172,38,248,93,0.62,3,35.9,5.2,12065,7043.73259052925,8.8598935061654,1.9031914893617,0.64353220824467,0,,50.42,,552.32,1,1538.49582172702,7.33856047894887,0,62.93,0,12065,0,3,,12065,0,,,2,4698,5877,12065,14301,14301,2236,,0,0,,,,0,0,8,0,12065,C10AX09,10 MG,C10,C10A,C10AX,C10AX09,"",,,,,,1,1,1,,,,"","",,,,,,,,,,,,0,0,0,0,0,1,1,1,0,0,0,,3.13,52.97,2,020409bCJ,203.786,1.11,27,219.6,27,136.827,8,13217,13217,50.42,1,0,0,0,0,2,0,0,0,0,0,0,0,0,0,0,0,127,63.25,0,0,0,0,0,0,1,,,,,3,6,,0,1,1,0,0,0,0,1,1,1,0,2,0,,,0,0,79,22.319695938428,0,0,1,1,1,,0,0,0,0,0,,0,,,,0,0,1,,,0,84.4,0,83.5654596100279,4.42563027215601,2,0,0,1,86,1,1,,17004,,,,81.9038673317355,1,Q4,high,high,Q1-Q3,Q4,,,,,,
1,2810587599,2018-02-03,2807.5,2,1,188,66,133,109,0.98,3,42.6,6,12392,6590.37558685446,8.79336561932536,3.37459494491251,1.21627530079974,0,,23.78,,655.83,1,1539.50704225352,7.33921754173118,0,66.74,0,12392,0,3,,12392,0,,,2,,5320,12392,,,,,0,0,,,,0,0,8,0,12392,C10AA07,"",C03,C03A,C03AA,C03AA03,"",,,,1,,1,1,1,,,,C03AA03,"",,,,,,,,1,,,,0,0,0,1,0,1,1,1,0,0,0,,5.84,63.82,2,021909CJB,383.392,2.82,46,189.3,46,97.039,8,13208,13208,23.78,1,0,0,0,0,2,0,0,0,0,0,0,0,0,0,0,0,194,64.25,0,0,0,0,0,0,1,,,,,3,1,,0,1,1,0,0,0,0,1,1,1,0,2,0,,,0,0,71,33.0416007014394,0,0,1,1,1,,0,0,0,0,0,,0,,,,0,0,0,,,0,95.4,0,70.4225352112676,4.25451331437492,2,0,0,1,58,1,1,,16989,,,,113.627165290594,1,Q4,high,high,Q4,Q4,,,,,,
1,2810587693,2018-12-06,6853.6,2,1,191,75,110,97,0.74,5.3,127.5,5.6,12321,5375.37254901961,8.58958316203944,3.5088868101029,1.25529883905684,0,,50.48,,726.06,1,569.458823529412,6.34468647742763,0,65.36,0,12321,0,3,,12321,0,,,2,4564,5883,12321,14489,14489,2168,,0,0,,,,0,0,8,0,12321,"","","","","","","",,,,,,,,,,,,"","",,,,,,,,,,,,0,0,0,0,0,0,0,0,0,0,0,,1.65,51.1,2,012609CJB,472.344,1.38,15,206.5,15,104.346,8,13639,13639,50.48,0,0,0,0,0,2,1,1,0,58,0,0,0,0,0,0,0,140,64.25,0,0,0,0,0,0,1,,,,,4,1,,0,1,0,0,0,0,0,1,1,1,1,2,0,,,0,0,58,23.8444541144408,1,0,0,0,0,,0,0,0,0,0,,0,,,,0,0,0,,,0,94,1,41.5686274509804,3.72734573494173,2,0,0,0,89,0,1,,17430,,,,60.3974443710068,1,Q3,low,low,Q1-Q3,Q1-Q3,,,,,,
7,2810588586,2017-08-13,4366.7,2,1,176,51,127,87,0.85,3,89.6,5.8,3239,4873.54910714286,8.49157772008699,2.03906705539359,0.712492377463336,0,1.5,29.9,29.26,930.42,2,1038.41517857143,6.94545096311132,0,71.19,0,3239,0,3,,3239,0,,,2,3239,5123,,,5123,1884,,0,0,,,,0,0,8,0,3239,C10AX09,10 MG,C10,C10A,C10AA,C10AA01,"",,,,,,1,,,,,,C10AA01,"",,,,,,1,1,,,,,0,0,0,0,0,1,1,0,0,0,0,,0.14,42.07,2,123008CJB,256.142,0.53,3,190.3,3,138.937,3,,,29.9,0,0,0,0,0,,0,0,0,0,0,0,,,,,0,114,63.25,0,0,0,0,0,0,,,1,,,8,1,,0,1,0,0,,,0,,2,3,0,2,0,,,0,0,55,20.035002653392,0,0,0,1,0,,0,0,0,0,0,,0,,,,0,0,0,,,0,99.6,0,33.4821428571429,3.51101224766936,2,0,0,1,77,0,1,,7797,,,,63.2928455473098,1,Q3,low,low,Q1-Q3,Q1-Q3,,,,,,
1,2810588795,2018-01-26,1152.5,2,1,229,78,50,96,0.9,3,31.2,5.3,12154,3693.91025641026,8.21444086604346,2.13125,0.75670866204969,0,,51.94,,328.59,1,1053.17307692308,6.95956286417642,0,,0,12154,,,,12154,0,,,1,4352,5630,12154,14166,14166,2012,,0,0,,,,0,0,,0,12154,"","","","","","","",,,,,,,,,,,,"","",,,,,,,,,,,,0,0,0,0,0,0,0,0,0,0,0,,0.9,31.75,2,021409CJB,513.884,1.81,41,265.2,41,183.217,8,13082,13082,51.94,0,0,0,0,0,8,0,0,0,0,0,0,0,0,0,0,0,186,69.5,0,0,0,0,0,0,1,,,,,8,1,,0,1,0,0,0,0,0,,1,1,0,2,0,,,0,0,63,27.073783250615,0,0,0,0,0,,0,0,0,0,0,,0,,,,0,0,0,,,0,141,0,96.1538461538462,4.56594947283481,2,0,0,0,91,0,0,,16866,,,,40.5924204001127,1,Q2,low,low,Q1-Q3,Q1-Q3,,,,,,
1,2810589247,2017-11-23,4155.1,2,1,135,43,163,133,0.83,4.8,25.5,6.6,11628,16294.5098039216,9.69858350821233,1.81103166496425,0.593896663543698,0,,51.02,,938.79,1,3681.52941176471,8.21108354584781,0,65.87,0,11628,0,3,41,11628,1,3051,14679,2,4343,5684,11628,14329,14329,2701,15123,1,0,313,11941,,0,1,8,1,11628,C10AA02,20 MG,C10,C10A,C10AA,C10AA02,"",,,,,1,1,1,1,,1,,"","",,,,,,,,,,,,0,0,0,0,1,1,1,1,0,1,0,,8.25,180.6,2,013009CJB,312.214,6.88,20,221,20,107.289,8,12865,12865,51.02,1,0,0,0,1,2,1,1,1,0,0,0,0,0,0,0,0,236,64.25,0,0,1,1,0,0,1,,,,,3,6,,0,1,1,1,0,0,0,1,1,1,2,2,0,,,0,1,75,40.1949369357716,1,1,1,1,1,,0,0,0,0,0,,0,,1,2,0,0,1,,,0,59.4,1,188.235294117647,5.2376927447316,2,1,0,1,69,1,1,,16323,14679,41,4695,236.152315998863,0,Q4,high,high,Q4,Q4,CHF,12.8542094455852,1,1,1,0
1,2810589334,2017-09-07,937.7,2,1,232,118,55,91,0.61,3,32.4,5.2,11095,2894.13580246914,7.97044183161539,4.02102102102102,1.39153585571073,0,,37.48,,267.4,1,825.308641975309,6.71575742785765,0,63.92,0,11095,0,3,,11095,0,,,2,4342,5636,11095,13300,13300,2205,,0,0,,,,0,0,8,0,11095,C09AA03,40 MG,C09,C09A,C09AA,C09AA03,"",,,,,1,,,,,,,"","",,,,,,,,,,,,0,0,0,0,1,0,0,0,0,0,0,,0.55,28.96,2,011309CJB,296.406,0.79,5,218.5,5,125.323,8,12581,12581,37.48,1,0,0,0,0,2,0,0,0,0,0,0,0,0,0,0,0,129,64.25,0,0,0,0,0,0,1,,,,,6,6,,0,1,1,0,0,0,0,1,1,1,0,2,0,,,0,0,68,21.9709612911633,0,0,1,0,1,,0,0,0,0,0,,0,,,,0,0,1,,,0,103,0,92.5925925925926,4.52820914485196,2,0,0,0,93,0,0,,16374,,,,31.1197398114961,1,Q2,low,low,Q1-Q3,Q1-Q3,,,,,,
1,2810589336,2018-02-22,4983.6,2,1,196,51,69,93,0.7,101.2,51,5.7,11930,9771.76470588235,9.18725235368847,4.11375387797311,1.41433596396062,0,,51.62,,352.58,1,691.333333333333,6.53862210012136,0,62.08,0,11930,0,3,,11930,0,,,2,,,11930,,,,,0,0,,,,0,0,8,0,11930,M01AX05,500 MG,M01,M01A,M01AX,M01AX05,"",,1,,,1,,,,,,,"","",,,,,,,,,,,,0,1,0,0,1,0,0,0,0,0,0,,22.39,47.99,2,022109CJB,423.368,10.91,49,217.2,49,169.079,8,12586,12586,51.62,1,0,0,0,0,2,0,0,0,0,0,0,0,0,0,0,0,129,63,0,0,0,0,0,0,1,,,,,6,8,,0,1,1,0,0,0,0,1,1,1,0,2,0,,,0,0,76,22.8514742743771,0,0,1,0,1,,0,0,0,0,0,,0,,,,0,0,0,,,0,131.2,1,1984.3137254902,7.59302840311118,3,0,0,0,84,1,1,,16366,,,,116.330532212885,1,Q4,high,high,Q4,Q4,,,,,,
1,2810589593,2018-06-30,20000,3,1,220,39,328,158,1.43,13.6,101.4,8.2,12635,19723.865877712,9.88958464736714,1.20079051383399,0.182980101434152,1,,40.98,,1271.81,1,1254.25049309665,7.13429345650492,0,66.02,0,12635,0,3,,12635,0,,,2,4551,,12635,14617,14617,1982,,0,0,,,,0,0,8,0,12635,C10AA05,20 MG,C10,C10A,C10AA,C10AA05,"",,,,1,1,1,1,1,,1,1,"","",,,,,,,,,,,,0,0,0,1,1,1,1,1,0,1,1,,3.36,105.2,2,020309CJB,806.574,9.3,23,217.4,23,177.51,8,13832,13832,40.98,0,0,0,0,1,2,0,0,0,0,0,0,0,1,0,0,0,292,66.5,0,0,0,0,0,0,1,,,,,5,10,,0,1,0,1,0,1,0,1,1,1,0,2,0,,,0,0,58,46.4242796313056,0,1,0,1,0,,0,0,0,0,0,,0,,,,0,0,1,,,0,115.4,1,134.122287968442,4.89875198056706,2,1,0,1,40,1,1,,17620,,,,493.096646942801,1,Q4,high,high,Q4,Q4,,,,,,
1,2810590007,2018-01-28,2130,2,1,171,42,205,139,0.68,25,85.6,6.1,12086,2488.31775700935,7.81936216154387,1.5018234865062,0.406680027465475,1,,37.36,,492.42,1,575.257009345795,6.35481691371007,0,62.13,0,12086,0,3,,12086,0,,,1,,5735,12086,14095,14095,2009,,0,0,,,,0,0,8,0,12086,C10AX06,4000 MG,C10,C10A,C10AX,C10AX06,"",,,,,1,1,,1,,,,"","",,,,,,,,,,,,0,0,0,0,1,1,0,1,0,0,0,,0.38,89.49,2,021709CJB,290.366,0.75,42,224.6,42,167.403,8,12989,12989,37.36,1,0,0,0,0,8,0,0,0,0,0,0,0,0,0,0,0,171,68.25,0,0,0,0,0,0,1,,,,,8,1,,0,1,1,0,0,0,0,,1,1,0,2,0,,,0,0,63,25.8104996345242,0,0,1,0,1,,0,0,0,0,0,,0,,,,0,0,0,,,0,88,1,292.056074766355,5.67694582070264,2,1,1,0,102,0,0,,16341,,,,24.3952721275426,1,Q1,low,low,Q1-Q3,Q1-Q3,,,,,,
1,2810590643,2017-12-23,1875,2,1,183,51,65,95,1.14,3,38.4,5.9,12126,4882.8125,8.49347666479892,3.00219298245614,1.09934301577406,0,,74.06,,381.46,1,993.385416666667,6.90111872234269,0,66.34,0,12126,0,3,15,12126,0,,,2,4819,5729,12126,14098,14098,1972,,0,0,,,,0,0,8,0,12126,C10AX09,10 MG,C10,C10A,C10AX,C10AX09,"",,,,,,1,,1,,,,"","",,,,,,,,,,,,0,0,0,0,0,1,0,1,0,0,0,,0.65,66.94,2,020609CJB,506.124,2.98,30,191.4,30,128.801,8,13225,13225,74.06,0,0,0,0,0,2,0,0,0,0,0,0,0,0,0,0,0,132,59.75,0,0,0,0,0,0,1,,,,,7,2,,0,1,0,0,0,0,0,1,1,1,0,2,0,,,0,0,61,25.9958321775855,0,0,0,1,0,,0,0,0,0,0,,1,15842,,,0,0,1,,,0,119,0,78.125,4.35831010805657,2,0,1,0,52,0,1,15842,,15842,15,,93.9002403846154,1,Q3,low,high,Q4,Q1-Q3,Subarachnoid Hemmorhage,,,,,
1,2810591859,2018-02-03,2705,2,1,172,68,84,94,0.76,3,53.2,6,12399,5084.58646616541,8.53396898092107,1.27242246437552,0.240922535857659,1,,38.58,,710.2,1,1334.96240601504,7.19665841014948,0,62.99,0,12399,0,3,,12399,0,,,2,4595,5844,12399,14353,14353,1954,,0,0,,,,0,0,8,0,12399,C10AX09,10 MG,C10,C10A,C10AA,C10AA01,"",,,,,,1,,,,,,C10AA01,"",,,,,,1,1,,,,,0,0,0,0,0,1,1,0,0,0,0,,0.25,41.8,2,021909CJB,453.116,1.31,45,226.3,45,139.061,8,13222,13222,38.58,0,0,0,0,0,2,0,0,0,0,0,0,0,0,0,0,0,124,62.5,0,0,0,0,0,0,1,,,,,8,6,,0,1,0,0,0,0,0,1,1,1,0,2,0,,,0,0,83,22.3186161572323,0,0,0,1,0,,0,0,0,0,0,,0,,,,0,0,1,2,14178,0,87.2,0,56.390977443609,4.03230917130265,2,0,0,1,73,0,1,14783,,14783,28,2384,69.6518693995262,0,Q3,low,high,Q1-Q3,Q1-Q3,Death,6.52703627652293,1,0,0,0
1,2810592165,2017-11-23,462,2,1,205,90,51,97,0.86,3,18.2,5.5,12618,2538.46153846154,7.83931348298708,,,,,24.92,,296.91,1,1631.37362637363,7.39717765448205,0,59.5,0,12618,0,3,,12618,0,,,2,4570,5810,12618,14812,14812,2194,,0,0,,,,0,0,8,0,12618,C10AX06,1 TAB,C10,C10A,C10AX,C10AX06,"",,,,,,1,,,,,,"","",,,,,,,,,,,,0,0,0,0,0,1,0,0,0,0,0,,0.51,22.27,2,013009CJB,260.998,0.61,21,204.7,21,120.379,8,13852,13852,24.92,0,0,0,0,0,2,0,0,0,0,0,0,0,0,0,0,0,116,64,0,0,0,0,0,0,1,,,,,6,2,,0,1,0,0,0,0,0,1,1,1,0,2,0,,,0,0,60,19.9114851354703,0,0,0,0,0,,0,0,0,0,0,,0,,,,0,0,0,,,0,104.8,0,164.835164835165,5.1049459735675,2,0,1,0,73,0,0,,17640,,,,34.7734457323498,1,Q1,low,low,Q1-Q3,Q1-Q3,,,,,,
1,2810592303,2017-12-16,4571.5,2,1,177,55,75,91,0.99,6.1,117,5.4,11394,3907.26495726496,8.27059290879482,2.77814207650273,1.02178238647388,0,,37.96,,1017.25,1,869.444444444445,6.76785443807214,0,64.64,0,11394,0,3,,11394,0,,,2,,4822,11394,13942,13942,2548,,0,0,,,,0,0,8,0,11394,M01AX05,"",M01,M01A,M01AX,M01AX25,"",,1,,,,,,,,,,M01AX25,"",,1,,,,,,,,,,0,1,0,0,0,0,0,0,0,0,0,,0.57,34.09,2,020409bCJ,522.628,1.08,27,196.9,27,157.905,8,12533,12533,37.96,0,0,0,0,0,2,0,0,0,0,0,0,0,0,0,0,0,135,64.25,0,0,0,0,0,0,1,,,,,6,6,,0,1,0,0,0,0,0,1,1,1,0,2,0,,,0,0,73,22.9928664674965,0,0,0,0,0,,0,0,0,0,0,,0,,,,0,0,0,,,0,107,1,52.1367521367521,3.95387011536365,2,0,0,0,57,0,0,,16320,,,,68.5485080221922,1,Q2,low,high,Q1-Q3,Q1-Q3,,,,,,
1,2810592814,2017-12-23,385.2,2,1,225,74,103,86,0.77,3,13.6,5.2,12571,2832.35294117647,7.94886307317006,1.30749711649366,0.268114711595929,1,,123.02,,139.72,1,1027.35294117647,6.93474081318472,0,60.06,0,12571,0,3,,12571,0,,,2,4531,5796,12571,15007,15007,2436,,0,0,,,,0,0,8,0,12571,"","","","","","","",,,,,,,,,,,,"","",,,,,,,,,,,,0,0,0,0,0,0,0,0,0,0,0,,1.03,36.19,2,020609CJB,505.284,1.21,29,237.8,29,168.403,8,13679,13679,123.02,0,0,0,0,0,2,0,0,0,0,0,0,0,0,0,0,0,153,62.75,0,0,0,0,0,0,1,,,,,3,1,,0,1,0,0,0,0,0,1,1,1,0,2,0,,,0,0,55,27.3193009997709,0,0,0,0,0,,0,0,0,0,0,,0,,,,0,0,0,,,0,130.4,0,220.588235294118,5.39629777490824,2,0,0,0,87,0,0,,17465,,,,32.5557809330629,1,Q2,low,low,Q1-Q3,Q1-Q3,,,,,,
7,2810593014,2018-11-24,11524.9,2,0,203,64,158,100,0.67,5.5,97.2,5.6,4283,11856.8930041152,9.38066466555932,1.07877664504171,0.0758276630332485,1,0.8,35.86,36.28,1367.39,2,1406.77983539095,7.24905856682561,0,76.91,0,4283,0,3,,4283,0,,,2,4283,,,,,,,0,0,,,,0,0,8,0,4283,C07AB03,25 MG,C07,C07A,C07AB,C07AB03,"",,,,1,,,,,,,,"","",,,,,,,,,,,,0,0,0,1,0,0,0,0,0,0,0,,0.64,294,2,123008CJB,312.564,0.79,3,195.4,3,121.065,3,,,35.86,1,0,0,0,0,,1,1,1,0,0,0,,,,,0,113,59.5,0,0,0,0,0,0,,,,,,4,1,1,1,0,1,0,,,0,,,,2,1,0,,,0,0,51,22.4414091932485,1,0,1,0,1,,0,0,0,0,0,,0,,,,0,0,0,,,0,107.4,1,56.5843621399177,4.03573265975417,2,0,0,0,102,1,1,,7245,,,,116.244049059953,1,Q4,high,high,Q4,Q4,,,,,,
1,2810594404,2018-12-15,5841.1,2,1,156,72,52,96,0.88,17.6,141.3,5.7,11581,4133.82873319179,8.32695931054747,6.59796149490374,1.88676073691542,0,,57.16,,2196.04,1,1554.16843595188,7.34869591369739,0,68.44,0,11581,0,3,,11581,0,,,2,4342,5643,11581,,,,,0,0,,,,0,0,8,0,11581,M01AH01,200 MG,M01,M01A,M01AH,M01AH01,"",,1,,,,,,,,,,"","",,,,,,,,,,,,0,1,0,0,0,0,0,0,0,0,0,,6.18,53.05,2,021409CJB,359.956,2.31,40,241.2,40,126.457,8,12526,12526,57.16,0,0,0,0,0,2,1,1,0,56,0,0,0,0,0,0,,187,67.25,0,0,0,0,1,1,1,,,,,6,2,,0,1,0,0,0,0,,1,1,1,1,2,0,,,0,1,57,29.0711787736368,1,0,0,0,0,,0,0,0,0,0,,0,,,,0,0,1,2,13145,0,73.6,1,124.557678697806,4.82476889133576,2,0,0,0,73,0,0,13609,,13609,27,2028,56.627790865641,0,Q2,low,low,Q1-Q3,Q1-Q3,,5.5523613963039,1,0,0,0
1,2810595465,2018-06-28,20000,3,1,178,65,111,98,0.72,5.9,172.6,5.6,11074,11587.4855156431,9.35768095987489,3.47916666666667,1.24679280150886,0,,46.2,,2577.92,1,1493.58053302433,7.3089315585488,0,62.75,0,11074,0,3,,11074,0,,,2,4321,5617,11074,13210,13210,2136,,0,0,,,,0,0,8,0,11074,M01AX05,"",M01,M01A,M01AX,M01AX25,"",,1,,1,,,,,,,,M01AX25,"",,1,,,,,,,,,,0,1,0,1,0,0,0,0,0,0,0,,3.47,24.76,2,011209CJB,,,3,213.3,3,151.017,8,12594,12594,46.2,0,0,0,0,0,2,0,0,0,0,0,0,0,0,0,0,0,174,67.75,0,0,0,0,0,0,,,,,,8,7,,0,1,0,0,0,0,0,1,1,1,0,2,0,,,0,0,59,26.6523962739787,0,0,0,0,0,,0,0,0,0,0,,0,,,,0,0,0,,,0,90.8,1,34.1830822711472,3.53173085124448,2,0,0,0,92,1,1,,16346,,,,125.95092951786,1,Q4,high,high,Q4,Q4,,,,,,
1,2810595514,2017-11-23,1318.7,2,1,164,45,67,94,0.98,3,207,5.3,12120,637.053140096618,6.45685307453638,0.979859894921191,-0.0203456819040302,1,,46.8,,2003.01,1,967.63768115942,6.87485772088731,0,67.17,0,12120,0,3,,12120,0,,,1,4774,5842,12120,14232,14232,2112,,0,0,,,,0,0,8,0,12120,"","","","","","","",,,,,,,,,,,,"","",,,,,,,,,,,,0,0,0,0,0,0,0,0,0,0,0,,6.33,20.5,2,013009CJB,371.752,1.2,20,256.5,20,154.751,8,13363,13363,46.8,0,0,0,0,0,8,1,1,1,0,0,0,0,0,0,0,0,178,71,0,0,0,0,0,0,1,,,,,3,1,,0,1,0,0,0,0,0,,1,1,2,2,0,,,0,0,61,24.8261238438763,1,0,0,0,0,,0,0,0,0,0,,0,,,,0,0,0,,,0,105.6,0,14.4927536231884,2.67364877438488,1,0,0,0,83,0,0,,17151,,,,7.67533903730866,1,Q1,low,low,Q1-Q3,Q1-Q3,,,,,,
1,2810595843,2018-02-22,3382.1,2,1,184,69,150,106,0.69,3,40.2,5.8,12618,8413.18407960199,9.03755528768729,2.60989932885906,0.959311649272342,0,,62.94,,859.96,1,2139.2039800995,7.66818906690106,0,71.27,0,12618,0,3,,12618,0,,,2,4586,5741,12618,,,,,0,0,,,,0,0,8,0,12618,C10AA05,40 MG,C10,C10A,C10AA,C10AA05,"",,,,,,1,1,,,,,"","",,,,,,,,,,,,0,0,0,0,0,1,1,0,0,0,0,,3.07,54.36,2,022109CJB,370.926,2.52,49,218.8,49,124.971,8,13273,13273,62.94,0,0,0,0,0,2,1,1,1,0,0,0,0,0,0,0,0,131,64.25,0,0,0,0,0,0,1,,,,,3,0,,0,1,0,0,0,0,0,1,1,1,2,2,0,,,0,0,68,22.311596349941,1,0,0,1,0,,0,0,0,0,0,,0,,,,0,0,1,,,0,85,0,74.6268656716418,4.31250057202527,2,0,0,1,89,1,1,16204,12687,16204,28,3586,94.5301581977752,0,Q4,high,high,Q4,Q4,Death,9.81793292265571,1,0,0,0
1,2810596302,2018-02-10,1508.8,2,1,292,43,298,162,0.75,3,39.3,7,11983,3839.18575063613,8.25301557899207,,,,,50.76,,248.21,1,631.577608142494,6.4482208291604,0,73.57,0,11983,0,3,,11983,0,,,2,4374,5660,11983,13953,13953,1970,,0,0,,,,0,0,8,0,11983,C10AX06,1000 MG,C10,C10A,C10AX,C10AX06,"",,,,1,,1,,,,1,,"","",,,,,,,,,,,,0,0,0,1,0,1,0,0,0,1,0,,0.99,74.23,2,021909CJB,266.822,0.91,46,307.4,46,204.89,8,12774,12774,50.76,1,0,0,0,1,2,0,0,0,0,0,0,0,0,0,0,0,151,61.75,0,0,0,0,0,0,1,,,,,6,1,,0,0,1,1,0,0,0,1,1,1,0,,0,,,0,0,65,27.842526140231,0,1,1,0,1,,0,0,0,0,0,,0,,,,0,0,0,,,0,189.4,0,76.3358778625954,4.33514304877503,2,1,1,0,84,0,0,,16555,,,,45.7045922694778,1,Q2,low,low,Q1-Q3,Q1-Q3,,,,,,
7,2810596885,2017-08-10,2702,2,1,206,73,142,97,0.79,4.7,95.9,6,3277,2817.51824817518,7.94361172261884,1.71292281006071,0.538201157066163,0,3.1,33.1,34.56,1244.52,2,1297.7267987487,7.16836939648834,0,73.41,0,3277,0,3,,3277,0,,,2,3277,5074,,,5074,1797,,0,0,,,,0,0,8,0,3277,M01AX05,"",M01,M01A,M01AX,M01AX25,"",,1,,,,,,,,,,M01AX25,"",,1,,,,,,,,,,0,1,0,0,0,0,0,0,0,0,0,,0.5,60.71,2,122908CJB,260.856,1.32,2,180.2,2,122.294,3,,,33.1,0,0,0,0,1,,0,0,0,0,0,0,,,,,0,132,60.5,0,0,0,0,0,0,1,,,,1,3,8,,0,1,0,1,,,0,,1,1,0,2,0,,,0,0,69,25.3553024010631,0,0,0,0,0,,0,0,0,0,0,,0,,,,0,0,0,,,0,104.6,1,49.0093847758081,3.89201180580876,2,0,0,0,76,0,0,,7888,,,,37.0726085286208,1,Q2,low,low,Q1-Q3,Q1-Q3,,,,,,
1,2810596957,2017-10-22,3623.1,2,1,216,88,45,108,0.78,4.1,67.8,5.8,12207,5343.80530973451,8.58369328299118,4.99244142101285,1.60792505284147,0,,26.86,,897.21,1,1323.3185840708,7.18789793941257,0,65.54,0,12207,0,3,,12207,0,,,2,4580,5791,12207,14274,14274,2067,,0,0,,,,0,0,8,0,12207,"","","","","","","",,,,,,,,,,,,"","",,,,,,,,,,,,0,0,0,0,0,0,0,0,0,0,0,,0.86,53.11,2,012109CJB,497.482,1.45,11,154.1,11,92.628,8,13596,13596,26.86,0,0,0,0,0,2,0,0,0,0,0,0,0,0,0,0,0,140,61,0,0,0,0,0,0,1,,,,,6,0,,0,1,0,0,0,0,0,1,1,1,0,2,0,,,0,0,61,26.4529419142149,0,0,0,0,0,,0,0,0,0,0,,0,,,,0,0,0,,,0,119,1,60.4719764011799,4.10218005774605,2,0,0,0,82,0,1,,17388,,,,65.1683574357868,1,Q3,low,high,Q1-Q3,Q1-Q3,,,,,,
1,2810597722,2018-12-08,6604.6,2,1,171,55,65,98,0.86,5.5,172.4,5.4,12183,3830.97447795824,8.2508744826994,2.05736543909348,0.721426251232824,0,,19.28,,1307.5,1,758.410672853828,6.63122502369758,0,70.45,0,12183,0,3,,12183,0,,,1,4587,5713,12183,14305,14305,2122,,0,0,,,,0,0,8,0,12183,C10AA03,20 MG,C10,C10A,C10AA,C10AA03,"",,,,,1,1,1,,,,,"","",,,,,,,,,,,,0,0,0,0,1,1,1,0,0,0,0,,0.36,50.78,2,020509CJB,440.708,1.68,28,221,28,137.279,8,13316,13316,19.28,1,0,0,0,0,8,0,0,0,0,0,0,0,0,0,0,0,200,70.75,0,0,0,0,0,0,,,,,,7,1,1,0,1,1,0,0,0,0,,1,1,0,2,0,,,0,0,66,28.0920038921824,0,0,1,1,1,143,1,0,0,0,0,,0,,,,0,0,0,,,0,103,1,31.9025522041763,3.46268601299097,2,0,0,1,90,0,0,,17102,,,,42.5663830884249,1,Q2,low,low,Q1-Q3,Q1-Q3,,,,,,
1,2810598180,2018-06-28,20000,3,1,128,45,86,94,0.74,5,146.6,5.3,12077,13642.5648021828,9.52094994907167,1.53319919517103,0.427356529590018,1,,36.18,,967.25,1,659.788540245566,6.49191939011616,0,64.05,0,12077,0,3,,12077,0,,,2,4406,5778,12077,14214,14214,2137,,0,0,,,,0,0,8,0,12077,"","","","","","","",,,,,,,,,,,,"","",,,,,,,,,,,,0,0,0,0,0,0,0,0,0,0,0,,12.92,45.12,2,011209CJB,348.624,2.83,3,183.5,3,105.422,8,13596,13596,36.18,0,0,0,0,0,2,0,0,0,0,0,0,0,0,0,0,0,147,62.75,0,0,0,0,0,0,1,,,,,4,1,,0,1,0,0,0,0,0,1,1,1,0,2,0,,,0,0,62,26.247955862525,0,0,0,0,0,,0,0,0,0,0,,0,,,,0,0,0,,,0,65.8,1,34.106412005457,3.52948540196369,2,0,0,0,87,1,1,,17389,,,,156.811089680262,1,Q4,high,high,Q4,Q4,,,,,,
1,2810598505,2018-06-28,20000,3,1,162,59,122,128,0.69,25.3,160.2,5.4,11760,12484.3945068664,9.43223470388996,1.32714412024757,0.283029355517341,1,,38.74,,1318.61,1,823.102372034956,6.71308058180528,0,,0,11760,,,12,11760,1,-649,11111,2,4242,5642,11760,13867,13867,2107,11760,1,1,-1986,9774,,1,0,,1,11760,C10AA05,20 MG,C10,C10A,C10AA,C10AA05,"",,,,1,,1,1,1,,,1,"","",,,,,,,,,,,,0,0,0,1,0,1,1,1,0,0,1,,10.63,135.2,2,012309CJB,573.372,8.71,13,186.7,13,136.012,8,13113,13113,38.74,1,0,0,0,0,2,0,0,0,0,0,0,0,1,0,0,0,165,61.75,0,0,0,0,0,0,1,,,,,3,6,,0,1,1,0,0,1,0,1,1,1,0,2,0,,,0,0,78,30.4239524048882,0,0,1,1,1,143,1,0,0,0,0,,1,7633,1,3,1,1,0,,,0,78.6,1,157.92759051186,5.06213664008135,2,1,0,1,83,1,1,,16905,7633,12,5145,150.414391648993,1,Q4,high,high,Q4,Q4,TIA,14.0862422997947,1,1,1,0
1,2810598965,2017-12-14,2301.7,2,1,185,87,74,105,0.71,3,70.6,5.5,11939,3260.19830028329,8.08954330081854,1.10872447626624,0.103210234098208,1,,48.52,,1115.69,1,1580.29745042493,7.36536836806498,0,64.59,0,11939,0,3,,11939,0,,,2,4273,5638,11939,13959,13959,2020,,0,0,,,,0,0,8,0,11939,M01AE02,220 MG,M01,M01A,M01AE,M01AE02,"",,1,,,,,,,,,,"","",,,,,,,,,,,,0,1,0,0,0,0,0,0,0,0,0,,0.89,41.28,2,020309bCJ,429.73,1.64,24,294,24,130.134,8,13125,13125,48.52,0,0,0,0,0,2,1,1,1,0,0,0,0,0,0,0,0,147,65.25,0,0,0,0,0,0,1,,,,,6,1,,0,1,0,0,0,0,0,1,1,1,2,2,0,,,0,0,60,24.2751496204538,1,0,0,0,0,,0,0,0,0,0,,0,,,,0,0,1,,,0,83.2,0,42.4929178470255,3.74933742315105,2,0,0,0,93,0,0,,16913,,,,35.0558957019708,1,Q2,low,low,Q1-Q3,Q1-Q3,,,,,,
7,2810599696,2018-11-24,6298.7,2,1,215,74,122,99,0.57,3,78.2,6,4569,8054.60358056266,8.99399908031717,2.64688995215311,0.973385347825792,0,1.8,49.16,50.46,675.76,2,864.143222506394,6.76173852185607,0,62.75,0,4569,0,3,,4569,0,,,2,4569,6207,,,6207,1638,,0,0,,,,0,0,8,0,4569,M01AE01,200 MG,M01,M01A,M01AE,M01AE01,"",,1,,,,,,,,,,"","",,,,,,,,,,,,0,1,0,0,0,0,0,0,0,0,0,,1.25,56.73,2,010609CJB,183.778,1.44,4,182.1,4,126.905,3,,,49.16,0,0,0,0,0,,0,0,0,0,0,0,,,,,0,146,61.75,0,0,0,0,0,0,1,,,,,4,1,,1,0,0,0,,,0,,1,1,0,1,0,,,0,0,58,26.9205881885678,0,0,0,0,0,,0,0,0,0,0,,0,,,,0,0,0,,,0,116.6,0,38.3631713554987,3.64709792009898,2,0,0,0,102,1,1,,9045,,,,78.9667017702222,1,Q4,high,high,Q1-Q3,Q4,,,,,,
1,2810600220,2018-06-30,20000,3,1,209,81,63,87,0.73,7.5,97.2,5.3,12244,20576.1316872428,9.93188702705783,,,,,36.62,,866.89,1,891.862139917696,6.79331156897389,0,77.08,0,12244,0,3,,12244,0,,,2,4504,5828,12244,14553,14553,2309,,0,0,,,,0,0,8,0,12244,C07AG01,200 MG,C07,C07A,C07AG,C07AG01,"",,,,1,,,,,,,,"","",,,,,,,,,,,,0,0,0,1,0,0,0,0,0,0,0,,1.35,28.58,2,013009CJB,345.586,1.84,20,318.7,20,177.806,8,13482,13482,36.62,1,0,0,0,0,2,0,0,0,0,0,0,0,0,0,0,0,140,61.25,0,0,0,0,0,0,1,,,,,3,0,,0,1,1,0,0,0,0,1,1,1,0,2,0,,,0,0,67,26.2374402299825,0,0,1,0,1,,0,0,0,0,0,,0,,,,0,0,0,,,0,115.4,1,77.1604938271605,4.34588758805801,2,0,0,0,85,1,1,16973,13513,16973,27,4729,242.072137496974,0,Q4,high,high,Q4,Q4,,12.9472963723477,1,1,1,0
1,2810600714,2018-06-28,20000,3,1,191,66,66,101,0.77,5.6,161.6,5.4,11283,12376.2376237624,9.42353359243722,2.87861271676301,1.05730848252687,0,,23.4,,1307.95,1,809.375,6.6962623448879,0,69.2,0,11283,0,3,,11283,0,,,2,4202,5644,11283,13462,13462,2179,,0,0,,,,0,0,8,0,11283,"","","","","","","",,,,,,,,,,,,"","",,,,,,,,,,,,0,0,0,0,0,0,0,0,0,0,0,,0.31,22.1,2,012009CJB,629.41,0.47,9,138.4,9,111.205,8,12693,12693,23.4,0,0,0,0,0,2,0,0,0,0,0,0,0,0,0,0,0,107,60.25,0,0,0,0,0,0,1,,,,,3,1,,0,1,0,0,0,0,0,1,1,1,0,2,0,,,0,0,57,20.7240813235092,0,0,0,0,0,,0,0,0,0,0,,0,,,,0,0,0,,,0,111.8,1,34.6534653465347,3.54539773063625,2,0,0,0,86,1,1,,16485,,,,143.90973981119,1,Q4,high,high,Q4,Q4,,,,,,
1,2810603356,2018-11-26,6742.9,2,1,177,54,96,101,0.84,3.7,52.8,5.7,12422,12770.6439393939,9.45490437370621,,,,,59.24,,1186.84,1,2247.80303030303,7.71770858720277,0,62.22,0,12422,0,3,,12422,0,,,2,4539,5873,12422,14544,14544,2122,,0,0,,,,0,0,8,0,12422,M01AE01,37.5 / 25 MG,C03,C03A,C03AA,C03AA03,"",,1,,,,,,1,,,,C03AA03,"",,,,,,,,1,,,,0,1,0,0,0,0,0,1,0,0,0,,15.03,88.66,2,011609CJB,564.636,5.49,8,197,8,155.809,8,13843,13843,59.24,1,0,0,0,1,2,0,0,0,0,0,0,0,0,0,0,0,248,64.25,0,0,0,0,0,0,1,,,,,7,5,,0,1,1,1,0,0,0,1,1,1,0,2,0,,,0,0,56,42.238747288438,0,0,1,0,1,,0,0,0,0,0,,0,,,,0,0,1,,,0,103.8,0,70.0757575757576,4.2495769079201,2,0,0,0,78,1,1,,17636,,,,163.726204351204,1,Q4,high,high,Q4,Q4,,,,,,
1,2810604143,2018-11-26,10741.4,2,1,197,63,69,103,0.87,3.7,174.9,5.3,11528,6141.45225843339,8.72281651734858,2.09605911330049,0.740058968971641,0,,45.58,,3417.92,1,1954.21383647799,7.57774326186487,0,63.43,0,11528,0,3,,11528,0,,,1,4254,5648,11528,13729,13729,2201,,0,0,,,,0,0,8,0,11528,"","","","","","","",,,,,,,,,,,,"","",,,,,,,,,,,,0,0,0,0,0,0,0,0,0,0,0,,0.83,29.01,2,010909CJB,,,2,223.3,2,156.809,8,13086,13086,45.58,0,0,0,0,0,8,1,1,1,0,0,0,0,0,0,0,0,180,70,0,0,0,0,0,0,1,,,,,3,1,,0,1,0,0,0,0,0,,1,1,2,2,0,,,0,0,47,25.827480226389,1,,0,0,0,,0,0,0,0,0,,0,,,,0,0,0,,,0,120.2,0,21.1549456832476,3.05187371660776,1,0,0,0,103,0,1,,16880,,,,59.6257500818776,1,Q3,high,low,Q1-Q3,Q1-Q3,,,,,,
7,2810604651,2018-11-26,4155.8,2,1,175,54,106,110,0.76,3,57,5.7,3445,7290.87719298246,8.89437914601932,2.73982300884956,1.00789332300323,0,,46.12,,1096.74,1,1924.10526315789,7.56221634031011,0,64.16,0,3445,0,3,,3445,0,,,2,3445,,,,,,,0,0,,,,0,0,8,0,3445,C03DB02,37.5 MG,C03,C03D,C03DB,C03DB02,"",,,,,,,,1,,1,,"","",,,,,,,,,,,,0,0,0,0,0,0,0,1,0,1,0,,7.05,71.91,2,010809CJB,469.756,2.79,5,171.5,5,104.831,3,,,46.12,1,0,0,0,1,,0,0,0,0,0,0,,,,,0,155,65.25,0,0,0,0,0,0,,1,,,,7,1,,0,1,1,1,,,0,,2,2,0,2,0,,,0,0,65,25.5962461984377,0,1,1,0,1,,0,0,0,0,0,,0,,,,0,0,0,,,0,99.8,0,52.6315789473684,3.9633162998157,2,1,0,0,95,1,1,,7819,,,,76.7460757156048,1,Q4,high,high,Q1-Q3,Q4,,,,,,
1,2810605014,2017-12-16,876.3,2,1,199,78,69,101,0.84,3.9,34.8,5.3,12702,2518.10344827586,7.83126129726947,1.19155844155844,0.175262065080996,1,,52.64,,810.36,1,2328.62068965517,7.75303139258241,0,,0,12702,,,,12702,0,,,2,4537,5806,12702,14912,14912,2210,,0,0,,,,0,0,,0,12702,"","","","","","","",,,,,,,,,,,,"","",,,,,,,,,,,,0,0,0,0,0,0,0,0,0,0,0,,0.39,53.53,2,020409bCJ,203.22,1,27,218.9,27,142.09,8,13840,13840,52.64,0,0,0,0,0,2,1,1,1,0,0,0,0,0,0,0,0,141,69,0,0,0,0,0,0,1,,,,,4,2,,0,1,0,0,0,0,0,1,1,1,2,2,0,,,0,0,57,20.8221966538451,1,0,0,0,0,,0,0,0,0,0,,0,,,,0,0,0,,,0,107.2,1,112.068965517241,4.71911444533731,2,0,0,0,77,0,0,,17627,,,,32.7026421854008,1,Q1,low,low,Q1-Q3,Q1-Q3,,,,,,
1,2810605794,2018-12-15,7125.1,2,1,189,73,94,103,0.87,3,66.9,5.4,12384,10650.3736920777,9.27335025897999,2.5205223880597,0.924466176889397,0,,35.74,,543.11,1,811.823617339312,6.69928309654051,0,65.7,0,12384,0,3,12,12384,0,,,2,4621,5715,12384,14402,14402,2018,,0,0,,,,0,0,8,0,12384,C10AX09,10 MG,C10,C10A,C10AX,C10AX09,"",,,,,1,1,,,,,,"","",,,,,,,,,,,,0,0,0,0,1,1,0,0,0,0,0,,3.67,70.36,2,021209CJB,300.138,2.19,38,197.2,38,113.186,8,13360,13360,35.74,1,0,0,0,0,2,0,0,0,0,0,0,0,0,0,0,0,169,66,0,0,1,1,0,0,1,,,,,4,2,,0,1,1,0,0,0,0,1,1,1,0,2,0,,,0,1,73,27.2774925715141,0,0,1,1,1,,0,0,0,0,0,,1,12764,,,0,0,0,,,0,97.2,0,44.8430493273543,3.80316860051606,2,0,1,0,66,1,1,,17144,12764,12,4760,161.369298364814,0,Q4,high,high,Q4,Q4,TIA,13.0321697467488,1,1,1,0
1,2810606216,2018-06-30,20000,3,0,246,77,187,101,1.03,3.3,157.6,5.7,11715,12690.3553299492,9.44859756110044,,,,,50.12,,1300.68,1,825.304568527919,6.71575249217997,0,69.58,0,11715,0,3,,11715,0,,,2,4264,5516,11715,,,,13630,1,0,348,12063,,0,0,8,0,11715,C10AX06,25/25 MG,C03,C03A,C03AA,C03AA03,"",,,,,,1,,1,,,,C03AA03,"",,,,,,,,1,,,,0,0,0,0,0,1,0,1,0,0,0,,1.84,55.58,2,020409CJB,377.234,1.78,25,265.6,25,161.229,8,12887,12887,50.12,1,0,0,0,,2,0,0,0,0,0,0,0,0,0,0,2,159,62.25,0,0,0,0,0,0,1,,,,,3,6,,0,1,1,,0,0,1,1,1,1,0,2,0,,,1,0,85,28.8485523988032,0,0,1,0,1,,0,0,0,0,0,,0,,1,1,0,0,1,,,0,131.6,0,20.9390862944162,3.04161757003079,1,0,1,0,50,1,1,13630,,13630,28,1915,253.807106598985,0,Q4,high,high,Q4,Q4,Death,5.24298425735797,1,0,0,0
1,2810606257,2017-12-02,3806.6,2,0,209,33,660,110,0.86,3,57.1,5.4,11628,6666.54991243433,8.80485775057981,,,,,44.64,,1246.45,1,2182.92469352014,7.68842085917074,0,69.06,0,11628,0,3,,11628,0,,,1,4326,5697,11628,,,,,0,0,,,,0,0,8,0,11628,"","","","","","","",,,,,,,,,,,,"","",,,,,,,,,,,,0,0,0,0,0,0,0,0,0,0,0,,0.5,86.94,2,020409CJB,297.37,12.82,26,234.5,26,177.844,8,12789,12789,44.64,0,0,0,0,0,8,0,0,0,0,0,0,0,0,0,0,0,179,66,0,0,0,0,0,0,1,,,,,5,6,,0,1,0,0,0,0,0,,1,1,0,2,0,,,0,0,85,28.8915453863966,0,,0,0,0,,0,0,0,0,0,,0,,,,0,0,1,,,0,44,0,52.5394045534151,3.96156345098828,2,0,0,0,79,1,1,,16494,,,,84.3867077523333,1,Q4,high,high,Q4,Q4,,,,,,
1,2810606285,2017-10-22,3326.1,2,1,190,49,86,96,0.88,3,138.6,5.5,11159,2399.78354978355,7.7831338246787,1.09362389023406,0.0894968516846587,1,,27.68,,876.49,1,632.388167388167,6.44950339451537,0,63.91,0,11159,0,3,,11159,0,,,1,4288,5668,11159,,,,,0,0,,,,0,0,8,0,11159,"","","","","","","",,,,,,,,,,,,"","",,,,,,,,,,,,0,0,0,0,0,0,0,0,0,0,0,,4.46,18.73,2,012109CJB,194.682,4.82,11,202.2,11,198.583,8,12540,12540,27.68,0,0,0,0,0,8,0,0,0,0,1,0,0,0,0,0,0,152,68.25,0,0,0,0,0,0,1,,,,,3,2,,0,1,0,0,0,0,0,,1,1,0,2,1,,,0,0,69,22.9426663417993,0,0,0,0,0,,0,0,0,0,0,,0,,,,0,0,1,,,0,123.8,0,21.6450216450217,3.07477548089444,1,0,0,0,88,0,0,11521,,11521,27,362,27.2702676111767,0,Q1,low,low,Q1-Q3,Q1-Q3,,0.991101984941821,0,0,0,0
1,2810606356,2018-11-26,6528.9,2,1,177,46,100,95,0.97,4.1,133.2,5.5,12420,4901.57657657658,8.49731218266993,1.38821630347054,0.328019688178356,1,,29.02,,853.06,1,640.435435435435,6.4621483128763,0,61.36,0,12420,0,3,,12420,0,,,1,4514,5893,12420,14521,14521,2101,,0,0,,,,0,0,8,0,12420,"","","","","","","",,,,,,,,,,,,"","",,,,,,,,,,,,0,0,0,0,0,0,0,0,0,0,0,,0.44,58.77,2,012009CJB,481.858,1.64,9,262.6,9,176.605,8,13834,13834,29.02,0,0,0,0,0,8,0,0,0,0,0,0,0,0,0,0,0,187,74.5,0,0,0,0,0,0,1,,,,,4,7,,0,1,0,0,0,0,0,,1,1,0,2,0,,,0,0,81,23.6883424985264,0,,0,0,0,,0,0,0,0,0,,0,,,,0,0,1,,,0,111,1,30.7807807807808,3.42689049458611,2,0,0,0,73,0,1,,17626,,,,67.144884610638,1,Q3,low,high,Q1-Q3,Q1-Q3,,,,,,
1,2810606688,2018-01-14,1103.2,2,1,217,48,136,95,0.86,4,32.8,5.4,11658,3363.41463414634,8.12071199707709,0.911497730711044,-0.0926661744868762,1,,57.88,,486.14,1,1482.13414634146,7.30123831885911,0,58.28,0,11658,0,3,,11658,0,,,1,4310,5640,11658,,,,,0,0,,,,0,0,8,0,11658,C10AX09,40 MG,C10,C10A,C10AA,C10AA01,"",,,,,1,1,,,,,,C10AA01,"",,,,,,1,1,,,,,0,0,0,0,1,1,1,0,0,0,0,,3.07,52.43,2,021409CJB,228.796,1.6,40,203.1,40,159.191,8,12599,12599,57.88,1,0,0,0,0,8,1,1,1,0,0,0,0,0,0,0,0,181,65.75,0,0,0,0,0,0,1,,,,,6,1,,0,1,1,0,0,0,0,,1,1,2,2,0,,,0,0,58,29.4369407140121,1,0,1,1,1,,0,0,0,0,0,,0,,,,0,0,0,,,0,141.8,1,121.951219512195,4.80362112471193,2,0,0,1,96,0,0,14772,,14772,22,3114,35.0355691056911,0,Q2,low,low,Q1-Q3,Q1-Q3,CHD Death,8.52566735112936,1,0,0,0
1,2810607249,2018-12-06,7742.3,2,1,149,31,106,125,1.24,6.6,131.2,9.5,12433,5901.14329268293,8.68290138954203,0.977457168620379,-0.0228008053507754,1,,47.36,,1781.96,1,1358.2012195122,7.21391647056781,0,65.11,0,12433,0,3,,12433,0,,,1,4459,5772,12433,14518,14518,2085,10693,1,1,-4138,8295,,0,0,8,0,12433,C10AB04,37.5 MG/25,C03,C03A,C03AA,C03AA03,"",,,,1,1,1,,1,,1,1,C03AA03,"",,,,,,,,1,,,,0,0,0,1,1,1,0,1,0,1,1,,2.82,133.2,2,012309CJB,617.93,5.21,13,136.9,13,165.231,8,13779,13779,47.36,1,0,0,0,1,8,0,0,0,0,0,0,0,1,1,0,2,256,75,0,0,0,0,0,0,1,,,,,7,6,,0,1,1,1,0,1,1,,1,1,0,2,0,,,1,0,70,31.998015996032,0,1,1,1,1,,0,0,0,0,0,,0,,1,1,1,0,0,1,10692,1,96.8,1,50.3048780487805,3.91810205150453,2,1,1,0,59,0,1,,17571,16968,30,5138,100.019377842084,1,Q3,high,high,Q4,Q1-Q3,IC,14.0670773442847,1,1,1,0
1,2810607733,2018-01-06,2826.7,2,1,120,24,71,99,0.68,3,61.2,5.4,12040,4618.7908496732,8.43788822897095,2.32008516678495,0.84160389482553,0,,35.76,,823.75,1,1345.99673202614,7.20489008228653,0,64.72,0,12040,0,3,,12040,0,,,1,4244,5621,12040,13980,13980,1940,,0,0,,,,0,0,8,0,12040,"","","","","","","",,,,,,,,,,,,"","",,,,,,,,,,,,0,0,0,0,0,0,0,0,0,0,0,,0.67,25.32,2,021109CJB,317.028,0.65,35,110.2,35,141.395,8,13072,13072,35.76,0,0,0,0,0,8,0,0,0,0,0,0,0,0,0,0,0,164,68.25,0,0,0,0,0,0,1,,,,,3,1,,0,1,0,0,0,0,0,,1,1,0,2,0,,,0,0,53,24.7539294740466,0,0,0,0,0,,0,0,0,0,0,,0,,,,0,0,0,,,0,81.8,0,49.0196078431373,3.89222037813197,2,0,0,0,109,0,1,,16857,,,,42.3742279786532,1,Q3,low,low,Q1-Q3,Q1-Q3,,,,,,
1,2810607943,2017-09-13,3781.2,2,1,297,52,149,97,0.62,7.4,44.8,5.4,11071,8440.17857142857,9.04075874511838,3.72818791946309,1.31592230313423,0,,15.12,,407.9,1,910.491071428571,6.81398409289067,0,73.35,0,11071,0,3,,11071,0,,,2,,5701,11071,13213,13213,2142,,0,0,,,,0,0,8,0,11071,C09CA04,150 MG,C09,C09C,C09CA,C09CA04,"",,,,,1,,,,,,,"","",,,,,,,,,,,,0,0,0,0,1,0,0,0,0,0,0,,1.02,59.43,2,011409CJB,298.472,1.43,5,220.9,5,168.765,8,12546,12546,15.12,1,0,0,0,0,2,0,0,0,0,0,0,0,0,0,0,0,156,64,0,0,0,0,0,0,1,,,,,3,2,,0,0,1,0,0,0,0,1,1,1,0,,0,,,0,0,62,26.777514492529,0,0,1,0,1,140,0,1,1,0,0,,0,,,,0,0,0,,,0,215.2,1,165.178571428571,5.10702713977132,2,0,0,0,97,1,1,,16339,11284,6,5268,87.0121502209131,1,Q4,high,high,Q4,Q4,Angina,14.4229979466119,1,1,1,0
1,2810607962,2017-09-17,3179.3,2,1,177,65,100,98,0.6,6.6,70.2,5.4,11833,4528.91737891738,8.41823820071315,4.02906520031422,1.39353438883186,0,,37.94,,547.35,1,779.700854700855,6.65891032650689,0,62.47,0,11833,0,3,,11833,0,,,2,4657,6253,11833,,,,,0,0,,,,0,0,8,0,11833,"","","","","","","",,,,,,,,,,,,"","",,,,,,,,,,,,0,0,0,0,0,0,0,0,0,0,0,,0.25,18.8,2,011509CJB,601.8,4.61,6,179.6,6,114.168,8,13290,13290,37.94,0,0,0,0,0,2,0,0,0,0,0,0,0,0,0,0,0,128,66.25,0,0,0,0,0,0,1,,,,,8,1,,0,1,0,0,0,0,0,1,1,1,0,2,0,,,0,0,54,20.5042466332708,0,0,0,0,0,,0,0,0,0,0,,0,,,,0,0,0,,,0,92,1,94.017094017094,4.54347661698275,2,0,0,0,103,0,1,,17083,,,,43.9700716399746,1,Q3,low,low,Q1-Q3,Q1-Q3,,,,,,
1,2810608124,2018-11-26,4773.7,2,1,133,39,64,101,0.69,3,91.1,6.1,11769,5240.06586169045,8.56408934626099,1.79492003762935,0.584960473666284,0,,58.24,,1737.72,1,1907.48627881449,7.55354156985069,0,63.85,0,11769,0,3,,11769,0,,,1,,5721,11769,,,,,0,0,,,,0,0,8,0,11769,"","","","","","","",,,,,,,,,,,,"","",,,,,,,,,,,,0,0,0,0,0,0,0,0,0,0,0,,2.98,58.73,2,011309CJB,432.378,1.73,4,203.3,4,138.375,8,13273,13273,58.24,0,0,0,0,0,8,1,0,0,58,0,0,0,0,0,0,0,166,69.25,0,0,0,0,0,0,1,,,,,4,1,,0,1,0,0,0,0,0,,1,1,1,2,0,,,0,0,60,24.3373980472628,0,0,0,0,0,,0,0,0,0,0,,0,,,,0,0,0,,,0,81.2,0,32.9308452250274,3.49440976338433,2,0,0,0,103,0,1,13000,,13000,27,1231,50.8744258416549,0,Q3,low,low,Q1-Q3,Q1-Q3,,3.37029431895962,0,0,0,0
1,2810608245,2018-12-22,6271.8,2,1,235,52,232,118,0.78,12,71.2,5.7,12881,8808.70786516854,9.08349604133688,1.51240208877285,0.41369917413184,1,,52.98,,1333.01,1,1872.20505617978,7.5348721895962,0,77.48,0,12881,0,3,2,12881,1,3607,16488,2,4543,5798,12881,15303,15303,2422,,0,0,,,,0,1,8,1,12881,C10AA01,40 MG,C10,C10A,C10AA,C10AA01,"",,,,1,,1,1,,,,,"","",,,,,,,,,,,,0,0,0,1,0,1,1,0,0,0,0,,31.72,214.1,2,021809bCJ,334.944,8.01,44,170.3,44,111.3,8,13733,13733,52.98,1,0,0,0,0,2,1,1,0,63,0,0,0,0,0,1,0,213,63,0,0,0,0,0,0,1,,,,,7,1,,0,0,1,0,1,0,0,1,1,1,1,,0,,,0,0,63,37.7315040344367,1,0,1,1,1,140,0,1,1,0,1,16431,0,,,,0,0,0,,,0,136.6,1,168.539325842697,5.12716911035221,2,0,0,1,81,1,1,,17514,12596,7,4633,108.749479816896,0,Q4,high,high,Q4,Q4,Coronary Insufficiency,12.684462696783,1,1,1,0
1,2810608627,2017-11-18,2713.3,2,1,169,59,96,97,1.12,3,148.3,5.3,12571,1829.60215778827,7.51185382208494,2.48332097850259,0.909596768611356,0,,54.82,,985,1,664.194200944032,6.49857457801629,0,62.8,0,12571,0,3,,12571,0,,,1,4496,5795,12571,14668,14668,2097,,0,0,,,,0,0,8,0,12571,C07AB03,50 MG,C07,C07A,C07AB,C07AB03,"",,,,1,,,,1,,,,"","",,,,,,,,,,,,0,0,0,1,0,0,0,1,0,0,0,,1.44,72.61,2,013009CJB,430.376,1.01,20,140.1,20,68.173,8,13817,13817,54.82,1,0,0,0,0,8,0,0,0,0,0,0,0,0,0,0,0,192,69.25,0,0,0,0,0,0,1,,,,,8,1,,0,1,1,0,0,0,0,,1,1,0,2,0,,,0,0,61,28.1492796691233,0,0,1,0,1,,0,0,0,0,0,,0,,,,0,0,0,,,0,90.8,0,20.2292650033715,3.00713031850636,1,0,0,0,71,0,0,,17605,,,,25.7690444758911,1,Q1,low,low,Q1-Q3,Q1-Q3,,,,,,
1,2810608725,2018-01-06,2977.5,2,1,199,52,182,96,0.92,6.9,98.6,5.7,12428,3019.77687626775,8.01293822560896,1.9344512195122,0.659823678770299,0,,64.12,,678.31,1,687.941176470588,6.53370333496206,0,,0,12428,,,,12428,0,,,1,4542,5708,12428,14479,14479,2051,,0,0,,,,0,0,,0,12428,"","","","","","","",,,,,,,,,,,,"","",,,,,,,,,,,,0,0,0,0,0,0,0,0,0,0,0,,0.86,42.43,2,021109CJB,285.354,1.03,35,249.3,35,177.425,8,13456,13456,64.12,0,0,0,0,0,8,0,0,0,0,0,0,0,0,0,0,0,172,66.5,0,0,0,0,0,0,1,,,,,7,1,,0,1,0,0,0,0,0,,1,1,0,2,0,,,0,0,73,27.3458085499471,0,0,0,0,0,,0,0,0,0,0,,0,,,,0,0,1,,,0,110.6,1,69.9797160243408,4.24820542897676,2,0,0,0,82,0,0,,17241,,,,36.8265472715579,1,Q2,low,low,Q1-Q3,Q1-Q3,,,,,,
1,2810608823,2017-08-23,2863.2,2,1,305,62,196,89,0.83,3,87.4,5.2,12132,3275.97254004577,8.09437006277842,2.74123539232053,1.00840869189692,0,,38.46,,755.76,1,864.713958810069,6.76239876878748,0,65.91,0,12132,0,3,,12132,0,,,2,4550,5789,12132,14363,14363,2231,,0,0,,,,0,0,8,0,12132,M01AE01,200 MG,M01,M01A,M01AE,M01AE01,"",,1,,,,,,,,,,"","",,,,,,,,,,,,0,1,0,0,0,0,0,0,0,0,0,,0.22,69.13,2,010909CJB,330.792,1.64,1,211.4,1,157.647,8,13734,13734,38.46,0,0,0,0,0,2,0,0,0,0,0,0,0,0,0,0,0,160,62,0,0,0,0,0,0,1,,,,,3,8,,0,1,0,0,0,0,0,1,1,1,0,2,0,,,0,0,57,29.2645746581816,0,0,0,0,0,,0,0,0,0,0,,0,,,,0,0,0,,,0,203.8,0,34.324942791762,3.53587228498876,2,0,0,0,78,0,0,,17528,,,,41.9996479493047,1,Q2,low,low,Q1-Q3,Q1-Q3,,,,,,
1,2810609399,2017-12-31,627.7,2,1,154,41,145,115,1.32,7.3,24.6,5.7,12520,2551.62601626016,7.84448608837326,2.84928229665072,1.04706713683054,0,,21.98,,182.24,1,740.813008130081,6.60774824274865,0,73.07,0,12520,0,3,,12520,0,,,2,4550,5775,12520,14508,14508,1988,,0,0,,,,0,0,8,0,12520,C10AA05,10 MG,C10,C10A,C10AA,C10AA05,"",,,,1,,1,1,,,,,"","",,,,,,,,,,,,0,0,0,1,0,1,1,0,0,0,0,,2.75,90.73,2,020909CJB,529.366,1.56,32,178.4,32,129.21,8,13589,13589,21.98,1,0,0,0,1,2,0,0,0,0,0,0,,0,0,0,0,167,61,0,0,0,0,0,0,1,,,,,7,6,,0,1,1,1,0,0,0,1,1,1,0,2,0,,,0,0,63,31.5545807119564,0,0,1,1,1,,0,0,0,0,0,,0,,,,0,0,0,,,0,84,1,296.747967479675,5.69288318419817,2,0,0,1,43,0,0,,17375,,,,59.340139913027,1,Q1,low,low,Q1-Q3,Q1-Q3,,,,,,
1,2810609535,2018-12-22,7590.9,2,1,182,43,153,104,1.09,7.8,241,5.7,11850,3149.7510373444,8.05507869293251,2.2991239048811,0.832528139448851,0,,40.94,,1729.78,1,717.751037344398,6.57612276427271,0,72.65,0,11850,0,3,,11850,0,,,1,,5655,11850,14231,14231,2381,,0,0,,,,0,0,8,0,11850,C09AA03,10 MG,C09,C09A,C09AA,C09AA03,"",,,,,1,,,1,,,,"","",,,,,,,,,,,,0,0,0,0,1,0,0,1,0,0,0,,5.91,47.53,2,021409CJB,289.524,1.77,41,149.1,41,141.328,8,12785,12785,40.94,1,0,0,0,0,8,0,0,0,0,0,0,0,0,0,0,0,234,73.25,0,0,0,0,0,0,1,,,,,3,1,,0,1,1,0,0,0,0,,1,1,0,2,0,,,0,0,58,30.6624047417392,0,0,1,0,1,,0,0,0,0,0,,0,,,,0,0,0,,,0,108.4,1,32.3651452282158,3.47708207918703,2,0,0,0,74,0,0,,16569,,,,42.5642032073567,1,Q2,low,low,Q1-Q3,Q1-Q3,,,,,,
1,2810610123,2017-11-13,4336.2,2,1,212,48,148,99,0.83,3,130.5,4.9,12488,3322.75862068966,8.10855062674233,1.05251312828207,0.0511807599237523,1,,30.24,,1274.22,1,976.413793103448,6.88388646490761,0,65.33,0,12488,0,3,13,12488,0,,,1,4650,6351,12488,14582,14582,2094,,0,0,,,,0,0,8,0,12488,"","","","","","","",,,,,,,,,,,,"","",,,,,,,,,,,,0,0,0,0,0,0,0,0,0,0,0,,0.92,50.52,2,012709CJB,246.57,0.7,17,178.9,17,114.358,8,13779,13779,30.24,0,0,0,0,0,8,0,0,0,0,0,0,0,0,0,0,0,137,62.75,0,0,0,0,0,0,1,,,,,5,7,,0,1,0,0,0,0,0,,1,1,0,2,0,,,0,0,64,24.4623806337818,0,0,0,0,0,,0,0,0,0,0,,1,13376,,,0,0,1,,,0,134.4,0,22.9885057471264,3.1349943408875,1,0,0,0,93,0,0,,17570,13376,13,5082,35.7285873192436,1,Q2,low,low,Q1-Q3,Q1-Q3,Cancer Death,13.9137577002053,1,1,1,0
7,2810610851,2017-08-19,3756,2,1,268,61,151,98,0.64,3.1,107.5,5.9,4449,3493.95348837209,8.15878917874853,3.19075144508671,1.16025645177932,0,,43.3,,833.09,1,774.967441860465,6.65282101796826,0,63.12,0,4449,0,3,,4449,0,,,2,4449,6409,,,6409,1960,,0,0,,,,0,0,8,0,4449,C09AA03,20 MG,C09,C09A,C09AA,C09AA03,"",,,,1,1,,,,,,,"","",,,,,,,,,,,,0,0,0,1,1,0,0,0,0,0,0,,15.91,52.92,2,010809CJB,316.872,1.44,5,158.2,5,89.598,3,,,43.3,1,0,0,0,1,,0,0,0,0,0,0,,,,,0,136,58.5,0,0,0,0,0,0,,1,,,,5,1,,0,1,1,1,,,0,,2,2,0,2,0,,,0,0,53,27.9404109104076,0,0,1,0,1,,0,0,0,0,0,,0,,,,0,0,0,,,0,176.8,0,28.8372093023256,3.36166654290552,1,0,0,0,118,0,0,,8902,,,,29.6097753251872,1,Q2,low,low,Q1-Q3,Q1-Q3,,,,,,
1,2810611322,2017-10-30,2516.9,2,1,183,54,173,113,0.9,3,51,5.7,11316,4935.09803921569,8.50412781777272,1.73496503496504,0.550987260437848,0,,27.14,,857.31,1,1681,7.42714413340862,0,57.55,0,11316,0,3,,11316,0,,,2,,5642,11316,13657,13657,2341,,0,0,,,,0,0,8,0,11316,C10AA05,10 MG,C10,C10A,C10AA,C10AA05,"",,,,1,,1,1,,,,,"","",,,,,,,,,,,,0,0,0,1,0,1,1,0,0,0,0,,0.82,90.16,2,012709CJB,378.254,1.76,16,215.8,16,182.016,8,12625,12625,27.14,1,0,0,0,0,2,0,0,0,0,0,0,0,0,0,0,0,160,63,0,0,0,0,0,0,1,,,,,8,6,,0,1,1,0,0,0,0,1,1,1,0,2,0,,,0,0,65,28.3429138286848,0,0,1,1,1,,0,0,0,0,0,,0,,,,0,0,1,,,0,94.4,0,58.8235294117647,4.07454193492592,2,0,0,1,67,0,1,,16416,,,,73.6581796897864,1,Q3,low,high,Q1-Q3,Q1-Q3,,,,,,
1,2810612185,2018-12-15,4291.6,2,1,148,29,322,101,0.74,13.3,54.3,5.4,12587,7903.49907918969,8.97506086181079,1.39659090909091,0.334034202093783,1,,55.68,,873.09,1,1607.90055248619,7.38268460235761,0,64.03,0,12587,0,3,12,12587,0,,,2,4559,5791,12587,14856,14856,2269,12326,1,1,-1723,10864,,0,0,8,0,12587,C10AA07,10 MG,C10,C10A,C10AA,C10AA07,"",,,,1,,1,1,,,,1,"","",,,,,,,,,,,,0,0,0,1,0,1,1,0,0,0,1,,0.71,33.96,2,020909CJB,293.294,2.97,32,124.9,32,89.074,8,13659,13659,55.68,1,0,0,0,0,2,0,0,0,0,0,0,0,1,0,0,0,139,62.75,0,0,0,0,0,0,1,,,,,2,0,,0,1,1,0,0,1,0,1,1,1,0,2,0,,,0,0,80,24.8194956795304,0,0,1,1,1,,0,0,0,0,0,,1,14637,1,1,1,0,0,,,0,54.6,1,244.935543278085,5.50099508726996,2,0,0,1,77,1,1,16612,,9668,6,,102.642845184282,1,Q4,high,high,Q4,Q4,Angina,,,,,
1,2810612872,2018-02-03,1822.1,2,1,161,37,187,97,0.99,3,93,5.9,11945,1959.24731182796,7.58031565389067,3.64195896757115,1.29252171478702,0,,24.86,,716.22,1,770.129032258065,6.64655807516984,0,64.67,0,11945,0,3,,11945,0,,,2,4509,5674,11945,13794,13794,1849,,0,0,,,,0,0,8,0,11945,M01AC01,20 MG,M01,M01A,M01AC,M01AC01,"",,1,,,1,1,,,,,,"","",,,,,,,,,,,,0,1,0,0,1,1,0,0,0,0,0,,1.24,98.29,2,021909CJB,322.714,2.07,45,96.2,45,90.008,8,12768,12768,24.86,1,0,0,0,0,2,0,0,0,0,0,0,0,0,0,0,0,166,63.75,0,0,0,0,0,0,1,,,,,6,6,,0,1,1,0,0,0,0,1,1,1,0,2,0,,,0,0,66,28.7179425569924,0,0,1,1,1,,0,0,0,0,0,,0,,,,0,0,0,,,0,86.6,0,32.258064516129,3.47376807449699,2,0,1,0,59,0,0,,16549,,,,33.2075815564061,1,Q1,low,low,Q1-Q3,Q1-Q3,,,,,,
1,2810612960,2018-06-30,20000,3,1,157,52,44,145,0.97,7.7,99.3,6.7,11730,20140.9869083585,9.91051216747309,1.91765637371338,0.651103801762547,0,,47.3,,851.79,1,857.794561933535,6.75436463251213,0,26.21,4,11730,1,1,13,11730,1,1968,13698,1,,5707,11730,,,,13706,1,0,1976,13706,,0,1,7,1,11730,C10AX06,1000 MG,C10,C10A,C10AX,C10AX06,"",,,,,1,1,1,,,,1,"","",,,,,,,,,,,,0,0,0,0,1,1,1,0,0,0,1,,7,13.25,2,020409CJB,519.292,6.37,26,182.7,26,135.088,8,12890,12890,47.3,1,0,0,0,2,8,0,0,0,0,0,0,1,0,0,0,0,138,68,0,0,1,1,1,1,1,,,,1,7,8,,0,1,1,1,0,0,0,,1,1,0,2,0,,,0,1,80,20.9829658413642,0,0,1,1,1,,0,0,0,0,0,,1,11079,1,1,0,0,0,1,4379,1,96.2,1,77.5427995971803,4.35083003679065,2,1,0,1,73,1,1,13706,16783,7801,30,5053,275.903930251486,1,Q4,high,high,Q4,Q4,IC,13.8343600273785,1,1,1,0
1,2810613055,2018-12-08,5433.3,2,1,188,44,182,142,1.04,3,121.2,5.8,11995,4482.92079207921,8.40803007549148,1.57259259259259,0.452725590270781,1,,46.68,,920.68,1,759.63696369637,6.63284063980837,0,69.79,0,11995,0,3,,11995,0,,,1,4223,5633,11995,13722,13722,1727,,0,0,,,,0,0,8,0,11995,M01AE01,200 MG,M01,M01A,M01AE,M01AE01,"",,1,,,,,,,,1,,"","",,,,,,,,,,,,0,1,0,0,0,0,0,0,0,1,0,,0.92,128,2,020709CJB,198.16,0.81,31,189.8,31,136.631,8,13080,13080,46.68,0,0,0,0,1,8,0,0,0,0,0,0,0,0,0,0,0,188,67.25,0,0,0,0,0,0,1,,,,,6,1,,0,1,0,1,0,0,0,,1,1,0,2,0,,,0,0,60,29.2266396226937,0,1,0,0,0,140,0,1,1,0,0,,0,,,,0,0,0,,,0,107.6,0,24.7524752475248,3.20892549401503,1,1,0,0,78,0,1,,16825,14899,6,4830,57.473343488195,0,Q3,low,low,Q1-Q3,Q1-Q3,Angina,13.2238193018481,1,1,1,0
1,2810613072,2018-12-06,6422.5,2,1,182,81,44,92,1.1,6.2,132.4,5.8,11532,4850.83081570997,8.48690527146922,2.73815261044177,1.0072834632391,0,,22.58,,715.78,1,540.619335347432,6.29271539966118,0,79.87,0,11532,0,3,,11532,0,,,2,4339,5870,11532,13701,13701,2169,,0,0,,,,0,0,8,0,11532,M01AX05,TABLET,M01,M01A,M01AX,M01AX25,"",,1,,,,1,,,,,,M01AX25,"",,1,,,,,,,,,,0,1,0,0,0,1,0,0,0,0,0,,0.14,8.62,2,012609CJB,314.186,0.97,15,206.6,15,136.574,8,12844,12844,22.58,0,0,0,0,0,2,0,0,0,0,0,0,0,0,0,0,0,118,64.75,0,0,0,0,0,0,1,,,,,5,1,,0,1,0,0,0,0,0,1,1,1,0,2,0,,,0,0,62,19.7882812545339,0,0,0,0,0,,0,0,0,0,0,,0,,,,0,0,0,,,0,92.2,1,46.8277945619335,3.84647692753028,2,0,1,0,54,0,1,,16635,,,,89.8302002909254,1,Q3,low,high,Q4,Q1-Q3,,,,,,
1,2810613785,2018-02-01,354.9,2,1,102,39,73,101,0.87,3,10,6,12228,3549,8.1744211526465,2.1501312335958,0.765528879158542,0,,40.56,,64.93,1,649.3,6.47589485951444,0,68.48,0,12228,0,3,,12228,0,,,2,4304,5652,12228,14237,14237,2009,,0,0,,,,0,0,8,0,12228,M01AE01,200 MG,M01,M01A,M01AE,M01AE01,"",,1,,,1,1,1,1,,,,"","",,,,,,,,,,,,0,1,0,0,1,1,1,1,0,0,0,,6.1,63.65,2,021809bCJ,174.798,1.75,44,55.9,44,39.021,8,13085,13085,40.56,1,0,0,0,0,2,0,0,0,0,0,0,0,0,0,0,0,224,69.75,0,0,0,0,0,0,1,,,,,8,1,,0,1,1,0,0,0,0,1,1,1,0,2,0,,,0,0,55,32.3716776465811,0,0,1,1,1,,0,0,0,0,0,,0,,,,0,0,0,,,0,48.4,0,300,5.7037824746562,2,0,0,1,75,0,0,,16866,,,,47.32,1,Q2,low,low,Q1-Q3,Q1-Q3,,,,,,
1,2810614176,2018-12-15,6272.9,2,1,141,58,89,93,0.64,18.5,91.4,5.3,12581,6863.12910284464,8.83391875416178,2.38215324927255,0.868004805250073,0,,35.44,,870.47,1,952.374179431072,6.85895800319004,0,79.39,0,12581,0,3,,12581,0,,,2,4559,5788,12581,14549,14549,1968,,0,0,,,,0,0,8,0,12581,C10AA05,10 MG,C10,C10A,C10AA,C10AA05,"",,,,,,1,1,,,,,"","",,,,,,,,,,,,0,0,0,0,0,1,1,0,0,0,0,,1.65,48.72,2,021009CJB,377.9,1.31,34,135,34,91.237,8,13624,13624,35.44,0,0,0,0,0,2,0,0,0,0,0,0,0,0,0,0,0,137,63.25,0,0,0,0,0,0,1,,,,,4,6,,0,1,0,0,0,0,0,1,1,1,0,2,0,,,0,0,72,24.0771523115325,0,0,0,1,0,,0,0,0,0,0,,0,,,,0,0,1,,,0,65.2,1,202.407002188184,5.31028053260631,2,0,0,1,89,1,1,17232,,17232,27,4651,77.1138101443218,0,Q4,high,high,Q1-Q3,Q4,,12.7337440109514,1,1,1,0
7,2810614344,2017-08-13,4905.4,2,1,175,50,75,124,1.09,78.3,225.9,6.3,4689,2171.49181053564,7.68316968062797,1.4540059347181,0.374322460752311,1,0.1,29.6,29.66,1746.07,2,772.939353696326,6.65020058974806,0,62.77,0,4689,0,3,,4689,0,,,1,4689,6707,,,6707,2018,,0,0,,,,0,0,8,0,4689,M01AE01,800 MG,M01,M01A,M01AE,M01AE01,"",,1,,,,1,1,1,,,,"","",,,,,,,,,,,,0,1,0,0,0,1,1,1,0,0,0,,9.47,206.7,2,123008CJB,554.832,3.25,3,177.7,3,120.989,3,,,29.6,0,0,0,0,0,,0,0,0,0,0,0,,,,,0,314,69.5,0,0,0,0,0,0,,1,,,,4,7,,0,1,0,0,,,0,,2,2,0,2,0,,,0,0,68,45.705203982221,0,0,0,1,0,,0,0,0,0,0,,0,,,,0,0,0,,,0,110,1,346.613545816733,5.84821045850494,3,0,0,1,80,0,0,,9254,,,,27.1436476316954,1,Q1,low,low,Q1-Q3,Q1-Q3,,,,,,
1,2810615309,2017-10-25,4469.7,2,1,162,55,56,93,0.92,3,100.5,5.7,11910,4447.46268656716,8.40008902975036,,,,,38.24,,620.47,1,617.383084577114,6.42548971385845,0,67.36,0,11910,0,3,,11910,0,,,1,4392,5666,11910,14169,14169,2259,,0,0,,,,0,0,8,0,11910,M01AE01,250 MG,M01,M01A,M01AE,M01AE01,"",,1,,,,,,,,,,"","",,,,,,,,,,,,0,1,0,0,0,0,0,0,0,0,0,,1.08,35.18,2,020209CJB,304.992,1.06,21,240.2,21,131.554,8,13139,13139,38.24,0,0,0,0,0,8,0,0,0,0,0,0,0,0,0,0,0,210,69,0,0,0,0,0,0,1,,,,,8,1,,0,1,0,0,0,0,0,,1,1,0,2,0,,,0,0,55,31.0117822504076,0,0,0,0,0,,0,0,0,0,0,,0,,,,0,0,0,,,0,95.8,0,29.8507462686567,3.39620984015112,1,0,0,0,93,0,1,,16927,,,,47.8221794254534,1,Q3,low,low,Q1-Q3,Q1-Q3,,,,,,
1,2810616827,2017-11-26,4466.7,2,1,200,141,37,89,0.95,3,131.5,5.5,11460,3396.73003802281,8.13056849429989,1.68965517241379,0.524524468124153,0,,35.34,,1072.04,1,815.239543726236,6.70348198873773,0,68.65,0,11460,0,3,,11460,0,,,2,4477,5691,11460,13475,13475,2015,,0,0,,,,0,0,8,0,11460,C10AX06,1000 MG,C10,C10A,C10AX,C10AX06,"",,,,,,1,,,,,,"","",,,,,,,,,,,,0,0,0,0,0,1,0,0,0,0,0,,0.63,19.56,2,020309bCJ,440.424,1.88,25,187.7,25,94.409,8,12635,12635,35.34,0,0,0,0,0,2,0,0,0,0,0,0,0,0,0,0,0,138,66.75,0,0,0,0,0,0,1,,,,,8,2,,0,1,0,0,0,0,0,1,1,1,0,2,0,,,0,0,64,21.7762031282174,0,0,0,0,0,,0,0,0,0,0,,0,,,,0,0,0,1,11729,0,51.6,0,22.8136882129278,3.12736071603243,1,0,1,0,63,0,0,,16423,,,,53.9163498098859,1,Q2,low,low,Q1-Q3,Q1-Q3,,,,,,
1,2810616968,2018-02-01,1772.4,2,1,252,88,72,96,0.77,4.7,105.3,5.7,11707,1683.19088319088,7.4284466061735,,,,,52.98,,1126.81,1,1070.09496676163,6.97550267750039,0,61.81,0,11707,0,3,,11707,0,,,2,4416,,11707,13775,13775,2068,,0,0,,,,0,0,8,0,11707,C09CA01,5 MG,C03,C03A,C03AA,C03AA03,"",,,,,1,,,1,,,,C03AA03,"",,,,,,,,1,,,,0,0,0,0,1,0,0,1,0,0,0,,0.7,48.41,2,021809CJB,397.726,0.88,43,208.5,43,132.125,8,12585,12585,52.98,1,0,0,0,0,2,0,0,0,0,0,0,0,0,0,0,0,165,65.25,0,0,0,0,0,0,1,,,,,6,0,,0,1,1,0,0,0,0,1,1,1,0,2,0,,,0,0,63,27.2476169209176,0,0,1,0,1,,0,0,0,0,0,,0,,,,0,0,1,,,0,149.6,1,44.6343779677113,3.79850436855822,2,0,0,0,82,0,0,,16366,,,,20.5267180876937,1,Q1,low,low,Q1-Q3,Q1-Q3,,,,,,
1,2810617228,2018-02-17,2356.8,2,1,199,97,57,98,0.69,3,41.4,5.3,11953,5692.75362318841,8.64694935086519,3.12542662116041,1.13957079264186,0,,32.58,,358.16,1,865.12077294686,6.76286911908953,0,68.63,0,11953,0,3,,11953,0,,,2,,5704,11953,,,,,0,0,,,,0,0,8,0,11953,M01AE01,200 MG,M01,M01A,M01AE,M01AE01,"",,1,,,,1,1,,,,,"","",,,,,,,,,,,,0,1,0,0,0,1,1,0,0,0,0,,1.32,59.7,2,022009CJB,,,,,,,,,,32.58,0,0,0,0,0,2,0,0,0,0,0,0,0,0,0,0,0,196,65,0,0,0,0,0,0,1,,,,,3,1,,0,1,0,0,0,0,0,1,1,1,0,2,0,,,0,0,62,32.6163208539435,0,0,0,1,0,,0,0,0,0,0,,0,,,,0,0,0,,,0,90.6,0,72.463768115942,4.28308668681898,2,0,0,1,93,0,1,,14825,,,,61.212404550413,1,Q3,high,low,Q1-Q3,Q1-Q3,,,,,,
7,2810617254,2018-11-24,4324.8,2,1,242,73,84,138,1.37,91.9,91.5,6.4,3403,4726.55737704918,8.4609523892288,2.8963963963964,1.06346734236534,0,0.5,52.26,52.62,1255.65,2,1372.29508196721,7.22423985948079,0,72.23,0,3403,0,3,,3403,0,,,1,3403,5712,,,5712,2309,,0,0,,,,0,0,8,0,3403,C10AX06,5 MG,C10,C10A,C10AX,C10AX06,"",,,,,1,1,,,,,,"","",,,,,,,,,,,,0,0,0,0,1,1,0,0,0,0,0,,10.65,76.37,2,123008CJB,529.704,3.81,3,181.6,3,123.342,3,,,52.26,1,0,0,0,1,,0,0,0,0,0,0,,,,,0,197,71.75,0,0,0,0,0,0,,1,,,,4,7,,0,1,1,1,,,0,,2,2,0,2,0,,,0,0,74,26.9046922048973,0,0,1,0,1,,0,0,0,0,0,,0,,,,0,0,0,,,0,152.2,1,1004.37158469945,6.9121173360623,3,1,1,0,58,0,1,6206,,6206,28,2803,81.4923685698135,0,Q3,low,high,Q1-Q3,Q1-Q3,Death,7.67419575633128,1,0,0,0
7,2810617666,2018-11-24,7616.6,2,1,162,46,97,93,0.94,9,198.7,5.9,3871,3833.21590337192,8.25145939131103,1.76805778491172,0.569881647454945,0,3.6,38.86,36.9,1109.86,2,558.560644187217,6.32536319665601,0,65.44,0,3871,0,3,,3871,0,,,1,3871,5697,,,5697,1826,,0,0,,,,0,0,8,0,3871,"","","","","","","",,,,,,,,,,,,"","",,,,,,,,,,,,0,0,0,0,0,0,0,0,0,0,0,,0.42,47.84,2,123008CJB,410.322,0.73,3,172.7,3,126.266,3,,,38.86,0,0,0,0,0,,0,0,0,0,0,0,,,,,0,180,70.5,0,0,0,0,0,0,1,,,,,3,1,,1,0,0,0,,,0,,1,1,0,1,0,,,0,0,50,25.4624320928135,0,0,0,0,0,,0,0,0,0,0,,0,,,,0,0,0,,,0,96.6,1,45.2944136889784,3.81318370676059,2,0,0,0,94,0,0,,8435,,,,40.778892589063,1,Q2,low,low,Q1-Q3,Q1-Q3,,,,,,
7,2810617920,2017-08-10,1521.2,2,1,161,54,94,97,0.9,4.9,70.3,5.8,4026,2163.86913229019,7.67965316322558,1.15610406937959,0.145055791613008,1,0.4,31.84,31.66,594.69,2,845.931721194879,6.7404386485417,0,69.13,0,4026,0,3,,4026,0,,,1,4026,5782,,,5782,1756,,0,0,,,,0,0,8,0,4026,C10AX06,1000 MG,C10,C10A,C10AX,C10AX06,"",,,,,,1,1,,,,,"","",,,,,,,,,,,,0,0,0,0,0,1,1,0,0,0,0,,0.44,48.84,2,122308CJB,255.478,0.89,1,148.8,1,126.076,3,,,31.84,0,0,0,0,0,,0,0,0,0,0,0,,,,,0,152,64,0,0,0,0,0,0,,,1,,,7,1,,0,1,0,0,,,0,,2,3,0,2,0,,,0,0,54,26.0909115568231,0,0,0,1,0,,0,0,0,0,0,,0,,,,0,0,0,,,0,88.2,1,69.701280227596,4.2442186852821,2,0,0,1,96,0,0,,8671,0,8,4645,22.5403034613561,0,Q1,low,low,Q1-Q3,Q1-Q3,MI,12.7173169062286,1,1,1,0
1,2810617992,2017-12-14,1953.8,2,1,230,67,93,98,0.83,4.1,43.4,5.6,12175,4501.84331797235,8.41224221810058,2.25851393188855,0.814707044740184,0,,32.14,,251.06,1,578.479262672811,6.3604026992718,0,72.3,0,12175,0,3,,12175,0,,,2,4566,5719,12175,14067,14067,1892,,0,0,,,,0,0,8,0,12175,"","","","","","","",,,,,,,,,,,,"","",,,,,,,,,,,,0,0,0,0,0,0,0,0,0,0,0,,0.47,27.34,2,020409bCJ,393.272,1.1,27,190.3,27,134.031,8,13322,13322,32.14,0,0,0,0,0,2,0,0,0,0,0,0,0,0,0,0,0,103,57.5,0,0,0,0,0,0,1,,,,,3,6,,0,1,0,0,0,0,0,1,1,1,0,2,0,,,0,0,69,21.9031787780022,0,0,0,0,0,,0,0,0,0,0,,0,,,,0,0,0,,,0,144.4,1,94.4700460829493,4.54828281158604,2,0,0,0,72,0,1,,17109,,,,62.5256016385049,1,Q3,low,low,Q1-Q3,Q1-Q3,,,,,,
1,2810618003,2017-10-25,4621.5,2,1,201,35,159,107,0.69,7.5,58.9,5.5,11986,7846.34974533107,8.96780370203538,2.04689203925845,0.716322564330044,0,,43.54,,1836.68,1,3118.30220713073,8.04504396831118,0,64.24,0,11986,0,3,2,11986,0,,,2,4637,5719,11986,14038,14038,2052,,0,0,,,,0,0,8,0,11986,M01AX05,1500/1200 MG,M01,M01A,M01AX,M01AX25,"",,1,,1,,1,,,,,,M01AX25,"",,1,,,,,,,,,,0,1,0,1,0,1,0,0,0,0,0,,12.56,67.33,2,012209CJB,395.414,2.93,12,232.5,12,177.429,8,13365,13365,43.54,1,0,0,0,0,2,1,1,1,0,0,0,0,0,0,0,0,185,65,0,0,0,0,0,0,1,,,,,3,6,,0,1,1,0,0,0,0,1,1,1,2,2,0,,,0,0,62,30.785813050916,1,0,1,0,1,140,0,1,1,0,1,12859,0,,,,0,0,0,,,0,134.2,1,127.334465195246,4.84681720886686,2,0,1,0,93,1,1,,17157,12859,2,5171,84.3693521003341,1,Q4,high,high,Q4,Q4,MI,14.1574264202601,1,1,1,0
1,2810619113,2017-11-13,4258.9,2,1,162,55,49,104,1.17,121.6,86.9,5.6,12552,4900.92059838895,8.49717834367424,1.28781110402042,0.252943958557533,1,,22.74,,833.08,1,958.665132336018,6.86554182968756,0,61.01,2,12552,0,3,12,12552,0,,,1,4516,5804,12552,14603,14603,2051,9366,1,1,-3186,9366,,0,0,8,0,12552,C07AB03,12.5 MG,C07,C07A,C07AB,C07AB03,"",,,,1,,,,,,,,"","",,,,,,,,,,,,0,0,0,1,0,0,0,0,0,0,0,,2.39,15.92,2,012709CJB,359.51,1.78,16,108.8,16,105.403,8,13849,13849,22.74,0,0,0,0,0,8,0,0,0,0,0,0,0,0,0,0,0,128,64.5,0,0,0,0,0,0,1,,,,,8,6,,0,1,0,0,0,0,0,,1,1,0,2,0,,,0,0,82,21.6319740373391,0,0,0,0,0,,0,0,0,0,0,,1,14760,1,2,1,0,1,,,0,97.2,1,1399.30955120829,7.24373421624286,3,0,0,0,58,0,1,15308,13070,14760,12,2208,84.4986310067061,0,Q3,low,high,Q4,Q1-Q3,TIA,6.04517453798768,1,0,0,0
1,2810619341,2018-12-06,5605.4,2,1,183,55,111,104,1.09,3,142.9,5.4,12278,3922.60321903429,8.27451079886499,1.63674762407603,0.492711116727214,1,,23.08,,1486.86,1,1040.48985304409,6.94744689378622,0,77.07,0,12278,0,3,,12278,0,,,1,4694,5771,12278,14324,14324,2046,,0,0,,,,0,0,8,0,12278,"","","","","","","",,,,,,,,,,,,"","",,,,,,,,,,,,0,0,0,0,0,0,0,0,0,0,0,,0.79,51.66,2,012709bCJ,292.286,3.42,18,220.7,18,130.963,8,13548,13548,23.08,0,0,0,0,0,8,0,0,0,0,0,0,0,0,0,0,0,166,67.5,0,0,0,0,0,0,1,,,,,8,1,,0,1,0,0,0,0,0,,1,1,0,2,0,,,0,0,52,25.6156956758358,0,0,0,0,0,,0,0,0,0,0,,0,,,,0,0,0,,,0,105.8,0,20.9937018894332,3.04422248271443,1,0,0,0,78,0,0,,17339,,,,50.289784859414,1,Q2,low,low,Q1-Q3,Q1-Q3,,,,,,
1,2810619427,2018-06-28,20000,3,1,204,38,176,87,0.51,3,102.4,5.4,12058,19531.25,9.87977102591881,1.42644873699851,0.355187954817154,1,,28.88,,625.71,1,611.044921875,6.41517047835934,0,75.85,0,12058,0,3,,12058,0,,,2,4497,5793,12058,14290,14290,2232,,0,0,,,,0,0,8,0,12058,"","","","","","","",,,,,,,,,,,,"","",,,,,,,,,,,,0,0,0,0,0,0,0,0,0,0,0,,13.38,67.86,2,010909CJB,324.796,8.63,2,210.2,2,156.895,8,13625,13625,28.88,0,0,0,0,0,2,0,0,0,0,0,0,0,0,0,0,0,318,63,0,0,0,0,0,0,1,,,,,3,1,,0,0,0,0,0,0,0,1,1,1,0,,0,,,0,0,50,56.3315412345111,0,0,0,0,0,,0,0,0,0,0,,0,,,,0,0,0,,,0,130.8,0,29.296875,3.37748085504484,1,0,0,0,112,1,1,,17419,,,,174.386160714286,1,Q4,high,high,Q4,Q4,,,,,,
1,2810619486,2018-01-08,457.4,2,1,237,76,112,98,0.66,3,62.8,5.5,11636,728.343949044586,6.59077339410262,3.10064102564103,1.1316088725794,0,,27.74,,717.83,1,1143.04140127389,7.04144788472578,0,73.7,0,11636,0,3,,11636,0,,,2,4310,5652,11636,13980,13980,2344,,0,0,,,,0,0,8,0,11636,"","","","","","","",,,,,,,,,,,,"","",,,,,,,,,,,,0,0,0,0,0,0,0,0,0,0,0,,0.83,21.47,2,021109bCJ,252.228,1.49,36,194.7,36,113.51,8,12652,12652,27.74,0,0,0,0,0,2,0,0,0,0,0,0,0,0,0,0,0,156,67.5,1,1,0,0,0,0,1,,,,,7,6,,0,0,0,0,0,0,0,1,1,1,0,,0,,,0,1,68,24.0725814784963,0,0,0,0,0,,0,0,0,0,0,,0,,,,0,0,0,,,0,138.6,0,47.7707006369427,3.86641249417609,2,0,0,0,91,0,0,,16437,,,,8.00377965983062,1,Q1,low,low,Q1-Q3,Q1-Q3,,,,,,
1,2810619653,2018-12-22,1956,2,1,159,81,74,97,0.74,3.1,63.4,5.6,12877,3085.17350157729,8.03436317513967,3.15607344632768,1.14932867467979,0,,35.22,,1011.22,1,1594.98422712934,7.37461912622293,0,64.94,0,12877,0,3,,12877,0,,,2,4613,5792,12877,14702,14702,1825,,0,0,,,,0,0,8,0,12877,"","","","","","","",,,,,,,,,,,,"","",,,,,,,,,,,,0,0,0,0,0,0,0,0,0,0,0,,0.91,51.78,2,021909CJB,380.164,4.41,46,281.5,46,133.021,8,13692,13692,35.22,0,0,0,0,0,2,1,1,1,0,0,0,0,0,0,0,0,120,58,0,0,0,0,0,0,1,,,,,3,7,,0,0,0,0,0,0,0,1,1,1,2,,0,,,0,0,73,25.0801928476628,1,,0,0,0,,0,0,0,0,0,,0,,,,0,0,0,,,0,63.2,0,48.8958990536278,3.88969352903006,2,0,0,0,80,0,0,,17473,,,,38.5646687697161,1,Q2,low,low,Q1-Q3,Q1-Q3,,,,,,
1,2810621237,2018-12-06,10744.9,2,1,174,34,134,107,1.1,3.7,155.4,5.6,12421,6914.35006435007,8.84135425043359,1.92842535787321,0.656703793158586,0,,52.5,,1548.34,1,996.357786357786,6.90410641633016,0,61.3,0,12421,0,3,,12421,0,,,1,4544,5797,12421,14402,14402,1981,,0,0,,,,0,0,8,0,12421,"","","","","","","",,,,,,,,,,,,"","",,,,,,,,,,,,0,0,0,0,0,0,0,0,0,0,0,,2.55,137.3,2,012909CJB,394.896,3.09,19,120.3,19,89.76,8,13675,13675,52.5,0,0,0,0,0,8,0,0,0,0,0,0,0,0,0,0,0,202,69.75,0,0,0,0,0,0,1,,,,,3,6,,0,1,0,0,0,0,0,,1,1,0,2,0,,,0,0,62,29.192316449149,0,0,0,0,0,,0,0,0,0,0,,0,,,,0,0,0,,,0,113.2,0,23.8095238095238,3.17008566069877,1,0,0,0,72,1,1,,17466,,,,96.0326397826398,1,Q4,high,high,Q4,Q4,,,,,,
1,2810621638,2018-01-01,4626.6,2,1,163,59,123,96,0.71,3,66.7,5.9,12673,6936.43178410795,8.84454276913348,1.61078431372549,0.476721211758951,1,,43.02,,679.72,1,1019.07046476762,6.92664618173242,0,71.62,0,12673,0,3,,12673,0,,,2,,5650,12673,14615,14615,1942,,0,0,,,,0,0,8,0,12673,C10AA05,20 MG,C10,C10A,C10AA,C10AA05,"",,,,,,1,1,,,,,"","",,,,,,,,,,,,0,0,0,0,0,1,1,0,0,0,0,,7.43,53.11,2,021009CJB,412.654,1.39,34,145.2,34,86.998,8,13715,13715,43.02,0,0,0,0,0,2,0,0,0,0,0,0,0,0,0,0,0,181,64.5,0,0,0,0,0,0,1,,,,,7,1,,0,1,0,0,0,0,0,1,1,1,0,2,0,,,0,0,63,30.5889632871748,0,0,0,1,0,,0,0,0,0,0,,0,,,,0,0,0,,,0,79.4,0,44.9775112443778,3.80616261472867,2,0,0,1,91,1,1,,17500,,,,76.2245251000873,1,Q4,high,high,Q1-Q3,Q4,,,,,,
1,2810621735,2018-12-22,4633.7,2,1,182,56,200,118,0.62,4,70.4,5.6,11999,6581.96022727273,8.79208788683427,2.20909090909091,0.792581077548132,0,,59.58,,1051.49,1,1493.59375,7.30894040769814,0,67.54,0,11999,0,3,,11999,0,,,2,4362,5705,11999,13957,13957,1958,,0,0,,,,0,0,8,0,11999,C10AX09,40 MG,C10,C10A,C10AA,C10AA01,"",,,,,,1,,,,,1,C10AA01,"",,,,,,1,1,,,,,0,0,0,0,0,1,1,0,0,0,1,,3.11,109.2,2,021809bCJ,275.698,1.87,44,194.4,44,126.962,8,12858,12858,59.58,0,0,0,0,0,2,0,0,0,0,0,0,0,0,0,0,0,164,64.5,0,0,0,0,0,0,1,,,,,6,2,,0,1,0,0,0,0,0,1,1,1,0,2,0,,,0,0,64,27.7159667353407,0,0,0,1,0,,0,0,0,0,0,,0,,,,0,0,0,,,0,86,1,56.8181818181818,4.03985637693803,2,0,0,1,95,1,1,,16639,11531,11,4640,69.2837918660287,0,Q4,high,high,Q1-Q3,Q4,Atherothrombotic Infarction of Brain,12.703627652293,1,1,1,0
1,2810621861,2018-12-08,4239.5,2,1,244,58,110,91,0.87,5,95,5.7,12739,4462.63157894737,8.40349391113161,,,,,42.6,,1054.58,1,1110.08421052632,7.01219115676777,0,67.98,0,12739,0,3,,12739,0,,,2,4515,5803,12739,15172,15172,2433,,0,0,,,,0,0,8,0,12739,C10AA04,40 MG,C10,C10A,C10AA,C10AA04,"",,,,,1,1,1,,,,,"","",,,,,,,,,,,,0,0,0,0,1,1,1,0,0,0,0,,0.58,38.97,2,020509CJB,495.32,1.47,29,387.2,29,234.042,8,13854,13854,42.6,1,0,0,0,0,2,0,0,0,0,0,0,0,0,1,0,1,114,63.25,0,0,1,1,1,1,1,,,,,3,0,,0,1,1,0,0,0,1,1,1,1,0,2,0,,,1,1,78,20.035002653392,0,0,1,1,1,,0,0,0,0,0,,0,,,,0,0,0,,,0,164,1,52.6315789473684,3.9633162998157,2,0,0,1,64,0,1,15618,,9375,30,,69.7286184210526,1,Q3,low,high,Q1-Q3,Q1-Q3,IC,,,,,
1,2810621875,2018-12-08,4650.4,2,1,166,49,94,110,0.66,3,96.6,5.5,11730,4814.07867494824,8.47929996115676,1.16952380952381,0.156596665555519,1,,53.56,,1332.87,1,1379.78260869565,7.22968123581142,0,70.7,0,11730,0,3,,11730,0,,,2,4771,5735,11730,14604,14604,2874,,0,0,,,,0,0,8,0,11730,C10AX06,"",C10,C10A,C10AX,C10AX06,"",,,,,,1,,,,,,"","",,,,,,,,,,,,0,0,0,0,0,1,0,0,0,0,0,,1.91,94.7,2,020309bCJ,361.61,2.34,24,196,24,137.927,8,12917,12917,53.56,0,0,0,0,0,2,1,0,0,56,0,0,0,0,0,0,0,176,64.5,0,0,0,0,0,0,1,,,,,6,0,,0,1,0,0,0,0,0,1,1,1,1,2,0,,,0,0,59,29.7439643013413,0,0,0,0,0,,0,0,0,0,0,,0,,,,0,0,0,,,0,98.2,0,31.055900621118,3.43578882643177,2,0,1,0,97,0,1,,16705,,,,49.6296770613221,1,Q3,low,low,Q1-Q3,Q1-Q3,,,,,,
1,2810623086,2018-02-22,4712.5,2,1,200,52,127,99,0.87,8.2,110,5.6,13108,4284.09090909091,8.36266365195194,1.96585686145765,0.675928212084412,0,,36.16,,1995.87,1,1814.42727272727,7.5035251446855,0,62.26,0,13108,0,3,1,13108,1,3626,16734,1,4460,5786,13108,15340,15340,2232,,0,0,,,,0,1,8,1,13108,M01AE02,220 MG,M01,M01A,M01AE,M01AE02,"",,1,,,,,,,,,,"","",,,,,,,,,,,,0,1,0,0,0,0,0,0,0,0,0,,0.66,60.87,2,022109CJB,203.56,1.28,49,202.7,49,139.528,8,13763,13763,36.16,0,0,0,0,0,8,1,1,1,0,0,0,0,0,0,0,0,218,74.25,0,0,0,0,0,0,1,,,,,4,1,,0,1,0,0,0,0,0,,1,1,2,2,0,,,0,0,57,27.8015615719018,1,0,0,0,0,,0,0,0,0,1,16727,0,,,,0,0,0,,,0,122.6,1,74.5454545454545,4.31140906745993,2,0,0,0,96,0,1,,17543,16727,1,4435,44.625946969697,0,Q3,low,low,Q1-Q3,Q1-Q3,MI,12.1423682409309,1,1,1,0
1,2810623111,2017-12-16,4562.4,2,1,222,48,226,127,1.25,10.1,95.4,5.9,12152,4782.38993710692,8.47269568737618,2.4735883424408,0.905669866609111,0,,54.3,,581.71,1,609.75890985325,6.41306364929472,0,62.6,,12152,0,3,,12152,0,,,1,4935,5882,12152,,,,,0,0,,,,0,0,8,0,12152,M01AX05,1 G,M01,M01A,M01AX,M01AX05,"",,1,,,1,1,,,,1,1,"","",,,,,,,,,,,,0,1,0,0,1,1,0,0,0,1,1,,2.84,65.38,2,020509CJB,391.504,8.6,28,266.7,28,200.67,8,13280,13280,54.3,1,0,0,0,1,8,0,0,0,0,0,0,0,0,0,0,0,154,68.75,0,0,0,0,0,0,1,,,,,3,6,,0,1,1,1,0,0,0,,1,1,0,2,0,,,0,0,78,22.9076705426138,0,1,1,0,1,,0,0,0,0,0,,0,,,,0,0,1,,,0,128.8,1,105.870020964361,4.66221212437511,2,1,1,0,55,0,1,13719,,13719,29,1567,86.9525443110349,0,Q3,low,high,Q4,Q1-Q3,Death,4.290212183436,1,0,0,0
1,2810623190,2017-10-25,1577.2,2,1,166,30,208,114,1.16,9.3,51.5,5.5,12405,3062.52427184466,8.02699478032187,1.34125636672326,0.293606761809481,1,,38.62,,1836.2,1,3565.43689320388,8.179041876028,0,64.5,0,12405,0,3,2,12405,0,,,1,4538,5758,12405,14778,14778,2373,,0,0,,,,0,0,8,0,12405,C10AA04,40 MG,C10,C10A,C10AA,C10AA04,"",,,,,,1,1,,,,,"","",,,,,,,,,,,,0,0,0,0,0,1,1,0,0,0,0,,3.65,157.5,2,012209CJB,275.902,2.47,12,130.9,12,99.544,8,13779,13779,38.62,0,0,0,0,0,8,0,0,0,0,0,0,0,0,0,0,0,211,68.75,0,0,0,0,0,0,1,,,,,,2,,0,1,0,0,0,0,0,,1,1,0,2,0,,,0,0,68,31.3864836655293,0,0,0,1,0,140,0,1,1,0,1,12742,0,,,,0,0,0,,,0,94.4,1,180.582524271845,5.19618787147166,2,0,0,1,64,0,0,,17571,12742,2,5166,47.8519417475728,1,Q2,low,low,Q1-Q3,Q1-Q3,MI,14.1437371663244,1,1,1,0
1,2810623273,2018-05-23,15000,2,1,196,31,196,106,0.94,151.1,211.6,5.7,11442,7088.84688090737,8.86627796608829,1.02992957746479,0.0294904285107052,1,,53.7,,1606.02,1,758.988657844991,6.63198683373324,0,,0,11442,,,1,11442,0,,,1,4274,5707,11442,,,,,0,0,,,,0,0,,0,11442,C07AB02,100 MG,C07,C07A,C07AB,C07AB02,"",,,,1,,,,,,,1,"","",,,,,,,,,,,,0,0,0,1,0,0,0,0,0,0,1,,13.52,95.16,2,011609CJB,292.684,7.2,8,237.8,8,196.045,8,12882,12882,53.7,1,0,0,0,0,8,1,1,1,0,0,0,0,0,0,0,1,265,66.75,1,1,0,0,0,0,1,,,,,4,6,,0,0,1,0,0,0,1,,1,1,2,,0,,,1,1,60,41.8166219491131,1,0,1,0,1,140,0,1,1,0,1,6837,0,,,,0,0,0,,,0,125.8,1,714.083175803403,6.57099944827669,3,0,0,0,88,1,1,12274,,3474,6,,80.5550781921293,1,Q4,high,high,Q1-Q3,Q4,Angina,,,,,
1,2810623373,2017-09-23,2371.7,2,1,258,59,126,112,0.74,4.5,61,5.3,12163,3888.03278688525,8.26565859838563,2.31598864711448,0.839836657761979,0,,41.78,,754.11,1,1236.24590163934,7.1198345677762,0,72.35,0,12163,0,3,,12163,0,,,1,,5558,12163,14675,14675,2512,,0,0,,,,0,0,8,0,12163,C10AX06,"",C10,C10A,C10AX,C10AX06,"",,,,,,1,,,,,,"","",,,,,,,,,,,,0,0,0,0,0,1,0,0,0,0,0,,1.59,102.5,2,011509CJB,345.79,1.62,7,235.9,7,198.25,8,13610,13610,41.78,0,0,0,0,0,8,1,0,0,,1,1,0,0,0,0,0,183,70,0,0,0,0,0,0,1,,,,,7,1,,0,1,0,0,0,0,0,,1,1,1,2,2,,,0,0,58,26.2579382301622,0,0,0,0,0,,0,0,0,0,0,,0,,,,0,0,0,,,0,173.8,1,73.7704918032787,4.3009588115851,2,0,1,0,102,0,0,,17403,,,,38.117968498875,1,Q2,low,low,Q1-Q3,Q1-Q3,,,,,,
1,2810623787,2018-12-15,4683.6,2,1,167,39,130,106,1.11,3,109.8,5.6,12250,4265.5737704918,8.35833198088723,2.63798449612403,0.970015177145188,0,,34.28,,1164.73,1,1060.77413479053,6.96675423639539,0,67.23,0,12250,0,3,,12250,0,,,1,4572,5725,12250,14314,14314,2064,,0,0,,,,0,0,8,0,12250,"","","","","","","",,,,,,,,,,,,"","",,,,,,,,,,,,0,0,0,0,0,0,0,0,0,0,0,,9.65,80.71,2,020709CJB,293.614,3.3,31,167.3,31,174.881,8,13329,13329,34.28,0,0,0,0,0,8,0,0,0,0,0,0,0,0,0,0,0,147,71.25,0,0,0,0,0,0,1,,,,,8,7,,0,1,0,0,0,0,0,,1,1,0,2,0,,,0,0,69,20.3588484739296,0,,0,0,0,,0,0,0,0,0,,0,,,,0,0,1,,,0,102,0,27.3224043715847,3.30770703857482,1,0,0,0,67,0,1,16466,,16466,21,4216,63.6652801565941,0,Q3,low,low,Q1-Q3,Q1-Q3,CHD Death,11.5427789185489,1,1,0,0
1,2810624187,2017-09-27,4476.2,2,1,216,52,191,101,0.85,3.3,95.8,5.8,12265,4672.44258872651,8.44943725219731,1.01459255615675,0.0144871093965004,1,,56.28,,692.25,1,722.599164926931,6.58285466306235,0,71.71,0,12265,0,3,,12265,0,,,2,4669,5850,12265,14519,14519,2254,,0,0,,,,0,0,8,0,12265,C10AA05,10 MG,C10,C10A,C10AA,C10AA05,"",,,,,,1,1,,,,,"","",,,,,,,,,,,,0,0,0,0,0,1,1,0,0,0,0,,1.85,78.91,2,011609CJB,293.51,1.28,8,145.5,8,116.883,8,13694,13694,56.28,0,0,0,0,0,2,0,0,0,0,0,0,0,0,0,0,0,156,61,0,0,0,0,0,0,1,,,,,3,6,,0,1,0,0,0,0,0,1,1,1,0,2,0,,,0,0,65,29.4761352758395,0,0,0,1,0,,0,0,0,0,0,,0,,,,0,0,0,,,0,125.8,0,34.446764091858,3.53941506247776,2,0,0,1,72,0,1,,17487,,,,64.8950359545349,1,Q3,low,low,Q1-Q3,Q1-Q3,,,,,,
1,2810624779,2018-06-28,20000,3,1,185,46,81,119,0.79,5.3,260.1,5.7,11945,7689.35024990388,8.94759156606961,1.18691588785047,0.171358251996685,1,,41.3,,2216.16,1,852.041522491349,6.74763526096027,0,60.72,0,11945,0,3,,11945,0,,,1,,6587,11945,,,,,0,0,,,,0,0,8,0,11945,C09AA03,20 MG,C09,C09A,C09AA,C09AA03,"",,,,1,1,,,1,,,,"","",,,,,,,,,,,,0,0,0,1,1,0,0,1,0,0,0,,13.01,116.8,2,011609CJB,385.678,5.12,8,275.7,8,161.734,8,13378,13378,41.3,1,0,0,0,0,8,1,1,1,0,0,0,1,0,0,0,0,334,70.25,0,0,0,0,0,0,1,,,,,7,1,,0,1,1,0,0,0,0,,1,1,2,2,0,,,0,0,53,47.5838329622734,1,0,1,0,1,,0,0,0,0,0,,0,,,,0,0,0,,,0,122.8,1,20.3767781622453,3.01439592708561,1,0,0,0,103,1,1,12976,,12976,27,1031,74.6538859213969,0,Q4,high,high,Q1-Q3,Q4,,2.8227241615332,0,0,0,0
1,2810624875,2018-02-10,3700.1,2,1,204,51,228,256,0.71,3,49.7,9.6,12084,7444.86921529175,8.91528037817963,0.929810074318745,-0.0727749348534567,1,,52,,397.57,1,799.939637826962,6.68453627210493,0,59.26,0,12084,0,3,,12084,0,,,1,,5718,12084,14014,14014,1930,,0,0,,,,0,0,8,0,12084,C02,500 MG,C02,C02,C02,C02,"",,,1,,,,,,,1,,"","",,,,,,,,,,,,0,0,1,0,0,0,0,0,0,1,0,,1.18,67.95,2,021909bCJ,310.168,0.81,47,244.2,47,196.516,8,12865,12865,52,1,0,0,0,1,8,0,0,0,0,0,0,0,0,0,0,0,163,66.25,0,0,0,0,0,0,1,,,,,4,4,,0,1,1,1,0,0,0,,1,1,0,2,0,,,0,0,67,26.1108765720558,0,1,1,0,1,,0,0,0,0,0,,0,,,,0,0,0,,,0,107.4,0,60.3621730382294,4.10036263454766,2,1,0,0,97,1,1,,16646,,,,76.7512290236263,1,Q4,high,high,Q1-Q3,Q4,,,,,,
1,2810624987,2017-11-25,2345.6,2,1,151,45,111,100,1.02,3,52,5.2,12530,4510.76923076923,8.414222979099,1.67110091743119,0.513482641225429,0,,21.66,,441.02,1,848.115384615385,6.74301669329909,0,64.87,0,12530,0,3,,12530,0,,,1,4566,5828,12530,14632,14632,2102,,0,0,,,,0,0,8,0,12530,"","","","","","","",,,,,,,,,,,,"","",,,,,,,,,,,,0,0,0,0,0,0,0,0,0,0,0,,0.49,57.22,2,020209CJB,209.404,0.51,22,324.3,22,200.875,8,13747,13747,21.66,0,0,0,0,0,8,0,0,0,0,0,0,0,0,0,0,0,175,67.75,0,0,0,0,0,0,1,,,,,8,1,,0,0,0,0,0,0,0,,1,1,0,,0,,,0,0,59,26.8055709652085,0,0,0,0,0,,0,0,0,0,0,,0,,,,0,0,0,,,0,83.8,0,57.6923076923077,4.05512384906882,2,0,0,0,80,0,1,,17535,,,,56.3846153846154,1,Q3,low,low,Q1-Q3,Q1-Q3,,,,,,
1,2810625434,2018-01-28,2752.1,2,1,230,80,75,86,1.05,9.6,96.5,5.8,12218,2851.9170984456,7.95574671324551,,,,,39.48,,738.83,1,765.626943005181,6.64069503153256,0,69.52,0,12218,0,3,,12218,0,,,2,4272,5660,12218,14248,14248,2030,,0,0,,,,0,0,8,0,12218,C09CA04,150 MG,C09,C09C,C09CA,C09CA04,"",,,,,1,,,,,,,"","",,,,,,,,,,,,0,0,0,0,1,0,0,0,0,0,0,,0.42,36.24,2,021809CJB,288.508,1.23,43,107.3,43,75.861,8,13111,13111,39.48,1,0,0,0,0,2,0,0,0,0,0,0,0,0,0,0,0,122,60.75,0,0,0,0,0,0,1,,,,,4,2,,0,1,1,0,0,0,0,1,1,1,0,2,0,,,0,0,67,23.2419669228913,0,0,1,0,1,,0,0,0,0,0,,0,,,,0,0,0,,,0,135,1,99.4818652849741,4.59997536911099,2,0,0,0,55,0,0,,16892,,,,51.8530381535563,1,Q2,low,low,Q1-Q3,Q1-Q3,,,,,,
1,2810626207,2018-02-08,1275.8,2,1,134,45,61,163,1.57,7.7,31.2,6.4,11760,4089.10256410256,8.31608080298051,1.18208955223881,0.167283679429414,1,,34.44,,447.28,1,1433.58974358974,7.26793688789105,0,70.92,0,11760,0,3,40,11760,1,-2898,8862,1,3976,5354,11760,,,,10262,1,1,-3613,8147,,1,0,6,1,11760,C10AA01,40 MG,C10,C10A,C10AA,C10AA01,"",,,,1,1,1,1,1,,1,1,"","",,,,,,,,,,,,0,0,0,1,1,1,1,1,0,1,1,,3.57,89.09,2,021909CJB,362.234,6.52,46,116.7,46,111.776,8,12564,12564,34.44,1,0,0,0,1,8,0,0,0,0,0,0,0,1,0,1,0,245,69,0,0,0,0,0,0,1,,,,,3,6,,0,1,1,1,1,1,0,,1,1,0,2,0,,,0,0,77,36.1804126254755,0,1,1,1,1,140,0,1,1,0,0,,0,,1,6,1,0,0,1,8131,1,76.8,1,246.794871794872,5.50855751302634,2,1,0,1,42,0,0,15417,,8862,40,,97.3595848595849,1,Q2,low,high,Q4,Q1-Q3,CHF,,,,,
1,2810626233,2017-09-13,1037.4,2,1,189,29,182,143,0.97,3,133.3,6,11230,778.244561140285,6.65704082072073,1.92364305427783,0.654220812307424,0,,57.96,,962.64,1,722.160540135034,6.58224746893334,0,61.9,0,11230,0,3,,11230,0,,,1,4260,5647,11230,,,,14644,1,0,442,11672,,0,0,8,0,11230,M01AB01,50 MG,M01,M01A,M01AB,M01AB01,"",,1,,,,,,,,,,"","",,,,,,,,,,,,0,1,0,0,0,0,0,0,0,0,0,,0.61,174,2,011409CJB,334.006,1.68,5,224,5,261.45,8,12702,12702,57.96,0,0,0,0,2,8,0,0,0,0,0,0,0,0,0,0,0,236,70,0,0,0,0,0,0,1,,,,,2,1,,0,0,0,1,0,0,0,,1,1,0,,0,,,0,0,66,33.8626962968212,0,0,0,0,0,,0,0,0,0,0,,0,,1,1,0,0,0,,,0,123.6,0,22.5056264066016,3.11376534046558,1,1,0,0,81,0,0,,16495,,,,9.60795754494179,1,Q1,low,low,Q1-Q3,Q1-Q3,,,,,,
1,2810626415,2018-01-10,3950.4,2,1,180,42,251,107,0.82,3,72.4,6,12743,5456.35359116022,8.60453600518734,4.04571428571429,1.39765811977021,0,,48.28,,927.32,1,1280.82872928177,7.15526259216311,0,63.15,0,12743,0,3,,12743,0,,,1,4520,5778,12743,14858,14858,2115,12659,1,1,-84,12659,,0,0,8,0,12743,C10AA05,37.5/25 MG,C03,C03A,C03AA,C03AA03,"",,,,1,,1,1,1,,,1,C03AA03,"",,,,,,,,1,,,,0,0,0,1,0,1,1,1,0,0,1,,1.49,85.69,2,021209CJB,197.518,1.73,38,182.3,38,135.102,8,13733,13733,48.28,1,0,0,0,0,8,0,0,0,0,0,0,0,1,0,0,0,206,70.75,0,0,0,0,0,0,1,,,,,7,1,,0,1,1,0,0,1,0,,1,1,0,2,0,,,0,0,63,28.9347640089479,0,0,1,1,1,,0,0,0,0,0,,0,,1,2,1,0,0,,,0,87.8,0,41.4364640883978,3.72416126825858,2,0,0,1,94,0,1,,17517,14671,30,4774,58.0463147995768,0,Q3,low,low,Q1-Q3,Q1-Q3,IC,13.0704996577687,1,1,1,0
1,2810626922,2018-12-17,3298.7,2,1,236,95,67,100,0.75,3.2,67.8,5.6,11545,4865.33923303835,8.48989172148787,,,,,34.7,,524.12,1,773.038348082596,6.65032865677813,0,65.11,0,11545,0,3,,11545,0,,,2,4312,5659,11545,13499,13499,1954,,0,0,,,,0,0,8,0,11545,C07AA06,0.5%,C07,C07A,C07AA,C07AA06,"",,,,1,,,,1,,,,"","",,,,,,,,,,,,0,0,0,1,0,0,0,1,0,0,0,,0.29,17.26,2,020509CJB,276.436,0.85,29,230.9,29,145.977,8,12665,12665,34.7,1,0,0,0,0,0,0,0,0,0,0,0,0,0,0,0,0,123,62.5,0,0,0,0,0,0,1,,,,,8,1,,0,0,1,0,0,0,0,0,1,1,0,,0,,,0,0,56,22.1386273172546,0,0,1,0,1,,0,0,0,0,0,,0,,,,0,0,0,,,0,127.6,0,47.1976401179941,3.85434389384147,2,0,0,0,89,0,1,,16451,,,,54.6667329554871,1,Q3,low,low,Q1-Q3,Q1-Q3,,,,,,
1,2810627005,2018-02-01,4825.4,2,1,229,81,81,114,0.87,3.6,60.3,5.8,12407,8002.32172470978,8.9874869941463,,,,,49.78,,449.47,1,745.389718076285,6.61390719311622,0,68.3,0,12407,0,3,,12407,0,,,2,4629,5714,12407,14429,14429,2022,,0,0,,,,0,0,8,0,12407,"","","","","","","",,,,,,,,,,,,"","",,,,,,,,,,,,0,0,0,0,0,0,0,0,0,0,0,,10.06,44.68,2,021809CJB,,,43,228.9,43,130.163,8,13285,13285,49.78,0,0,0,0,0,2,0,0,0,0,0,0,0,0,0,0,0,97,59.25,0,0,0,0,0,0,1,,,,,5,6,,0,1,0,0,0,0,0,1,1,1,0,2,0,,,0,0,77,19.4267717489128,0,0,0,0,0,,0,0,0,0,0,,0,,,,0,0,0,,,0,131.8,0,59.7014925373134,4.08935702071106,2,0,0,0,64,1,1,,17066,,,,125.03627694859,1,Q4,high,high,Q4,Q4,,,,,,
1,2810627344,2017-11-26,1617.6,2,0,286,48,131,83,0.84,3,33.2,5.4,12630,4872.28915662651,8.49131915833186,,,,,39.78,,10,1,30.1204819277108,3.40520540305969,0,,,,,,,12630,0,,,2,4538,5851,12630,14833,14833,2203,,0,0,,,,0,0,,0,12630,M01AE01,200 MG,M01,M01A,M01AE,M01AE01,"",,1,,,1,,,,,,,"","",,,,,,,,,,,,0,1,0,0,1,0,0,0,0,0,0,,0.7,36.75,2,020309CJB,343.332,0.44,22,220,22,192.362,8,13838,13838,39.78,1,0,0,0,0,2,0,0,0,0,0,0,0,0,0,0,0,119,63,0,0,0,0,0,0,1,,,,,6,10,,0,1,1,0,0,0,0,1,1,1,0,2,0,,,0,0,60,21.0800421600843,0,0,1,0,1,,0,0,0,0,0,,0,,,,0,0,1,,,0,211.8,0,90.3614457831325,4.5038176917278,2,0,0,0,76,0,1,,17626,,,,64.1090678503488,1,Q3,low,low,Q1-Q3,Q1-Q3,,,,,,
7,2810628063,2018-11-24,5919.8,2,1,165,79,72,98,0.96,18.5,181.4,5.8,3220,3263.39581036384,8.09052359183064,2.1850699844479,0.781647857530227,0,8.2,24.66,27.7,1480.75,2,816.289966923925,6.70476964346413,0,71.73,0,3220,0,3,,3220,0,,,2,3220,5271,,,5271,2051,,0,0,,,,0,0,8,0,3220,M01AX25,1250 MG,M01,M01A,M01AX,M01AX25,"",,1,,,1,1,,1,,,,"","",,,,,,,,,,,,0,1,0,0,1,1,0,1,0,0,0,,1.96,93.15,2,122908CJB,781.56,2.72,2,102.8,2,78.081,3,,,24.66,1,0,0,0,0,,0,0,0,0,0,0,,,,,0,152,63,0,0,0,0,0,0,,1,,,,7,1,,0,1,1,0,,,0,,2,2,0,2,0,,,0,0,61,26.9257681372506,0,0,1,0,1,,0,0,0,0,0,,0,,,,0,0,0,,,0,71.6,1,101.984564498346,4.62482147338538,2,0,1,0,74,0,0,,7819,,,,44.0999433832951,1,Q2,low,low,Q1-Q3,Q1-Q3,,,,,,
1,2810628122,2018-12-06,7274.1,2,1,188,47,79,97,0.83,4.5,168.6,5.5,12252,4314.4128113879,8.36971651346694,1.08173784977909,0.0785688680552358,1,,42.12,,2396.39,1,1421.34638196916,7.25935985769534,0,67.86,0,12252,0,3,,12252,0,,,1,4560,5783,12252,14445,14445,2193,,0,0,,,,0,0,8,0,12252,"","","","","","","",,,,,,,,,,,,"","",,,,,,,,,,,,0,0,0,0,0,0,0,0,0,0,0,,1.72,22.46,2,012609CJB,497.712,1.25,15,202.2,15,193.448,8,13563,13563,42.12,0,0,0,0,0,8,0,0,0,0,0,0,0,0,0,0,0,188,69,0,0,0,0,0,0,1,,,,,4,1,,0,1,0,0,0,0,0,,1,1,0,2,0,,,0,0,55,27.7629288717935,0,,0,0,0,,0,0,0,0,0,,0,,,,0,0,0,,,0,125.2,1,26.6903914590747,3.28430363019066,1,0,0,0,99,0,1,,17354,,,,43.5799273877566,1,Q3,low,low,Q1-Q3,Q1-Q3,,,,,,
1,2810628878,2018-12-22,4058.8,2,1,143,57,98,147,0.81,15.5,89,6.3,11855,4560.44943820225,8.42517645866088,2.60652395514781,0.958017515725824,0,,48.52,,719.71,1,808.662921348315,6.69538216935152,0,69.95,0,11855,0,3,,11855,0,,,1,,5640,11855,,,,,0,0,,,,0,0,8,0,11855,C10AX09,80 MG,C10,C10A,C10AA,C10AA01,"",,,,1,1,1,,1,,,,C10AA01,"",,,,,,1,1,,,,,0,0,0,1,1,1,1,1,0,0,0,,1.17,114.2,2,021909CJB,356.622,1.52,46,282,46,157.857,8,12644,12644,48.52,1,0,0,0,0,8,0,0,0,0,0,0,0,0,0,0,0,184,67,0,0,0,0,0,0,1,,,,,8,8,,0,1,1,0,0,0,0,,1,1,0,2,0,,,0,0,80,28.8186631173886,0,0,1,1,1,,0,0,0,0,0,,0,,,,0,0,1,,,0,66.4,1,174.157303370787,5.1599589331752,2,1,0,1,84,0,1,,16425,,,,54.291064740503,1,Q3,low,low,Q1-Q3,Q1-Q3,,,,,,
1,2810629135,2017-10-25,4180,2,1,152,35,67,100,0.97,30.9,81.5,5.4,12062,5128.83435582822,8.54263369126008,3.45004198152813,1.23838639952811,0,,44.82,,576.64,1,707.533742331289,6.56178532072119,0,69.2,0,12062,0,3,12,12062,0,,,1,4503,5701,12062,14155,14155,2093,,0,0,,,,0,0,8,0,12062,M01AX05,1500/1200,M01,M01A,M01AX,M01AX25,"",,1,,,,,,,,,,M01AX25,"",,1,,,,,,,,,,0,1,0,0,0,0,0,0,0,0,0,,2,28.04,2,012209CJB,361.754,2.1,12,196.4,12,144.91,8,13435,13435,44.82,0,0,0,0,0,8,0,0,0,0,0,0,0,0,0,0,0,167,64.75,0,0,0,0,0,0,1,,,,,4,8,,0,1,0,0,0,0,0,,1,1,0,2,0,,,0,0,75,28.0054488941285,0,0,0,0,0,,0,0,0,0,0,,1,15596,,,0,0,0,,,0,103.6,1,379.141104294479,5.93790844263902,3,0,0,0,76,0,1,,17114,15596,12,5052,67.4846625766871,1,Q3,low,high,Q1-Q3,Q1-Q3,TIA,13.8316221765914,1,1,1,0
1,2810629282,2018-12-08,8951.4,2,1,204,37,437,109,0.77,6.6,49.1,5.6,12433,18230.9572301426,9.81087637480447,,,,,34.76,,10,1,20.3665987780041,3.01389624418166,0,70.01,0,12433,0,3,,12433,0,,,2,4580,5790,12433,14561,14561,2128,,0,0,,,,0,0,8,0,12433,C10AX06,1200 MG,C10,C10A,C10AX,C10AX06,"",,,,1,,1,1,,,,,"","",,,,,,,,,,,,0,0,0,1,0,1,1,0,0,0,0,,0.78,143.3,2,020309CJB,369.05,3.06,22,262.8,22,133.43,8,13643,13643,34.76,1,0,0,0,0,2,0,0,0,0,0,0,0,0,0,0,0,137,64.75,0,0,0,0,0,0,1,,,,,7,1,,0,0,1,0,0,0,0,1,1,1,0,,0,,,0,0,58,22.9745299311114,0,0,1,1,1,,0,0,0,0,0,,0,,,,0,0,0,,,0,79.6,1,134.419551934827,4.90096589321404,2,0,0,1,85,1,1,,17431,,,,214.481849766383,1,Q4,high,high,Q4,Q4,,,,,,
1,2810630237,2017-11-21,1298.1,2,1,237,59,100,104,0.86,3,26.1,5.2,11406,4973.5632183908,8.51189180755839,3.96900114810563,1.37851446306912,0,,30.2,,231.21,1,885.862068965517,6.78656126011746,0,78.79,0,11406,0,3,,11406,0,,,2,4320,5643,11406,,,,,0,0,,,,0,0,8,0,11406,C07AB03,25 MG,C07,C07A,C07AB,C07AB03,"",,,,1,,,,,,,,"","",,,,,,,,,,,,0,0,0,1,0,0,0,0,0,0,0,,3.91,59.55,2,012709bCJ,464.594,1.56,18,185.4,18,142.024,8,12681,12681,30.2,1,0,0,0,0,2,0,0,0,0,0,0,0,0,0,0,0,130,60,0,0,0,0,0,0,1,,,,,3,6,,1,0,1,0,0,0,0,1,1,1,0,1,0,,,0,0,74,25.3890507781016,0,0,1,0,1,,0,0,0,0,0,,0,,,,0,0,0,,,0,158,0,114.942528735632,4.7444322533216,2,0,0,0,67,0,1,,16472,,,,74.2322868416538,1,Q3,low,high,Q1-Q3,Q1-Q3,,,,,,
1,2810631540,2017-10-28,2803.8,2,1,125,43,70,100,0.71,81.4,123.2,5.5,12049,2275.81168831169,7.73009205382311,,,,,36.04,,1438.57,1,1167.67045454545,7.06276597849681,0,55.53,0,12049,0,3,16,12049,0,,,1,4551,5736,12049,,,,12187,1,0,138,12187,,0,0,8,0,12049,M01AE02,220 MG,M01,M01A,M01AE,M01AE02,"",,1,,1,,,,1,,,,"","",,,,,,,,,,,,0,1,0,1,0,0,0,1,0,0,0,,1.7,93.07,2,012309CJB,458.614,1.59,13,217.8,13,158.276,8,13400,13400,36.04,1,0,0,0,0,8,0,0,0,0,0,0,0,0,0,0,0,185,65.5,1,1,0,0,0,0,1,,,,,4,2,,0,1,1,0,0,0,0,,1,1,0,2,0,,,0,1,86,30.3175945784326,0,0,1,0,1,,0,0,0,0,0,,1,12186,2,1,0,0,0,,,0,68,1,660.714285714286,6.49332150089121,3,0,0,0,85,0,0,12200,,12186,16,,26.7742551566081,1,Q1,low,low,Q1-Q3,Q1-Q3,CVA,,,,,
1,2810631668,2017-11-26,1931.7,2,1,196,72,82,109,0.74,4.7,111.2,5.6,12301,1737.14028776978,7.45999552738386,2.91786283891547,1.07085144382634,0,,34.54,,908.7,1,817.176258992806,6.70585481087291,0,69.4,0,12301,0,3,,12301,0,,,2,4502,5720,12301,14127,14127,1826,,0,0,,,,0,0,8,0,12301,C10AX06,1000 MG,C10,C10A,C10AX,C10AX06,"",,,,,,1,,,,,,"","",,,,,,,,,,,,0,0,0,0,0,1,0,0,0,0,0,,7.62,42.27,2,020309bCJ,467.754,2.7,25,234.3,25,111.157,8,13474,13474,34.54,0,0,0,0,0,2,0,0,0,0,0,0,0,0,0,0,0,182,62.25,0,0,0,0,0,0,1,,,,,5,6,,0,1,0,0,0,0,0,1,1,1,0,2,0,,,0,0,68,33.0216134376237,0,0,0,0,0,,0,0,0,0,0,,0,,,,0,0,0,,,0,107.6,1,42.2661870503597,3.74398740588167,2,0,1,0,83,0,0,,17262,,,,20.9294010574673,1,Q1,low,low,Q1-Q3,Q1-Q3,,,,,,
1,2810632041,2018-02-08,1459.8,2,1,181,94,58,112,0.57,7.9,21.8,5.3,11987,6696.33027522936,8.80931493521058,1.09227306826707,0.0882609085779226,1,,35.58,,113.82,1,522.110091743119,6.25787846936803,0,66.09,0,11987,0,3,41,11987,1,2912,14899,2,4004,5665,11987,,,,,0,0,,,,0,1,8,1,11987,C10AX06,"",C10,C10A,C10AX,C10AX06,"",,,,,,1,,,,,,"","",,,,,,,,,,,,0,0,0,0,0,1,0,0,0,0,0,,1.19,67,2,021909CJB,384.374,4.99,46,275.1,46,151.426,8,12788,12788,35.58,0,0,0,0,0,2,0,0,0,0,0,0,0,0,0,0,0,123,62.75,0,0,0,0,0,0,1,,,,,8,8,,0,1,0,0,0,0,0,1,1,1,0,2,0,,,0,0,77,21.9625753135413,0,0,0,0,0,,0,0,0,0,0,,0,,,,0,0,0,,,0,75.4,1,362.385321100917,5.89270806866007,3,0,1,0,89,1,1,,16569,14899,41,4582,75.239666013813,0,Q4,high,high,Q1-Q3,Q4,CHF,12.5448323066393,1,1,1,0
1,2810632263,2018-01-26,2434,2,1,225,102,85,109,0.59,3.2,35.5,5.7,11908,6856.33802816902,8.83292876305419,1.91231463571889,0.648314359521339,0,,45.56,,793.46,1,2235.0985915493,7.71204061862476,0,81.65,0,11908,0,3,,11908,0,,,2,4344,5888,11908,13881,13881,1973,,0,0,,,,0,0,8,0,11908,M01AE01,200 MG,M01,M01A,M01AE,M01AE01,"",,1,,,,,,1,,,,"","",,,,,,,,,,,,0,1,0,0,0,0,0,1,0,0,0,,1.53,89.04,2,021709CJB,322.302,1.29,41,211.5,41,105.565,8,12835,12835,45.56,1,0,0,0,0,2,0,0,0,0,0,0,0,0,0,0,0,140,63.25,0,0,0,0,0,0,1,,,,,6,1,,0,1,1,0,0,0,0,1,1,1,0,2,0,,,0,0,60,24.6043892234639,0,0,1,0,1,,0,0,0,0,0,,0,,,,0,0,0,,,0,106,0,90.1408450704225,4.50137339230645,2,0,0,0,100,1,1,,16619,13635,11,4711,68.5633802816902,0,Q4,high,high,Q1-Q3,Q4,Atherothrombotic Infarction of Brain,12.8980150581793,1,1,1,0
1,2810632473,2017-12-23,3335.6,2,1,215,82,66,100,1.02,13.5,47.6,5.6,12693,7007.56302521008,8.85474527696355,4.29915254237288,1.45841792010698,0,,49.2,,230.63,1,484.516806722689,6.1831521195273,0,69.7,0,12693,0,3,13,12693,1,906,13599,2,4509,5803,12693,15452,15452,2759,,0,0,,,,0,1,8,1,12693,M01AX05,1.5 G,M01,M01A,M01AX,M01AX25,"",,1,,,1,,,,,,,M01AX25,"",,1,,,,,,,,,,0,1,0,0,1,0,0,0,0,0,0,,2.23,52.42,2,020609CJB,402.184,2.74,30,177.8,30,102.955,8,13799,13799,49.2,1,0,0,0,0,2,1,0,0,81,0,0,0,0,0,0,2,108,62.25,0,0,1,1,0,0,1,,,,,,0,,0,1,1,0,0,0,1,1,1,1,1,2,0,,,1,1,83,19.5952431388097,0,0,1,0,1,,0,0,0,0,0,,1,16863,,,0,0,1,,,0,119.8,1,283.613445378151,5.64761220318915,2,0,0,0,51,1,1,16866,14435,13599,41,1742,137.403196572747,0,Q4,high,high,Q4,Q4,CHF,4.76933607118412,1,0,0,0
1,2810633721,2018-06-28,20000,3,1,218,79,72,91,0.7,7.9,132.4,5.4,11273,15105.7401812689,9.62283009502131,5.09742647058824,1.62873579875984,0,,35.44,,1518.76,1,1147.0996978852,7.04499203391451,0,59.27,0,11273,0,3,,11273,0,,,2,,5637,11273,13608,13608,2335,,0,0,,,,0,0,8,0,11273,"","","","","","","",,,,,,,,,,,,"","",,,,,,,,,,,,0,0,0,0,0,0,0,0,0,0,0,,1.18,51.33,2,012309CJB,578.64,0.68,13,233.5,13,154.637,8,12623,12623,35.44,0,0,0,0,0,2,0,0,0,0,0,0,0,0,0,0,0,125,65.75,0,0,0,0,0,0,1,,,,,6,0,,0,1,0,0,0,0,0,1,1,1,0,2,0,,,0,0,68,20.329378946141,0,0,0,0,0,,0,0,0,0,0,,0,,,,0,0,0,,,0,124.6,1,59.6676737160121,4.0887903949522,2,0,0,0,89,1,1,,16415,,,,169.727417767066,1,Q4,high,high,Q4,Q4,,,,,,
1,2810633799,2017-09-06,3616.5,2,1,224,43,101,109,0.55,3,65.6,5.9,11278,5512.95731707317,8.61485647632738,1.58598028477547,0.461202692350693,1,,46.04,,1380.45,1,2104.34451219512,7.65175930199102,0,60.47,0,11278,0,3,,11278,0,,,2,4313,5998,11278,14191,14191,2913,,0,0,,,,0,0,8,0,11278,"","","","","","","",,,,,,,,,,,,"","",,,,,,,,,,,,0,0,0,0,0,0,0,0,0,0,0,,7.58,59.84,2,011309CJB,279.402,4.25,4,224.2,4,196.745,8,12783,12783,46.04,0,0,0,0,0,0,1,1,1,0,0,0,0,0,0,0,0,187,65,0,0,0,0,0,0,1,,,,,4,2,,0,1,0,0,0,0,0,0,1,1,2,2,0,,,0,0,40,31.1186326514665,1,0,0,0,0,,0,0,0,0,0,,0,,,,0,0,0,,,0,160.8,0,45.7317073170732,3.8227918717002,2,0,0,0,117,0,1,,16576,,,,47.1192933083177,1,Q3,low,low,Q1-Q3,Q1-Q3,,,,,,
1,2810635420,2018-12-06,6693.6,2,1,174,39,128,92,0.88,5.2,136.9,5.4,11444,4889.40832724617,8.49482657867508,2.58177278401998,0.948476288559961,0,,84.62,,1925.4,1,1406.42804967129,7.24880847103755,0,,1,11444,,,18,11444,0,,,1,4294,5550,11444,13523,13523,2079,,0,0,,,,0,0,,0,11444,"","","","","","","",,,,,,,,,,,,"","",,,,,,,,,,,,0,0,0,0,0,0,0,0,0,0,0,,0.49,79.43,2,012609CJB,360.046,1.9,15,234.9,15,171.766,8,12757,12757,84.62,0,0,0,0,0,8,0,0,0,0,0,0,0,0,0,0,0,199,69,0,0,0,0,0,0,1,,,,,3,6,,0,1,0,0,0,0,0,,1,1,0,2,0,,,0,0,70,29.3873555611005,0,,0,0,0,,0,0,0,0,0,,1,15277,,,0,0,1,,,0,109.4,1,37.9839298758218,3.63716317227512,2,0,0,0,87,0,1,,16548,15277,18,5104,56.2000957154732,1,Q3,low,low,Q1-Q3,Q1-Q3,TIA,13.9739904175222,1,1,1,0
1,2810635846,2017-11-25,1964.2,2,1,210,57,99,74,0.62,4.5,84.8,5.1,12058,2316.27358490566,7.74771495991391,1.95630007283321,0.671054971315212,0,,34.32,,715.44,1,843.679245283019,6.73777238122816,0,72.22,0,12058,0,3,,12058,0,,,2,4636,5807,12058,14067,14067,2009,,0,0,,,,0,0,8,0,12058,C10AX06,1200 MG,C10,C10A,C10AX,C10AX06,"",,,,,,1,,,,,,"","",,,,,,,,,,,,0,0,0,0,0,1,0,0,0,0,0,,0.65,75.09,2,020209CJB,312.566,0.62,22,318.1,22,165.631,8,13279,13279,34.32,0,0,0,0,0,2,0,0,0,0,0,0,0,0,0,0,0,192,65.75,0,0,0,0,0,0,1,,,,,7,1,,0,1,0,0,0,0,0,1,1,1,0,2,0,,,0,0,52,31.2259260612725,0,0,0,0,0,,0,0,0,0,0,,0,,,,0,0,0,,,0,133.2,1,53.0660377358491,3.97153713296055,2,0,1,0,104,0,0,,17067,,,,22.2718613933237,1,Q1,low,low,Q1-Q3,Q1-Q3,,,,,,
1,2810636301,2017-10-25,4081.4,2,1,237,60,168,102,0.7,3,54,5.6,12397,7558.14814814815,8.9303814852188,1.83696900114811,0.60811693137537,0,,32.98,,2473.36,1,4580.2962962963,8.42951896853017,0,72.81,0,12397,0,3,,12397,0,,,2,4504,5798,12397,14533,14533,2136,,0,0,,,,0,0,8,0,12397,M01AX05,1500/1200 MG,M01,M01A,M01AX,M01AX25,"",,1,,,1,,,,,,,M01AX25,"",,1,,,,,,,,,,0,1,0,0,1,0,0,0,0,0,0,,3.55,96.47,2,012209CJB,324.726,1.71,12,285.3,12,181.331,8,13772,13772,32.98,1,0,0,0,0,2,0,0,0,0,0,0,0,0,0,0,0,206,64.5,0,0,0,0,0,0,1,,,,,4,0,,0,1,1,0,0,0,0,1,1,1,0,2,0,,,0,0,73,34.8139582163426,0,0,1,0,1,,0,0,0,0,0,,0,,,,0,0,1,,,0,143.4,0,55.5555555555556,4.01738352108597,2,0,0,0,86,1,1,,17564,,,,87.885443583118,1,Q4,high,high,Q4,Q4,,,,,,
1,2810636581,2018-01-13,1041.2,2,1,217,64,70,94,0.64,3,19.7,5.5,12446,5285.27918781726,8.57268072336456,1.19917501473188,0.181633832642469,1,,49.08,,601.94,1,3055.53299492386,8.02470932281172,0,69.76,0,12446,0,3,,12446,0,,,2,4677,5726,12446,14464,14464,2018,,0,0,,,,0,0,8,0,12446,C03CA01,20 MG,C03,C03C,C03CA,C03CA01,"",,,,,,,,1,,,,"","",,,,,,,,,,,,0,0,0,0,0,0,0,1,0,0,0,,0.61,20.83,2,021209CJB,261.588,1.43,38,208.1,38,154.77,8,13423,13423,49.08,0,0,0,0,0,2,1,1,1,0,0,0,0,0,0,0,0,171,66.75,0,0,0,0,0,0,1,,,,,8,1,,0,1,0,0,0,0,0,1,1,1,2,2,0,,,0,0,55,26.9835560501824,1,0,0,0,0,,0,0,0,0,0,,0,,,,0,0,0,,,0,139,0,152.284263959391,5.0257489319063,2,0,0,0,100,0,1,,17207,,,,52.8527918781726,1,Q3,low,low,Q1-Q3,Q1-Q3,,,,,,
7,2810637598,2018-11-24,11265.1,2,1,166,41,157,93,1,7.3,221.2,5.3,4409,5092.72151898734,8.53556764621967,2.81407942238267,1.03463518231049,0,,26.12,,1314.08,1,594.068716094033,6.38699499633179,0,65.89,0,4409,0,3,,4409,0,,,1,4409,6152,,,6152,1743,,0,0,,,,0,0,8,0,4409,"","","","","","","",,,,,,,,,,,,"","",,,,,,,,,,,,0,0,0,0,0,0,0,0,0,0,0,,0.38,44.41,2,010809CJB,354.956,2.28,5,192.5,5,120.865,3,,,26.12,0,0,0,0,0,,0,0,0,0,0,0,,,,,0,184,70.25,0,0,0,0,0,0,,,,,,3,1,,1,0,0,0,,,0,,,,0,1,0,,,0,0,57,26.213848098977,0,0,0,0,0,,0,0,0,0,0,,0,,,,0,0,0,,,0,93.6,1,33.001808318264,3.4965623574883,2,0,0,0,83,0,1,,8848,,,,61.358090590209,1,Q3,low,low,Q1-Q3,Q1-Q3,,,,,,
1,2810638238,2018-06-30,20000,3,1,262,56,106,92,1.01,5.6,221.9,5.2,12340,9013.06894997747,9.10643090858567,0.898752399232246,-0.106747700429169,1,,58,,1926.07,1,867.990085624155,6.76618029250313,0,66.35,0,12340,0,3,,12340,0,,,1,4520,5697,12340,14300,14300,1960,,0,0,,,,0,0,8,0,12340,"","","","","","","",,,,,,,,,,,,"","",,,,,,,,,,,,0,0,0,0,0,0,0,0,0,0,0,,1,47.38,2,020609CJB,351.526,1.01,30,240.6,30,182.15,8,13444,13444,58,0,0,0,0,0,8,1,1,1,0,0,0,0,0,0,0,0,159,68.25,0,0,0,0,0,0,1,,,,,8,1,,0,1,0,0,0,0,0,,1,1,2,2,0,,,0,0,46,23.9992365022769,1,0,0,0,0,,0,0,0,0,0,,0,,,,0,0,0,,,0,184.8,1,25.2365930599369,3.22829504678469,1,0,0,0,89,1,1,,17230,,,,101.270437640196,1,Q4,high,high,Q4,Q4,,,,,,
1,2810639622,2018-12-22,8306.3,2,1,157,61,127,149,0.92,3.8,81.5,6.6,12125,10191.7791411043,9.22933670774829,,,,,38.32,,1530.15,1,1877.48466257669,7.53768821453791,0,72.73,0,12125,0,3,,12125,0,,,2,,5734,12125,13989,13989,1864,,0,0,,,,0,0,8,0,12125,C10AX09,20 MG,C10,C10A,C10AA,C10AA01,"",,,,,,1,,,,1,,C10AA01,"",,,,,,1,1,,,,,0,0,0,0,0,1,1,0,0,1,0,,3.44,164.8,2,021909bCJ,293.676,2.17,48,130.3,48,78.628,8,12865,12865,38.32,1,0,0,0,1,2,1,1,0,69,0,0,0,0,0,0,0,211,66,0,0,0,0,0,0,1,,,,,5,7,,0,1,1,1,0,0,0,1,1,1,1,2,0,,,0,0,69,34.0565143940205,1,1,1,1,1,,0,0,0,0,0,,0,,,,0,0,0,,,0,70.6,0,46.6257668711656,3.84215332546766,2,1,0,1,64,1,1,,16646,,,,159.246549079755,1,Q4,high,high,Q4,Q4,,,,,,
1,2810639782,2017-11-21,710.8,2,1,186,50,83,102,0.73,3.4,51.3,5.6,11804,1385.57504873294,7.23387053009186,1.54956832390592,0.437976391436777,1,,32.94,,1100.77,1,2145.75048732943,7.6712446477121,0,,0,11804,,,,11804,0,,,2,4305,5833,11804,13856,13856,2052,,0,0,,,,0,0,,0,11804,"","","","","","","",,,,,,,,,,,,"","",,,,,,,,,,,,0,0,0,0,0,0,0,0,0,0,0,,0.95,75.84,2,012709bCJ,292.678,0.15,17,211.1,17,158.171,8,13086,13086,32.94,0,0,0,0,0,2,0,0,0,0,0,0,0,0,0,0,0,161,64,0,0,0,0,0,0,1,,,,,4,6,,0,1,0,0,0,0,0,1,1,1,0,2,0,,,0,0,67,27.6357681621613,0,0,0,0,0,,0,0,0,0,0,,0,,,,0,0,0,,,0,119.4,0,66.2768031189084,4.19383995842753,2,0,0,0,85,0,0,,16877,,,,16.3008829262699,1,Q1,low,low,Q1-Q3,Q1-Q3,,,,,,
1,2810640310,2018-12-22,3264.3,2,1,167,56,72,92,0.83,3,70.7,5.6,12053,4617.11456859972,8.43752523671064,2.25649622799665,0.813813268666702,0,,41.26,,840.49,1,1188.81188118812,7.08070966818351,0,66.68,0,12053,0,3,,12053,0,,,2,,,12053,13866,13866,1813,,0,0,,,,0,0,8,0,12053,"","","","","","","",,,,,,,,,,,,"","",,,,,,,,,,,,0,0,0,0,0,0,0,0,0,0,0,,3.78,57.31,2,022009CJB,237.644,3.78,48,169.9,48,115.778,8,12781,12781,41.26,0,0,0,0,0,2,0,0,0,0,0,0,0,0,0,0,0,185,62.75,0,0,0,0,0,0,1,,,,,5,2,,0,1,0,0,0,0,0,1,1,1,0,2,0,,,0,0,65,33.0331417317491,0,0,0,0,0,,0,0,0,0,0,,0,,,,0,0,0,,,0,96.6,0,42.4328147100424,3.74792199474772,2,0,0,0,74,0,1,,16562,,,,62.3934401162124,1,Q3,low,low,Q1-Q3,Q1-Q3,,,,,,
1,2810641679,2017-09-06,2406.8,2,1,210,70,70,91,0.88,3,60.3,5.7,11882,3991.37645107794,8.29189142560115,3.45086705202312,1.23862551889482,0,,32.54,,731.25,1,1212.68656716418,7.10059348080102,0,69,0,11882,0,3,,11882,0,,,2,,5606,11882,14065,14065,2183,,0,0,,,,0,0,8,0,11882,"","","","","","","",,,,,,,,,,,,"","",,,,,,,,,,,,0,0,0,0,0,0,0,0,0,0,0,,0.27,18.97,2,011309CJB,334.096,1.1,4,234.3,4,213.845,8,13378,13378,32.54,0,0,0,0,0,3,0,0,0,0,0,0,0,0,0,0,0,112,65,0,0,0,0,0,0,1,,,,,7,1,,0,1,0,0,0,0,0,1,1,1,0,2,0,,,0,0,52,18.6378976308249,0,0,0,0,0,,0,0,0,0,0,,0,,,,0,0,1,,,0,126,0,49.7512437810945,3.90703546391711,2,0,0,0,76,0,0,,17171,,,,52.518111198394,1,Q2,low,low,Q1-Q3,Q1-Q3,,,,,,
1,2810641997,2017-10-30,742.4,2,1,193,73,82,102,0.96,3,20.4,5.6,12201,3639.21568627451,8.19952346660991,3.55320945945946,1.26785126814657,0,,39.54,,600.59,1,2944.06862745098,7.98754779053189,0,,0,12201,,,,12201,0,,,2,,6223,12201,,,,,0,0,,,,0,0,,0,12201,C10AA05,10 MG,C10,C10A,C10AA,C10AA05,"",,,,,,1,1,,,,,"","",,,,,,,,,,,,0,0,0,0,0,1,1,0,0,0,0,,0.54,54.88,2,012609CJB,359.82,1.53,14,178.8,14,102.793,8,13533,13533,39.54,0,0,0,0,0,2,0,0,0,0,0,0,0,0,0,0,0,194,65.75,0,0,0,0,0,0,1,,,,,8,1,,0,1,0,0,0,0,0,1,1,1,0,2,0,,,0,0,58,31.5511961244108,0,0,0,1,0,,0,0,0,0,0,,0,,,,0,0,0,,,0,103.6,0,147.058823529412,4.99083266680008,2,0,0,1,65,0,0,,17325,,,,55.9879336349925,1,Q2,low,low,Q1-Q3,Q1-Q3,,,,,,
1,2810642145,2018-12-15,3219.6,2,1,217,81,73,94,0.83,3.7,131,5.6,11496,2457.70992366412,7.80698527000652,,,,,46.62,,1200.71,1,916.572519083969,6.82064119026399,0,72.66,0,11496,0,3,,11496,0,,,2,4221,5637,11496,14044,14044,2548,,0,0,,,,0,0,8,0,11496,M01AE01,200 MG,M01,M01A,M01AE,M01AE01,"",,1,,,,,,,,,,"","",,,,,,,,,,,,0,1,0,0,0,0,0,0,0,0,0,,4.85,63.32,2,021009CJB,405.412,1.1,34,155.6,34,79.086,8,12547,12547,46.62,0,0,0,0,0,2,0,0,0,0,0,0,0,0,0,0,0,147,62.25,0,0,0,0,0,0,1,,,,,3,6,,0,1,0,0,0,0,0,1,1,1,0,2,0,,,0,0,65,26.6713031611576,0,0,0,0,0,,0,0,0,0,0,,0,,,,0,0,1,,,0,121.4,0,28.2442748091603,3.34089077543116,1,0,0,0,74,0,0,14846,,14846,27,3350,33.2122962657314,0,Q1,low,low,Q1-Q3,Q1-Q3,,9.17180013689254,1,0,0,0
1,2810642770,2018-12-15,4791.4,2,1,193,43,108,109,0.97,16.7,144.3,5.4,12404,3320.44352044352,8.10785364348316,0.895268138801262,-0.110632009151338,1,,47.14,,1654.21,1,1146.36867636868,7.04435455266603,0,63.88,0,12404,0,3,,12404,0,,,1,4524,5734,12404,14405,14405,2001,,0,0,,,,0,0,8,0,12404,"","","","","","","",,,,,,,,,,,,"","",,,,,,,,,,,,0,0,0,0,0,0,0,0,0,0,0,,1.87,87.95,2,020709CJB,461.98,1.11,31,201.3,31,173.662,8,13483,13483,47.14,0,0,0,0,0,8,0,0,0,0,0,0,0,0,0,0,0,163,64,0,0,0,0,0,0,1,,,,,4,1,,0,1,0,0,0,0,0,,1,1,0,2,0,,,0,0,60,27.9790696300143,0,,0,0,0,,0,0,0,0,0,,0,,,,0,0,0,,,0,128.4,1,115.731115731116,4.75126953262502,2,0,0,0,84,0,0,,17269,,,,39.5290895290895,1,Q2,low,low,Q1-Q3,Q1-Q3,,,,,,
1,2810643015,2018-01-14,2221.2,2,1,154,40,72,96,0.96,3,92,5.2,11836,2414.34782608696,7.7891844783065,1.83870967741935,0.609064063349404,0,,29.56,,1047.66,1,1138.76086956522,7.03769599370114,0,65.63,0,11836,0,3,,11836,0,,,1,4277,5667,11836,13873,13873,2037,,0,0,,,,0,0,8,0,11836,M01AB08,400 MG,M01,M01A,M01AB,M01AB08,"",,1,,,,,,,,,,"","",,,,,,,,,,,,0,1,0,0,0,0,0,0,0,0,0,,2.28,40.62,2,021409CJB,373.266,0.89,40,191.1,40,141.147,8,12778,12778,29.56,0,0,0,0,0,8,0,0,0,0,1,1,0,0,0,0,0,224,71,0,0,0,0,0,0,1,,,,,4,1,,0,1,0,0,0,0,0,,1,1,0,2,2,,,0,0,43,31.2418637136421,0,0,0,0,0,,0,0,0,0,0,,0,,,,0,0,0,,,0,99.6,0,32.6086956521739,3.48457899060121,2,0,0,0,96,0,0,,16562,,,,25.1494565217391,1,Q1,low,low,Q1-Q3,Q1-Q3,,,,,,
1,2810643331,2018-12-15,5827,2,1,201,86,60,87,0.58,5.1,126.1,5.6,12443,4620.93576526566,8.43835251016029,3.28459734167318,1.18924406959054,0,,29.12,,952.7,1,755.511498810468,6.62739500172995,0,64.57,0,12443,0,3,,12443,0,,,2,4503,5783,12443,14494,14494,2051,,0,0,,,,0,0,8,0,12443,"","","","","","","",,,,,,,,,,,,"","",,,,,,,,,,,,0,0,0,0,0,0,0,0,0,0,0,,0.23,51.25,2,021209CJB,387.364,0.97,37,176.3,37,122.904,8,13436,13436,29.12,0,0,0,0,0,2,0,0,0,0,0,0,0,0,0,0,0,120,62,0,0,0,0,0,0,1,,,,,7,1,,0,1,0,0,0,0,0,1,1,1,0,2,0,,,0,0,53,21.9484309936362,0,0,0,0,0,,0,0,0,0,0,,0,,,,0,0,1,,,0,103,1,40.4440919904837,3.69992057574154,2,0,0,0,105,0,1,,17221,,,,44.0089120501492,1,Q3,low,low,Q1-Q3,Q1-Q3,,,,,,
1,2810643368,2018-01-26,2492,2,1,190,54,72,91,0.75,5.7,116.2,5.6,12082,2144.57831325301,7.67069822147762,2.54172767203514,0.932844035649505,0,,29.46,,623.19,1,536.308089500861,6.28470878978498,0,64.64,0,12082,0,3,,12082,0,,,2,4425,5658,12082,13721,13721,1639,,0,0,,,,0,0,8,0,12082,"","","","","","","",,,,,,,,,,,,"","",,,,,,,,,,,,0,0,0,0,0,0,0,0,0,0,0,,0.57,19.62,2,021709CJB,268.364,0.94,42,203.4,42,134.869,8,12995,12995,29.46,0,0,0,0,0,2,0,0,0,0,0,0,0,0,0,0,0,141,66.25,0,0,0,0,0,0,1,,,,,3,2,,0,0,0,0,0,0,0,1,1,1,0,,0,,,0,0,53,22.5867091819623,0,0,0,0,0,,0,0,0,0,0,,0,,,,0,0,1,,,0,121.6,1,49.053356282272,3.89290860940483,2,0,0,0,91,0,0,,16779,,,,23.566794651132,1,Q1,low,low,Q1-Q3,Q1-Q3,,,,,,
1,2810643443,2018-12-06,4489.3,2,1,186,35,179,106,0.95,3.1,128,5.4,12129,3507.265625,8.16259198864634,1.19334880123743,0.176763473591303,1,,34.42,,1163.67,1,909.1171875,6.81247400501004,0,64.06,0,12129,0,3,,12129,0,,,1,4661,5751,12129,14159,14159,2030,,0,0,,,,0,0,8,0,12129,M01AH01,200 MG,M01,M01A,M01AH,M01AH01,"",,1,,,,,,,,,,"","",,,,,,,,,,,,0,1,0,0,0,0,0,0,0,0,0,,0.42,72.42,2,012709CJB,328.122,0.73,16,247,16,163.659,8,13425,13425,34.42,0,0,0,0,0,8,0,0,0,0,0,0,0,0,0,0,0,228,70.5,0,0,0,0,0,0,1,,,,,5,1,,0,1,0,0,0,0,0,,1,1,0,2,0,,,0,0,53,32.2524139842304,0,0,0,0,0,,0,0,0,0,0,,0,,,,0,0,0,,,0,115.2,0,24.21875,3.18712712655362,1,0,0,0,91,0,0,,17216,,,,38.5413804945055,1,Q2,low,low,Q1-Q3,Q1-Q3,,,,,,
1,2810643550,2017-12-24,2509.9,2,1,159,66,84,116,1.25,15.7,92.4,5.9,12585,2716.34199134199,7.90704139803517,1.12803738317757,0.12047929364158,1,,35.24,,1088.47,1,1177.99783549784,7.07157152677167,0,79.21,0,12585,0,3,41,12585,1,1758,14343,2,4600,5792,12585,14498,14498,1913,14343,1,0,1703,14288,,0,1,8,1,12585,M01AB02,200 MG,M01,M01A,M01AB,M01AB02,"",,1,,1,1,1,1,1,,,,"","",,,,,,,,,,,,0,1,0,1,1,1,1,1,0,0,0,,1.88,92.58,2,020909CJB,315.832,1.9,32,197.5,32,119.207,8,13658,13658,35.24,1,0,0,0,0,2,0,0,0,0,0,0,0,0,0,0,0,189,62,0,0,0,0,0,0,1,,,,,7,8,,0,0,1,0,0,0,0,1,1,1,0,,0,,,0,0,76,34.568778814977,0,0,1,1,1,,0,0,0,0,0,,0,,1,2,0,0,0,,,0,76.2,1,169.91341991342,5.13528901268876,2,0,0,1,42,0,0,14986,,1488,30,,64.6748093176665,1,Q2,low,low,Q1-Q3,Q1-Q3,IC,,,,,
1,2810643979,2017-11-18,4755.7,2,1,220,66,87,106,0.81,3,65.8,5.5,11475,7227.5075987842,8.88564952526099,1.44684252597922,0.36938361379296,1,,71.66,,996.28,1,1514.10334346505,7.32257869023132,0,66.67,0,11475,0,3,,11475,0,,,2,4325,5645,11475,13477,13477,2002,,0,0,,,,0,0,8,0,11475,C07AB03,25 MG,C07,C07A,C07AB,C07AB03,500 MG,1,,,1,,,,1,,,,"","",,,,,,,,,,,,1,0,0,1,0,0,0,1,0,0,0,,4.05,43.38,2,013009CJB,384.18,2.88,20,243.4,20,127.876,8,12725,12725,71.66,1,0,0,0,0,2,0,0,0,0,0,0,0,0,0,0,0,177,65,0,0,0,0,0,0,1,,,,,3,0,,0,1,1,0,0,0,0,1,1,1,0,2,0,,,0,0,71,29.4545346487143,0,0,1,0,1,,0,0,0,0,0,,0,,,,0,0,0,,,0,136.6,0,45.5927051671733,3.81974772931898,2,0,0,0,73,1,1,,16513,,,,99.0069534080027,1,Q4,high,high,Q4,Q4,,,,,,
7,2810644743,2018-11-24,16238.1,2,1,129,31,178,111,0.86,5.4,216.2,6,4511,7510.68455134135,8.9240818925803,1.95777548918641,0.671808874197104,0,0.6,57.68,58.2,3306.1,2,1529.18593894542,7.33249080674037,0,66.31,0,4511,0,3,,4511,0,,,1,4511,6429,,,6429,1918,,0,0,,,,0,0,8,0,4511,C10AB05,145 MG,C10,C10A,C10AB,C10AB05,"",,,,,,1,,,,,,"","",,,,,,,,,,,,0,0,0,0,0,1,0,0,0,0,0,,1.35,207,2,122308CJB,399.762,2.99,2,113.2,2,86.426,3,,,57.68,0,0,0,0,0,,0,0,0,0,0,0,,,,,0,217,67.75,0,0,0,0,0,0,,1,,,,8,1,,0,1,0,0,,,0,,2,2,0,2,0,,,0,0,57,33.2389079968585,0,0,0,1,0,,0,0,0,0,0,,0,,,,0,0,0,,,0,62.4,1,24.9768732654949,3.21795032734726,1,0,1,0,112,1,1,,9150,,,,67.0596834941192,1,Q4,high,high,Q1-Q3,Q4,,,,,,
1,2810644831,2017-12-24,4415.3,2,1,106,37,78,119,0.94,10.5,63.1,5.6,11679,6997.3058637084,8.85328047734035,1.38062547673532,0.322536640496172,1,,29.34,,909.96,1,1442.09191759113,7.27385005894177,0,62.26,0,11679,0,3,12,11679,0,,,2,4062,5148,11679,13974,13974,2295,,0,0,,,,0,0,8,0,11679,C10AA02,10 MG,C10,C10A,C10AA,C10AA02,"",,,,,1,1,1,,,,,"","",,,,,,,,,,,,0,0,0,0,1,1,1,0,0,0,0,,1.01,83.96,2,020909CJB,323.512,2.31,32,166,32,121.136,8,12755,12755,29.34,1,0,0,0,1,2,0,0,0,0,0,0,0,0,0,0,0,193,63.5,1,1,0,0,0,0,1,,,,,8,2,,0,1,1,1,0,0,0,1,1,1,0,2,0,,,0,1,60,33.6523557292883,0,0,1,1,1,,0,0,0,0,1,13013,1,10096,,,0,0,0,,,0,53.4,1,166.402535657686,5.11440976659845,2,0,0,1,66,1,1,,16541,10096,12,4862,106.019785813764,0,Q4,high,high,Q4,Q4,TIA,13.3114305270363,1,1,1,0
1,2810645030,2018-01-10,4102.5,2,1,161,59,63,91,1.21,3,151.3,5.4,12070,2711.50033046927,7.90525738815803,4.81168831168831,1.57104802288246,0,,34.68,,607.27,1,401.368142762723,5.99487906789805,0,66.95,0,12070,0,3,,12070,0,,,1,4186,5838,12070,13926,13926,1856,,0,0,,,,0,0,8,0,12070,C02AC01,"",C02,C02A,C02AC,C02AC01,"",,,1,,,,,,,,,"","",,,,,,,,,,,,0,0,1,0,0,0,0,0,0,0,0,,0.22,28.43,2,021209CJB,,,,,,,,,,34.68,0,0,0,0,0,8,0,0,0,0,0,0,0,0,0,0,0,172,69,0,0,0,0,0,0,1,,,,,7,1,,0,1,0,0,0,0,0,,1,1,0,2,0,,,0,0,54,25.4001264146196,0,0,0,0,0,,0,0,0,0,0,,0,,,,0,0,0,,,0,89.4,0,19.8281559814937,2.98710294685594,1,0,0,0,67,0,0,,16842,,,,40.4701541861084,1,Q2,low,low,Q1-Q3,Q1-Q3,,,,,,
1,2810646021,2018-02-08,2596.1,2,1,217,65,99,104,0.75,3.6,121.5,5.7,12872,2136.70781893004,7.6670215210908,4.6989835809226,1.54734622595041,0,,28.48,,1104.92,1,909.399176954733,6.81278413634842,0,,0,12872,,,,12872,0,,,2,,5799,12872,14335,14335,1463,,0,0,,,,0,0,,0,12872,M01AE01,200 MG,M01,M01A,M01AE,M01AE01,"",,1,,1,,1,,1,,,,"","",,,,,,,,,,,,0,1,0,1,0,1,0,1,0,0,0,,9.6,64.61,2,021909CJB,365.848,2.65,46,282.5,46,153.799,8,13684,13684,28.48,1,0,0,0,0,2,0,0,0,0,0,0,0,0,0,0,0,173,62.75,0,0,0,0,0,0,1,,,,,7,2,,0,1,1,0,0,0,0,1,1,1,0,2,0,,,0,0,69,30.8904514572573,0,0,1,0,1,,0,0,0,0,0,,0,,,,0,0,1,1,14875,0,132.2,0,29.6296296296296,3.3887748616636,1,0,1,0,81,0,0,,17465,,,,26.3791088756795,1,Q1,low,low,Q1-Q3,Q1-Q3,,,,,,
1,2810647036,2018-01-26,3475,2,1,185,41,583,102,0.66,20.9,47.3,5.2,12827,7346.72304439746,8.9020096484891,,,,,69.24,,709.39,1,1499.76744186047,7.31306533631086,0,56.03,0,12827,0,3,12,12827,1,-2830,9997,1,4508,5788,12827,15064,15064,2237,,0,0,,,,1,0,6,1,12827,C03CA01,20 MG,C03,C03C,C03CA,C03CA01,"",,,,,,,,1,,1,1,"","",,,,,,,,,,,,0,0,0,0,0,0,0,1,0,1,1,,1.31,223,2,021709CJB,762.566,1.85,41,358.5,41,228.773,8,13751,13751,69.24,0,0,0,0,1,8,1,1,1,0,0,0,0,0,0,0,0,186,63.25,0,0,0,0,0,0,1,,,,,4,10,,0,1,0,1,0,0,0,,1,1,2,2,0,,,0,0,51,32.6886885397449,1,1,0,0,0,143,1,0,0,0,0,,1,9997,,,0,0,0,,,0,27.4,1,441.860465116279,6.09099414245502,3,1,0,0,112,1,1,16112,,9997,12,,65.5957414678345,1,Q4,high,high,Q1-Q3,Q4,TIA,,,,,
1,2810647364,2018-06-28,20000,3,1,206,49,147,95,0.88,28.6,331.3,5.6,11427,6036.82463024449,8.70563342921837,2.01441812564367,0.700330382303438,0,,62.62,,1728.6,1,521.762752792031,6.25721298800078,0,62.83,0,11427,0,3,,11427,0,,,1,4960,5941,11427,14333,14333,2906,,0,0,,,,0,0,8,0,11427,M01AX05,500 MG,M01,M01A,M01AX,M01AX05,"",,1,,,,1,,,,,,"","",,,,,,,,,,,,0,1,0,0,0,1,0,0,0,0,0,,3.55,69.84,2,010809CJB,454.306,2.37,1,232.9,1,179.035,8,13042,13042,62.62,0,0,0,0,0,8,1,1,1,0,0,0,0,0,0,0,0,226,69.5,0,0,0,0,0,0,1,,,,,6,2,,0,1,0,0,0,0,0,,1,1,2,2,0,,,0,0,59,32.8961022292419,1,0,0,0,0,,0,0,0,0,0,,0,,,,0,0,0,,,0,127.6,1,86.3265922124962,4.45813768750209,2,0,1,0,94,0,1,,16836,,,,64.2215386196223,1,Q3,high,low,Q1-Q3,Q1-Q3,,,,,,
1,2810647698,2017-12-23,390.4,2,1,203,100,59,105,0.67,3,54.4,5.5,11676,717.647058823529,6.57597788666513,3.5964771817454,1.27995480573276,0,,31.78,,480,1,882.352941176471,6.78259213602813,0,67.15,0,11676,0,3,,11676,0,,,2,4369,5677,11676,,,,,0,0,,,,0,0,8,0,11676,"","","","","","","",,,,,,,,,,,,"","",,,,,,,,,,,,0,0,0,0,0,0,0,0,0,0,0,,1.37,50.14,2,020609CJB,330.578,0.82,30,196.7,30,86.964,8,12783,12783,31.78,0,0,0,0,0,2,1,1,1,0,0,0,0,0,0,0,0,128,63.25,0,0,0,0,0,0,1,,,,,3,0,,0,1,0,0,0,0,0,1,1,1,2,2,0,,,0,0,70,22.4954415757384,1,0,0,0,0,,0,0,0,0,0,,0,,,,0,0,0,,,0,91.2,0,55.1470588235294,4.01000341378835,2,0,0,0,89,0,0,,16569,,,,8.06345009914078,1,Q1,low,low,Q1-Q3,Q1-Q3,,,,,,
1,2810648338,2018-01-06,2678.4,2,1,176,27,156,110,1.94,68.1,72.6,5.6,11747,3689.25619834711,8.2131801444525,2.37613751263903,0.865476275515493,0,,50.58,,454.97,1,626.68044077135,6.44043674686861,0,,0,11747,,,41,11747,1,3273,15020,1,4291,5452,11747,13742,13742,1995,15054,1,0,3273,15020,,0,1,,1,11747,C10AX06,10 MG,C10,C10A,C10AX,C10AX06,"",,,1,,1,1,,,,,,"","",,,,,,,,,,,,0,0,1,0,1,1,0,0,0,0,0,,1.86,67.26,2,021109CJB,531.086,2.29,35,162,35,198.698,8,12770,12770,50.58,1,0,0,0,0,8,0,0,0,0,0,0,0,0,0,0,0,191,72,0,0,0,0,0,0,1,,,,,3,8,,0,1,1,0,0,0,0,,1,1,0,2,0,,,0,0,79,25.9044268088536,0,0,1,0,1,,0,0,0,0,0,,0,,1,1,0,0,0,,,0,117.8,1,938.01652892562,6.84376757030685,3,0,1,0,32,0,0,15061,,15020,41,,115.289256198347,1,Q2,low,high,Q4,Q1-Q3,CHF,,,,,
1,2810648424,2018-12-15,7365,2,1,221,56,105,96,0.82,4.3,81,5.5,11718,9092.59259259259,9.11521536021238,2.61697065820777,0.962017411489652,0,,38.84,,1034.2,1,1276.79012345679,7.15210449127777,0,65.24,0,11718,0,3,,11718,0,,,2,4313,5642,11718,13559,13559,1841,,0,0,,,,0,0,8,0,11718,C02AC01,0.1 MG,C02,C02A,C02AC,C02AC01,"",,,1,,,,,,,,,"","",,,,,,,,,,,,0,0,1,0,0,0,0,0,0,0,0,,0.76,23.52,2,021309CJB,436.456,3.32,39,267.4,39,183.722,8,12673,12673,38.84,1,0,0,0,0,2,0,0,0,0,0,0,0,0,0,0,0,143,60.5,0,0,0,0,0,0,1,,,,,3,6,,0,1,1,0,0,0,0,1,1,1,0,2,0,,,0,0,74,27.4682442678184,0,0,1,0,1,,0,0,0,0,0,,0,,,,0,0,1,,,0,144,1,53.0864197530864,3.97192114700922,2,0,0,0,70,1,1,15951,14677,15951,28,4233,129.89417989418,0,Q4,high,high,Q4,Q4,Death,11.5893223819302,1,1,0,0
1,2810648605,2018-11-26,6407.5,2,1,200,46,226,92,0.91,3,85.4,5.1,12169,7502.92740046838,8.92304854343179,1.49692832764505,0.40341522696672,1,,60.94,,1249.6,1,1463.2318501171,7.28840286427899,0,66.8,0,12169,0,3,,12169,0,,,1,4580,5799,12169,14237,14237,2068,,0,0,,,,0,0,8,0,12169,C09CA03,160-25 MG,C09,C09C,C09CA,C09CA03,"",,,,1,1,,,,,,,"","",,,,,,,,,,,,0,0,0,1,1,0,0,0,0,0,0,,7.5,47.71,2,012009CJB,453.14,3.94,10,226.6,10,169.346,8,13568,13568,60.94,1,0,0,0,0,8,0,0,0,0,0,0,0,0,0,0,0,184,71,1,1,0,0,0,0,1,,,,,8,8,,0,1,1,0,0,0,0,,1,1,0,2,0,,,0,1,64,25.6629594790632,0,0,1,0,1,,0,0,0,0,0,,0,,,,0,0,0,,,0,108.8,0,35.1288056206089,3.55902146685572,2,0,0,0,89,1,1,,17360,,,,84.3025550614425,1,Q4,high,high,Q4,Q4,,,,,,
7,2810649451,2017-08-19,1166.3,2,1,232,82,87,91,1.17,28.6,36.6,6.1,3384,3186.61202185792,8.06671356927778,3.77598665925514,1.32866171524077,0,0.3,40.26,40.06,265.6,2,725.68306010929,6.58711336318305,0,68.06,0,3384,0,3,,3384,0,,,1,3384,5379,,,5379,1995,,0,0,,,,0,0,8,0,3384,C09AA03,20/25 MG,C03,C03A,C03AA,C03AA03,"",,,,,1,,,,,,1,C03AA03,"",,,,,,,,1,,,,0,0,0,0,1,0,0,1,0,0,1,,1.94,16.92,2,010609CJB,302.212,1.52,4,176.6,4,93.247,3,,,40.26,1,0,0,0,0,,0,0,0,0,0,0,,,,,0,184,70.5,0,0,0,0,0,0,,1,,,,8,7,,0,0,1,0,,,0,,2,2,0,,0,,,0,0,64,26.0282639170982,0,0,1,0,1,,0,0,0,0,0,,0,,,,0,0,0,3,-382,1,132.6,1,781.420765027322,6.66111375640062,3,0,0,0,76,0,0,,7848,,,,41.9291055507622,1,Q2,low,low,Q1-Q3,Q1-Q3,,,,,,
1,2810649595,2017-11-23,4982.6,2,1,253,70,188,155,0.33,12.4,16.2,7,11410,30756.7901234568,10.3338660658812,,,,,58.26,,502.49,1,3101.79012345679,8.03973468298745,0,,,,,,,11410,0,,,2,4355,5635,11410,,,,,0,0,,,,0,0,,0,11410,C09AA02,15 MG,C09,C09A,C09AA,C09AA02,"",,,,,1,,,,,,,"","",,,,,,,,,,,,0,0,0,0,1,0,0,0,0,0,0,,4.68,325.9,2,013009CJB,373.76,3.2,21,230.1,21,147.025,8,12642,12642,58.26,1,0,0,0,1,2,0,0,0,0,0,0,0,0,0,0,0,,,0,0,0,0,0,0,1,,,,,8,8,,0,1,1,1,0,0,0,1,1,1,0,2,0,,,0,0,69,,0,0,1,0,1,,0,0,0,0,0,,0,,,,0,0,0,,,0,145.4,1,765.432098765432,6.64044050935479,3,1,0,0,113,1,1,12150,,12150,28,740,272.183983393423,0,Q4,high,high,Q4,Q4,Death,2.02600958247776,0,0,0,0
1,2810649612,2017-10-30,1515.6,2,1,171,56,81,87,0.86,19.6,35.3,5.5,11692,4293.48441926346,8.36485390119329,1.73183925811437,0.549183998740081,0,,28.62,,421.72,1,1194.67422096317,7.08562880875759,0,73.6,0,11692,0,3,41,11692,1,1837,13529,2,4268,5638,11692,,,,13529,1,0,1837,13529,,0,1,8,1,11692,"","","","","","","",,,,,,,,,,,,"","",,,,,,,,,,,,0,0,0,0,0,0,0,0,0,0,0,,4.24,45.67,2,022109CJB,342.682,2.44,14,223.1,14,143.395,8,13025,13025,28.62,1,0,0,0,0,2,0,0,0,0,0,0,0,0,0,0,0,157,62.25,0,0,0,0,0,0,1,,,,,4,6,,0,1,1,0,0,0,0,1,1,1,0,2,0,,,0,0,82,28.4856775258622,0,0,1,0,1,,0,0,0,0,0,,0,,1,1,0,0,0,,,0,98.8,1,555.240793201133,6.31940188127936,3,0,0,0,63,0,1,13532,13862,13529,41,2170,68.1505463375152,0,Q3,low,high,Q1-Q3,Q1-Q3,CHF,5.94113620807666,1,0,0,0
1,2810650334,2018-02-01,2200.5,2,,,,,,,3,216.1,,12515,1018.27857473392,6.9258688087264,3.3634131368938,1.21295627293637,0,,,,2034.09,,941.272559000463,6.84723274589246,0,,0,12515,,,,12515,0,,,2,5127,6113,12515,,,,,0,0,,,,0,0,,0,12515,"","","","","","","",,,,,,,,,,,,"","",,,,,,,,,,,,0,0,0,0,0,0,0,0,0,0,0,,,,,"",,,,,,,,,,,0,0,0,0,0,2,0,0,0,0,0,0,0,0,0,0,2,186,67.75,0,0,0,0,0,0,1,,,,,3,1,,0,0,0,0,0,0,1,1,1,1,0,,0,,,1,0,60,28.4904925687359,0,0,0,0,0,,0,0,0,0,0,,0,,,,0,0,0,,,0,,0,13.88246182323,2.63062630413741,1,,0,0,,0,0,,15767,,,,,1,Q1,low,,,Q1-Q3,,,,,,
1,2810650650,2018-11-26,12165,2,1,161,68,68,92,0.86,19.6,159.8,5.6,11356,7612.64080100125,8.93756540787354,2.3914924297044,0.871917618632221,0,,38.72,,1599.72,1,1001.07634543179,6.9088310455695,0,68.12,0,11356,0,3,,11356,0,,,1,4377,5680,11356,,,,,0,0,,,,0,0,8,0,11356,"","","","","","","",,,,,,,,,,,,"","",,,,,,,,,,,,0,0,0,0,0,0,0,0,0,0,0,,3.06,14.2,2,011209CJB,218.14,2.14,2,175.1,2,108.471,8,12909,12909,38.72,0,0,0,0,0,8,0,0,0,0,0,0,0,0,,0,0,123,68.75,0,0,0,0,0,0,1,,,,,4,1,,0,1,0,0,0,0,0,,1,1,0,2,0,,,0,0,72,18.2963862126071,0,,0,0,0,,0,0,0,0,0,,0,,,,0,0,0,,,0,79.4,1,122.653316645807,4.80936181188644,2,0,0,0,87,1,1,12208,,12208,27,852,87.5016184023132,0,Q4,high,high,Q4,Q4,,2.33264887063655,0,0,0,0
1,2810651406,2018-07-06,20000,3,1,263,46,179,102,0.98,9.1,125,5.5,11538,16000,9.68034400122192,2.85336743393009,1.04849985255785,0,,36.84,,771.3,1,617.04,6.42493385162574,0,62.86,0,11538,0,3,,11538,0,,,2,,,11538,,,,,0,0,,,,0,0,8,0,11538,C07AB03,100 MG,C07,C07A,C07AB,C07AB03,"",,,,1,,,,1,,,,"","",,,,,,,,,,,,0,0,0,1,0,0,0,1,0,0,0,,6.77,123.8,2,021409CJB,349.764,2.13,40,246.4,40,172.452,8,12484,12484,36.84,1,0,0,0,0,2,0,0,0,0,0,0,0,0,0,0,0,219,63.25,0,0,0,0,0,0,1,,,,,3,0,,0,1,1,0,0,0,0,1,1,1,0,2,0,,,0,0,78,38.4882945709899,0,0,1,0,1,,0,0,0,0,0,,0,,,,0,0,0,,,0,181.2,1,72.8,4.28771595520264,2,0,0,0,55,1,1,,16268,,,,290.909090909091,1,Q4,high,high,Q4,Q4,,,,,,
1,2810651642,2018-02-10,2627.2,2,1,225,75,68,104,0.77,3,65.4,5.7,11782,4017.125382263,8.29832184678305,2.44600591715976,0.894456456378883,0,,30.16,,522.18,1,798.440366972477,6.68266028355442,0,66.62,0,11782,0,3,,11782,0,,,2,,5702,11782,13715,13715,1933,,0,0,,,,0,0,8,0,11782,"","","","","","","",,,,,,,,,,,,"","",,,,,,,,,,,,0,0,0,0,0,0,0,0,0,0,0,,4.7,66.84,2,021909bCJ,322.488,1.9,47,229.4,47,144.291,8,12557,12557,30.16,0,0,0,0,0,2,0,0,0,0,0,0,0,0,0,0,0,183,66.5,1,0,0,0,0,0,1,,,,,4,2,,0,1,0,0,0,0,0,1,1,1,0,2,0,,,0,1,64,29.0946683990717,0,0,0,0,0,,0,0,0,0,0,,0,,,,0,0,0,,,0,136.4,0,45.8715596330275,3.82584530918709,2,0,0,0,82,0,0,,16338,,,,48.9893339300366,1,Q2,low,low,Q1-Q3,Q1-Q3,,,,,,
1,2810652409,2018-02-22,1183.1,2,1,261,122,76,86,0.72,6.4,105.3,6,13091,1123.55175688509,7.02425015810778,2.33592233009709,0.848406815310943,0,,52.12,,2008.1,1,1907.02754036087,7.55330104721658,0,70.65,0,13091,0,3,,13091,0,,,2,,,13091,,,,,0,0,,,,0,0,8,0,13091,"","","","","","","",,,,,,,,,,,,"","",,,,,,,,,,,,0,0,0,0,0,0,0,0,0,0,0,,0.21,43.48,2,022109CJB,519.756,0.99,50,219.4,50,106.889,8,13727,13727,52.12,0,0,0,0,0,3,0,0,0,0,0,0,0,0,0,0,0,175,66.5,1,0,0,0,0,0,1,,,,,8,1,,0,1,0,0,0,0,0,1,1,1,0,2,0,,,0,1,57,27.8227703269811,0,,0,0,0,,0,0,0,0,0,,0,,,,0,0,1,,,0,123.8,1,60.7787274453941,4.10723985020783,2,0,0,0,93,0,0,,17507,,,,12.0812016869365,1,Q1,low,low,Q1-Q3,Q1-Q3,,,,,,
1,2810652698,2018-06-30,20000,3,1,139,56,102,161,0.96,76.7,128.9,6.8,11663,15515.9038013964,9.64962082857908,1.48004201680672,0.392070477107315,1,,19.62,,1181.75,1,916.795965865012,6.8208849457163,0,62.21,0,11663,0,3,,11663,0,,,1,4336,5693,11663,,,,11663,1,1,-4911,6752,,0,0,8,0,11663,C10AX09,20 MG,C10,C10A,C10AA,C10AA01,"",,,,1,1,1,,1,,1,1,C10AA01,"",,,,,,1,1,,,,,0,0,0,1,1,1,1,1,0,1,1,,4.69,103.4,2,020309bCJ,292.994,3.48,24,118.3,24,102.021,8,12852,12852,19.62,1,0,0,0,1,8,0,0,0,0,0,0,0,1,0,0,0,276,72.25,0,0,0,0,0,0,1,,,,,7,6,,0,1,1,1,0,1,0,,1,1,0,2,0,,,0,0,74,37.1739740857387,0,1,1,1,1,,0,0,0,0,0,,0,,1,3,1,1,1,,,0,62.6,1,595.034910783553,6.38862007741021,3,1,0,1,78,1,1,15526,,15526,27,3863,198.921843607647,0,Q4,high,high,Q4,Q4,,10.5763175906913,1,1,0,0
1,2810652752,2018-02-01,2869.3,2,1,201,39,217,113,1.03,3,92,5.7,12518,3118.80434782609,8.04520498550466,,,,,27.98,,388.75,1,422.554347826087,6.0463180724325,0,65.02,0,12518,0,3,,12518,0,,,1,4455,5758,12518,14573,14573,2055,,0,0,,,,0,0,8,0,12518,"","","","","","","",,,,,,,,,,,,"","",,,,,,,,,,,,0,0,0,0,0,0,0,0,0,0,0,,0.4,69.61,2,021809CJB,434.112,0.92,43,201.6,43,149.778,8,13400,13400,27.98,0,0,0,0,0,8,0,0,0,0,0,0,0,0,0,0,0,210,75,0,0,0,0,0,0,1,,,,,7,1,,0,1,0,0,0,0,0,,1,1,0,2,0,,,0,0,48,26.248372496745,0,0,0,0,0,,0,0,0,0,0,,0,,,,0,0,0,,,0,118.6,0,32.6086956521739,3.48457899060121,2,0,0,0,85,0,0,,17181,,,,36.6918158567775,1,Q2,low,low,Q1-Q3,Q1-Q3,,,,,,
7,2810652894,2018-11-24,6874.8,2,1,239,42,127,105,0.88,26,206.7,5.5,3535,3325.97968069666,8.1095195505029,1.97280334728033,0.679455550142002,0,2.7,44.52,46.22,2146.86,2,1038.63570391872,6.94566330778711,0,63.89,0,3535,0,3,,3535,0,,,1,3535,5256,,,5256,1721,,0,0,,,,0,0,8,0,3535,C10AX06,600 MG,C10,C10A,C10AX,C10AX06,"",,,,,,1,,,,,,"","",,,,,,,,,,,,0,0,0,0,0,1,0,0,0,0,0,,1.29,71.91,2,122208CJB,333.936,1.92,1,179.1,1,144.31,3,,,44.52,0,0,0,0,0,,0,0,0,0,0,0,,,,,0,184,65,0,0,0,0,0,0,,,,,,7,6,,1,0,0,0,,,0,,,,0,1,0,,,0,0,66,30.6194032506408,0,0,0,0,0,,0,0,0,0,0,,0,,,,0,0,0,,,0,171.6,1,125.786163522013,4.8345833503159,2,0,1,0,90,0,0,,8197,,,,36.9553297855185,1,Q2,low,low,Q1-Q3,Q1-Q3,,,,,,
1,2810653555,2018-11-26,7259.3,2,1,185,46,204,104,1.11,4.2,232.1,5.3,11234,3127.6604911676,8.04804055714518,3.11806981519507,1.13721416140321,0,,44.24,,1287.84,1,554.864282636795,6.31872354805312,0,66.88,0,11234,0,3,,11234,0,,,1,4330,5660,11234,13348,13348,2114,,0,0,,,,0,0,8,0,11234,M01AE01,800 MG,M01,M01A,M01AE,M01AE01,"",,1,,,,,,,,,,"","",,,,,,,,,,,,0,1,0,0,0,0,0,0,0,0,0,,2.64,102.7,2,011509CJB,333.688,2.05,7,225.9,7,159.829,8,12688,12688,44.24,0,0,0,0,0,8,0,0,0,0,0,0,0,0,0,0,0,271,72.5,0,0,0,0,0,0,1,,,,,7,1,,0,1,0,0,0,0,0,,1,1,0,2,0,,,0,0,58,36.2492387291552,0,0,0,0,0,,0,0,0,0,0,,0,,,,0,0,0,,,0,98.2,1,18.095648427402,2.89567149099107,1,0,0,0,73,0,0,,16481,,,,42.8446642625699,1,Q2,low,low,Q1-Q3,Q1-Q3,,,,,,
1,2810653910,2018-11-26,5984.3,2,1,187,66,40,122,0.75,5.8,123.1,5.5,11868,4861.33225020309,8.48906780488519,2.8762157382847,1.05647545035723,0,,18.74,,1431.1,1,1162.5507717303,7.05837181111451,0,69.56,0,11868,0,3,,11868,0,,,2,4647,5747,11868,14388,14388,2520,,0,0,,,,0,0,8,0,11868,M01AB05,50 MG / 200 MCG,M01,M01A,M01AB,M01AB05,"",,1,,,1,,,,,,,"","",,,,,,,,,,,,0,1,0,0,1,0,0,0,0,0,0,,0.39,45.67,2,011509CJB,211.522,0.85,6,187.4,6,148.74,8,13329,13329,18.74,1,0,0,0,0,2,0,0,0,0,0,0,0,0,0,0,0,132,59.75,0,0,0,0,0,0,1,,,,,3,1,,0,0,1,0,0,0,0,1,1,1,0,,0,,,0,0,64,25.9958321775855,0,0,1,0,1,,0,0,0,0,0,,0,,,,0,0,0,,,0,113,1,47.1161657189277,3.8526161633441,2,0,0,0,84,0,1,,16235,3784,30,4367,57.8730029786082,0,Q3,low,low,Q1-Q3,Q1-Q3,IC,11.9561943874059,1,1,0,0
7,2810654279,2018-11-24,20000,3,1,182,69,115,91,0.67,44.6,243.4,5.4,3247,8216.92686935086,9.01395155797079,,,,1.7,38.88,37.94,1769.22,2,726.877567789647,6.58875805590937,0,68.4,0,3247,0,3,,3247,0,,,2,3247,5141,,,5141,1894,,0,0,,,,0,0,8,0,3247,"","","","","","","",,,,,,,,,,,,"","",,,,,,,,,,,,0,0,0,0,0,0,0,0,0,0,0,,2.12,78.04,2,122908CJB,357.394,18.24,2,127.5,2,83.52,3,,,38.88,1,0,0,0,0,,0,0,0,0,0,0,,,,,0,219,68.75,0,0,0,0,0,0,,1,,,,8,1,,0,1,1,0,,,0,,2,2,0,2,0,,,0,0,55,32.5764925248859,0,0,1,0,1,,0,0,0,0,0,,0,,,,0,0,0,,,0,90,1,183.237469186524,5.21078295745473,2,0,0,0,115,1,1,,7840,,,,71.4515379943553,1,Q4,high,high,Q1-Q3,Q4,,,,,,
1,2810654320,2018-01-10,3975.8,2,1,173,52,81,104,0.83,4.1,164.8,5.7,12581,2412.5,7.78841883321314,1.44748490945674,0.369827505164895,1,,47.08,,952.01,1,577.675970873786,6.3590131074506,0,61.26,0,12581,0,3,,12581,0,,,1,4535,5791,12581,14727,14727,2146,,0,0,,,,0,0,8,0,12581,M01AE01,200 MG,M01,M01A,M01AE,M01AE01,"",,1,,,,,,,,,,"","",,,,,,,,,,,,0,1,0,0,0,0,0,0,0,0,0,,0.29,63.34,2,021209CJB,329.498,1.43,37,92,37,72.098,8,13575,13575,47.08,0,0,0,0,0,8,0,0,0,0,0,0,0,0,0,0,0,154,70.75,0,0,0,0,0,0,1,,,,,7,1,,0,1,0,0,0,0,0,,1,1,0,2,0,,,0,0,53,21.6308429969805,0,0,0,0,0,,0,0,0,0,0,,0,,,,0,0,0,,,0,104.8,1,24.878640776699,3.21400963521703,1,0,0,0,100,0,0,,17360,,,,24.125,1,Q1,low,low,Q1-Q3,Q1-Q3,,,,,,
1,2810654322,2018-12-22,7788.8,2,1,212,32,349,96,0.79,7,66,5.5,12016,11801.2121212121,9.37595752731482,2.88023450586265,1.05787171647972,0,,34.32,,575.06,1,871.30303030303,6.76998982714125,0,73.16,0,12016,0,3,17,12016,0,,,2,4180,5638,12016,,,,,0,0,,,,0,0,8,0,12016,M01AX25,1200 MG,M01,M01A,M01AX,M01AX25,"",,1,,,,1,1,,,,,"","",,,,,,,,,,,,0,1,0,0,0,1,1,0,0,0,0,,1.44,119.7,2,022109CJB,416.052,1.61,49,232.5,49,188.495,8,12664,12664,34.32,0,0,0,0,0,2,0,0,0,0,0,0,0,0,0,0,0,143,61.5,0,0,0,0,0,0,1,,,,,7,0,,,,0,0,0,0,0,1,1,1,0,,0,,,0,0,78,26.5822304398922,0,0,0,1,0,,0,0,0,0,0,,1,13471,,,0,0,0,,,0,110.2,1,106.060606060606,4.66401068601103,2,0,0,1,72,1,1,13475,,13471,17,,163.905723905724,1,Q4,high,high,Q4,Q4,CVA,,,,,
1,2810655288,2018-12-06,6737.8,2,1,254,56,224,96,0.85,3,71,4.9,11760,9489.85915492958,9.15797905007441,1.5140771637122,0.414806120501303,1,,37.08,,1213.94,1,1709.77464788732,7.4441168559511,0,74.89,0,11760,0,3,,11760,0,,,1,4271,5630,11760,13849,13849,2089,,0,0,,,,0,0,8,0,11760,M01AX05,TAB,M01,M01A,M01AX,M01AX25,"",,1,,,,,,,,,,M01AX25,"",,1,,,,,,,,,,0,1,0,0,0,0,0,0,0,0,0,,0.9,35.88,2,012709bCJ,296.642,1.02,18,231.2,18,179.139,8,13037,13037,37.08,0,0,0,0,0,8,0,0,0,0,0,0,0,0,0,0,0,164,66.5,0,0,0,0,0,0,1,,,,,4,6,,0,1,0,0,0,0,0,,1,1,0,2,0,,,0,0,65,26.0739104778566,0,0,0,0,0,,0,0,0,0,0,,0,,,,0,0,0,,,0,153.2,0,42.2535211267606,3.74368769060893,2,0,0,0,91,1,1,,16828,,,,104.284166537688,1,Q4,high,high,Q4,Q4,,,,,,
1,2810656985,2018-12-22,7815.7,2,1,227,116,78,113,0.99,56.9,77.1,6,11703,10137.0946822309,9.22395671560028,1.81284302963776,0.594896347570886,0,,41.32,,658.71,1,854.357976653697,6.75035028236816,0,76.11,0,11703,0,3,,11703,0,,,2,4362,5643,11703,13763,13763,2060,,0,0,,,,0,0,8,0,11703,C03CA01,40 MG,C03,C03C,C03CA,C03CA01,"",,,,,,,,1,,,,"","",,,,,,,,,,,,0,0,0,0,0,0,0,1,0,0,0,,17.17,62.4,2,021709CJB,439.066,6.22,42,269,42,120.303,8,12624,12624,41.32,1,0,0,0,0,2,0,0,0,0,0,0,0,0,0,0,0,187,66,0,0,0,0,0,0,1,,,,,4,6,,0,0,1,0,0,0,0,1,1,1,0,,0,,,0,0,73,30.1827876383026,0,0,1,0,1,,0,0,0,0,0,,0,,,,0,0,1,,,0,95.4,1,738.002594033723,6.60394733954514,3,0,0,0,57,1,1,15685,,15685,28,3982,177.843766354928,0,Q4,high,high,Q4,Q4,Death,10.90212183436,1,1,0,0
1,2810657158,2017-11-26,2271.7,2,1,205,56,128,101,0.73,3,31.8,5.3,12443,7143.7106918239,8.87398762507114,5.24413904607922,1.65711108082057,0,,44.14,,343.08,1,1078.8679245283,6.98366755232418,0,69,0,12443,0,3,,12443,0,,,2,4578,5789,12443,14444,14444,2001,,0,0,,,,0,0,8,0,12443,"","","","","","","",,,,,,,,,,,,"","",,,,,,,,,,,,0,0,0,0,0,0,0,0,0,0,0,,1.57,39.53,2,020309CJB,416.032,2.04,24,220.5,24,168.451,8,13636,13636,44.14,0,0,0,0,0,2,0,0,0,0,0,0,0,0,0,0,0,128,60.5,0,0,0,0,0,0,1,,,,,8,2,,0,1,0,0,0,0,0,1,1,1,0,2,0,,,0,0,76,24.5869599040612,0,0,0,0,0,,0,0,0,0,0,,0,,,,0,0,0,,,0,123.4,0,94.3396226415094,4.54690127786412,2,0,0,0,80,1,1,,17424,,,,89.2963836477987,1,Q4,high,high,Q4,Q4,,,,,,
1,2810657298,2018-06-28,20000,3,1,124,54,54,97,0.74,18.1,123,5,11539,16260.162601626,9.6964733831518,0.738239757207891,-0.303486632876448,1,,24.26,,1249.77,1,1016.07317073171,6.92370064398194,0,65.77,0,11539,0,3,,11539,0,,,1,4347,5713,11539,,,,,0,0,,,,0,0,8,0,11539,M01AB01,50 MG,M01,M01A,M01AB,M01AB01,"",,1,,,,,,,,,,"","",,,,,,,,,,,,0,1,0,0,0,0,0,0,0,0,0,,2.22,46.72,2,022109CJB,428.588,3.23,15,124,15,83.568,8,12869,12869,24.26,0,0,0,0,0,8,0,0,0,0,0,0,0,0,0,0,0,216,72.25,0,0,0,0,0,0,1,,,,,8,6,,0,1,0,0,0,0,0,,1,1,0,2,0,,,0,0,69,29.0926753714477,0,0,0,0,0,,0,0,0,0,0,,0,,,,0,0,1,1,12662,0,59.2,1,147.154471544715,4.9914828618815,2,0,0,0,94,1,1,13350,,13350,27,1811,172.980453208787,0,Q4,high,high,Q4,Q4,,4.95824777549624,1,0,0,0
7,2810658585,2017-08-12,2256.8,2,1,214,64,64,87,1.06,41.9,360.5,6,3241,626.019417475728,6.43938138895087,3.2090059473237,1.16596121545218,0,7,22.08,24.38,1406.83,2,390.244105409154,5.96677245462843,0,76.53,0,3241,0,3,,3241,0,,,1,3241,5046,,,5046,1805,,0,0,,,,0,0,8,0,3241,M01AE02,220 MG,M01,M01A,M01AE,M01AE02,"",,1,,,,,,,,,,"","",,,,,,,,,,,,0,1,0,0,0,0,0,0,0,0,0,,0.67,43.02,2,123008CJB,,,,,,,,,,22.08,0,0,0,0,0,,0,0,0,0,0,0,,,,,0,176,68.5,0,0,0,0,0,0,,1,,,,7,1,,0,1,0,0,,,0,,2,2,0,2,0,,,0,0,65,26.3716399349257,0,0,0,0,0,,0,0,0,0,0,,0,,,,0,0,0,,,0,137.2,1,116.22746185853,4.75554914918523,2,0,0,0,85,0,0,,7832,,,,7.36493432324386,1,Q1,low,low,Q1-Q3,Q1-Q3,,,,,,
7,2810658813,2017-08-16,2227.7,2,1,263,62,63,92,0.86,3.6,124.1,5.6,4212,1795.08460918614,7.49280743584836,3.08444816053512,1.1263727630861,0,0.1,35.96,35.88,675.89,2,544.633360193392,6.30011283468636,0,67.23,0,4212,0,3,,4212,0,,,2,4212,6095,,,6095,1883,,0,0,,,,0,0,8,0,4212,M01AE01,200 MG,M01,M01A,M01AE,M01AE01,"",,1,,,,,,,,,,"","",,,,,,,,,,,,0,1,0,0,0,0,0,0,0,0,0,,0.6,60.22,2,010609CJB,315.902,0.99,4,202.6,4,134.288,3,,,35.96,0,0,0,0,0,,0,0,0,0,0,0,,,,,0,136,64,0,0,0,0,0,0,,1,,,,7,1,,0,1,0,0,,,0,,2,2,0,2,0,,,0,0,59,23.3444998139996,0,0,0,0,0,,0,0,0,0,0,,0,,,,0,0,0,,,0,188.4,0,29.0088638195004,3.36760143223364,1,0,0,0,86,0,0,,8719,,,,20.8730768510016,1,Q1,low,low,Q1-Q3,Q1-Q3,,,,,,
1,2810659175,2017-10-30,2951.9,2,1,238,62,84,101,1.08,3,95.3,5.6,11681,3097.48163693599,8.03834468513576,3.34751773049645,1.20821909520739,0,,36.88,,917.05,1,962.277019937041,6.86930237172498,0,64.05,0,11681,0,3,,11681,0,,,1,4420,5630,11681,13927,13927,2246,,0,0,,,,0,0,8,0,11681,"","","","","","","",,,,,,,,,,,,"","",,,,,,,,,,,,0,0,0,0,0,0,0,0,0,0,0,,0.27,37.13,2,012709CJB,402.402,0.67,16,144.2,16,113.877,8,12984,12984,36.88,0,0,0,0,0,8,0,0,0,0,0,0,0,0,0,0,0,157,68.75,0,0,0,0,0,0,1,,,,,4,1,,0,1,0,0,0,0,0,,1,1,0,2,0,,,0,0,52,23.3539238648725,0,0,0,0,0,,0,0,0,0,0,,0,,,,0,0,0,,,0,159.2,0,31.4795383001049,3.44933775699009,2,0,0,0,78,0,0,,16775,,,,39.7113030376409,1,Q2,low,low,Q1-Q3,Q1-Q3,,,,,,
1,2810659538,2018-02-08,343.1,2,1,218,94,63,89,0.63,3,10.9,5.5,12567,3147.70642201835,8.0544293466174,2.16983523447402,0.774651235855813,0,,24.64,,162.96,1,1495.04587155963,7.30991216867154,0,64.45,0,12567,0,3,,12567,0,,,2,4638,5715,12567,,,,,0,0,,,,0,0,8,0,12567,M01AE01,400 MG,M01,M01A,M01AE,M01AE01,"",,1,,,,,,,,,,"","",,,,,,,,,,,,0,1,0,0,0,0,0,0,0,0,0,,0.41,44.79,2,021909CJB,286.2,0.87,46,216.3,46,115.587,8,13358,13358,24.64,0,0,0,0,0,2,0,0,0,0,0,0,0,0,0,0,0,145,64.75,0,0,0,0,0,0,1,,,,,6,1,,0,1,0,0,0,0,0,1,1,1,0,2,0,,,0,0,52,24.3161083212493,0,0,0,0,0,,0,0,0,0,0,,0,,,,0,0,0,,,0,111.4,0,275.229357798165,5.61760477841515,2,0,0,0,103,0,0,,17139,,,,30.56025652445,1,Q2,low,low,Q1-Q3,Q1-Q3,,,,,,
1,2810659643,2017-12-02,4433.8,2,1,193,68,113,104,0.71,5.5,106.3,5.7,11952,4171.02539981185,8.33591718380004,2.21390778533636,0.794759182712778,0,,34.28,,727.01,1,683.922859830668,6.52784513323729,0,77.6,0,11952,0,3,4,11952,1,4213,16165,2,3935,5848,11952,14160,14160,2208,12728,1,0,776,12728,,0,1,8,1,11952,"","","","","","","",,,,,,,,,,,,"","",,,,,,,,,,,,0,0,0,0,0,0,0,0,0,0,0,,0.77,37.86,2,020409CJB,404.054,1.26,25,239.2,25,136.508,8,13117,13117,34.28,0,0,0,0,0,2,0,0,0,0,0,0,0,0,0,0,0,108,56.75,1,1,0,0,0,0,1,,,,,3,0,,0,1,0,0,0,0,0,1,1,1,0,2,0,,,0,1,80,23.5774936414318,0,0,0,0,0,141,1,1,1,1,1,13395,0,,1,1,0,0,0,,,0,102.4,1,51.7403574788335,3.94623808587266,2,0,0,0,80,0,0,,16904,13395,4,4952,52.1378174976482,0,Q2,low,low,Q1-Q3,Q1-Q3,MI,13.5578370978782,1,1,1,0
1,2810659716,2017-10-25,818.5,2,1,216,75,114,108,0.72,3,25.3,5.5,11221,3235.17786561265,8.08183918706581,3.90836653386454,1.36311952043358,0,,26.24,,517.6,1,2045.84980237154,7.62356853344131,0,66.32,0,11221,0,3,,11221,0,,,2,4262,4828,11221,13531,13531,2310,,0,0,,,,0,0,8,0,11221,M01AX05,500 MG,M01,M01A,M01AX,M01AX05,"",,1,,,,1,,,,,,"","",,,,,,,,,,,,0,1,0,0,0,1,0,0,0,0,0,,0.45,86.03,2,012209CJB,417.356,0.91,12,243.5,12,146.32,8,12593,12593,26.24,0,0,0,0,0,2,0,0,0,0,0,0,0,0,0,0,0,176,65.25,1,1,0,0,0,0,1,,,,,7,6,,0,1,0,0,0,0,0,1,1,1,0,2,0,,,0,1,79,29.0641247156454,0,0,0,0,0,,0,0,0,0,0,,0,,,,0,0,0,,,0,118.2,0,118.577075098814,4.77556317191677,2,0,1,0,80,0,0,16024,,16024,28,4803,40.4397233201581,0,Q2,low,low,Q1-Q3,Q1-Q3,Death,13.1498973305955,1,1,1,0
1,2810660708,2017-12-23,2704.1,2,1,239,62,130,95,0.74,17.1,166.5,5.5,11574,1624.08408408408,7.39269929529514,1.68462083628632,0.52154051550738,0,,30.78,,1844.49,1,1107.8018018018,7.01013297206618,0,69.62,0,11574,0,3,,11574,0,,,2,4270,,11574,13771,13771,2197,,0,0,,,,0,0,8,0,11574,M01AH01,200 MG,M01,M01A,M01AH,M01AH01,"",,1,,1,,,,,,,,"","",,,,,,,,,,,,0,1,0,1,0,0,0,0,0,0,0,,1.44,95.63,2,020609CJB,341.52,3.69,30,257.3,30,151.484,8,12672,12672,30.78,0,0,0,0,0,2,0,0,0,0,0,0,0,0,0,0,0,192,67.5,0,0,0,0,0,0,1,,,,,7,8,,0,1,0,0,0,0,0,1,1,1,0,2,0,,,0,0,71,29.6277925889185,0,0,0,0,0,,0,0,0,0,0,,0,,,,0,0,0,,,0,151,1,102.702702702703,4.63183843307025,2,0,0,0,82,0,0,,16458,,,,19.8059034644401,1,Q1,low,low,Q1-Q3,Q1-Q3,,,,,,
1,2810660852,2017-12-23,4822.6,2,1,213,54,119,109,0.82,37.7,98.2,5.5,12013,4910.99796334012,8.49923245132528,3.35127201565558,1.20933997993268,0,,37.66,,1234.48,1,1257.10794297352,7.13656907839062,0,63.66,0,12013,0,3,,12013,0,,,2,4263,5636,12013,,,,,0,0,,,,0,0,8,0,12013,"","","","","","","",,,,,,,,,,,,"","",,,,,,,,,,,,0,0,0,0,0,0,0,0,0,0,0,,0.85,145.7,2,020709CJB,510.994,0.9,31,254.3,31,174.195,8,13106,13106,37.66,0,0,0,0,0,2,0,0,0,0,0,0,0,0,0,0,0,183,64,0,0,0,0,0,0,1,,,,,3,8,,0,1,0,0,0,0,0,1,1,1,0,2,0,,,0,0,56,31.4120843085436,0,0,0,0,0,,0,0,0,0,0,,0,,,,0,0,0,,,0,135.2,1,383.910386965377,5.95040915807568,3,0,0,0,80,0,1,,16892,,,,61.3874745417515,1,Q3,low,low,Q1-Q3,Q1-Q3,,,,,,
1,2810661136,2017-12-24,1458.5,2,1,218,89,57,83,0.83,3,42.9,5.2,12380,3399.7668997669,8.1314621493619,4.53947368421053,1.51281107674503,0,,48.58,,540.37,1,1259.60372960373,7.13855245016543,0,69.84,0,12380,0,3,,12380,0,,,2,4517,5763,12380,14366,14366,1986,,0,0,,,,0,0,8,0,12380,"","","","","","","",,,,,,,,,,,,"","",,,,,,,,,,,,0,0,0,0,0,0,0,0,0,0,0,,0.52,25.44,2,020709CJB,391.362,0.99,32,192.5,32,113.048,8,13458,13458,48.58,0,0,0,0,0,2,0,0,0,0,0,0,0,0,0,0,0,178,63,0,0,0,0,0,0,1,,,,,6,1,,0,1,0,0,0,0,0,1,1,1,0,2,0,,,0,0,63,31.5314916344119,0,0,0,0,0,,0,0,0,0,0,,0,,,,0,0,1,,,0,117.6,0,69.9300699300699,4.24749574171628,2,0,0,0,75,0,0,,17244,,,,45.3302253302253,1,Q2,low,low,Q1-Q3,Q1-Q3,,,,,,
1,2810662219,2018-06-28,20000,3,1,167,61,100,108,0.66,40.3,127.4,5.9,11664,15698.5871271586,9.66132599538616,1.08351810790835,0.0802132542758088,1,,46.72,,1759.25,1,1380.88697017268,7.23048130369669,0,65.03,0,11664,0,3,17,11664,0,,,1,4697,5638,11664,13882,13882,2218,,0,0,,,,0,0,8,0,11664,C10AA05,10 MG,C10,C10A,C10AA,C10AA05,"",,,,1,,1,1,,,,,"","",,,,,,,,,,,,0,0,0,1,0,1,1,0,0,0,0,,1.14,80.32,2,012109CJB,421.448,1.7,11,241,11,229.212,8,13050,13050,46.72,1,0,0,0,0,8,1,1,0,64,0,0,0,0,0,0,0,198,66,0,0,0,0,0,0,1,,,,,7,1,,0,1,1,0,0,0,0,,1,1,1,2,0,,,0,0,64,31.9582457346733,1,0,1,1,1,,0,0,0,0,0,,1,15581,,,0,0,1,,,0,86,1,316.326530612245,5.75677500479671,3,0,0,1,102,1,1,15581,,15581,17,,153.907716932927,1,Q4,high,high,Q4,Q4,CVA,,,,,
1,2810662306,2018-02-17,3870.1,2,1,146,60,65,95,0.9,3,106.4,5.1,12567,3637.31203007519,8.19900023456382,2.62237762237762,0.964081395710503,0,,25.4,,1476.64,1,1387.81954887218,7.23548912459781,0,57.07,0,12567,0,3,,12567,0,,,1,4587,5835,12567,14498,14498,1931,,0,0,,,,0,0,8,0,12567,"","","","","","","",,,,,,,,,,,,"","",,,,,,,,,,,,0,0,0,0,0,0,0,0,0,0,0,,1.17,75.39,2,021909bCJ,332.308,2.01,48,232.9,48,136.765,8,13300,13300,25.4,0,0,0,0,0,8,0,0,0,0,0,0,0,0,0,0,0,178,71.5,0,0,0,0,0,0,1,,,,,8,1,,0,1,0,0,0,0,0,,1,1,0,2,0,,,0,0,65,24.4801193793302,0,,0,0,0,,0,0,0,0,0,,0,,,,0,0,0,,,0,73,0,28.1954887218045,3.3391619907427,1,0,0,0,89,0,0,,17081,,,,40.8686744952268,1,Q2,low,low,Q1-Q3,Q1-Q3,,,,,,
7,2810662483,2017-08-16,1845,2,1,205,45,123,88,0.78,3.5,127.9,5.4,3862,1442.53322908522,7.27415603387792,3.26587728740581,1.18352842109464,0,4.8,45.16,48.34,987.33,2,771.954652071931,6.64892580746,0,65.83,0,3862,0,3,,3862,0,,,1,3862,5858,,,5858,1996,,0,0,,,,0,0,8,0,3862,C10AX06,1,C10,C10A,C10AX,C10AX06,"",,,,,,1,,,,,,"","",,,,,,,,,,,,0,0,0,0,0,1,0,0,0,0,0,,0.89,60.44,2,010609CJB,325.144,2.53,4,237,4,175.386,3,,,45.16,0,0,0,0,0,,0,0,0,0,0,0,,,,,0,143,60.5,0,0,0,0,0,0,,,,,,3,6,,1,0,0,0,,,0,,,,0,1,0,,,0,0,66,27.4682442678184,0,0,0,0,0,,0,0,0,0,0,,0,,,,0,0,0,,,0,135.4,0,27.3651290070367,3.30926953889271,1,0,1,0,94,0,0,,8342,,,,15.3460981817577,1,Q1,low,low,Q1-Q3,Q1-Q3,,,,,,
1,2810662851,2018-02-22,975.2,2,1,210,68,85,76,0.87,3,17,5.3,12337,5736.4705882353,8.65459942009894,3.79436405178979,1.33351682151933,0,,34.76,,180.59,1,1062.29411764706,6.96818611039613,0,63.59,0,12337,0,3,,12337,0,,,2,4635,5658,12337,14569,14569,2232,,0,0,,,,0,0,8,0,12337,"","","","","","","",,,,,,,,,,,,"","",,,,,,,,,,,,0,0,0,0,0,0,0,0,0,0,0,,2.46,47.67,2,022109CJB,268.158,1.03,49,228.8,49,145.053,8,12992,12992,34.76,1,0,0,0,0,2,1,1,1,0,0,0,0,0,0,0,0,128,64,1,1,0,0,0,0,1,,,,,3,2,,0,1,1,0,0,0,0,1,1,1,2,2,0,,,0,1,56,21.9712939425879,1,0,1,0,1,,0,0,0,0,0,,0,,,,0,0,0,,,0,125,0,176.470588235294,5.17315422359403,2,0,0,0,74,0,1,,16551,,,,77.5198728139905,1,Q3,high,high,Q1-Q3,Q1-Q3,,,,,,
7,2810663611,2018-11-24,10093.9,2,1,148,27,169,94,0.98,3.6,161.6,5.5,3821,6246.22524752475,8.73973259987686,1.52081218274112,0.419244522905076,1,12.9,36.6,43.92,733.18,2,453.700495049505,6.11743727780775,0,63.76,0,3821,0,3,,3821,0,,,1,3821,5323,,,5323,1502,,0,0,,,,0,0,8,0,3821,"","","","","","","",,,,,,,,,,,,"","",,,,,,,,,,,,0,0,0,0,0,0,0,0,0,0,0,,0.37,137.8,2,010509CJB,402.806,1.64,4,195,4,133.573,3,,,36.6,0,0,0,0,0,,0,0,0,0,0,0,,,,,0,205,71.75,0,0,0,0,0,0,1,,,,,1,1,,1,0,0,0,,,0,,1,1,0,1,0,,,0,0,56,27.9972685380911,0,,0,0,0,,0,0,0,0,0,,0,,,,0,0,0,,,0,87.2,0,22.2772277227723,3.10356497835721,1,0,0,0,86,0,1,,8344,,,,72.6305261340088,1,Q3,high,high,Q1-Q3,Q1-Q3,,,,,,
1,2810663645,2017-08-23,1790.3,2,1,165,44,73,123,0.84,4.5,34.5,5.9,11787,5189.27536231884,8.55434934450801,2.92616033755274,1.07369109861976,0,,40.98,,539.76,1,1564.52173913043,7.35533545826995,0,,0,11787,,,41,11787,1,4973,16760,1,4531,5775,11787,14013,14013,2226,,0,0,,,,0,1,,1,11787,M01AX05,CAPSULE,M01,M01A,M01AX,M01AX25,"",,1,1,,1,1,1,1,,,,M01AX25,"",,1,,,,,,,,,,0,1,1,0,1,1,1,1,0,0,0,,5.77,125.2,2,010909CJB,415.452,9.11,1,209.9,1,158,8,13391,13391,40.98,1,0,0,0,0,8,0,0,0,0,0,0,0,0,0,0,0,230,66.5,0,0,0,0,0,0,1,,,,,3,,,0,0,1,0,0,0,0,,1,1,0,,0,,,0,0,74,36.5670695726037,0,0,1,1,1,,0,0,0,0,0,,0,,,,0,0,1,,,0,106.4,1,130.434782608696,4.8708733517211,2,0,0,1,86,0,1,17134,,16760,41,,60.340411189754,1,Q3,low,low,Q1-Q3,Q1-Q3,CHF,,,,,
1,2810664274,2018-12-06,7467.5,2,1,167,63,84,103,0.9,3.3,139.2,5.4,12267,5364.58333333333,8.58757398817804,1.5278431372549,0.423857026609954,1,,39.22,,1834.2,1,1317.6724137931,7.18362213621262,0,61.74,0,12267,0,3,,12267,0,,,1,5307,6380,12267,14344,14344,2077,,0,0,,,,0,0,8,0,12267,C10AA05,40 MG,C10,C10A,C10AA,C10AA05,"",,,,1,,1,1,,,,,"","",,,,,,,,,,,,0,0,0,1,0,1,1,0,0,0,0,,1.77,28.11,2,012209CJB,291.244,1.68,12,107.9,12,77.033,8,13632,13632,39.22,1,0,0,0,0,8,0,0,0,0,0,0,0,0,0,0,0,190,68.75,0,0,0,0,0,0,1,,,,,7,1,,0,1,1,0,0,0,0,,1,1,0,2,0,,,0,0,58,28.2627104097183,0,0,1,1,1,,0,0,0,0,0,,0,,,,0,0,1,,,0,87.2,0,23.7068965517241,3.16576599955425,1,0,0,1,94,0,1,,17424,,,,57.0700354609929,1,Q3,low,low,Q1-Q3,Q1-Q3,,,,,,
1,2810664727,2017-11-26,1229.3,2,1,112,42,102,103,0.95,49.5,140,5.7,12406,878.071428571429,6.77772794405208,2.53444676409186,0.929975374208528,0,,39.76,,1193.21,1,852.292857142857,6.74793019680894,0,65.88,0,12406,0,3,,12406,0,,,1,5138,6324,12406,14450,14450,2044,,0,0,,,,0,0,8,0,12406,M01AX05,TAB,M01,M01A,M01AX,M01AX25,"",,1,,,,1,1,,,,,M01AX25,"",,1,,,,,,,,,,0,1,0,0,0,1,1,0,0,0,0,,0.83,68.57,2,020309CJB,301.206,1.19,23,159.1,23,135.545,8,13608,13608,39.76,0,0,0,0,0,8,0,0,0,0,0,0,0,0,0,0,0,228,70,0,0,0,0,0,0,1,,,,,8,1,,0,1,0,0,0,0,0,,1,1,0,2,0,,,0,0,61,32.7148082867594,0,0,0,1,0,,0,0,0,0,0,,0,,,,0,0,0,,,0,49.6,1,353.571428571429,5.86808552594748,3,0,0,1,86,0,0,,17396,,,,10.2101328903654,1,Q1,low,low,Q1-Q3,Q1-Q3,,,,,,
1,2810664890,2017-12-23,1285.3,2,1,202,64,55,103,0.85,5.1,34.4,5.4,12285,3736.33720930233,8.22586105472483,3.78422273781903,1.33084051251727,0,,31.3,,258.95,1,752.761627906977,6.62374861447864,0,,0,12285,,,,12285,0,,,2,4629,5757,12285,14268,14268,1983,,0,0,,,,0,0,,0,12285,"","","","","","","",,,,,,,,,,,,"","",,,,,,,,,,,,0,0,0,0,0,0,0,0,0,0,0,,0.65,41.73,2,020609CJB,318.276,1.05,29,208.7,29,149.483,8,13393,13393,31.3,0,0,0,0,0,2,0,0,0,0,0,0,0,0,0,0,0,136,64.5,0,0,0,0,0,0,1,,,,,7,2,,0,1,0,0,0,0,0,1,1,1,0,2,0,,,0,0,53,22.9839724146728,0,0,0,0,0,,0,0,0,0,0,,0,,,,0,0,0,,,0,127,1,148.255813953488,4.99893925433307,2,0,0,0,78,0,0,,17179,,,,47.9017590936196,1,Q2,low,low,Q1-Q3,Q1-Q3,,,,,,
1,2810665847,2017-12-02,4837.9,2,1,268,47,175,107,0.96,3.8,77.9,5.6,12244,6210.39794608472,8.73398025436952,2.68460264900662,0.987532727812558,0,,27.98,,1008.47,1,1294.56996148909,7.16593384291397,0,65.24,0,12244,0,3,,12244,0,,,1,4509,5743,12244,14415,14415,2171,,0,0,,,,0,0,8,0,12244,"","","","","","","",,,,,,,,,,,,"","",,,,,,,,,,,,0,0,0,0,0,0,0,0,0,0,0,,0.59,31.67,2,020409CJB,352.788,1.09,25,370.3,25,250.723,8,13412,13412,27.98,0,0,0,0,0,8,0,0,0,0,0,0,0,0,0,0,0,167,67.75,0,0,0,0,0,0,1,,,,,4,1,,0,1,0,0,0,0,0,,1,1,0,2,0,,,0,0,53,25.5801734353704,0,,0,0,0,,0,0,0,0,0,,0,,,,0,0,0,,,0,186,0,48.7804878048781,3.88733039283777,2,0,0,0,90,0,1,,17200,,,,69.0044216231636,1,Q3,high,high,Q1-Q3,Q1-Q3,,,,,,
1,2810666347,2018-01-14,608.4,2,1,141,70,52,89,0.79,3,23.8,5.7,11953,2556.3025210084,7.8463171656958,3.11251862891207,1.13543224696555,0,,30.96,,292.51,1,1229.03361344538,7.11398345943236,0,62.11,0,11953,0,3,,11953,0,,,2,4441,5702,11953,13521,13521,1568,,0,0,,,,0,0,8,0,11953,C10AA05,20 MG,C10,C10A,C10AA,C10AA05,"",,,,,,1,1,,,,,"","",,,,,,,,,,,,0,0,0,0,0,1,1,0,0,0,0,,0.33,48.88,2,021309CJB,440.802,19.1,40,180,40,87.474,8,12905,12905,30.96,0,0,0,0,0,2,0,0,0,0,0,0,0,0,0,0,0,201,67.25,0,0,0,0,0,0,1,,,,,4,1,,0,1,0,0,0,0,0,1,1,1,0,2,0,,,0,0,62,31.2476306604332,0,0,0,1,0,,0,0,0,0,0,,0,,,,0,0,0,,,0,60.6,0,126.050420168067,4.83668198697282,2,0,0,1,80,0,0,,16649,,,,31.953781512605,1,Q1,low,low,Q1-Q3,Q1-Q3,,,,,,
1,2810667010,2017-11-18,692.2,2,1,207,80,78,80,0.74,3,23.6,5.4,11241,2933.05084745763,7.98379840515777,4.43648699585375,1.48986284611658,0,,32.88,,120.82,1,511.949152542373,6.23822530866712,0,68.95,0,11241,0,3,,11241,0,,,2,,5102,11241,13253,13253,2012,,0,0,,,,0,0,8,0,11241,M01AX05,500/400 MG,M01,M01A,M01AX,M01AX25,"",,1,,,,,,,,,,M01AX25,"",,1,,,,,,,,,,0,1,0,0,0,0,0,0,0,0,0,,0.38,37.84,2,012909CJB,247.624,1.35,19,271.4,19,175.815,8,12494,12494,32.88,0,0,0,0,0,2,0,0,0,0,0,0,0,0,0,0,0,130,64.5,0,0,0,0,0,0,1,,,,,7,5,,0,1,0,0,0,0,0,1,1,1,0,2,0,,,0,0,53,21.9699736316725,0,0,0,0,0,,0,0,0,0,0,,0,,,,0,0,0,,,0,111.4,0,127.118644067797,4.84512085561868,2,0,0,0,92,0,0,,16285,,,,31.8809874723655,1,Q2,low,low,Q1-Q3,Q1-Q3,,,,,,
1,2810667847,2018-06-28,20000,3,1,213,35,173,117,0.72,3.4,106.3,6.1,11454,18814.6754468485,9.84239245317632,,,,,34.88,,1836.42,1,1727.58231420508,7.4544782038294,0,64.78,0,11454,0,3,,11454,0,,,2,4496,5987,11454,13560,13560,2106,,0,0,,,,0,0,8,0,11454,M01AE01,800 MG,M01,M01A,M01AE,M01AE01,"",,1,,1,,,,,,,1,"","",,,,,,,,,,,,0,1,0,1,0,0,0,0,0,0,1,,11.43,77.35,2,012109CJB,420.8,5.58,11,150.5,11,147.997,8,12840,12840,34.88,2,0,0,0,0,2,1,0,0,66,0,0,0,0,0,0,0,201,63.75,0,0,1,1,0,0,1,,,,,4,6,,0,1,1,0,0,0,0,1,1,1,1,2,0,,,0,1,68,34.7729304455149,0,0,1,0,1,,0,0,0,0,0,,0,,,,0,0,0,,,0,143.4,0,31.9849482596425,3.46526542525635,2,0,0,0,86,1,1,,16632,,,,218.775295893588,1,Q4,high,high,Q4,Q4,,,,,,
1,2810668073,2018-01-08,3468.7,2,1,225,88,108,106,0.79,23.1,76.2,5.8,12252,4552.09973753281,8.42334388627193,2.45446880269815,0.897910364187953,0,,48.08,,829.21,1,1088.20209973753,6.99228216360109,0,71.89,0,12252,0,3,,12252,0,,,2,4582,5705,12252,,,,13358,1,0,1106,13358,,0,0,8,0,12252,C03BA04,12.5 MG,C03,C03B,C03BA,C03BA04,"",,,,,,,,1,,,,"","",,,,,,,,,,,,0,0,0,0,0,0,0,1,0,0,0,,1.81,61.28,2,021109bCJ,304.646,1.32,36,191.6,36,112.853,8,13261,13261,48.08,1,0,0,0,0,2,0,0,0,0,0,0,0,0,0,0,0,108,61.5,0,0,0,0,0,0,1,,,,,3,6,,0,1,1,0,0,0,0,1,1,1,0,2,0,,,0,0,83,20.076090122436,0,0,1,0,1,,0,0,0,0,0,,0,,1,1,0,0,0,,,0,115.4,1,303.149606299213,5.71422643381728,3,0,0,0,69,0,1,13788,16253,13788,28,1536,65.9724599642436,0,Q3,low,high,Q1-Q3,Q1-Q3,Death,4.20533880903491,1,0,0,0
1,2810668142,2017-10-29,586.3,2,1,203,40,184,103,1.22,9.8,62.5,5.5,11163,938.08,6.84383523321591,2.70545829042225,0.995271321394215,0,,37.12,,399.88,1,639.808,6.46116813134472,0,64.35,0,11163,0,3,,11163,0,,,1,,5634,11163,,,,,0,0,,,,0,0,8,0,11163,M01AX25,"",M01,M01A,M01AX,M01AX05,"",,1,,,,1,,,,,,M01AX05,"",,1,,,,,,,,,,0,1,0,0,0,1,0,0,0,0,0,,9.92,76.51,2,012609CJB,624.83,5.63,15,256.6,15,170.613,8,12494,12494,37.12,0,0,0,0,0,8,0,0,0,0,0,0,0,0,0,0,0,184,68.5,0,0,0,0,0,0,1,,,,,3,8,,0,1,0,0,0,0,0,,1,1,0,2,0,,,0,0,65,27.5703508410587,0,0,0,0,0,,0,0,0,0,0,,0,,,,0,0,0,,,0,126.2,1,156.8,5.05497110791631,2,0,1,0,62,0,0,,16285,13364,6,5122,15.1303225806452,1,Q1,low,low,Q1-Q3,Q1-Q3,Angina,14.0232717316906,1,1,1,0
1,2810668906,2018-12-17,4096.8,2,1,200,48,93,96,0.78,3,98.1,5.5,12743,4176.14678899083,8.33714427956512,,,,,38.06,,599.86,1,611.478083588176,6.41587911407313,0,67.06,0,12743,0,3,,12743,0,,,2,4627,5875,12743,14862,14862,2119,,0,0,,,,0,0,8,0,12743,M01AE02,220 MG,M01,M01A,M01AE,M01AE02,"",,1,,1,,,,1,,,,"","",,,,,,,,,,,,0,1,0,1,0,0,0,1,0,0,0,,2.41,43.04,2,020509CJB,296.004,1.69,28,222,28,133.364,8,13869,13869,38.06,1,0,0,0,0,2,0,0,0,0,0,0,0,0,0,0,0,190,64.75,0,0,0,0,0,0,1,,,,,6,7,,0,1,1,0,0,0,0,1,1,1,0,2,0,,,0,0,67,31.862486765775,0,0,1,0,1,,0,0,0,0,0,,0,,,,0,0,1,,,0,133.4,0,30.5810397553517,3.42038020107893,2,0,0,0,79,0,0,,17655,,,,52.8626175821624,1,Q2,low,low,Q1-Q3,Q1-Q3,,,,,,
1,2810669235,2018-12-15,6399.4,2,1,169,61,114,97,0.7,3,107.4,5.1,12368,5958.4729981378,8.69256951886628,2.7447973713034,1.00970725486104,0,,21.6,,1074.65,1,1000.6052141527,6.90836031006661,0,69.67,0,12368,0,3,,12368,0,,,2,4518,5743,12368,14373,14373,2005,,0,0,,,,0,0,8,0,12368,"","","","","","","",,,,,,,,,,,,"","",,,,,,,,,,,,0,0,0,0,0,0,0,0,0,0,0,,3.76,46.24,2,021009CJB,151.766,0.8,34,223.1,34,126.514,8,13410,13410,21.6,0,0,0,0,0,0,0,0,0,0,0,0,0,0,0,0,0,158,67,0,0,0,0,0,0,1,,,,,7,1,,0,1,0,0,0,0,0,0,1,1,0,2,0,,,0,0,48,24.7464607203663,0,0,0,0,0,,0,0,0,0,0,,0,,,,0,0,0,,,0,85.2,0,27.9329608938548,3.32980738557548,1,0,0,0,102,0,1,,17195,,,,58.4164019425275,1,Q3,high,low,Q1-Q3,Q1-Q3,,,,,,
1,2810669375,2018-01-28,2450.5,2,1,162,76,96,93,0.6,5.5,33.8,5.1,12362,7250,8.88875674784872,1.74306393244873,0.555644445411238,0,,62.98,,543.24,1,1607.21893491124,7.38226059473499,0,66.1,0,12362,0,3,,12362,0,,,2,4580,5707,12362,14358,14358,1996,14931,1,0,941,13303,,0,0,8,0,12362,C10AX06,10 MG,C10,C10A,C10AX,C10AX06,"",,,,,1,1,,,,,,"","",,,,,,,,,,,,0,0,0,0,1,1,0,0,0,0,0,,2.63,47.01,2,021709CJB,302.882,3.11,42,151.4,42,86.769,8,13269,13269,62.98,1,0,0,0,0,2,0,0,0,0,0,0,0,0,0,0,0,133,61.75,0,0,0,0,0,0,1,,,,,5,0,,0,1,1,0,0,0,0,1,1,1,0,2,0,,,0,0,77,24.5235495142432,0,0,1,0,1,,0,0,0,0,0,,0,,1,2,0,0,1,,,0,66.8,1,162.721893491124,5.09204256873159,2,0,1,0,88,1,1,,17053,,,,82.3863636363637,1,Q4,high,high,Q1-Q3,Q4,,,,,,
1,2810671200,2018-11-26,9877.4,2,1,135,50,64,99,0.63,4.4,52.5,6,12173,18814.0952380952,9.84236161460558,1.46188747731397,0.379728393464115,1,,33.82,,1432.78,1,2729.10476190476,7.91172890835729,0,70.32,0,12173,0,3,41,12173,1,-7619,4554,2,4648,5837,12173,14450,14450,2277,12173,1,1,-7619,4554,,1,0,6,1,12173,C10AA02,50/25,C03,C03A,C03AA,C03AA03,"",,,,1,,1,1,1,,1,1,C03AA03,"",,,,,,,,1,,,,0,0,0,1,0,1,1,1,0,1,1,,2.97,43.25,2,010809CJB,351.942,1.99,1,152.7,1,120.026,8,13790,13790,33.82,1,0,0,0,1,2,0,0,0,0,0,0,0,1,0,0,0,160,67.75,0,0,0,0,0,0,1,,,,,3,6,,0,0,1,1,0,1,0,1,1,1,0,,0,,,0,0,76,24.507950596762,0,1,1,1,1,143,1,0,0,0,0,,0,,1,3,1,1,0,,,0,72.2,1,83.8095238095238,4.42854665030877,2,1,0,1,87,1,1,15781,,4554,41,,216.253968253968,1,Q4,high,high,Q4,Q4,CHF,,,,,
1,2810671324,2018-01-28,364.9,2,1,200,73,69,94,0.93,3,18.8,5.5,11690,1940.95744680851,7.57093665959459,6.39949324324324,1.85621880648742,0,,56.9,,62.04,1,330,5.79909265446053,0,73.3,0,11690,0,3,,11690,0,,,2,4250,5657,11690,13743,13743,2053,,0,0,,,,0,0,8,0,11690,"","","","","","","",,,,,,,,,,,,"","",,,,,,,,,,,,0,0,0,0,0,0,0,0,0,0,0,,1.26,35.27,2,021809CJB,473.91,1.46,43,167.8,43,102.955,8,12579,12579,56.9,0,0,0,0,0,2,0,0,0,0,0,0,0,0,0,0,0,129,61.75,0,0,0,0,0,0,1,,,,,3,0,,0,0,0,0,0,0,0,1,1,1,0,,0,,,0,0,65,23.7859991529126,0,0,0,0,0,,0,0,0,0,0,,0,,,,0,0,1,,,0,113.2,0,159.574468085106,5.07251069781434,2,0,0,0,64,0,0,,16360,,,,30.327460106383,1,Q1,low,low,Q1-Q3,Q1-Q3,,,,,,
7,2810671499,2017-08-12,1514.6,2,1,245,136,52,98,0.76,9.7,48.7,5.5,3093,3110.06160164271,8.04239781257927,5.30009233610342,1.66772424231262,0,1.5,48.32,49.38,239.54,2,491.868583162218,6.19821157341891,0,73.04,0,3093,0,3,,3093,0,,,2,3093,5062,,,5062,1969,,0,0,,,,0,0,8,0,3093,C03AA03,50 MG,C03,C03A,C03AA,C03AA03,"",,,,,,,,1,,,,"","",,,,,,,,,,,,0,0,0,0,0,0,0,1,0,0,0,,0.2,68.4,2,122208CJB,206.42,0.71,1,160.9,1,74.832,3,,,48.32,1,0,0,0,0,,0,0,0,0,0,0,,,,,0,131,60.75,0,0,0,0,0,0,,1,,,,8,2,,0,1,1,0,,,0,,2,2,0,2,0,,,0,0,67,24.9565382532686,0,0,1,0,1,,0,0,0,0,0,,0,,,,0,0,0,,,0,98.6,1,199.17864476386,5.29420213440293,2,0,0,0,94,0,0,,7805,,,,33.0857617196033,1,Q2,low,low,Q1-Q3,Q1-Q3,,,,,,
1,2810671507,2018-12-15,6924.3,2,1,194,43,125,105,0.83,3,90.1,5.8,12512,7685.12763596005,8.94704226428761,,,,,41.82,,1031.77,1,1145.13873473918,7.04328107435944,0,66.14,0,12512,0,3,,12512,0,,,2,4563,5788,12512,,,,,0,0,,,,0,0,8,0,12512,M01AE01,400 MG,M01,M01A,M01AE,M01AE01,"",,1,,,,,,,,,,"","",,,,,,,,,,,,0,1,0,0,0,0,0,0,0,0,0,,2.09,87.5,2,020909CJB,510.684,4.06,33,206.8,33,151.455,8,13575,13575,41.82,0,0,0,0,0,2,0,0,0,0,0,0,0,0,0,0,0,127,62.75,0,0,0,0,0,0,1,,,,,2,6,,0,1,0,0,0,0,0,1,1,1,0,2,0,,,0,0,78,22.6768054050386,0,0,0,0,0,,0,0,0,0,0,,0,,,,0,0,0,,,0,126,0,33.2963374028857,3.50544740303595,2,0,0,0,68,1,1,16010,,16010,28,3498,113.016582881765,0,Q4,high,high,Q4,Q4,Death,9.57700205338809,1,0,0,0
1,2810672039,2017-10-28,3646.8,2,1,286,62,78,104,0.61,11.8,69.5,5.6,12106,5247.19424460432,8.56544878312809,2.635,0.968883181993326,0,,51.2,,631.33,1,908.388489208633,6.81167213865028,0,70.4,0,12106,0,3,3,12106,0,,,2,,5723,12106,,,,,0,0,,,,0,0,8,0,12106,"","","","","","","",,,,,,,,,,,,"","",,,,,,,,,,,,0,0,0,0,0,0,0,0,0,0,0,,0.87,50.17,2,012309CJB,470.63,1.5,14,206.3,14,158.648,8,13450,13450,51.2,0,0,0,0,0,2,0,0,0,0,0,0,0,0,0,0,0,121,63.5,0,0,0,0,0,0,1,,,,,5,8,,0,1,0,0,0,0,0,1,1,1,0,2,0,,,0,0,75,21.0981090323517,0,0,0,0,0,,0,0,0,0,1,12375,0,,,,0,0,0,,,0,208.4,1,169.784172661871,5.13452805788301,2,0,0,0,89,0,1,12375,,12375,3,,58.9572387034193,1,Q3,low,low,Q1-Q3,Q1-Q3,MI,,,,,
1,2810672155,2018-02-01,3310.4,2,1,131,43,40,101,0.78,5.2,123.5,5.5,12800,2680.48582995951,7.89375333691134,2.04748603351955,0.716612715485951,0,,37.14,,1874.4,1,1517.73279352227,7.32497291711365,0,,0,12800,,,41,12800,1,3379,16179,1,4477,5826,12800,14899,14899,2099,16187,1,0,3387,16187,,0,1,,1,12800,M01AX05,1000 MG,M01,M01A,M01AX,M01AX05,"",,1,,,,,,,,,,"","",,,,,,,,,,,,0,1,0,0,0,0,0,0,0,0,0,,8.74,79.47,2,021809bCJ,192.81,23.28,44,174,44,104.003,8,13666,13666,37.14,0,0,0,0,0,8,0,0,0,0,0,0,0,0,0,0,0,216,67,0,0,0,0,0,0,1,,,,,4,1,,0,1,0,0,0,0,0,,1,1,0,2,0,,,0,0,62,33.8306045291084,0,0,0,0,0,,0,0,0,0,0,,0,,1,1,0,0,0,2,15333,0,80,1,42.1052631578947,3.74017274850149,2,0,0,0,97,0,0,16651,,16179,41,,27.6338745356651,1,Q1,low,low,Q1-Q3,Q1-Q3,CHF,,,,,
1,2810672179,2018-12-08,7704,2,1,234,82,72,98,0.72,3,86,5.5,11600,8958.13953488372,9.10031784321255,,,,,29.58,,1489.83,1,1732.36046511628,7.45724018820515,0,65.63,0,11600,0,3,41,11600,1,4915,16515,2,4321,5700,11600,,,,,0,0,,,,0,1,8,1,11600,C10AX06,"",C10,C10A,C10AX,C10AX06,"",,,,,,1,,,,,,"","",,,,,,,,,,,,0,0,0,0,0,1,0,0,0,0,0,,1.58,41.34,2,020609CJB,390.102,1.05,30,219.2,30,143.252,8,12700,12700,29.58,0,0,0,0,0,2,0,0,0,0,0,0,0,0,0,0,0,167,61.5,0,0,0,0,0,0,1,,,,,4,6,,0,1,0,0,0,0,0,1,1,1,0,2,0,,,0,0,77,31.0435838004335,0,0,0,0,0,,0,0,0,0,0,,0,,,,0,0,1,,,0,137.6,0,34.8837209302326,3.55202027139674,2,0,1,0,81,1,1,,16486,1345,30,4886,110.594315245478,0,Q4,high,high,Q4,Q4,IC,13.3771389459274,1,1,1,0
1,2810672208,2018-12-22,5814.5,2,1,184,57,86,105,1.11,17.3,204.9,5.4,11805,2837.72571986335,7.95075820747634,1.77020506634499,0.571095396566957,0,,47.22,,1441,1,703.269887750122,6.55574072674276,0,62.39,0,11805,0,3,,11805,0,,,1,4257,5664,11805,13828,13828,2023,,0,0,,,,0,0,8,0,11805,"","","","","","","",,,,,,,,,,,,"","",,,,,,,,,,,,0,0,0,0,0,0,0,0,0,0,0,,0.19,46.33,2,021409CJB,296.366,1.05,41,219.6,41,144.872,8,12736,12736,47.22,0,0,0,0,0,8,0,0,0,0,0,0,0,0,0,0,0,213,69.75,0,0,0,0,0,0,1,,,,,7,1,,0,1,0,0,0,0,0,,1,1,0,2,0,,,0,0,56,30.7819970478651,0,0,0,0,0,,0,0,0,0,0,,0,,,,0,0,0,,,0,109.8,1,84.431429965837,4.43593972524102,2,0,0,0,74,0,0,,16520,,,,38.3476448630182,1,Q2,low,low,Q1-Q3,Q1-Q3,,,,,,
1,2810672276,2018-12-08,7553,2,1,153,57,50,89,0.79,6.2,157.4,5.4,12601,4798.60228716646,8.47607996431824,3.09568965517241,1.13001071012567,0,,33.08,,1268.4,1,805.84498094028,6.69189139266898,0,68.93,0,12601,0,3,,12601,0,,,2,4609,5813,12601,14590,14590,1989,,0,0,,,,0,0,8,0,12601,"","","","","","","",,,,,,,,,,,,"","",,,,,,,,,,,,0,0,0,0,0,0,0,0,0,0,0,,0.45,45.46,2,020309CJB,412.976,1,23,161.2,23,121.446,8,13797,13797,33.08,0,0,0,0,0,2,0,0,0,0,0,0,0,0,0,0,0,136,65,0,0,0,0,0,0,1,,,,,3,1,,0,1,0,0,0,0,0,1,1,1,0,2,0,,,0,0,60,22.6317328374302,0,0,0,0,0,,0,0,0,0,0,,0,,,,0,0,0,,,0,86,1,39.3900889453621,3.67351423504988,2,0,0,0,81,0,1,,17585,,,,59.2420035452649,1,Q3,low,low,Q1-Q3,Q1-Q3,,,,,,
1,2810673258,2017-12-14,3782.7,2,1,171,51,82,116,0.94,3,68.5,5.8,12263,5522.1897810219,8.6165297600672,2.19112940100594,0.784417119118517,0,,47.68,,557.72,1,814.189781021898,6.70219348504673,0,,0,12263,,,,12263,0,,,1,,,12263,14762,14762,2499,,0,0,,,,0,0,,0,12263,"","","","","","","",,,,,,,,,,,,"","",,,,,,,,,,,,0,0,0,0,0,0,0,0,0,0,0,,1.01,106.6,2,020409bCJ,450.796,1.26,27,134.2,27,92.485,8,13412,13412,47.68,0,0,0,0,0,8,0,0,0,0,1,0,0,0,0,0,0,150,63,0,0,0,0,0,0,1,,,,,7,6,,0,1,0,0,0,0,0,,1,1,0,2,1,,,0,0,69,26.571481714392,0,0,0,0,0,,0,0,0,0,0,,0,,,,0,0,1,,,0,103.6,0,43.7956204379562,3.77953382238207,2,0,0,0,82,0,1,,17199,,,,67.3437778173402,1,Q3,low,high,Q1-Q3,Q1-Q3,,,,,,
1,2810673481,2018-06-28,20000,3,1,185,40,116,114,0.7,6.1,122.3,5.6,11523,16353.2297628782,9.70218069583109,2.94947025264874,1.08162557885283,0,,53.06,,1889.35,1,1544.84873262469,7.34268127685229,0,67.56,0,11523,0,3,,11523,0,,,2,,5697,11523,,,,,0,0,,,,0,0,8,0,11523,M01AE01,800 MG,M01,M01A,M01AE,M01AE01,"",,1,,,1,,,1,,,,"","",,,,,,,,,,,,0,1,0,0,1,0,0,1,0,0,0,,0.85,61.49,2,011609CJB,393.458,3.97,8,373.3,8,222.705,8,12958,12958,53.06,1,0,0,0,0,2,1,1,1,0,0,0,0,0,0,0,0,128,67,0,0,0,0,0,0,1,,,,,3,6,,0,0,1,0,0,0,0,1,1,1,2,,0,,,0,0,63,20.047765646879,1,0,1,0,1,,0,0,0,0,0,,0,,,,0,0,0,,,0,121.8,1,49.8773507767784,3.90956700746828,2,0,0,0,92,1,1,13614,,13614,21,2091,177.752497422589,0,Q4,high,high,Q4,Q4,CHD Death,5.72484599589322,1,0,0,0
1,2810673658,2017-09-30,3822.6,2,0,217,39,214,105,0.82,4.1,89.2,5.7,12328,4285.42600896861,8.36297524475263,0.933047210300429,-0.0692994788785915,1,,77.68,,1130.6,1,1267.48878923767,7.14479289064332,0,64.36,0,12328,0,3,,12328,0,,,1,4557,5788,12328,,,,,0,0,,,,0,0,8,0,12328,"","","","","","","",,,,,,,,,,,,"","",,,,,,,,,,,,0,0,0,0,0,0,0,0,0,0,0,,6.88,228.3,2,011609CJB,574.286,6.08,9,90.6,9,71.874,8,13750,13750,77.68,0,0,0,0,0,8,0,0,0,0,0,0,0,0,0,0,0,214,67,0,0,0,0,0,0,1,,,,,6,2,,0,1,0,0,0,0,0,,1,1,0,2,0,,,0,0,62,33.5173581908759,0,0,0,0,0,,0,0,0,0,0,,0,,,,0,0,0,,,0,135.2,1,45.9641255605381,3.82786121310644,2,0,0,0,95,0,1,,15702,,,,45.1097474628275,1,Q3,low,low,Q1-Q3,Q1-Q3,,,,,,
1,2810673703,2018-12-06,6485,2,1,162,59,52,106,0.8,26.6,162.6,5.5,12308,3988.31488314883,8.29112408562493,1.04671280276817,0.0456545893584639,1,,46.02,,1832.82,1,1127.19557195572,7.02748803221952,0,69.83,0,12308,0,3,41,12308,1,677,12985,1,4566,5808,12308,,,,14016,1,0,660,12968,,0,1,8,1,12308,"","","","","","","",,,,,,,,,,,,"","",,,,,,,,,,,,0,0,0,0,0,0,0,0,0,0,0,,4.76,80.38,2,012109CJB,280.014,4.2,11,128.8,11,88.636,8,13697,13697,46.02,0,0,0,0,0,8,0,0,0,0,0,0,0,0,0,0,0,196,64.5,0,0,0,0,0,0,1,,,,,3,7,,0,1,0,0,0,0,0,,1,1,0,2,0,,,0,0,74,33.1239602446755,0,0,0,0,0,,0,0,0,0,0,,0,,1,1,0,0,0,,,0,92.6,1,163.591635916359,5.09737329765608,2,0,0,0,88,0,0,14025,16473,12985,41,4165,45.3217600357822,0,Q2,low,low,Q1-Q3,Q1-Q3,CHF,11.4031485284052,1,1,0,0
1,2810673814,2018-06-28,20000,3,1,196,59,75,94,0.93,4.7,128.4,5.2,11491,15576.3239875389,9.65350734726836,2.21457821457821,0.79506196305215,0,,43.44,,1350.97,1,1052.15732087227,6.95859792667238,0,61.83,0,11491,0,3,2,11491,0,,,1,4380,5692,11491,14018,14018,2527,,0,0,,,,0,0,8,0,11491,"","","","","","","",,,,,,,,,,,,"","",,,,,,,,,,,,0,0,0,0,0,0,0,0,0,0,0,,0.82,30.3,2,011609CJB,583.63,15.38,8,171.5,8,123.208,8,12924,12924,43.44,0,0,0,0,0,8,1,1,1,0,0,0,0,0,0,0,0,144,70,0,0,0,0,0,0,1,,,,,3,1,,0,1,0,0,0,0,0,,1,1,2,2,0,,,0,0,61,20.6619841811112,1,,0,0,0,,0,0,0,0,1,15952,0,,,,0,0,0,,,0,122,1,36.6043613707165,3.60016739644229,2,0,0,0,88,1,1,,16717,15952,2,5226,177.003681676579,1,Q4,high,high,Q4,Q4,MI,14.3080082135524,1,1,1,0
1,2810674655,2018-01-01,2994.9,2,1,165,52,39,106,0.86,7.8,113.8,5.5,12368,2631.7223198594,7.87539378530635,2.21278721278721,0.794252903164015,0,,36.7,,1223.21,1,1074.8769771529,6.97996149415526,0,68.07,0,12368,0,3,,12368,0,,,1,4535,5736,12368,,,,,0,0,,,,0,0,8,0,12368,C10AA01,5 MG,C10,C10A,C10AA,C10AA01,"",,,,,,1,1,,,,,"","",,,,,,,,,,,,0,0,0,0,0,1,1,0,0,0,0,,0.9,84.17,2,021009CJB,187.092,1.94,34,201.7,34,137.775,8,13407,13407,36.7,0,0,0,0,0,8,0,0,0,0,0,0,0,0,0,0,0,167,66,0,0,0,0,0,0,1,,,,,3,6,,0,1,0,0,0,0,0,,1,1,0,2,0,,,0,0,62,26.9546820085376,0,0,0,1,0,,0,0,0,0,0,,0,,,,0,0,0,,,0,105.2,1,68.5413005272408,4.22743649098545,2,0,0,1,93,0,0,,17192,,,,28.2980894608538,1,Q1,low,low,Q1-Q3,Q1-Q3,,,,,,
7,2810675192,2018-11-24,6415.7,2,1,190,79,81,88,0.82,13.1,206.9,5.4,4284,3100.86998550024,8.03943799158501,2.50788912579957,0.919441413579576,0,,46.96,,1083.45,1,523.658772353794,6.26084027440156,0,63.32,0,4284,0,3,,4284,0,,,2,4284,5991,,,5991,1707,,0,0,,,,0,0,8,0,4284,C10AX09,20 MG,C10,C10A,C10AA,C10AA01,"",,,,,,1,,,,,,C10AA01,"",,,,,,1,1,,,,,0,0,0,0,0,1,1,0,0,0,0,,1.45,70.15,2,010809CJB,167.638,1.09,5,195,5,98.22,3,,,46.96,0,0,0,0,0,,0,0,0,0,0,0,,,,,0,163,63,0,0,0,0,0,0,,1,,,,8,6,,0,0,0,0,,,0,,2,2,0,,0,,,0,0,59,28.8743434629727,0,0,0,1,0,,0,0,0,0,0,,0,,,,0,0,1,,,0,94.8,1,63.3156114064766,4.14813192443775,2,0,0,1,91,0,0,6700,,6700,27,2416,34.0754943461565,0,Q2,low,low,Q1-Q3,Q1-Q3,,6.61464750171116,1,0,0,0
1,2810675617,2018-12-15,6683.6,2,0,161,31,251,92,0.94,3.6,149.2,5.5,12121,4479.62466487936,8.40729454173842,3.52389380530974,1.25956657291776,0,,38.9,,1310.27,1,878.197050938338,6.77787100004675,0,60.18,0,12121,0,3,,12121,0,,,1,4867,6108,12121,14204,14204,2083,,0,0,,,,0,0,8,0,12121,M01AE01,200 MG,M01,M01A,M01AE,M01AE01,"",,1,,1,,,,,,,,"","",,,,,,,,,,,,0,1,0,1,0,0,0,0,0,0,0,,2.94,94.57,2,021209CJB,255.954,1.83,38,195,38,134.221,8,13108,13108,38.9,1,0,0,0,0,8,1,1,1,0,0,0,0,0,0,0,0,236,,0,0,0,0,0,0,1,,,,,3,1,,0,1,1,0,0,0,0,,1,1,2,2,0,,,0,0,58,,1,0,1,0,1,,0,0,0,0,0,,0,,,,0,0,1,,,0,79.8,0,24.1286863270778,3.18340143667454,1,0,0,0,89,0,1,,16892,,,,50.3328614031388,1,Q3,low,low,Q1-Q3,Q1-Q3,,,,,,
1,2810675838,2017-10-28,1188.3,2,1,223,75,90,89,1.23,4.3,124,5.4,11467,958.306451612903,6.86516761367904,2.76280323450135,1.01624582896507,0,,35.44,,1361.51,1,1097.99193548387,7.00123827731015,0,56.24,0,11467,0,3,,11467,0,,,1,4348,5691,11467,,,,,0,0,,,,0,0,8,0,11467,"","","","","","","",,,,,,,,,,,,"","",,,,,,,,,,,,0,0,0,0,0,0,0,0,0,0,0,,1.35,28.05,2,012209CJB,307.104,1.35,13,198.7,13,124.228,8,12827,12827,35.44,0,0,0,0,0,8,0,0,0,0,0,0,0,0,0,0,0,158,69,0,0,0,0,0,0,1,,,,,3,8,,0,0,0,0,0,0,0,,1,1,0,,0,,,0,0,76,23.3326742645924,0,0,0,0,0,,0,0,0,0,0,,0,,,,0,0,0,,,0,130,1,34.6774193548387,3.54608873607662,2,0,0,0,57,0,0,13091,,13091,27,1624,16.8123938879457,0,Q1,low,low,Q1-Q3,Q1-Q3,,4.44626967830253,1,0,0,0
1,2810675880,2017-11-26,453.1,2,1,200,69,116,82,0.65,3,11.9,5.7,12127,3807.56302521008,8.2447446375437,0.731501566642565,-0.312655916839269,1,,43.98,,10,1,84.0336134453782,4.43121687886465,0,69.52,0,12127,0,3,,12127,0,,,2,4578,6419,12127,14204,14204,2077,,0,0,,,,0,0,8,0,12127,"","","","","","","",,,,,,,,,,,,"","",,,,,,,,,,,,0,0,0,0,0,0,0,0,0,0,0,,0.42,33.97,2,020309CJB,455.36,1.42,22,226.5,22,116.549,8,13335,13335,43.98,0,0,0,0,0,2,0,0,0,0,0,0,0,0,0,0,0,127,63.25,0,0,0,0,0,0,1,,,,,8,2,,0,1,0,0,0,0,0,1,1,1,0,2,0,,,0,0,58,22.319695938428,0,,0,0,0,,0,0,0,0,0,,0,,,,0,0,0,,,0,107.8,0,252.100840336134,5.52982916753276,2,0,0,0,98,0,0,,17123,,,,38.8526839307152,1,Q2,low,low,Q1-Q3,Q1-Q3,,,,,,
1,2810676123,2017-09-06,3962.5,2,1,128,44,69,120,0.98,31.2,114.7,7.1,11071,3454.66434176112,8.1474805800383,1.08433734939759,0.0809690625336671,1,,31.76,,1657.33,1,1444.92589363557,7.27581331455016,0,67.54,0,11071,0,3,12,11071,0,,,1,4305,5615,11071,13198,13198,2127,,0,0,,,,0,0,8,0,11071,C10AA05,10 MG,C10,C10A,C10AA,C10AA05,"",,,1,1,1,1,1,,,1,1,"","",,,,,,,,,,,,0,0,1,1,1,1,1,0,0,1,1,,0.7,80.25,2,011309CJB,415.396,2.22,4,194.5,4,149.416,8,12581,12581,31.76,1,0,0,0,1,8,0,0,0,0,0,0,0,0,,0,0,177,66.5,0,0,0,0,0,0,1,,,,,4,6,,0,1,1,1,0,0,0,,1,1,0,2,0,,,0,0,79,28.1407448450037,0,1,1,1,1,141,1,1,0,1,1,6196,1,11391,,,0,0,1,,,0,70.2,1,272.013949433304,5.60585334966225,2,1,0,1,73,0,0,14333,,6196,1,,47.3241690652208,1,Q2,low,low,Q1-Q3,Q1-Q3,MI,,,,,
7,2810676710,2018-11-24,11121.3,2,1,185,55,165,107,0.71,3.2,100.5,5.8,3352,11065.9701492537,9.31162992593532,2.53287197231834,0.929353825848879,0,,42.34,,898.53,1,894.059701492537,6.79577255313681,0,71.15,0,3352,0,3,,3352,0,,,2,3352,5328,,,5328,1976,,0,0,,,,0,0,8,0,3352,C09CA04,150 MG,C09,C09C,C09CA,C09CA04,"",,,,1,1,,,,,,,"","",,,,,,,,,,,,0,0,0,1,1,0,0,0,0,0,0,,1.11,50.32,2,010809CJB,359.95,1.15,5,201.1,5,104.774,3,,,42.34,1,0,0,0,0,,0,0,0,0,0,0,,,,,0,153,64.25,0,0,0,0,0,0,,,1,,,8,1,,0,1,1,0,,,0,,2,3,0,2,0,,,0,0,60,26.058581996496,0,0,1,0,1,,0,0,0,0,0,,0,,,,0,0,0,,,0,97,0,31.8407960199005,3.46074836128869,2,0,0,0,93,1,1,,7803,,,,118.988926336062,1,Q4,high,high,Q4,Q4,,,,,,
1,2810676759,2017-11-13,569.3,2,1,260,53,116,110,0.96,3,116.3,5.8,12172,489.50988822012,6.19340466242051,1.94810058855003,0.666854840719871,0,,25.02,,2143.28,1,1842.88907996561,7.51908977135818,0,62.57,0,12172,0,3,,12172,0,,,1,4536,5723,12172,14192,14192,2020,,0,0,,,,0,0,8,0,12172,B01AC06,325 MG,B01,B01A,B01AC,B01AC06,325 MG,1,,,,,,,,,,,"","",,,,,,,,,,,,1,0,0,0,0,0,0,0,0,0,0,,0.76,68.75,2,012709CJB,426.894,1.11,16,285.8,16,237.643,8,13467,13467,25.02,0,0,0,0,0,8,0,0,0,0,1,1,0,0,0,0,0,167,65.75,0,0,0,0,0,0,1,,,,,3,5,,0,1,0,0,0,0,0,,1,1,0,2,2,,,0,0,65,27.1600502720443,0,0,0,0,0,,0,0,0,0,0,,0,,,,0,0,0,,,0,183.8,0,25.7953568357696,3.25019450812563,1,0,0,0,83,0,0,16395,,16395,27,4223,5.89770949662796,0,Q1,low,low,Q1-Q3,Q1-Q3,,11.5619438740589,1,1,0,0
1,2810676848,2017-12-14,694.2,2,1,231,85,114,86,0.83,3,20.1,5.4,12568,3453.73134328358,8.14721047435075,,,,,49.38,,163.5,1,813.432835820895,6.70126336126037,0,65.68,0,12568,0,3,12,12568,0,,,2,5237,,12568,,,,8394,1,1,-4174,8394,,0,0,8,0,12568,C07AB03,25 MG,C07,C07A,C07AB,C07AB03,"",,,,1,,,,,,,,"","",,,,,,,,,,,,0,0,0,1,0,0,0,0,0,0,0,,0.53,94.94,2,020409bCJ,538.928,1.5,26,193.5,26,138.261,8,13720,13720,49.38,0,0,0,0,0,3,0,0,0,0,0,0,0,1,0,0,0,169,66,0,0,0,0,0,0,1,,,,,4,6,,0,1,0,0,0,1,0,1,1,1,0,2,0,,,0,0,67,27.2774925715141,0,0,0,0,0,,0,0,0,0,0,,1,8394,1,6,1,0,0,,,0,123.2,0,149.253731343284,5.00564775258522,2,0,0,0,73,0,0,,17507,6243,7,4939,47.3113882641587,0,Q2,low,low,Q1-Q3,Q1-Q3,Coronary Insufficiency,13.5222450376454,1,1,1,0
1,2810676895,2017-09-27,1057.8,2,1,186,72,80,91,0.99,4.4,77.4,5.2,11201,1366.66666666667,7.22012996402429,,,,,58.84,,1294.36,1,1672.29974160207,7.42195504887057,0,64.6,0,11201,0,3,41,11201,1,1469,12670,1,4504,5622,11201,,,,14443,1,0,1281,12482,,0,1,8,1,11201,M01AC06,7.5 MG,M01,M01A,M01AC,M01AC06,"",,1,,,,,,,,,,"","",,,,,,,,,,,,0,1,0,0,0,0,0,0,0,0,0,,11.75,65.89,2,011609CJB,866.42,9.97,8,154.4,8,124.618,8,12630,12630,58.84,0,0,0,0,0,8,0,0,0,0,0,0,0,0,0,0,0,145,64,0,0,1,1,0,0,1,,,,,3,6,,0,1,0,0,0,0,0,,1,1,0,2,0,,,0,1,82,24.8893564193378,0,0,0,0,0,,0,0,0,0,0,,0,,1,2,0,0,0,,,0,98,1,56.8475452196383,4.04037303931067,2,0,0,0,71,0,0,14473,,12670,41,,19.2488262910798,1,Q1,low,low,Q1-Q3,Q1-Q3,CHF,,,,,
1,2810677052,2018-06-28,20000,3,1,147,45,117,146,0.7,8.2,112.3,7.5,11015,17809.4390026714,9.78748387677982,,,,,36.68,,1924.75,1,1713.93588601959,7.44654769240185,0,64.87,0,11015,0,3,,11015,0,,,2,,,11015,13222,13222,2207,,0,0,,,,0,0,8,0,11015,A10BG02,4 MG,A10,A10B,A10BG,A10BG02,"",,,,,,,,,,1,,"","",,,,,,,,,,,,0,0,0,0,0,0,0,0,0,1,0,,26.69,87.78,2,011309CJB,408.888,7.34,4,183.7,4,100.259,8,12513,12513,36.68,0,0,0,0,1,2,1,0,0,48,0,0,0,0,0,0,2,199,58,0,0,1,1,0,0,,,,,,3,10,,1,0,0,1,0,0,1,1,1,1,1,1,0,,,1,1,63,41.5913198057074,0,1,0,0,0,,0,0,0,0,0,,0,,,,0,0,0,,,0,78.6,1,73.0186999109528,4.29071557150795,2,1,0,0,92,1,1,,16271,,,,193.580858724689,1,Q4,high,high,Q4,Q4,,,,,,
1,2810677061,2018-01-26,4348.6,2,1,147,43,297,99,0.7,12,118.2,5.5,11736,3679.01861252115,8.21040131421705,1.78503301540719,0.57943691108699,0,,47.26,,1200.35,1,1015.52453468697,6.9231605409324,0,66.55,0,11736,0,3,,11736,0,,,2,4308,5638,11736,13730,13730,1994,,0,0,,,,0,0,8,0,11736,M01AC06,15 MG,M01,M01A,M01AC,M01AC06,"",,1,,1,,,,1,,,,"","",,,,,,,,,,,,0,1,0,1,0,0,0,1,0,0,0,,3.6,60.53,2,021409CJB,443.448,1.38,41,181.5,41,88.588,8,12667,12667,47.26,1,0,0,0,0,2,0,0,0,0,0,0,0,0,0,0,0,159,64.75,0,0,0,0,0,0,1,,,,,3,6,,0,0,1,0,0,0,0,1,1,1,0,,0,,,0,0,64,26.6638705039906,0,0,1,0,1,,0,0,0,0,0,,0,,,,0,0,0,,,0,44.6,1,101.522842639594,4.62028382379814,2,0,0,0,92,0,0,,16451,,,,39.9893327447951,1,Q2,low,low,Q1-Q3,Q1-Q3,,,,,,
1,2810677065,2017-11-21,4022.5,2,1,175,61,84,81,0.55,6.3,75.4,5.4,12037,5334.88063660477,8.58202178984072,4.14749082007344,1.42250352971616,0,,27.48,,577.03,1,765.291777188329,6.64025716919828,0,66.61,0,12037,0,3,,12037,0,,,2,4616,5720,12037,14158,14158,2121,,0,0,,,,0,0,8,0,12037,C10AA03,"",C10,C10A,C10AA,C10AA03,"",,,,,,1,1,,,,,"","",,,,,,,,,,,,0,0,0,0,0,1,1,0,0,0,0,,42.23,30.05,2,012709bCJ,573.288,2.27,17,164.4,17,86.521,8,13318,13318,27.48,0,0,0,0,0,2,0,0,0,0,0,0,0,0,0,0,0,114,61,1,1,1,1,1,1,1,,,,,4,0,,0,1,0,0,0,0,0,1,1,1,0,2,0,,,0,1,68,21.540252701575,0,0,0,1,0,,0,0,0,0,0,,0,,,,0,0,0,,,0,97.2,1,83.5543766578249,4.42549763736571,2,0,0,1,96,0,1,,17109,,,,55.5716732979664,1,Q3,low,low,Q1-Q3,Q1-Q3,,,,,,
1,2810677278,2017-11-21,156.3,1,1,197,48,61,99,0.95,3,18.5,5.4,12440,844.864864864865,6.73917669133124,2.27452667814114,0.821771977192433,0,,37.32,,186.61,1,1008.7027027027,6.91642033144919,0,,0,12440,,,,12440,0,,,1,4629,5849,12440,14458,14458,2018,,0,0,,,,0,0,,0,12440,M01AX25,1200 MG,M01,M01A,M01AX,M01AX25,"",,1,,,,,,,,,,"","",,,,,,,,,,,,0,1,0,0,0,0,0,0,0,0,0,,0.34,23.62,2,012909CJB,371.25,0.49,19,211.3,19,129.086,8,13696,13696,37.32,0,0,0,0,0,8,0,0,0,0,0,0,0,0,0,0,0,135,65.5,0,0,0,0,0,0,1,,,,,4,2,,0,1,0,0,0,0,0,,1,1,0,2,0,,,0,0,56,22.1236500977751,0,0,0,0,0,,0,0,0,0,0,,0,,,,0,0,0,,,0,136.8,0,162.162162162162,5.08859683556597,2,0,0,0,89,0,0,,17487,,,,9.49286365016702,1,Q1,low,low,Q1-Q3,Q1-Q3,,,,,,
1,2810677284,2018-01-28,2824.5,2,1,239,71,111,99,1.12,54.6,202.1,5.4,12362,1397.57545769421,7.24249419834383,1.85357350377687,0.617115399567351,0,,46.16,,1549.73,1,766.81345868382,6.64224356276996,0,69.33,0,12362,0,3,,12362,0,,,1,5090,6371,12362,14398,14398,2036,,0,0,,,,0,0,8,0,12362,"","","","","","","",,,,,,,,,,,,"","",,,,,,,,,,,,0,0,0,0,0,0,0,0,0,0,0,,1.19,41.19,2,021709CJB,296.2,1.4,42,189,42,124.38,8,13268,13268,46.16,0,0,0,0,0,8,0,0,0,0,1,1,0,0,0,0,0,160,68.5,0,0,0,0,0,0,1,,,,,8,8,,0,1,0,0,0,0,0,,1,1,0,2,2,,,0,0,60,23.9742181226597,0,,0,0,0,,0,0,0,0,0,,0,,,,0,0,0,,,0,145.8,1,270.163285502227,5.59902653732342,2,0,0,0,71,0,0,15406,14223,15406,27,3044,19.6841613759748,0,Q1,low,low,Q1-Q3,Q1-Q3,,8.33401779603012,1,0,0,0
1,2810677307,2018-06-30,20000,3,1,179,34,203,117,0.72,4.5,171.3,6.2,11594,11675.4232340922,9.36524133319415,0.943627450980392,-0.0580238401163774,1,,36.4,,1684.57,1,983.403385872738,6.8910193979989,0,63.95,0,11594,0,3,,11594,0,,,2,4546,5659,11594,13666,13666,2072,,0,0,,,,0,0,8,0,11594,C03AA03,25 MG,C03,C03A,C03AA,C03AA03,"",,,,,,,,1,,,,"","",,,,,,,,,,,,0,0,0,0,0,0,0,1,0,0,0,,6.24,237.6,2,020609CJB,359.18,3.83,30,265,30,171.49,8,12699,12699,36.4,1,0,0,0,0,2,1,1,1,0,0,0,0,0,0,0,0,201,65,0,0,0,0,0,0,1,,,,,3,10,,0,1,1,0,0,0,0,1,1,1,2,2,0,,,0,0,62,33.4483698553196,1,0,1,0,1,,0,0,0,0,0,,0,,,,0,0,0,,,0,104.4,1,26.2697022767075,3.26841627042834,1,0,0,0,90,1,1,,16485,,,,129.726924823247,1,Q4,high,high,Q4,Q4,,,,,,
1,2810677356,2018-12-22,4652.9,2,1,225,71,99,110,0.84,5.9,88.9,6,11819,5233.85826771654,8.56290400357108,1.33233233233233,0.286931039746558,1,,68.56,,819.45,1,921.766029246344,6.82629142697807,0,,0,11819,,,,11819,0,,,2,4475,5618,11819,,,,11553,1,1,-3619,8200,,0,0,,0,11819,B01AA03,1 GG,B01,B01A,B01AA,B01AA03,"",,,,,,,,,,,1,"","",,,,,,,,,,,,0,0,0,0,0,0,0,0,0,0,1,,1.24,58.66,2,021909CJB,273.128,4.78,46,232.1,46,153.503,8,12628,12628,68.56,0,0,0,0,0,2,0,0,0,0,0,0,0,1,0,0,0,118,58.5,1,0,0,0,1,1,1,,,,,7,6,,0,1,0,0,0,1,0,1,1,1,0,2,0,,,0,1,87,24.242415348736,0,0,0,0,0,,0,0,0,0,0,,0,,1,2,1,0,1,,,0,134.2,1,66.3667041619798,4.19519548737395,2,0,0,0,62,0,1,13481,,13481,28,1662,84.4170688341377,0,Q3,low,high,Q4,Q1-Q3,Death,4.55030800821355,1,0,0,0
1,2810677570,2018-07-06,20000,3,1,159,49,89,232,0.74,39.3,162.6,8.7,11713,12300.12300123,9.41736454141051,0.764350453172205,-0.268728886649543,1,,35.62,,1610.2,1,990.282902829028,6.89799066274026,0,61.98,0,11713,0,3,,11713,0,,,1,,,11713,13757,13757,2044,11713,1,1,-1387,10326,,0,0,8,0,11713,C10AA07,10 MG,C10,C10A,C10AA,C10AA07,"",,,1,1,1,1,1,,,1,1,"","",,,,,,,,,,,,0,0,1,1,1,1,1,0,0,1,1,,2.27,120.5,2,021809CJB,392.246,1.67,43,167.6,43,144.243,8,12599,12599,35.62,1,0,0,0,1,8,0,0,0,0,0,0,0,1,0,0,0,198,65.25,0,0,0,0,0,0,1,,,,,8,6,,0,0,1,1,0,1,0,,1,1,0,,0,,,0,0,72,32.6971403051011,0,1,1,1,1,,0,0,0,0,0,,0,,1,3,1,1,1,,,0,92.2,1,241.69741697417,5.48768660074364,2,1,0,1,92,1,1,15530,,15530,27,3817,133.696989143805,0,Q4,high,high,Q4,Q4,,10.4503764544832,1,1,0,0
1,2810677942,2017-11-26,4345.9,2,1,241,88,85,104,0.67,3,54.2,5.7,11635,8018.26568265683,8.98947742843008,1.71868787276342,0.541561135023606,0,,36.16,,651,1,1201.10701107011,7.09099891975106,0,73.89,0,11635,0,3,,11635,0,,,2,4326,5706,11635,13583,13583,1948,,0,0,,,,0,0,8,0,11635,"","","","","","","",,,,,,,,,,,,"","",,,,,,,,,,,,0,0,0,0,0,0,0,0,0,0,0,,1.74,39.03,2,020309CJB,656.936,0.62,23,191.4,23,123.566,8,12838,12838,36.16,0,0,0,0,0,2,1,1,1,0,0,0,0,0,0,0,0,140,64.25,0,0,0,0,0,0,1,,,,,2,0,,0,1,0,0,0,0,0,1,1,1,2,2,0,,,0,0,66,23.8444541144408,1,0,0,0,0,,0,0,0,0,0,,0,,,,0,0,0,,,0,136,0,55.3505535055351,4.01368665920465,2,0,0,0,92,1,1,,16626,,,,87.155061768009,1,Q4,high,high,Q4,Q4,,,,,,
1,2810678298,2017-11-26,1735.1,2,1,165,53,132,149,0.76,3,82.3,6.6,11459,2108.26245443499,7.65361940591269,2.51229183187946,0.921195416969397,0,,32.92,,1158.18,1,1407.26609963548,7.24940416477291,0,69.44,0,11459,0,3,,11459,0,,,2,4373,5653,11459,13694,13694,2235,,0,0,,,,0,0,8,0,11459,M01AB05,5/20 MG,C10,C10A,C10AA,C10AA05,"",,1,,,1,,,1,,1,,C10AA05,"",,,,,,1,1,1,,,,0,1,0,0,1,1,1,1,0,1,0,,5.42,64.28,2,020309CJB,461.172,3.45,23,94.7,23,76.356,8,12656,12656,32.92,1,0,0,0,1,2,0,0,0,0,0,0,0,0,0,0,0,189,63.75,0,0,0,0,0,0,1,,,,,8,6,,0,1,1,1,0,0,0,1,1,1,0,2,0,,,0,0,67,32.6969345980215,0,1,1,1,1,,0,0,0,0,0,,0,,,,0,0,1,,,0,85.6,0,36.4520048602673,3.59599645996722,2,1,0,1,81,0,0,,16444,,,,26.0279315362345,1,Q1,low,low,Q1-Q3,Q1-Q3,,,,,,
1,2810678931,2018-12-06,5323,2,1,244,152,75,109,0.82,21.1,95.7,5.2,11222,5562.17345872518,8.62374422070194,,,,,38.14,,1164.95,1,1217.29362591432,7.10438533415303,0,,,,,,,11222,0,,,2,4364,,11222,,,,,0,0,,,,0,0,,0,11222,"","","","","","","",,,,,,,,,,,,"","",,,,,,,,,,,,0,0,0,0,0,0,0,0,0,0,0,,13.4,122.8,2,012709CJB,315.642,3.22,16,179.2,16,102.812,8,12520,12520,38.14,0,0,0,0,0,2,0,0,0,0,0,0,0,0,0,0,0,131,64.5,0,0,0,0,0,0,1,,,,,7,0,,0,1,0,0,0,0,0,1,1,1,0,2,0,,,0,0,69,22.1389734288392,0,0,0,0,0,,0,0,0,0,0,,0,,,,0,0,1,,,0,77,1,220.480668756531,5.39581002100525,2,0,0,0,73,0,1,12048,,12048,27,826,76.1941569688381,0,Q3,low,high,Q1-Q3,Q1-Q3,,2.26146475017112,0,0,0,0
1,2810680287,2017-09-07,4809.5,2,1,212,57,90,86,0.92,3,80.9,5.5,11442,5944.99381953028,8.69030476951632,2.41465009810334,0.881554389693681,0,,39.72,,2462.81,1,3044.26452410383,8.02101461537149,0,60.7,0,11442,0,3,,11442,0,,,2,4383,5691,11442,,,,,0,0,,,,0,0,8,0,11442,"","","","","","","",,,,,,,,,,,,"","",,,,,,,,,,,,0,0,0,0,0,0,0,0,0,0,0,,0.22,42.62,2,011309CJB,554.088,2.01,5,281.9,5,185.098,8,12931,12931,39.72,0,0,0,0,0,0,1,1,1,0,0,0,0,0,0,0,1,169,65.25,1,1,0,0,0,0,1,,,,,4,0,,0,1,0,0,0,0,1,0,1,1,2,2,0,,,1,1,54,27.9081652099095,1,0,0,1,0,,0,0,0,0,0,,0,,,,0,0,1,1,12413,0,137,0,37.0828182941904,3.6131537435858,2,0,0,0,71,0,1,12743,,12743,27,1301,83.732307317328,0,Q3,high,high,Q4,Q1-Q3,,3.56194387405886,0,0,0,0
1,2810680474,2017-11-26,877.6,2,1,231,66,54,79,0.82,9.4,30,5.6,12330,2925.33333333333,7.98116371328696,,,,,41.68,,10,1,33.3333333333333,3.50655789731998,0,65.44,0,12330,0,3,,12330,0,,,2,4559,5771,12330,14538,14538,2208,,0,0,,,,0,0,8,0,12330,"","","","","","","",,,,,,,,,,,,"","",,,,,,,,,,,,0,0,0,0,0,0,0,0,0,0,0,,0.5,12.13,2,020309CJB,245.312,0.56,23,276.7,23,139.713,8,13537,13537,41.68,0,0,0,0,0,2,0,0,0,0,0,0,0,0,0,0,0,128,65,0,0,0,0,0,0,1,,,,,8,1,,0,1,0,0,0,0,0,1,1,1,0,2,0,,,0,0,55,21.3004544352284,0,,0,0,0,,0,0,0,0,0,,0,,,,0,0,0,,,0,154.2,1,313.333333333333,5.74726758659594,3,0,0,0,81,0,0,,17325,,,,36.1152263374486,1,Q2,low,low,Q1-Q3,Q1-Q3,,,,,,
1,2810680881,2017-11-26,687.4,2,1,220,65,137,109,0.62,3,36.2,5.7,12262,1898.89502762431,7.5490274315721,1.80194174757282,0.588864832122465,0,,44.72,,718.42,1,1984.58563535912,7.59316542340049,0,67.88,0,12262,0,3,1,12262,0,,,2,4620,5793,12262,14247,14247,1985,13895,1,0,1633,13895,,0,0,8,0,12262,M01AE02,500 MG,M01,M01A,M01AE,M01AE02,"",,1,,,,,,,,,,"","",,,,,,,,,,,,0,1,0,0,0,0,0,0,0,0,0,,1.38,86.76,2,020309CJB,353.87,0.97,23,164.2,23,117.74,8,13456,13456,44.72,0,0,0,0,0,2,0,0,0,0,0,0,0,0,0,0,0,214,60.25,1,1,0,0,0,0,1,,,,,4,7,,0,1,0,0,0,0,0,1,1,1,0,2,0,,,0,1,66,41.4481626470183,0,0,0,0,0,140,0,1,1,0,1,13893,0,,1,1,0,0,0,,,0,127.6,0,82.8729281767956,4.41730844881852,2,0,0,0,94,0,0,16154,,13893,1,,20.2010109321735,1,Q1,low,low,Q1-Q3,Q1-Q3,MI,,,,,
1,2810681590,2017-09-17,2226.2,2,1,241,47,154,104,0.75,3,47.4,5.9,11147,4696.62447257384,8.45459933234619,2.05938037865749,0.722405150496517,0,,46.72,,267.67,1,564.704641350211,6.3363028357883,0,74.08,0,11147,0,3,,11147,0,,,2,4322,5608,11147,,,,,0,0,,,,0,0,8,0,11147,C09AA03,40 MG,C09,C09A,C09AA,C09AA03,"",,,,1,1,,,1,,,,"","",,,,,,,,,,,,0,0,0,1,1,0,0,1,0,0,0,,11.6,64.36,2,011509CJB,833.124,4.48,7,228.2,7,187.032,8,12602,12602,46.72,1,0,0,0,1,2,0,0,0,0,0,0,0,0,0,0,0,156,62,0,0,0,0,0,0,1,,,,1,7,0,,0,0,1,1,0,0,0,1,1,1,0,,0,,,0,0,74,28.532960291727,0,0,1,0,1,,0,0,0,0,0,,0,,,,0,0,0,,,0,163.2,0,63.2911392405063,4.14774533894922,2,0,0,0,79,0,1,,16395,,,,59.4509426908081,1,Q3,low,low,Q1-Q3,Q1-Q3,,,,,,
7,2810682676,2018-11-24,12575.5,2,1,209,61,52,92,1.25,3.9,305.5,5.4,4481,4116.36661211129,8.32272616298533,2.11379657603223,0.74848565577546,0,,38.88,,1283.22,1,420.039279869067,6.04034823040214,0,55.39,0,4481,0,3,,4481,0,,,1,4481,6000,,,6000,1519,,0,0,,,,0,0,8,0,4481,"","","","","","","",,,,,,,,,,,,"","",,,,,,,,,,,,0,0,0,0,0,0,0,0,0,0,0,,0.14,42.35,2,010809CJB,524.638,0.77,5,131.5,5,107.68,3,,,38.88,0,0,0,0,0,,0,0,0,0,0,0,,,,,0,150,65.5,0,0,0,0,0,0,,1,,,,3,,,0,0,0,0,,,0,,2,2,0,,0,,,0,0,54,24.5818334419723,0,,0,0,0,,0,0,0,0,0,,0,,,,0,0,0,,,0,137.6,1,12.7659574468085,2.54678205350609,1,0,0,0,75,0,0,,8909,,,,54.8848881614839,1,Q2,low,low,Q1-Q3,Q1-Q3,,,,,,
1,2810682899,2018-06-28,20000,3,1,141,36,105,204,0.97,32.8,100.9,10,12180,19821.6055500496,9.89452781116466,1.13007380073801,0.122282940979236,1,,59.36,,1529.57,1,1515.92666005946,7.32378218776262,0,64.2,0,12180,0,3,,12180,0,,,1,,5757,12180,,,,,0,0,,,,0,0,8,0,12180,C10AA05,10 MG,C10,C10A,C10AA,C10AA05,"",,,,,,1,1,,,,,"","",,,,,,,,,,,,0,0,0,0,0,1,1,0,0,0,0,,15.93,173.5,2,011209CJB,454.07,10.18,,,,,,,,59.36,0,0,0,0,0,8,1,1,0,74,0,0,0,0,0,0,0,235,68.75,0,0,0,0,0,0,1,,,,,3,6,,0,1,0,0,0,0,0,,1,1,1,2,0,,,0,0,74,34.956510243599,1,0,0,1,0,,0,0,0,0,0,,0,,,,0,0,1,,,0,84,1,325.074331020813,5.78405386701267,3,1,0,1,77,1,1,12475,,12475,27,295,257.423448701942,0,Q4,high,high,Q4,Q4,,0.80766598220397,0,0,0,0
7,2810684600,2017-08-10,1561.8,2,1,192,87,89,84,0.69,3,105.7,5.5,4511,1477.57805108798,7.29815957434047,1.39308090438573,0.331517772354298,1,0,41.52,41.54,1360.85,2,1287.46452223273,7.16043007661084,0,62.97,0,4511,0,3,,4511,0,,,2,4511,6429,,,6429,1918,-356,1,1,-4867,-356,,0,0,8,0,4511,"","","","","","","",,,,,,,,,,,,"","",,,,,,,,,,,,0,0,0,0,0,0,0,0,0,0,0,,0.66,32.18,2,122308CJB,512.424,0.51,2,144.1,2,65.758,3,,,41.52,0,0,0,0,0,,1,1,1,0,1,1,,,,,0,144,65.25,0,0,0,0,0,0,,1,,,,4,1,,0,1,0,0,,,0,,2,2,2,2,2,,,0,0,50,23.7797384037099,1,0,0,0,0,,0,0,0,0,0,,0,,1,1,1,0,0,,,0,87.2,0,28.3822138126774,3.34576267477406,1,0,0,0,118,0,0,,9150,,,,12.5218478905761,1,Q1,low,low,Q1-Q3,Q1-Q3,,,,,,
1,2810685136,2018-01-28,3589.6,2,1,233,58,106,93,1.03,3,181.4,5.6,12567,1978.83131201764,7.59026170296883,1.0152,0.0150856374180407,1,,61.68,,1300.86,1,717.122381477398,6.57524651149811,0,74.7,0,12567,0,3,,12567,0,,,1,4584,5848,12567,14737,14737,2170,,0,0,,,,0,0,8,0,12567,"","","","","","","",,,,,,,,,,,,"","",,,,,,,,,,,,0,0,0,0,0,0,0,0,0,0,0,,0.94,27.71,2,021709CJB,259.678,1.32,42,247.1,42,154.742,8,13471,13471,61.68,0,0,0,0,0,8,0,0,0,0,0,0,0,0,0,0,0,203,74.5,0,0,0,0,0,0,1,,,,,7,1,,0,1,0,0,0,0,0,,1,1,0,2,0,,,0,0,58,25.7151525518762,0,,0,0,0,,0,0,0,0,0,,0,,,,0,0,1,,,0,153.8,0,16.5380374862183,2.80566302996921,1,0,0,0,80,0,0,,17255,,,,24.7353914002205,1,Q1,low,low,Q1-Q3,Q1-Q3,,,,,,
1,2810685158,2018-01-13,1458.8,2,1,267,80,96,96,0.89,3,72.6,5.6,12782,2009.36639118457,7.60557472309187,,,,,57.2,,1157.19,1,1593.92561983471,7.37395519567342,0,68.32,0,12782,0,3,,12782,0,,,2,4558,5788,12782,14776,14776,1994,,0,0,,,,0,0,8,0,12782,M01AX25,1200 MG,M01,M01A,M01AX,M01AX25,"",,1,,,1,,,1,,,,"","",,,,,,,,,,,,0,1,0,0,1,0,0,1,0,0,0,,10.43,103.9,2,021309CJB,380.318,3.62,39,252.2,39,161.144,8,13744,13744,57.2,1,0,0,0,0,2,0,0,0,0,0,0,0,0,0,0,0,252,64,0,0,0,0,1,1,1,,,,,4,10,,0,1,1,0,0,0,0,1,1,1,0,2,0,,,0,1,63,43.2559849494699,0,0,1,0,1,,0,0,0,0,0,,0,,,,0,0,1,,,0,167.8,0,41.3223140495868,3.7214026458195,2,0,0,0,69,0,0,,17528,,,,29.1212520461532,1,Q1,low,low,Q1-Q3,Q1-Q3,,,,,,
1,2810685235,2018-01-26,2522.5,2,1,159,35,140,95,0.75,33,68.8,5.6,12189,3666.42441860465,8.20697219327656,0.766595289079229,-0.265796271268197,1,,47.94,,835.1,1,1213.80813953488,7.10151791920798,0,65.31,0,12189,0,3,,12189,0,,,2,4235,5635,12189,,,,,0,0,,,,0,0,8,0,12189,C10AX06,1200 MG,C10,C10A,C10AX,C10AX06,"",,,,1,,1,,,,,,"","",,,,,,,,,,,,0,0,0,1,0,1,0,0,0,0,0,,3.95,119.4,2,021709CJB,363.666,2.8,41,38.2,41,119.607,8,13114,13114,47.94,1,0,0,0,0,2,0,0,0,0,0,0,0,0,0,0,0,164,61,0,0,0,0,0,0,1,,,,,3,8,,0,1,1,0,0,0,0,1,1,1,0,2,0,,,0,0,77,30.9877319566518,0,0,1,1,1,,0,0,0,0,0,,0,,,,0,0,0,,,0,96,1,479.651162790698,6.17305909550932,3,0,1,0,77,0,0,12821,14431,12821,27,632,47.6159015403201,0,Q2,low,low,Q1-Q3,Q1-Q3,,1.73032169746749,0,0,0,0
1,2810685472,2017-11-21,508.6,2,1,243,99,54,99,0.7,3,57.7,5.4,11220,881.455805892548,6.78157486546206,2.7984429065744,1.02906315770268,0,,40.74,,741.38,1,1284.88734835355,7.15842632683544,0,66.61,0,11220,0,3,,11220,0,,,2,4055,,11220,13211,13211,1991,,0,0,,,,0,0,8,0,11220,C10AX06,TAB,C10,C10A,C10AX,C10AX06,"",,,,,,1,,,,,,"","",,,,,,,,,,,,0,0,0,0,0,1,0,0,0,0,0,,1.72,27.09,2,012909CJB,344.748,1.24,19,140.5,19,93.7,8,12480,12480,40.74,0,0,0,0,0,2,0,0,0,0,0,0,0,0,0,0,0,152,64.75,0,0,0,0,0,0,1,,,,,4,2,,0,1,0,0,0,0,0,1,1,1,0,2,0,,,0,0,58,25.48998941262,0,0,0,0,0,,0,0,0,0,0,,0,,,,0,0,0,,,0,133.2,0,51.9930675909879,3.95111039413619,2,0,1,0,96,0,0,,16271,,,,9.1818313113807,1,Q1,low,low,Q1-Q3,Q1-Q3,,,,,,
7,2810685954,2017-08-12,4239.6,2,1,201,43,127,97,0.87,4.2,143.8,5.7,3221,2948.26147426982,7.98897094485425,2.49095607235142,0.912666601580764,0,0.5,44.5,44.78,1109.23,2,771.369958275382,6.64816810059703,0,69.9,0,3221,0,3,,3221,0,,,1,3221,5048,,,5048,1827,,0,0,,,,0,0,8,0,3221,"","","","","","","",,,,,,,,,,,,"","",,,,,,,,,,,,0,0,0,0,0,0,0,0,0,0,0,,0.78,65.16,2,122908CJB,275.084,2.05,2,237.5,2,173.166,3,,,44.5,0,0,0,0,0,,0,0,0,0,0,0,,,,,0,165,67.5,0,0,0,0,0,0,,,1,,,7,1,,0,1,0,0,,,0,,2,3,0,2,0,,,0,0,53,25.4613842561019,0,0,0,0,0,,0,0,0,0,0,,0,,,,0,0,0,,,0,132.6,1,29.2072322670376,3.37441635898451,1,0,0,0,99,0,0,,7826,,,,29.7804189320184,1,Q2,low,low,Q1-Q3,Q1-Q3,,,,,,
1,2810686247,2017-09-02,1152.4,2,1,170,31,266,131,0.78,3,27.5,5.8,11832,4190.54545454546,8.34058618452594,1.04060564349621,0.0398028931691954,1,,40.06,,128.57,1,467.527272727273,6.14745768441172,0,70.07,0,11832,0,3,,11832,0,,,1,4626,5740,11832,13961,13961,2129,,0,0,,,,0,0,8,0,11832,M01AE01,200 MG,M01,M01A,M01AE,M01AE01,"",,1,,1,,,,,,,,"","",,,,,,,,,,,,0,1,0,1,0,0,0,0,0,0,0,,1.27,60.2,2,011209CJB,316.63,0.96,3,228.4,3,151.007,8,13350,13350,40.06,1,0,0,0,0,8,0,0,0,0,0,0,0,0,0,0,0,230,71.75,0,0,0,0,0,0,1,,,,,7,1,,0,1,1,0,0,0,0,,1,1,0,2,0,,,0,0,53,31.4115695793217,0,0,1,0,1,,0,0,0,0,0,,0,,,,0,0,0,,,0,85.8,0,109.090909090909,4.69218156297772,2,1,0,0,103,0,1,,17143,,,,40.684907325684,1,Q3,low,low,Q1-Q3,Q1-Q3,,,,,,
1,2810686386,2018-12-08,6618.3,2,1,208,53,105,95,0.64,20.7,131.1,5.5,11689,5048.28375286041,8.52680361358826,,,,,16.04,,10,1,7.627765064836,2.03179488821248,0,64.75,0,11689,0,3,,11689,0,,,2,4392,5701,11689,13784,13784,2095,,0,0,,,,0,0,8,0,11689,"","","","","","","",,,,,,,,,,,,"","",,,,,,,,,,,,0,0,0,0,0,0,0,0,0,0,0,,1.33,39,2,020209CJB,201.558,1.04,22,109.8,22,76.118,8,12900,12900,16.04,0,0,0,0,0,2,0,0,0,0,0,0,0,0,0,0,0,144,62.75,0,0,0,0,0,0,,,1,,,7,2,,0,0,0,0,0,0,0,1,2,3,0,,0,,,0,0,60,25.712283293902,0,0,0,0,0,,0,0,0,0,0,,0,,,,0,0,0,,,0,134,1,157.894736842105,5.06192858848381,2,0,0,0,97,0,1,,16688,,,,52.0441624006228,1,Q3,low,low,Q1-Q3,Q1-Q3,,,,,,
1,2810686733,2018-11-26,8711,2,1,132,47,49,103,0.92,3,107.2,5.6,12048,8125.9328358209,9.00281581117028,0.89592209373098,-0.109901818748447,1,,45.96,,1139.85,1,1063.29291044776,6.96912589113529,0,63.29,0,12048,0,3,,12048,0,,,1,4551,5765,12048,14182,14182,2134,,0,0,,,,0,0,8,0,12048,"","","","","","","",,,,,,,,,,,,"","",,,,,,,,,,,,0,0,0,0,0,0,0,0,0,0,0,,1.58,47.63,2,011209CJB,439.012,2.83,3,234.1,3,142.462,8,13575,13575,45.96,0,0,0,0,0,8,1,1,0,64,0,0,0,0,0,0,0,130,68,1,1,1,1,1,1,1,,,,,3,10,,0,1,0,0,0,0,0,,1,1,1,2,0,,,0,1,64,19.7665620244735,1,0,0,0,0,,0,0,0,0,0,,0,,,,0,0,0,,,0,75.2,0,27.9850746268657,3.33167131901355,1,0,0,0,88,1,1,15256,13448,15256,28,3208,92.3401458616011,0,Q4,high,high,Q4,Q4,Death,8.78302532511978,1,0,0,0
1,2810686758,2017-08-26,1465,2,1,188,73,66,102,0.75,3,142.1,5.4,12042,1030.96410978184,6.9382496723362,2.82283172720534,1.0377405397035,0,,28.54,,958.48,1,674.5109078114,6.51398784721668,0,63.36,0,12042,0,3,,12042,0,,,1,4563,5786,12042,14476,14476,2434,,0,0,,,,0,0,8,0,12042,M01AC01,20 MG,M01,M01A,M01AC,M01AC01,"",,1,1,,,,,,,,,"","",,,,,,,,,,,,0,1,1,0,0,0,0,0,0,0,0,,0.28,24.29,2,010909CJB,565.424,1.48,1,157.6,1,144.062,8,13629,13629,28.54,0,0,0,0,0,8,0,0,0,0,0,0,0,0,0,0,0,140,65.5,0,0,0,0,0,0,1,,,,,4,8,,0,1,0,0,0,0,0,,1,1,0,2,0,,,0,0,68,22.9430445458409,0,0,0,0,0,,0,0,0,0,0,,0,,,,0,0,0,,,0,101.8,0,21.1118930330753,3.04983653254719,1,0,0,0,94,0,0,,17423,,,,10.9677032955515,1,Q1,low,low,Q1-Q3,Q1-Q3,,,,,,
1,2810686965,2017-09-06,468.6,2,1,204,48,95,117,0.61,3,15.1,5.7,11497,3103.31125827815,8.04022496824091,3.06809701492537,1.12105750455831,0,,32.16,,101.81,1,674.238410596027,6.51358377328632,0,59.99,0,11497,0,3,,11497,0,,,2,,5642,11497,13656,13656,2159,,0,0,,,,0,0,8,0,11497,"","","","","","","",,,,,,,,,,,,"","",,,,,,,,,,,,0,0,0,0,0,0,0,0,0,0,0,,2.89,88.45,2,011309CJB,326.874,2.47,4,200.3,4,156.075,8,12993,12993,32.16,0,0,0,0,0,2,0,0,0,0,0,0,0,0,0,0,0,144,65.25,0,0,0,0,0,0,1,,,,,3,1,,0,1,0,0,0,0,0,1,1,1,0,2,0,,,0,0,64,23.7797384037099,0,0,0,0,0,,0,0,0,0,0,,0,,,,0,0,0,,,0,137,0,198.675496688742,5.29167282382937,2,0,0,0,96,0,0,,16786,,,,32.3261589403974,1,Q2,low,low,Q1-Q3,Q1-Q3,,,,,,
1,2810686968,2018-01-08,4620.8,2,1,208,83,76,104,1.73,361.2,39,5.6,12064,11848.2051282051,9.3799316691169,1.53211009174312,0.426645930187611,1,,64.44,,373.94,1,958.820512820513,6.86570389659557,0,37.48,3,12064,1,2,1,12064,0,,,1,4286,5637,12064,,,,,0,0,,,,0,0,7,0,12064,C10AA03,40 MG,C10,C10A,C10AA,C10AA03,"",,,,,,1,1,1,,,,"","",,,,,,,,,,,,0,0,0,0,0,1,1,1,0,0,0,,11.25,34.65,2,021109bCJ,402.768,7,36,132.1,36,119.417,8,13071,13071,64.44,1,0,0,0,0,8,0,0,0,0,0,0,0,0,0,0,0,164,65.5,0,0,0,0,0,0,1,,,,,3,1,,0,1,1,0,0,0,0,,1,1,0,2,0,,,0,0,86,26.8761378965564,0,0,1,1,1,,0,0,0,0,1,2385,0,,,,0,0,0,,,0,109.8,1,9261.53846153846,9.13362545439532,3,0,0,1,35,1,1,13630,,2385,1,,338.520146520147,1,Q4,high,high,Q4,Q4,MI,,,,,
7,2810687116,2017-08-19,4362.3,2,1,145,67,109,90,0.77,7.8,147.2,5.2,4310,2963.51902173913,7.99413269988087,,,,,41.92,,947.61,1,643.756793478261,6.4673210048982,0,59.42,0,4310,0,3,12,4310,0,,,2,4310,,,,,,,0,0,,,,0,0,8,0,4310,C10AX09,20 MG,C10,C10A,C10AA,C10AA01,"",,,,,1,1,,1,,,,C10AA01,"",,,,,,1,1,,,,,0,0,0,0,1,1,1,1,0,0,0,,2.85,82.15,2,010809CJB,178.68,1.2,5,126.8,5,69.492,3,,,41.92,1,0,0,0,0,,0,0,0,0,0,0,,,,,0,186,58.25,0,0,0,0,0,0,,1,,,,7,5,,0,1,1,0,,,0,,2,2,0,2,0,,,0,0,58,38.5413300068251,0,0,1,1,1,,0,0,0,0,0,,1,7880,,,0,0,1,,,0,56.2,1,52.9891304347826,3.97008680638291,2,0,0,1,99,0,0,,8747,7880,12,4437,29.9345355731225,0,Q2,low,low,Q1-Q3,Q1-Q3,TIA,12.1478439425051,1,1,1,0
7,2810687897,2018-11-24,5656.7,2,1,166,50,71,94,0.61,4.2,101.3,5.6,4087,5584.10661401777,8.62767973702817,0.914932126696833,-0.0889053949313818,1,1.9,29,29.8,1057.69,2,1044.11648568608,6.95092633854607,0,72.51,0,4087,0,3,,4087,0,,,2,4087,5852,,,5852,1765,,0,0,,,,0,0,8,0,4087,"","","","","","","",,,,,,,,,,,,"","",,,,,,,,,,,,0,0,0,0,0,0,0,0,0,0,0,,0.15,25.56,2,122908CJB,271.724,0.67,2,106.7,2,86.159,3,,,29,0,0,0,0,0,,0,0,0,0,0,0,,,,,0,109,62.25,0,0,0,0,0,0,,,1,,,3,1,,0,1,0,0,,,0,,2,3,0,2,0,,,0,0,63,19.7766805752802,0,,0,0,0,,0,0,0,0,0,,0,,,,0,0,0,,,0,101.8,1,41.4610069101678,3.72475339301682,2,0,0,0,96,0,1,,8706,,,,58.1677772293518,1,Q3,low,low,Q1-Q3,Q1-Q3,,,,,,
7,2810688952,2018-11-24,10995.9,2,1,223,60,124,108,0.77,7,199.9,5.8,4240,5500.70035017509,8.61263069950944,3.43797709923664,1.23488324586711,0,0.6,33.62,33.9,2614.05,2,1307.67883941971,7.1760089662565,0,72.02,0,4240,0,3,,4240,0,,,2,4240,6006,,,6006,1766,,0,0,,,,0,0,8,0,4240,M01AE01,400 MG,M01,M01A,M01AE,M01AE01,"",,1,,,,,,,,,,"","",,,,,,,,,,,,0,1,0,0,0,0,0,0,0,0,0,,0.5,63.38,2,010609CJB,358.856,0.7,4,207.3,4,123.408,3,,,33.62,0,0,0,0,0,,0,0,0,0,0,0,,,,,0,152,61.5,0,0,0,0,0,0,,,,,,4,2,,1,0,0,0,,,0,,,,0,1,0,,,0,0,68,28.2552379500952,0,0,0,0,0,,0,0,0,0,0,,0,,,,0,0,0,,,0,138.2,1,35.0175087543772,3.5558481865311,2,0,0,0,79,0,1,,8705,,,,69.6291183566467,1,Q3,low,high,Q1-Q3,Q1-Q3,,,,,,
1,2810690245,2018-02-10,3147.5,2,1,210,65,92,100,0.53,3,28.3,5.2,12035,11121.9081272085,9.3166721472574,1.09834710743802,0.0938064201224585,1,,24.66,,1706.82,1,6031.16607773852,8.70469565041864,0,67.12,0,12035,0,3,,12035,0,,,2,,5805,12035,,,,,0,0,,,,0,0,8,0,12035,M01AE01,600 MG,M01,M01A,M01AE,M01AE01,"",,1,,,,,,,,,,"","",,,,,,,,,,,,0,1,0,0,0,0,0,0,0,0,0,,6.09,10.78,2,021909bCJ,147.568,5.09,47,398,47,315.199,8,12782,12782,24.66,0,0,0,0,0,2,1,1,1,0,0,0,0,0,0,0,0,138,63,1,1,0,0,0,0,1,,,,,4,1,,0,1,0,0,0,0,0,1,1,1,2,2,0,,,0,1,57,24.4457631772407,1,0,0,0,0,,0,0,0,0,0,,0,,,,0,0,0,,,0,126.6,0,106.007067137809,4.66350576300106,2,0,0,0,105,1,1,,16563,12713,30,4528,105.922934544843,0,Q4,high,high,Q4,Q4,IC,12.3969883641342,1,1,1,0
1,2810690684,2018-01-06,4933.4,2,1,187,66,111,132,0.83,7,91.4,6,12335,5397.59299781182,8.59370839203429,6.22176759410802,1.8280540454969,0,,36.06,,1376.17,1,1505.65645514223,7.31698426490166,0,57.1,0,12335,0,3,,12335,0,,,2,4635,5728,12335,,,,,0,0,,,,0,0,8,0,12335,C10AA05,20 MG,C10,C10A,C10AA,C10AA05,"",,,,1,1,1,1,1,,,,"","",,,,,,,,,,,,0,0,0,1,1,1,1,1,0,0,0,,0.95,82.44,2,021109CJB,456.602,1.47,35,210.8,35,114.339,8,13365,13365,36.06,1,0,0,0,1,2,0,0,0,0,0,0,0,0,0,0,0,146,66.25,0,0,0,0,0,0,1,,,,,8,6,,0,1,1,1,0,0,0,1,1,1,0,2,0,,,0,0,74,23.3876563160745,0,0,1,1,1,,0,0,0,0,0,,0,,,,0,0,0,,,0,98.8,1,76.5864332603939,4.33841994957735,2,1,0,1,69,0,1,,17150,,,,78.2259854755336,1,Q3,low,high,Q1-Q3,Q1-Q3,,,,,,
7,2810691448,2017-08-22,348,2,1,165,55,53,100,7.3,668.2,58.2,5.6,3462,597.938144329897,6.39348731102517,3.16575091575092,1.15239028361677,0,,38.88,,50.75,1,87.1993127147766,4.4681964491726,0,49.14,2,3462,1,2,,3462,0,,,2,3462,5148,,,5148,1686,6376,1,0,2908,6370,,0,0,7,0,3462,"","","","","","","",,,,,,,,,,,,"","",,,,,,,,,,,,0,0,0,0,0,0,0,0,0,0,0,,5.68,70.18,2,010809CJB,289.714,3.09,5,218.8,5,122.97,3,,,38.88,2,0,0,0,0,,0,0,0,0,0,0,,,,,0,265,65,0,0,0,0,0,0,1,1,,,1,4,1,,0,1,1,0,,,0,,1,1,0,2,0,,,0,0,52,44.0985970729338,0,,0,0,1,,0,0,0,0,0,,0,,1,1,0,0,0,,,0,99.4,1,11481.0996563574,9.3484574541674,3,0,0,0,6,0,0,,7879,,,,99.6563573883162,1,Q1,low,high,Q4,Q1-Q3,,,,,,
1,2810691740,2017-10-22,4318,2,1,169,41,140,116,0.8,50.4,107.4,5.6,12068,4020.48417132216,8.29915761498808,1.0540340488527,0.0526247540117221,1,,35.88,,1056.81,1,983.994413407821,6.89162021960506,0,60.82,0,12068,0,3,1,12068,0,,,1,4566,5735,12068,14147,14147,2079,,0,0,,,,0,0,8,0,12068,"","","","","","","",,,,,,,,,,,,"","",,,,,,,,,,,,0,0,0,0,0,0,0,0,0,0,0,,12.98,107.9,2,012109CJB,648.998,3.75,10,187,10,153.922,8,13463,13463,35.88,0,0,0,0,2,8,0,0,0,0,0,0,0,0,0,0,0,210,69.75,0,0,0,0,0,0,1,,,,,3,6,,0,0,0,1,0,0,0,,1,1,0,,0,,,0,0,61,30.3484477936698,0,0,0,0,0,141,0,1,0,1,1,15392,0,,,,0,0,0,,,0,100,1,469.27374301676,6.1511862719847,3,0,0,0,96,0,0,,17255,15392,1,5187,41.8800434512725,1,Q2,low,low,Q1-Q3,Q1-Q3,MI,14.2012320328542,1,1,1,0
1,2810691859,2017-10-30,1636.5,2,1,165,69,40,91,0.87,6.8,70.9,5.4,12204,2308.18053596615,7.74421484639125,3.82406876790831,1.34131497826708,0,,32.48,,769.7,1,1085.61354019746,6.98990058099028,0,65.5,0,12204,0,3,,12204,0,,,2,4648,5846,12204,14303,14303,2099,,0,0,,,,0,0,8,0,12204,C10AX06,1800 MG,C10,C10A,C10AX,C10AX06,"",,,,,,1,1,,,,,"","",,,,,,,,,,,,0,0,0,0,0,1,1,0,0,0,0,,3.83,19.57,2,012309CJB,402.298,5.17,14,196.9,14,112.986,8,13541,13541,32.48,0,0,0,0,0,2,0,0,0,0,0,0,0,0,0,0,0,125,59.5,0,0,0,0,0,0,1,,,,,7,6,,0,1,0,0,0,0,0,1,1,1,0,2,0,,,0,0,70,24.8245676916465,0,0,0,1,0,,0,0,0,0,0,,0,,,,0,0,0,,,0,88,1,95.9097320169252,4.56340745762612,2,0,0,1,67,0,0,,17333,,,,34.4504557606888,1,Q1,low,low,Q1-Q3,Q1-Q3,,,,,,
1,2810692248,2017-10-28,2517.9,2,1,216,79,129,91,0.81,3,38.8,4.9,12119,6489.43298969072,8.77793043911576,5.58289703315881,1.71970782323478,0,,32.64,,770.67,1,1986.26288659794,7.59401020573318,0,65.45,0,12119,0,3,,12119,0,,,2,4512,5718,12119,14177,14177,2058,,0,0,,,,0,0,8,0,12119,M01AE01,200 MG,M01,M01A,M01AE,M01AE01,"",,1,,,,,,,,,,"","",,,,,,,,,,,,0,1,0,0,0,0,0,0,0,0,0,,1.13,25.89,2,012309CJB,520.614,1.43,13,223.5,13,117.102,8,13470,13470,32.64,0,0,0,0,0,2,0,0,0,0,0,0,0,0,0,0,0,157,67,0,0,0,0,0,0,1,,,,,5,8,,0,1,0,0,0,0,0,1,1,1,0,2,0,,,0,0,73,24.5898375512501,0,0,0,0,0,,0,0,0,0,0,,0,,,,0,0,0,,,0,111.2,0,77.319587628866,4.34794732102102,2,0,0,0,72,1,1,,17262,,,,90.1310137457045,1,Q4,high,high,Q4,Q4,,,,,,
7,2810693885,2017-08-12,1135.6,2,1,221,103,57,94,1.03,3,83.8,6.1,3243,1355.13126491647,7.21165360309887,5.2158273381295,1.65169772172398,0,1.4,32.5,31.86,1488.77,2,1776.57517899761,7.48244273316833,0,67.02,0,3243,0,3,,3243,0,,,2,3243,5183,,,5183,1940,,0,0,,,,0,0,8,0,3243,"","","","","","","",,,,,,,,,,,,"","",,,,,,,,,,,,0,0,0,0,0,0,0,0,0,0,0,,11.52,128,2,123008CJB,255.612,2.91,3,163.5,3,96.334,3,,,32.5,0,0,0,0,0,,0,0,0,0,0,0,,,,,0,211,67,0,0,0,0,0,0,,1,,,,8,1,,0,1,0,0,,,0,,2,2,0,2,0,,,0,0,52,33.0474886835272,0,0,0,0,0,,0,0,0,0,0,,0,,,,0,0,0,,,0,106.6,0,35.799522673031,3.57793456016221,2,0,0,0,72,0,0,,7826,,,,18.8212675682843,1,Q1,low,low,Q1-Q3,Q1-Q3,,,,,,
1,2810694071,2018-11-26,4355,2,1,238,47,114,97,1,9.5,118.1,5.9,12259,3687.55292125318,8.21271835207138,1.61517857142857,0.479445521106155,1,,54.48,,960.37,1,813.183742591025,6.7009570896594,0,63.94,0,12259,0,3,,12259,0,,,1,4566,5700,12259,14538,14538,2279,,0,0,,,,0,0,8,0,12259,C10AX08,23 MG,C10,C10A,C10AX,C10AX08,"",,,,,,1,,,,,,"","",,,,,,,,,,,,0,0,0,0,0,1,0,0,0,0,0,,1.55,58.17,2,011309CJB,301.796,3.26,4,213.5,4,183.912,8,13752,13752,54.48,0,0,0,0,0,8,0,0,0,0,0,0,0,0,0,0,0,213,75.25,0,0,0,0,0,0,1,,,,,8,1,,0,1,0,0,0,0,0,,1,1,0,2,0,,,0,0,57,26.4467437688642,0,0,0,1,0,,0,0,0,0,0,,0,,,,0,0,1,,,0,168.2,1,80.4403048264183,4.38751535438532,2,0,1,0,83,0,0,,17545,,,,44.4283484488334,1,Q2,low,low,Q1-Q3,Q1-Q3,,,,,,
1,2810694962,2018-06-30,20000,3,1,198,99,69,89,0.79,18.9,184,5.5,11597,10869.5652173913,9.29372198091523,1.86920980926431,0.625515779671315,0,,50.66,,1942.04,1,1055.45652173913,6.9617286743406,0,77.38,0,11597,0,3,,11597,0,,,1,4745,5816,11597,13843,13843,2246,,0,0,,,,0,0,8,0,11597,"","","","","","","",,,,,,,,,,,,"","",,,,,,,,,,,,0,0,0,0,0,0,0,0,0,0,0,,2.8,16.8,2,012709CJB,508.806,1.7,16,189.7,16,95.21,8,12900,12900,50.66,0,0,0,0,0,8,1,1,1,0,0,0,0,0,0,0,0,132,69.25,0,0,0,0,0,0,1,,,,,4,1,,0,1,0,0,0,0,0,,1,1,2,2,0,,,0,0,49,19.3526297725223,1,,0,0,0,,0,0,0,0,0,,0,,,,0,0,0,,,0,85.2,1,102.717391304348,4.63198144343875,2,0,0,0,105,1,1,,16540,,,,103.51966873706,1,Q4,high,high,Q4,Q4,,,,,,
1,2810695969,2018-12-15,5737,2,1,205,68,59,111,0.9,3,85.9,5.7,11630,6678.69615832363,8.80667806159975,2.16643258426966,0.773081844367567,0,,42.72,,1256.27,1,1462.47962747381,7.28788864907655,0,68.82,0,11630,0,3,41,11630,1,976,12606,2,4525,5665,11630,,,,12540,1,0,910,12540,,0,1,8,1,11630,"","","","","","","",,,,,,,,,,,,"","",,,,,,,,,,,,0,0,0,0,0,0,0,0,0,0,0,,1.29,38.23,2,020709CJB,578.704,1.28,32,253.2,32,168.689,8,12707,12707,42.72,0,0,0,0,0,2,0,0,0,0,0,0,0,,0,0,0,133,60,0,0,0,0,0,0,1,,,,,7,8,,0,1,0,0,0,,0,1,1,1,0,2,0,,,0,0,83,25.9749519499039,0,0,0,0,0,,0,0,0,0,0,,0,,1,1,0,0,1,,,0,125.2,0,34.9243306169965,3.55318373866004,2,0,0,0,59,1,1,12607,16905,12606,41,5275,113.198239971587,1,Q4,high,high,Q4,Q4,CHF,14.4421629021218,1,1,1,0
1,2810696784,2017-12-23,2731.6,2,1,183,26,124,108,1.12,3,186.3,5,12460,1466.2372517445,7.29045470546748,3.23076923076923,1.17272026082183,0,,31.14,,1309.48,1,702.887815351583,6.55519729920672,0,63.2,0,12460,0,3,,12460,0,,,1,4573,5601,12460,14462,14462,2002,,0,0,,,,0,0,8,0,12460,"","","","","","","",,,,,,,,,,,,"","",,,,,,,,,,,,0,0,0,0,0,0,0,0,0,0,0,,1.64,93.32,2,020709CJB,323.48,1.05,30,209,30,200.936,8,13554,13554,31.14,0,0,0,0,0,8,0,0,0,0,0,0,0,0,0,0,0,185,67,0,0,0,0,0,0,1,,,,,3,1,,0,0,0,0,0,0,0,,1,1,0,,0,,,0,0,59,28.9752862865049,0,0,0,0,0,,0,0,0,0,0,,0,,,,0,0,0,,,0,132.2,0,16.1030595813205,2.7790092900427,1,0,0,0,72,0,0,,17340,,,,20.3644062742291,1,Q1,low,low,Q1-Q3,Q1-Q3,,,,,,
1,2810698004,2018-12-08,3599.3,2,1,302,85,77,109,0.8,5,75.2,5.6,11563,4786.30319148936,8.47351361612528,3.0906432748538,1.12837924880763,0,,45.72,,1132.17,1,1505.54521276596,7.31691037919848,0,,0,11563,,,2,11563,0,,,2,4380,5108,11563,14115,14115,2552,13881,1,0,2267,13830,,0,0,,0,11563,"","","","","","","",,,,,,,,,,,,"","",,,,,,,,,,,,0,0,0,0,0,0,0,0,0,0,0,,1.65,119.5,2,020509CJB,298.966,2.21,29,248.6,29,155.894,8,12682,12682,45.72,0,0,0,0,0,2,0,0,0,0,0,0,0,0,0,0,0,144,64.75,0,0,0,0,0,0,1,,,,,6,8,,0,1,0,0,0,0,0,1,1,1,0,2,0,,,0,0,65,24.1484110224821,0,,0,0,0,,0,0,0,0,1,14971,0,,1,1,0,0,1,,,0,201.6,1,66.4893617021277,4.19704196046044,2,0,0,0,77,0,1,,16468,14971,2,4905,62.1597817076541,0,Q3,low,low,Q1-Q3,Q1-Q3,MI,13.429158110883,1,1,1,0
1,2810698033,2018-02-03,358.6,2,1,171,35,92,119,0.8,3,18.4,5.8,11906,1948.91304347826,7.57502708254418,1.24078091106291,0.215740948383149,1,,53.72,,274.22,1,1490.32608695652,7.30675022530166,0,,0,11906,,,,11906,0,,,1,4339,5730,11906,,,,,0,0,,,,0,0,,0,11906,M01AX01,750 MG,M01,M01A,M01AX,M01AX01,"",,1,,,,,,1,,,,"","",,,,,,,,,,,,0,1,0,0,0,0,0,1,0,0,0,,1.79,109.6,2,021809bCJ,221.876,1.58,45,83.7,45,100.84,8,12742,12742,53.72,0,0,0,0,0,8,0,0,0,0,0,0,0,0,0,0,0,346,67,0,0,0,0,0,0,1,,,,,1,2,,0,1,0,0,0,0,0,,1,1,0,2,0,,,0,0,65,54.1916165142199,0,0,0,0,0,,0,0,0,0,0,,0,,,,0,0,0,,,0,117.6,0,163.04347826087,5.09401690303531,2,0,0,0,94,0,0,,13876,,,,20.7331174838113,1,Q1,low,low,Q1-Q3,Q1-Q3,,,,,,
1,2810698062,2017-10-28,2412.9,2,1,172,50,177,94,0.68,8.6,138.6,5.4,12379,1740.90909090909,7.46216272181042,1.31889400921659,0.276793513581891,1,,42.82,,850.84,1,613.881673881674,6.41980219602774,0,70.4,0,12379,0,3,,12379,0,,,2,4515,5778,12379,15056,15056,2677,,0,0,,,,0,0,8,0,12379,C10AA05,10 MG,C10,C10A,C10AA,C10AA05,"",,,,,,1,1,,,,,"","",,,,,,,,,,,,0,0,0,0,0,1,1,0,0,0,0,,1.04,45.77,2,012309CJB,264.09,0.64,14,227.7,14,155.637,8,13722,13722,42.82,0,0,0,0,0,2,0,0,0,0,0,0,0,0,0,0,0,159,63.75,0,0,0,0,0,0,1,,,,,3,0,,0,0,0,0,0,0,0,1,1,1,0,,0,,,0,0,70,27.5069449792879,0,0,0,1,0,,0,0,0,0,0,,0,,,,0,0,0,,,0,86.6,1,62.0490620490621,4.1279253954858,2,0,0,1,89,0,0,,17514,,,,19.5607763023493,1,Q1,low,low,Q1-Q3,Q1-Q3,,,,,,
1,2810698892,2018-12-22,7224.1,2,1,175,63,89,110,0.96,106.1,74.7,5.8,12240,9670.81659973226,9.17686803159673,2.28628628628629,0.826928792127347,0,,52.48,,457.73,1,612.757697456493,6.41796958447782,0,76.96,0,12240,0,3,12,12240,0,,,2,4448,5676,12240,,,,12184,1,1,-132,12108,,0,0,8,0,12240,C10AX06,2/500 MG,A10,A10B,A10BA,A10BA02,"",,,,,1,1,1,,,1,1,A10BA02,"",,,,,,,,,,1,,0,0,0,0,1,1,1,0,0,1,1,,1.58,77.04,2,022009CJB,245.032,1.87,48,247.3,48,172.89,8,12952,12952,52.48,1,0,0,0,1,2,0,0,0,0,0,0,0,1,0,0,0,154,59.75,0,0,0,0,0,0,1,,,,,8,6,,0,1,1,1,0,1,0,1,1,1,0,2,0,,,0,0,78,30.3284708738497,0,1,1,1,1,,0,0,0,0,0,,1,12091,1,2,1,0,0,,,0,94.2,1,1420.34805890228,7.2586572324633,3,1,0,1,57,1,1,,16733,12091,12,4493,169.66344911811,0,Q4,high,high,Q4,Q4,TIA,12.3011635865845,1,1,1,0
1,2810699179,2017-12-24,3363.7,2,1,250,86,76,91,0.77,3.2,44.5,5.6,11748,7558.87640449438,8.93047783438385,1.99762470308789,0.691958826290567,0,,42.62,,232.83,1,523.213483146068,6.25998957035005,0,73.39,0,11748,0,3,41,11748,1,3185,14933,2,4364,5701,11748,13717,13717,1969,14253,1,0,2225,13973,,0,1,8,1,11748,M01AX05,"",M01,M01A,M01AX,M01AX25,"",,1,,1,1,1,,,,,,M01AX25,"",,1,,,,,,,,,,0,1,0,1,1,1,0,0,0,0,0,,1.09,42.79,2,020709CJB,320.968,1.33,31,180.3,31,79.195,8,12833,12833,42.62,1,0,0,0,0,2,0,0,0,0,0,0,0,0,0,0,0,158,65.25,0,0,0,0,0,0,1,,,,,7,2,,0,1,1,0,0,0,0,1,1,1,0,2,0,,,0,0,68,26.0916574151817,0,0,1,0,1,,0,0,0,0,0,,0,,1,6,0,0,0,,,0,148.8,0,71.9101123595506,4.27541689961562,2,0,1,0,79,1,1,,16619,14933,41,4871,95.6819798037264,0,Q4,high,high,Q4,Q4,CHF,13.3360711841205,1,1,1,0
1,2810699183,2018-12-08,5339.3,2,1,268,40,394,101,0.78,4.5,183.4,5.5,12025,2911.28680479826,7.97635046338511,0.796182685753238,-0.227926614754809,1,,57.08,,1725.69,1,940.943293347873,6.84688287565251,0,73.71,0,12025,0,3,,12025,0,,,2,,5761,12025,,,,,0,0,,,,0,0,8,0,12025,M01AX05,TAB,M01,M01A,M01AX,M01AX25,325 MG,1,1,,1,,1,,1,,,,M01AX25,"",,1,,,,,,,,,,1,1,0,1,0,1,0,1,0,0,0,,2.63,186.3,2,020309CJB,296.282,1.66,23,228.7,23,165.002,8,13225,13225,57.08,1,0,0,0,0,2,0,0,0,0,0,0,0,0,0,0,0,216,66.25,0,0,0,0,0,0,1,,,,,4,1,,0,1,1,0,0,0,0,1,1,1,0,2,0,,,0,0,57,34.6009161936444,0,0,1,1,1,,0,0,0,0,0,,0,,,,0,0,0,,,0,149.2,1,24.53653217012,3.20016311593605,1,0,1,0,84,0,0,,17013,,,,34.6581762475983,1,Q2,low,low,Q1-Q3,Q1-Q3,,,,,,
1,2810699569,2018-12-06,5349.3,2,1,177,48,111,206,1.15,3.1,111.3,8.8,11664,4806.19946091644,8.4776619179147,1.1764168190128,0.1624732246142,1,,27.06,,1872.19,1,1682.11141060198,7.42780507532028,0,75.49,0,11754,0,3,,11664,0,,,1,,,11664,13786,13786,2122,,0,0,,,,0,0,8,0,11754,C10AA05,10 MG,C10,C10A,C10AA,C10AA05,"",,,,,,1,1,,,1,,"","",,,,,,,,,,,,0,0,0,0,0,1,1,0,0,1,0,,1.26,134.5,2,012209CJB,202.34,1.1,12,219,12,151.341,8,13043,13043,27.06,0,0,0,0,1,8,0,0,0,0,0,0,0,0,0,0,0,226,70,0,0,0,0,0,0,1,,,,,7,1,,0,1,0,1,0,0,0,,1,1,0,2,0,,,0,0,59,32.427836284244,0,1,0,1,0,,0,0,0,0,0,,0,,,,0,0,0,3,12768,0,106.8,0,27.8526504941599,3.32692813219174,1,1,0,1,69,0,1,,16835,,,,69.6550646509629,1,Q3,low,high,Q1-Q3,Q1-Q3,,,,,,
1,2810700256,2018-12-15,3549.2,2,1,241,77,87,94,1,13.5,174.7,5.6,12684,2031.5970234688,7.61657747380926,2.27212389380531,0.820715030096327,0,,24.94,,1377.2,1,788.322839152834,6.66990770031245,0,62.23,0,12684,0,3,,12684,0,,,2,4559,5808,12684,14822,14822,2138,,0,0,,,,0,0,8,0,12684,"","","","","","","",,,,,,,,,,,,"","",,,,,,,,,,,,0,0,0,0,0,0,0,0,0,0,0,,1.94,67.42,2,021109bCJ,652.596,2.03,37,135.1,37,71.888,8,13688,13688,24.94,0,0,0,0,0,2,0,0,0,0,0,0,0,0,0,0,0,167,64.25,0,0,0,0,0,0,1,,,,,4,0,,0,1,0,0,0,0,0,1,1,1,0,2,0,,,0,0,62,28.4430274079401,0,0,0,0,0,,0,0,0,0,0,,0,,,,0,0,1,,,0,146.6,1,77.2753291356611,4.34737474728651,2,0,0,0,60,0,0,,17473,,,,33.8599503911467,1,Q1,low,low,Q1-Q3,Q1-Q3,,,,,,
1,2810700950,2017-11-25,156.3,1,1,249,74,89,96,0.88,3,11.4,5.3,12153,1371.05263157895,7.22333406801507,3.5417439703154,1.26461925281675,0,,19.2,,171.12,1,1501.05263157895,7.31392189536179,0,69.1,0,12153,0,3,,12153,0,,,2,4620,5762,12153,14472,14472,2319,,0,0,,,,0,0,8,0,12153,M01AX05,TAB,M01,M01A,M01AX,M01AX25,325 MG,1,1,,1,,,,,,,,M01AX25,"",,1,,,,,,,,,,1,1,0,1,0,0,0,0,0,0,0,,0.51,27.01,2,020209CJB,438.304,0.44,22,318.9,22,166.669,8,13369,13369,19.2,1,0,0,0,0,0,0,0,0,0,0,0,0,0,0,0,0,146,65.75,0,0,0,0,0,0,1,,,,,3,2,,0,1,1,0,0,0,0,0,1,1,0,2,0,,,0,0,52,23.7447146090927,0,0,1,0,1,,0,0,0,0,0,,0,,,,0,0,0,,,0,157.2,0,263.157894736842,5.5727542122498,2,0,0,0,76,0,0,,17157,,,,18.0401662049862,1,Q1,low,low,Q1-Q3,Q1-Q3,,,,,,
1,2810701398,2018-12-08,19920.6,2,1,191,57,137,93,0.78,12.4,172.4,5.5,12540,11554.8723897912,9.3548624789254,,,,,27,,1597.02,1,926.345707656612,6.83124749937662,0,63.62,0,12540,0,3,,12540,0,,,2,4579,5865,12540,14646,14646,2106,,0,0,,,,0,0,8,0,12540,"","","","","","","",,,,,,,,,,,,"","",,,,,,,,,,,,0,0,0,0,0,0,0,0,0,0,0,,1.24,56.71,2,020409bCJ,315.762,3.5,26,148.1,26,104.822,8,13692,13692,27,0,0,0,0,0,0,0,0,0,0,0,0,0,0,0,0,0,223,67.25,0,0,0,0,0,0,1,,,,,4,2,,0,1,0,0,0,0,0,0,1,1,0,2,0,,,0,0,52,34.6677693396846,0,0,0,0,0,,0,0,0,0,0,,0,,,,0,0,0,,,0,106.6,1,71.9257540603248,4.27563439336354,2,0,0,0,87,1,1,,17479,13853,6,4939,132.814625170014,0,Q4,high,high,Q4,Q4,Angina,13.5222450376454,1,1,1,0
1,2810701831,2017-10-01,775.6,2,1,202,67,87,90,0.67,3,52,5.3,11908,1491.53846153846,7.30756339077516,2.3597621407334,0.858560826133254,0,,25.06,,588.9,1,1132.5,7.03218285735719,0,61.71,0,11908,0,3,,11908,0,,,2,4648,6076,11908,,,,,0,0,,,,0,0,8,0,11908,C03AA03,25 MG,C03,C03A,C03AA,C03AA03,"",,,,,,,,1,,,,"","",,,,,,,,,,,,0,0,0,0,0,0,0,1,0,0,0,,0.48,45.02,2,012009CJB,424.134,0.72,9,235.7,9,134.793,8,13317,13317,25.06,0,0,0,0,0,2,0,0,0,0,0,0,0,0,0,0,0,158,64.5,0,0,0,0,0,0,1,,,,,2,1,,0,0,0,0,0,0,0,1,1,1,0,,0,,,0,0,61,26.7019679523405,0,0,0,0,0,,0,0,0,0,0,,0,,,,0,0,0,,,0,117.6,0,57.6923076923077,4.05512384906882,2,0,0,0,95,0,0,,17109,,,,15.7004048582996,1,Q1,low,low,Q1-Q3,Q1-Q3,,,,,,
1,2810702025,2018-12-08,5655.2,2,1,174,47,155,102,0.92,6.2,157,5.4,12591,3602.03821656051,8.18925513549653,1.03259361997226,0.0320737148391148,1,,20.26,,1655.83,1,1054.66878980892,6.96098205331057,0,69.06,0,12591,0,3,,12591,0,,,1,4956,,12591,14837,14837,2246,15367,1,0,2375,14966,,0,0,8,0,12591,C10AA01,10/20 MG,C10,C10A,C10AA,C10AA01,"",,,,1,1,1,1,,,,1,"","",,,,,,,,,,,,0,0,0,1,1,1,1,0,0,0,1,,2.76,53.27,2,020309CJB,237.892,1.55,23,180.2,23,149.712,8,13792,13792,20.26,1,0,0,0,0,8,0,0,0,0,0,0,0,0,0,0,0,224,71.75,0,0,0,0,0,0,1,,,,,8,1,,0,1,1,0,0,0,0,,1,1,0,2,0,,,0,0,52,30.5921373294264,0,0,1,1,1,143,1,0,0,0,0,,0,,1,1,0,0,1,,,0,96,1,39.4904458598726,3.67605876568488,2,0,0,1,95,0,0,,17580,,,,37.9161917532685,1,Q2,low,low,Q1-Q3,Q1-Q3,,,,,,
1,2810702152,2017-12-16,1471.1,2,1,197,66,103,102,0.65,3,44.5,5.5,11574,3305.84269662921,8.10344669607206,2.21983914209115,0.797434734741444,0,,31.16,,674.17,1,1514.98876404494,7.32316330144398,0,74.28,0,11574,0,3,,11574,0,,,2,4244,5651,11574,,,,,0,0,,,,0,0,8,0,11574,M01AX05,500/400 MG,M01,M01A,M01AX,M01AX25,"",,1,,,,,,,,,,M01AX25,"",,1,,,,,,,,,,0,1,0,0,0,0,0,0,0,0,0,,0.25,29.51,2,020509CJB,241.31,1.53,28,238.3,28,137.922,8,12707,12707,31.16,0,0,0,0,0,2,0,0,0,0,0,0,0,0,0,0,0,126,62,0,0,0,0,0,0,1,,,,,6,0,,0,1,0,0,0,0,0,1,1,1,0,2,0,,,0,0,76,23.045852543318,0,0,0,0,0,,0,0,0,0,0,,0,,,,0,0,0,,,0,110.4,0,67.4157303370787,4.21087837847805,2,0,0,0,86,0,0,,16081,,,,38.4400313561536,1,Q2,low,low,Q1-Q3,Q1-Q3,,,,,,
1,2810702547,2018-02-03,2574,2,1,214,71,73,102,0.87,7.8,70,5.4,11849,3677.14285714286,8.2098913320948,2.94514767932489,1.08015896162724,0,,35.22,,724.08,1,1034.4,6.94157682745765,0,59.04,0,11849,0,3,,11849,0,,,2,,6085,11849,13852,13852,2003,,0,0,,,,0,0,8,0,11849,C10AA03,20 MG,C10,C10A,C10AA,C10AA03,"",,,,,,1,1,1,,,,"","",,,,,,,,,,,,0,0,0,0,0,1,1,1,0,0,0,,1.38,184.4,2,021809bCJ,451.642,3.76,45,286.4,45,194.306,8,12700,12700,35.22,1,0,0,0,0,2,0,0,0,0,0,0,0,0,0,0,0,189,67.5,0,0,0,0,0,0,1,,,,,7,8,,0,1,1,0,0,0,0,1,1,1,0,2,0,,,0,0,68,29.1648583297167,0,0,1,1,1,,0,0,0,0,0,,0,,,,0,0,0,,,0,128.4,1,111.428571428571,4.71338377062832,2,0,0,1,68,0,0,,14606,,,,54.0756302521008,1,Q2,low,low,Q1-Q3,Q1-Q3,,,,,,
1,2810703065,2018-01-14,2455.4,2,1,159,74,63,88,0.7,3,133.8,5.1,12169,1835.12705530643,7.5148689980407,2.25998645903859,0.815358821690401,0,,43.1,,1144.95,1,855.717488789238,6.75194028520655,0,66.87,0,12169,0,3,,12169,0,,,2,,5667,12169,14205,14205,2036,,0,0,,,,0,0,8,0,12169,"","","","","","","",,,,,,,,,,,,"","",,,,,,,,,,,,0,0,0,0,0,0,0,0,0,0,0,,0.56,23.47,2,021409CJB,191.254,0.95,41,186.7,41,106.232,8,13107,13107,43.1,0,0,0,0,0,2,0,0,0,0,0,0,0,0,0,0,0,153,66.25,0,0,0,0,0,0,1,,,,,8,0,,0,1,0,0,0,0,0,1,1,1,0,2,0,,,0,0,56,24.5089823038315,0,0,0,0,0,,0,0,0,0,0,,0,,,,0,0,0,,,0,72.4,0,22.4215246636771,3.11002141995612,1,0,0,0,97,0,0,,16891,,,,18.9188356217157,1,Q1,low,low,Q1-Q3,Q1-Q3,,,,,,
1,2810703509,2018-05-23,5369.9,2,1,203,63,218,138,0.69,8,128,6.3,12226,4195.234375,8.34170448742406,,,,,28.1,,1246.67,1,973.9609375,6.88137119760216,0,68.2,0,12226,0,3,,12226,0,,,2,4540,5709,12226,14341,14341,2115,14540,1,0,2314,14540,,0,0,8,0,12226,M01AB05,80 MG,M01,M01A,M01AB,M01AB05,"",,1,,,1,1,1,1,,,,"","",,,,,,,,,,,,0,1,0,0,1,1,1,1,0,0,0,,11.36,160.3,2,020209CJB,695.292,3.34,21,197.8,21,108.318,8,13456,13456,28.1,1,0,0,0,0,2,0,0,0,0,0,0,0,0,0,0,0,243,63,0,0,0,0,0,0,1,,,,,3,6,,0,1,1,0,0,0,0,1,1,1,0,2,0,,,0,0,79,43.045800377315,0,0,1,1,1,,0,0,0,0,0,,0,,1,1,0,0,0,,,0,96.4,1,62.5,4.13516655674236,2,1,0,1,83,0,1,,17244,,,,50.5449924698795,1,Q3,low,low,Q1-Q3,Q1-Q3,,,,,,
1,2810703833,2018-01-28,2610.9,2,1,188,117,79,96,0.76,3,80.2,5.5,12363,3255.48628428928,8.0880969395792,3.2660485021398,1.18358084506256,0,,47.84,,632.04,1,788.079800498753,6.66959935439892,0,66.89,0,12363,0,3,,12363,0,,,2,4592,5775,12363,14386,14386,2023,,0,0,,,,0,0,8,0,12363,"","","","","","","",,,,,,,,,,,,"","",,,,,,,,,,,,0,0,0,0,0,0,0,0,0,0,0,,3.51,45.94,2,021709CJB,372.224,1.06,42,185.2,42,79.09,8,13269,13269,47.84,0,0,0,0,0,2,0,0,0,0,0,0,0,0,0,0,0,116,61.25,0,0,0,0,0,0,1,,,,,4,2,,0,0,0,0,0,0,0,1,1,1,0,,0,,,0,0,59,21.7395933334141,0,0,0,0,0,,0,0,0,0,0,,0,,,,0,0,0,,,0,55.2,0,37.4064837905237,3.62184405277778,2,0,0,0,86,0,0,,17053,,,,37.8544916777823,1,Q2,low,low,Q1-Q3,Q1-Q3,,,,,,
1,2810705427,2017-12-24,1765.9,2,1,185,52,81,88,1.37,3,81.8,5.3,12224,2158.80195599022,7.67730869679847,2.68167860798362,0.98644294471236,0,,25,,873.81,1,1068.22738386308,6.97375590309766,0,69.03,0,12224,0,3,,12224,0,,,2,4588,5708,12224,14977,14977,2753,,0,0,,,,0,0,8,0,12224,"","","","","","","",,,,,,,,,,,,"","",,,,,,,,,,,,0,0,0,0,0,0,0,0,0,0,0,,4.55,45.54,2,020709CJB,298.542,2.24,32,299.9,32,181.459,8,13302,13302,25,0,0,0,0,0,2,0,0,0,0,0,0,0,0,0,0,0,136,65,0,0,0,0,0,0,1,,,,,2,6,,0,1,0,0,0,0,0,1,1,1,0,2,0,,,0,0,82,22.6317328374302,0,0,0,0,0,,0,0,0,0,0,,0,,,,0,0,1,,,0,116.8,0,36.6748166259169,3.60209032404155,2,0,0,0,36,0,0,,17088,,,,59.9667209997284,1,Q1,low,low,Q1-Q3,Q1-Q3,,,,,,
1,2810706603,2018-01-01,2650.7,2,1,170,56,76,96,1.12,3,85.8,4.9,11445,3089.39393939394,8.03573021453612,0.960901259111995,-0.0398836233532288,1,,39.64,,778.53,1,907.377622377622,6.81055870567122,0,64.43,0,11445,0,3,,11445,0,,,1,,5646,11445,13472,13472,2027,,0,0,,,,0,0,8,0,11445,M01AE01,200 MG,M01,M01A,M01AE,M01AE01,"",,1,,,,,,,,,,"","",,,,,,,,,,,,0,1,0,0,0,0,0,0,0,0,0,,1.12,29.28,2,021009CJB,230.388,0.72,33,218.4,33,165.421,8,12498,12498,39.64,0,0,0,0,0,8,0,0,0,0,0,0,0,0,0,0,0,187,72,,,,,,,1,,,,,5,1,,0,1,0,0,0,0,0,,1,1,0,2,0,,,0,0,55,25.3619257238515,0,0,0,0,0,,0,0,0,0,0,,0,,,,0,0,0,,,0,98.8,0,34.965034965035,3.55434856115633,2,0,0,0,74,0,0,,16283,,,,41.7485667485668,1,Q2,low,low,Q1-Q3,Q1-Q3,,,,,,
1,2810706631,2017-09-17,4172.1,2,1,111,39,56,113,1,17.4,142.9,6.1,12314,2919.59412176347,7.97919988620494,1.56754385964912,0.449509973770887,1,,54.24,,1539.38,1,1077.24282715185,6.98216011799326,0,73.94,0,12314,0,3,2,12314,0,,,1,4538,5797,12314,14414,14414,2100,12314,1,1,-2096,10218,,0,0,8,0,12314,C10AA05,20 MG,C10,C10A,C10AA,C10AA05,"",,,,1,1,1,1,,,,1,"","",,,,,,,,,,,,0,0,0,1,1,1,1,0,0,0,1,,0.74,66.26,2,011509CJB,252.806,1.16,7,196.4,7,144.229,8,13764,13764,54.24,1,0,0,0,0,8,0,0,0,0,0,0,0,1,0,0,0,190,70,0,0,0,0,0,0,1,,,,,7,6,,0,1,1,0,0,1,0,,1,1,0,2,0,,,0,0,65,27.2623402389662,0,0,1,1,1,,0,0,0,0,1,10218,0,,1,3,1,1,0,,,0,60.8,1,121.763470958712,4.8020804002668,2,0,0,1,79,0,0,,17557,10218,2,5243,36.9568876172591,1,Q2,low,low,Q1-Q3,Q1-Q3,MI,14.3545516769336,1,1,1,0
1,2810707068,2017-11-26,447.2,2,1,147,69,106,132,1.03,3,30.1,6.3,12167,1485.71428571429,7.30365093607415,2.4671669793621,0.90307052044602,0,,56.14,,1120.08,1,3721.19601328904,8.22180040454293,0,67.43,0,12167,0,3,,12167,0,,,2,4635,5727,12167,,,,,0,0,,,,0,0,8,0,12167,C10AA05,10 MG,C10,C10A,C10AA,C10AA05,"",,,,,,1,1,,,1,,"","",,,,,,,,,,,,0,0,0,0,0,1,1,0,0,1,0,,0.21,46.94,2,020309CJB,712.268,1.61,23,192.7,23,113.682,8,13363,13363,56.14,1,0,0,0,1,2,0,0,0,0,0,0,0,0,0,0,0,182,62.75,0,0,0,0,0,0,1,,,,,2,0,,0,1,1,1,0,0,0,1,1,1,0,2,0,,,0,0,78,32.4974691631261,0,1,1,1,1,140,0,1,1,0,0,,0,,,,0,0,0,,,0,56.8,0,99.6677740863787,4.60184239589542,2,1,0,1,52,0,0,14889,,12385,6,,28.5714285714286,1,Q1,low,low,Q1-Q3,Q1-Q3,Angina,,,,,
1,2810707250,2017-08-30,2733.6,2,1,184,42,93,110,1.77,1345.6,106.3,5.4,11223,2571.58984007526,7.85227960144127,,,,,46.46,,652.9,1,614.205079962371,6.42032887883278,0,62.7,0,11223,0,3,41,11223,1,1360,12583,1,4297,5943,11223,,,,,0,0,,,,0,1,8,1,11223,C09CA04,300 MG,C09,C09C,C09CA,C09CA04,"",,,,1,1,,,1,,,,"","",,,,,,,,,,,,0,0,0,1,1,0,0,1,0,0,0,,8.66,145.6,2,011209CJB,480.358,6.62,3,181.1,3,136.698,8,12755,12755,46.46,1,0,0,0,0,8,0,0,0,0,0,0,0,0,1,0,1,248,70,0,0,0,0,0,0,1,,,,,8,1,,0,1,1,0,0,0,1,,1,1,0,2,0,,,1,0,68,35.5845283119138,0,0,1,0,1,,0,0,0,0,0,,0,,,,0,0,0,,,0,123.4,1,12658.5136406397,9.44608528285292,3,0,0,0,39,0,0,13043,15612,9013,30,4389,65.9382010275707,0,Q1,low,high,Q1-Q3,Q1-Q3,IC,12.0164271047228,1,1,1,0
1,2810707462,2017-11-13,1105.4,2,1,158,65,78,93,1,3,44.8,5.7,12186,2467.41071428571,7.81092458596632,2.54928131416838,0.935811481865631,0,,36.3,,560.27,1,1250.60267857143,7.13138085695997,0,,0,12186,,,,12186,0,,,2,4599,5709,12186,14265,14265,2079,,0,0,,,,0,0,,0,12186,M01AX05,1000 MG,M01,M01A,M01AX,M01AX05,"",,1,,,,,,,,,,"","",,,,,,,,,,,,0,1,0,0,0,0,0,0,0,0,0,,0.47,31.18,2,012909CJB,318.808,1.14,18,200.3,18,92.332,8,13453,13453,36.3,0,0,0,0,0,2,0,0,0,0,0,0,0,0,0,0,0,117,64.25,0,0,0,0,0,0,1,,,,,3,1,,0,1,0,0,0,0,0,1,1,1,0,2,0,,,0,0,57,19.9271509384969,0,0,0,0,0,,0,0,0,0,0,,0,,,,0,0,0,,,0,77.4,0,66.9642857142857,4.20415942822931,2,0,0,0,62,0,0,,17244,,,,39.7969470046083,1,Q1,low,low,Q1-Q3,Q1-Q3,,,,,,
7,2810707746,2017-08-10,326.8,2,1,150,54,73,99,0.82,3,27.3,5.4,3754,1197.0695970696,7.08763184678303,1.81120144534779,0.593990407032033,0,0.2,28.18,28.08,374.37,2,1371.31868131868,7.22352809698505,0,70.34,0,3754,0,3,,3754,0,,,1,3754,5666,,,5666,1912,,0,0,,,,0,0,8,0,3754,C10AA01,40 MG,C10,C10A,C10AA,C10AA01,"",,,,,,1,1,,,,,"","",,,,,,,,,,,,0,0,0,0,0,1,1,0,0,0,0,,1.87,48.94,2,122308CJB,312.648,3.11,2,129.1,2,71.626,3,,,28.18,0,0,0,0,0,,0,0,0,0,0,0,,,,,0,191,68.75,0,0,0,0,0,0,,,1,,,8,1,,0,0,0,0,,,0,,2,3,0,,0,,,0,0,56,28.4114615171379,0,0,0,1,0,,0,0,0,0,0,,0,,,,0,0,0,,,0,81.4,0,109.89010989011,4.69948086545933,2,0,0,1,99,0,0,,8386,,,,12.0916120916121,1,Q1,low,low,Q1-Q3,Q1-Q3,,,,,,
1,2810708084,2017-08-30,554.2,2,1,185,43,63,94,0.8,3,25.5,5.5,12302,2173.33333333333,7.68401736625259,1.45924347362813,0.377918132676569,1,,40.78,,115.27,1,452.039215686275,6.11376893643663,0,65.86,0,12302,0,3,,12302,0,,,2,4840,5937,12302,14640,14640,2338,,0,0,,,,0,0,8,0,12302,"","","","","","","",,,,,,,,,,,,"","",,,,,,,,,,,,0,0,0,0,0,0,0,0,0,0,0,,0.63,22.12,2,011209CJB,279.41,1.43,3,198.7,3,159.857,8,13841,13841,40.78,0,0,0,0,0,0,0,0,0,0,0,0,0,0,0,0,0,163,66,0,0,0,0,0,0,1,,,,,8,1,,0,1,0,0,0,0,0,0,1,1,0,2,0,,,0,0,49,26.3090608825846,0,0,0,0,0,,0,0,0,0,0,,0,,,,0,0,0,,,0,129.4,0,117.647058823529,4.76768911548587,2,0,0,0,87,0,0,,17634,,,,24.9808429118774,1,Q1,low,low,Q1-Q3,Q1-Q3,,,,,,
1,2810708621,2018-01-14,238.6,2,1,219,47,93,94,0.9,3,13.2,5.2,12330,1807.57575757576,7.49974186605958,1.84667228306655,0.613385253458238,0,,51.52,,68.44,1,518.484848484849,6.25091080541976,0,64.92,0,12330,0,3,,12330,0,,,1,4615,5775,12330,14410,14410,2080,,0,0,,,,0,0,8,0,12330,"","","","","","","",,,,,,,,,,,,"","",,,,,,,,,,,,0,0,0,0,0,0,0,0,0,0,0,,0.31,68.98,2,021409CJB,305.074,0.71,40,218.7,40,196.259,8,13271,13271,51.52,0,0,0,0,0,8,0,0,0,0,0,0,0,0,0,0,0,144,64.75,0,0,0,0,0,0,1,,,,,7,6,,0,1,0,0,0,0,0,,1,1,0,2,0,,,0,0,64,24.1484110224821,0,,0,0,0,,0,0,0,0,0,,0,,,,0,0,0,,,0,153.4,0,227.272727272727,5.42615073805792,2,0,0,0,90,0,0,,17055,,,,20.0841750841751,1,Q1,low,low,Q1-Q3,Q1-Q3,,,,,,
1,2810709756,2017-09-07,1728.3,2,1,152,55,60,91,1.01,15.5,178.7,5.9,11076,967.151650811416,6.87435530922916,2.8944055944056,1.06277976849478,0,,11.38,,1289.75,1,721.740346950196,6.58166544394747,0,59.54,0,11076,0,3,,11076,0,,,2,4238,5649,11076,13976,13976,2900,,0,0,,,,0,0,8,0,11076,M01AX05,750 MG + 600MG,M01,M01A,M01AX,M01AX25,"",,1,,,,,,1,,,,M01AX25,"",,1,,,,,,1,,,,0,1,0,0,0,0,0,1,0,0,0,,2.76,40.4,2,011409CJB,275.322,11.94,5,168.2,5,119.826,8,12560,12560,11.38,1,0,0,0,0,2,0,0,0,0,0,0,0,0,0,0,0,150,62.25,0,0,0,0,0,0,1,,,,,4,2,,0,1,1,0,0,0,0,1,1,1,0,2,0,,,0,0,69,27.215615470569,0,0,1,0,1,,0,0,0,0,0,,0,,,,0,0,0,,,0,85,1,86.7375489647454,4.46288688074196,2,0,0,0,57,0,0,,16353,,,,16.9675728212529,1,Q1,low,low,Q1-Q3,Q1-Q3,,,,,,
1,2810710168,2017-09-23,4255.6,2,1,232,62,153,101,0.94,3.2,143.4,5.5,11973,2967.6429567643,7.99552329946478,2.00262697022767,0.694459803806826,0,,72.42,,1225.87,1,854.860529986053,6.75093833280746,0,61.38,0,11973,0,3,,11973,0,,,2,4542,5742,11973,14157,14157,2184,,0,0,,,,0,0,8,0,11973,M01AE01,200 MG,M01,M01A,M01AE,M01AE01,"",,1,,,,,,,,,,"","",,,,,,,,,,,,0,1,0,0,0,0,0,0,0,0,0,,4.08,98.48,2,011509CJB,405.462,1.74,7,251.8,7,150.693,8,13420,13420,72.42,0,0,0,0,0,0,0,0,0,0,0,0,0,0,0,0,0,163,62,0,0,0,0,0,0,1,,,,,7,1,,0,1,0,0,0,0,0,0,1,1,0,2,0,,,0,0,49,29.8132854330225,0,0,0,0,0,,0,0,0,0,0,,0,,,,0,0,0,,,0,139.4,0,22.3152022315202,3.1052681606223,1,0,0,0,71,0,0,,17213,,,,41.7977881234408,1,Q2,low,low,Q1-Q3,Q1-Q3,,,,,,
1,2810710268,2017-12-02,1996.2,2,1,190,51,148,91,1.01,26.1,49.2,5.2,11834,4057.31707317073,8.30827721474232,2.21061792863359,0.793272082163827,0,,39.12,,691.6,1,1405.69105691057,7.24828431629897,0,63.25,0,11834,0,3,,11834,0,,,1,4400,5869,11834,,,,11834,1,1,-2277,9557,,0,0,8,0,11834,C09AA05,10 MG,C09,C09A,C09AA,C09AA05,"",,,,1,1,,,,,,1,"","",,,,,,,,,,,,0,0,0,1,1,0,0,0,0,0,1,,1.94,22.83,2,020409CJB,306.052,1.42,25,236.2,25,181.054,8,13001,13001,39.12,1,0,0,0,0,8,0,0,0,0,1,1,0,1,0,0,0,192,68.5,0,0,0,0,0,0,1,,,,,7,6,,0,1,1,0,0,1,0,,1,1,0,2,2,,,0,0,74,28.7690617471916,0,0,1,0,1,,0,0,0,0,0,,0,,1,3,1,1,1,,,0,109.4,1,530.487804878049,6.27379696981252,3,0,0,0,73,0,0,,16564,,,,55.5796859338456,1,Q2,low,low,Q1-Q3,Q1-Q3,,,,,,
1,2810710597,2017-12-24,2550.4,2,1,181,63,61,96,1.02,6.7,45.9,5.4,12210,5556.42701525055,8.62271055751749,2.10510510510511,0.744365397054147,0,,51.98,,399.04,1,869.368191721133,6.76776673141326,0,67.74,0,12210,0,3,,12210,0,,,2,4586,5707,12210,14189,14189,1979,,0,0,,,,0,0,8,0,12210,C09AA03,20 MG,C09,C09A,C09AA,C09AA03,"",,,,,1,,,,,,,"","",,,,,,,,,,,,0,0,0,0,1,0,0,0,0,0,0,,1.15,35.28,2,020709CJB,399.578,0.79,31,179.3,31,149.431,8,13301,13301,51.98,1,0,0,0,0,2,0,0,0,0,0,0,0,0,0,0,0,149,61.25,0,0,0,0,0,0,1,,,,,4,0,,0,1,1,0,0,0,0,1,1,1,0,2,0,,,0,0,69,27.9241328161957,0,0,1,0,1,,0,0,0,0,0,,0,,,,0,0,0,,,0,105.8,1,145.969498910675,4.98339768831256,2,0,0,0,56,0,1,,17087,,,,99.2219109866169,1,Q3,low,high,Q4,Q1-Q3,,,,,,
1,2810710790,2017-11-18,3289.3,2,1,143,40,132,92,0.82,3,65.9,5.7,12557,4991.35053110774,8.51546179964371,2.50207039337474,0.917118546490965,0,,47.38,,878.33,1,1332.82245827011,7.19505412171337,0,69.19,0,12557,0,3,,12557,0,,,2,4489,5830,12557,14725,14725,2168,,0,0,,,,0,0,8,0,12557,C10AA05,10 MG,C10,C10A,C10AA,C10AA05,"",,,,,,1,1,,,,,"","",,,,,,,,,,,,0,0,0,0,0,1,1,0,0,0,0,,0.86,84.71,2,013009CJB,329.618,1.88,20,189.8,20,104.884,8,13806,13806,47.38,0,0,0,0,0,3,0,0,0,0,0,0,0,0,0,0,0,183,66,0,0,0,0,0,0,1,,,,,4,2,,0,1,0,0,0,0,0,1,1,1,0,2,0,,,0,0,51,29.5371665123496,0,0,0,1,0,,0,0,0,0,0,,0,,,,0,0,0,,,0,76.6,0,45.5235204855842,3.81822912614179,2,0,0,1,83,0,1,,17594,,,,60.1367533868402,1,Q3,low,low,Q1-Q3,Q1-Q3,,,,,,
1,2810710865,2018-12-08,3903.8,2,1,202,45,87,114,0.84,23.4,117.3,5.3,12168,3328.04774083547,8.11014114704117,1.05258126195029,0.0512454920978117,1,,46.76,,1023.79,1,872.796248934356,6.77170213677172,0,70.76,0,12168,0,3,,12168,0,,,1,5113,5783,12168,14289,14289,2121,,0,0,,,,0,0,8,0,12168,C10AX06,2000 MG,C10,C10A,C10AX,C10AX06,"",,,,,,1,,,,,,"","",,,,,,,,,,,,0,0,0,0,0,1,0,0,0,0,0,,3.09,62.23,2,020209CJB,313.954,1.69,22,178.5,22,120.774,8,13391,13391,46.76,0,0,0,0,0,8,0,0,0,0,0,0,0,0,0,0,0,202,66.75,0,0,0,0,0,0,1,,,,,6,1,,0,1,0,0,0,0,0,,1,1,0,2,0,,,0,0,58,31.8753118253617,0,0,0,0,0,,0,0,0,0,0,,0,,,,0,0,0,,,0,139.6,1,199.488491048593,5.29575654568636,2,0,1,0,97,0,0,,17179,,,,34.309770524077,1,Q2,low,low,Q1-Q3,Q1-Q3,,,,,,
1,2810710897,2017-12-02,1037.6,2,1,191,71,135,99,1.07,3,26.3,5.5,12564,3945.24714828897,8.28026687980661,2.75408426483233,1.01308499709049,0,,46.46,,501.93,1,1908.47908745247,7.55406191454205,0,59.56,0,12564,0,3,41,12564,1,3096,15660,2,4615,5795,12564,14926,14926,2362,,0,0,,,,0,1,8,1,12564,C10AA05,75/50 MG,C03,C03A,C03AA,C03AA03,"",,,,,,1,1,1,,,,C03AA03,"",,,,,,,,1,,,,0,0,0,0,0,1,1,1,0,0,0,,6.61,64.6,2,020409CJB,552.848,2.14,26,237.2,26,127.8,8,13727,13727,46.46,1,0,0,0,0,2,0,0,0,0,0,0,0,0,0,0,0,134,60,0,0,0,0,0,0,1,,,,,6,0,,0,1,1,0,0,0,0,1,1,1,0,2,0,,,0,0,79,26.1702523405047,0,0,1,1,1,,0,0,0,0,0,,0,,,,0,0,1,,,0,93,0,114.068441064639,4.73679862846653,2,0,0,1,49,0,0,,17261,15660,41,4697,80.5152479242648,0,Q2,low,high,Q1-Q3,Q1-Q3,CHF,12.8596851471595,1,1,1,0
1,2810711093,2018-12-08,6468.6,2,1,148,59,129,121,0.77,19.9,66.2,6.7,11769,9771.29909365559,9.18720470381826,1.42769440654843,0.356060839999403,1,,71.88,,2275.85,1,3437.83987915408,8.14259861102285,0,59.16,0,11769,0,3,14,11769,0,,,1,4380,5686,11769,14131,14131,2362,,0,0,,,,0,0,8,0,11769,"","","","","","","",,,,,,,,,,,,"","",,,,,,,,,,,,0,0,0,0,0,0,0,0,0,0,0,,3.36,42.1,2,020409CJB,408.914,3.6,26,190.3,26,116.202,8,12932,12932,71.88,0,0,0,0,1,8,0,0,0,0,0,0,0,0,0,0,0,180,68.25,0,0,0,0,0,0,1,,,,,7,8,,0,1,0,1,0,0,0,,1,1,0,2,0,,,0,0,81,27.1689469837097,0,0,0,1,0,,0,0,0,0,0,,1,6475,,,0,0,1,,,0,63.2,1,300.604229607251,5.70579454776962,3,0,0,0,85,1,1,15016,,6475,14,,114.95645992536,1,Q4,high,high,Q4,Q4,Intracerebral Hemmorhage,,,,,
1,2810711344,2017-12-16,410.4,2,1,232,51,174,99,1.15,5.7,78.6,5.7,12294,522.137404580153,6.25793078040949,1.93605189990732,0.660650796298431,0,,41.66,,684.92,1,871.399491094148,6.7701005296737,0,,0,12294,,,,12294,0,,,1,4508,5704,12294,,,,,0,0,,,,0,0,,0,12294,"","","","","","","",,,,,,,,,,,,"","",,,,,,,,,,,,0,0,0,0,0,0,0,0,0,0,0,,2.3,109.5,2,020409bCJ,389.246,1.47,27,198.5,27,144.872,8,13440,13440,41.66,0,0,0,0,0,8,0,0,0,0,0,0,0,0,0,0,0,173,68.5,0,0,0,0,0,0,1,,,,,6,8,,0,1,0,0,0,0,0,,1,1,0,2,0,,,0,0,73,25.9221233451258,0,0,0,0,0,,0,0,0,0,0,,0,,,,0,0,0,,,0,146.2,1,72.5190839694657,4.28384975438748,2,0,0,0,63,0,0,14619,,14619,27,2325,8.28789531079608,0,Q1,low,low,Q1-Q3,Q1-Q3,,6.36550308008214,1,0,0,0
1,2810712098,2018-07-06,20000,3,1,183,47,160,106,0.91,3,137.5,5.7,12056,14545.4545454545,9.58503382141759,,,,,128.5,,1998.86,1,1453.71636363636,7.28187856591179,0,65.45,0,12056,0,3,12,12056,0,,,1,4293,5671,12056,14092,14092,2036,14808,1,0,2603,14659,,0,0,8,0,12056,M01AE01,150 MG,M01,M01A,M01AE,M01AE01,"",,1,,,,1,1,,,,,"","",,,,,,,,,,,,0,1,0,0,0,1,1,0,0,0,0,,1.88,110.3,2,022109CJB,478.212,0.95,45,242.2,45,163.439,8,12908,12908,128.5,0,0,0,0,0,8,0,0,0,0,0,0,0,0,0,0,0,261,70,0,0,0,0,0,0,1,,,,,3,8,,0,1,0,0,0,0,0,,1,1,0,2,0,,,0,0,73,37.4498463282641,0,0,0,1,0,,0,0,0,0,0,,1,16090,1,2,0,0,0,,,0,104,0,21.8181818181818,3.08274365054362,1,0,0,1,83,1,1,,16689,16090,12,4633,175.246440306681,0,Q4,high,high,Q4,Q4,TIA,12.684462696783,1,1,1,0
1,2810712868,2017-12-24,753.5,2,1,186,70,65,89,0.74,3,29.4,5.3,12683,2562.92517006803,7.84890452971001,2.64430244941427,0.972407306299904,0,,16.06,,860.48,1,2926.80272108844,7.98166588472396,0,67.91,0,12683,0,3,,12683,0,,,2,4521,6035,12683,14687,14687,2004,,0,0,,,,0,0,8,0,12683,M01AX05,1500/200 MG,M01,M01A,M01AX,M01AX25,"",,1,,,,,,,,,,M01AX25,"",,1,,,,,,,,,,0,1,0,0,0,0,0,0,0,0,0,,2.34,36.06,2,020909CJB,289.336,1.02,32,234.4,32,151.693,8,13756,13756,16.06,0,0,0,0,0,0,0,0,0,0,0,0,0,0,0,0,0,128,63.5,0,0,0,0,0,0,1,,,,,8,1,,0,1,0,0,0,0,0,0,1,1,0,2,0,,,0,0,52,22.3186607945539,0,0,0,0,0,,0,0,0,0,0,,0,,,,0,0,1,,,0,103,0,102.040816326531,4.62537289330561,2,0,0,0,93,0,0,,17542,,,,27.5583351620218,1,Q1,low,low,Q1-Q3,Q1-Q3,,,,,,
7,2810712949,2017-08-10,585.5,2,1,226,102,57,77,0.95,3,25.7,5.5,4283,2278.21011673152,7.73114537712469,,,,0.7,35.06,34.74,216.55,2,842.607003891051,6.73650066174755,0,71.6,0,4283,0,3,,4283,0,,,2,4283,6376,,,6376,2093,,0,0,,,,0,0,8,0,4283,C09CA01,25 MG,C09,C09C,C09CA,C09CA01,"",,,,,1,,,,,,,"","",,,,,,,,,,,,0,0,0,0,1,0,0,0,0,0,0,,0.55,40.18,2,122908CJB,,,2,184.8,2,87.912,3,,,35.06,1,0,0,0,0,,0,0,0,0,0,0,,,,,0,117,64.25,0,0,0,0,0,0,,1,,,,7,0,,0,1,1,0,,,0,,2,2,0,2,0,,,0,0,71,19.9271509384969,0,0,1,0,1,,0,0,0,0,0,,0,,,,0,0,0,,,0,112.6,0,116.731517509728,4.75987657574907,2,0,0,0,70,0,0,,8897,3180,11,4614,32.5458588104503,0,Q1,low,low,Q1-Q3,Q1-Q3,Atherothrombotic Infarction of Brain,12.6324435318275,1,1,1,0
1,2810713466,2018-11-26,4644.6,2,1,196,75,55,88,0.64,3,82.9,5.3,11332,5602.65379975875,8.63099565728557,3.42897196261682,1.23226049689933,0,,44.46,,749.65,1,904.282267792521,6.80714155478775,0,66.35,0,11332,0,3,,11332,0,,,2,4348,5315,11332,13499,13499,2167,,0,0,,,,0,0,8,0,11332,"","","","","","","",,,,,,,,,,,,"","",,,,,,,,,,,,0,0,0,0,0,0,0,0,0,0,0,,2.01,11.16,2,012009CJB,247.942,0.94,9,246.3,9,155.628,8,12742,12742,44.46,0,0,0,0,0,2,0,0,0,0,0,0,0,0,0,0,0,108,62.25,0,0,0,0,0,0,1,,,,,6,8,,0,1,0,0,0,0,0,1,1,1,0,2,0,,,0,0,62,19.5952431388097,0,0,0,0,0,,0,0,0,0,0,,0,,,,0,0,0,,,0,110,0,36.1881785283474,3.588732505509,2,0,0,0,96,0,1,,16534,,,,58.3609770808203,1,Q3,low,low,Q1-Q3,Q1-Q3,,,,,,
7,2810713561,2017-08-10,3496.8,2,1,174,87,65,95,0.77,5.3,150.9,5.7,4522,2317.29622266402,7.74815636376339,2.09143327841845,0.737849610085235,0,5.5,32.56,35.2,1236.16,2,819.191517561299,6.7083178996922,0,57.25,0,4522,0,3,,4522,0,,,2,4522,6550,,,6550,2028,,0,0,,,,0,0,8,0,4522,M01AE01,200 MG,M01,M01A,M01AE,M01AE01,"",,1,,,,,,,,,,"","",,,,,,,,,,,,0,1,0,0,0,0,0,0,0,0,0,,0.89,32.54,2,122908CJB,193.192,0.39,2,118.9,2,77.166,3,,,32.56,0,0,0,0,0,,0,0,0,0,0,0,,,,,0,152,65.25,0,0,0,0,0,0,,1,,,,6,0,,0,1,0,0,,,0,,2,2,0,2,0,,,0,0,57,25.1008349816938,0,0,0,0,0,,0,0,0,0,0,,0,,,,0,0,0,,,0,74,1,35.1225977468522,3.55884473376641,2,0,0,0,99,0,0,,9141,,,,23.4070325521618,1,Q1,low,low,Q1-Q3,Q1-Q3,,,,,,
7,2810713585,2017-08-12,3111.4,2,1,233,39,181,103,1.1,3.9,101.7,5.8,4295,3059.39036381514,8.0259709475866,,,,1,37.32,36.78,626.79,2,616.312684365782,6.42375443923585,0,74.92,0,4295,0,3,,4295,0,,,2,4295,6192,,,6192,1897,,0,0,,,,0,0,8,0,4295,C09AA03,20/25 MG,C03,C03A,C03AA,C03AA03,"",,,,,1,,,,,,,C03AA03,"",,,,,,,,1,,,,0,0,0,0,1,0,0,1,0,0,0,,5.14,127.1,2,123008CJB,351.812,2.63,3,220.3,3,175.338,3,,,37.32,1,0,0,0,1,,0,0,0,0,0,0,,,,,0,164,63.25,0,0,0,0,0,0,,1,,,,4,2,,0,1,1,1,,,0,,2,2,0,2,0,,,0,0,64,28.8222845189148,0,0,1,0,1,,0,0,0,0,0,,0,,,,0,0,0,,,0,157.8,1,38.3480825958702,3.64670452906322,2,0,0,0,61,0,0,,8877,,,,50.1539403904122,1,Q2,low,low,Q1-Q3,Q1-Q3,,,,,,
1,2810713723,2018-01-26,1238.5,2,1,190,61,165,100,0.85,3,49.3,5.7,11550,2512.17038539554,7.82890235386886,,,,,77.18,,316.8,1,642.596348884382,6.46551676487972,0,68.7,0,11550,0,3,,11550,0,,,2,4041,,11550,13580,13580,2030,,0,0,,,,0,0,8,0,11550,C10AA05,20 MG,C10,C10A,C10AA,C10AA05,"",,,,,,1,1,,,,,"","",,,,,,,,,,,,0,0,0,0,0,1,1,0,0,0,0,,1.29,126.3,2,021409CJB,384.336,1.09,41,182,41,113.996,8,12477,12477,77.18,0,0,0,0,0,2,0,0,0,0,0,0,0,0,0,0,0,191,66,0,0,0,0,0,0,1,,,,,8,6,,0,1,0,0,0,0,0,1,1,1,0,2,0,,,0,0,73,30.8284087642556,0,0,0,1,0,,0,0,0,0,0,,0,,,,0,0,1,,,0,96,0,60.8519269776876,4.1084434866016,2,0,0,1,68,0,0,,16261,,,,36.9436821381697,1,Q1,low,low,Q1-Q3,Q1-Q3,,,,,,
1,2810713800,2017-11-26,2046.7,2,1,187,34,212,108,1.25,7.5,161,5.5,12043,1271.24223602484,7.14774983998903,2.51453104359313,0.922086322385103,0,,57.82,,10,1,6.2111801242236,1.82635091399767,0,65.34,0,12043,0,3,1,12043,0,,,1,4600,5761,12043,14196,14196,2153,,0,0,,,,0,0,8,0,12043,"","","","","","","",,,,,,,,,,,,"","",,,,,,,,,,,,0,0,0,0,0,0,0,0,0,0,0,,0.66,75.9,2,020309CJB,331.524,1.04,23,278.7,23,247.855,8,13250,13250,57.82,0,0,0,0,0,8,0,0,0,0,0,0,0,0,0,0,0,221,77,0,0,0,0,0,0,1,,,,,7,1,,0,1,0,0,0,0,0,,1,1,0,2,0,,,0,0,71,26.2069473371532,0,,0,0,0,140,0,1,1,0,1,14832,0,,,,0,0,1,2,7661,1,110.6,1,46.583850931677,3.84125393453994,2,0,0,0,58,0,0,,17038,14832,1,4995,21.9179695866353,0,Q1,low,low,Q1-Q3,Q1-Q3,MI,13.6755646817248,1,1,1,0
1,2810715419,2018-06-28,20000,3,1,249,57,120,119,0.63,3,149.8,6,11174,13351.134846462,9.4993566674411,1.59339525283798,0.465867118693955,1,,76.74,,1952.72,1,1303.55140186916,7.17284766632768,0,65.9,0,11174,0,3,,11174,0,,,2,4306,5631,11174,13472,13472,2298,,0,0,,,,0,0,8,0,11174,"","","","","","","",,,,,,,,,,,,"","",,,,,,,,,,,,0,0,0,0,0,0,0,0,0,0,0,,8.14,61.97,2,011409CJB,380.298,2.97,5,210,5,159.238,8,12658,12658,76.74,0,0,0,0,0,2,1,1,1,0,0,0,0,0,0,0,0,153,63.5,0,0,0,0,0,0,1,,,,,7,8,,0,1,0,0,0,0,0,1,1,1,2,2,0,,,0,0,62,26.6777742309902,1,0,0,0,0,,0,0,0,0,0,,0,,,,0,0,0,,,0,168,0,20.0267022696929,2.99706649656713,1,0,0,0,96,1,1,13928,,13928,27,2754,139.074321317312,0,Q4,high,high,Q4,Q4,,7.54004106776181,1,0,0,0
1,2810715885,2017-10-28,4688.9,2,1,174,46,155,122,1.32,5.4,113.4,6.1,12410,4134.83245149912,8.32720208704776,4.16492146596859,1.42669741973121,0,,30.9,,1228.63,1,1083.44797178131,6.98790380116294,0,,0,12410,,,12,12410,1,128,12538,2,4571,5879,12410,15444,15444,3034,15882,1,0,78,12488,,0,1,,1,12410,C10AX06,TAB,C10,C10A,C10AX,C10AX06,"",,,,1,1,1,1,1,,,,"","",,,,,,,,,,,,0,0,0,1,1,1,1,1,0,0,0,,1.79,96.09,2,012209CJB,374.734,2.7,13,198.1,13,132.983,8,13764,13764,30.9,1,0,0,0,0,2,0,0,0,0,0,0,0,0,0,0,0,185,61.25,0,0,0,0,0,0,1,,,,,7,6,,0,1,1,0,0,0,0,1,1,1,0,2,0,,,0,0,82,34.6709031610483,0,0,1,1,1,,0,0,0,0,0,,1,12154,1,1,0,0,0,,,0,97,1,47.6190476190476,3.86323284125871,2,0,0,1,37,0,0,15987,,12154,12,,111.752228418895,1,Q2,low,high,Q4,Q1-Q3,TIA,,,,,
1,2810715945,2018-01-26,2288.1,2,1,312,70,136,98,0.82,11.4,111,5.9,12932,2061.35135135135,7.63111704251406,4.55120213713268,1.51539140402984,0,,41.9,,664.24,1,598.414414414414,6.39428351462953,0,65.63,0,12932,0,3,,12932,0,,,2,5238,6991,12932,14984,14984,2052,,0,0,,,,0,0,8,0,12932,"","","","","","","",,,,,,,,,,,,"","",,,,,,,,,,,,0,0,0,0,0,0,0,0,0,0,0,,5.16,44.15,2,021709CJB,427.228,2.13,42,262.6,42,145.501,8,13843,13843,41.9,0,0,0,0,0,2,0,0,0,0,0,0,0,0,0,0,0,122,64,0,0,0,0,0,0,1,,,,,4,6,,0,1,0,0,0,0,0,1,1,1,0,2,0,,,0,0,66,20.9413895390291,0,0,0,0,0,,0,0,0,0,0,,0,,,,0,0,1,,,0,214.8,1,102.702702702703,4.63183843307025,2,0,0,0,75,0,0,,17627,15301,11,4695,27.4846846846847,0,Q1,low,low,Q1-Q3,Q1-Q3,Atherothrombotic Infarction of Brain,12.8542094455852,1,1,1,0
1,2810716428,2018-12-06,4616.3,2,1,211,43,115,123,0.98,3,118.9,5.4,12287,3882.5063078217,8.26423617970193,1.2884440400364,0.253435319850044,1,,40.02,,2603.28,1,2189.47014297729,7.69141484969143,0,65.55,0,12287,0,3,,12287,0,,,1,4816,5784,12287,14401,14401,2114,,0,0,,,,0,0,8,0,12287,M01AE01,800 MG,M01,M01A,M01AE,M01AE01,"",,1,,,,,,,,,,"","",,,,,,,,,,,,0,1,0,0,0,0,0,0,0,0,0,,0.61,98.47,2,012309CJB,376.232,1.2,14,219,14,182.217,8,13632,13632,40.02,0,0,0,0,0,8,0,0,0,0,0,0,0,0,0,0,0,201,68.25,0,0,0,0,0,0,1,,,,,8,6,,0,1,0,0,0,0,0,,1,1,0,2,0,,,0,0,63,30.3386574651425,0,0,0,0,0,,0,0,0,0,0,,0,,,,0,0,0,,,0,145,0,25.2312867956266,3.22808476395351,1,0,0,0,82,0,0,,17424,,,,47.3476379002646,1,Q2,low,low,Q1-Q3,Q1-Q3,,,,,,
7,2810716432,2017-08-10,3046.6,2,1,198,57,148,114,1.11,3,56.6,5.7,4540,5382.68551236749,8.59094269448156,1.88539944903581,0.634139707753188,0,0.1,36.8,36.84,220.24,2,389.116607773852,5.96387906161331,0,63.85,0,4540,0,3,,4540,0,,,1,4540,,,,,,,0,0,,,,0,0,8,0,4540,C10AX06,330 MG,C10,C10A,C10AX,C10AX06,"",,,,,,1,,,,,,"","",,,,,,,,,,,,0,0,0,0,0,1,0,0,0,0,0,,1.93,57.62,2,122208CJB,223.262,1.08,1,200.2,1,133.726,3,,,36.8,0,0,0,0,1,,0,0,0,0,0,0,,,,,0,190,66.75,0,0,0,0,0,0,,1,,,,6,1,,0,1,0,1,,,0,,2,2,0,2,0,,,0,0,64,29.9817289446471,0,0,0,0,0,,0,0,0,0,0,,0,,,,0,0,0,,,0,111.4,0,53.0035335689046,3.97035858244111,2,0,1,0,81,0,1,,9203,,,,66.4529075600925,1,Q3,low,high,Q1-Q3,Q1-Q3,,,,,,
1,2810716466,2018-12-15,7213.8,2,1,148,71,30,102,0.79,5.7,161.7,5.3,12209,4461.22448979592,8.40317855661395,1.06706857573474,0.0649152399214576,1,,34.38,,1062.25,1,656.926406926407,6.48757199839995,0,62.05,0,12209,0,3,,12209,0,,,1,4651,5721,12209,14332,14332,2123,,0,0,,,,0,0,8,0,12209,M01AE01,1200 MG,M01,M01A,M01AE,M01AE01,"",,1,,,,,,,,,,"","",,,,,,,,,,,,0,1,0,0,0,0,0,0,0,0,0,,0.21,41.78,2,020909CJB,241.152,0.53,33,170.7,33,96.6,8,13274,13274,34.38,0,0,0,0,0,8,0,0,0,0,0,0,0,0,0,0,0,204,70.5,0,0,0,0,0,0,1,,,,,8,1,,0,1,0,0,0,0,0,,1,1,0,2,0,,,0,0,60,28.857423038522,0,0,0,0,0,,0,0,0,0,0,,0,,,,0,0,0,,,0,71,1,35.2504638218924,3.56247868723958,2,0,0,0,98,0,1,,17059,,,,45.5226988754686,1,Q3,low,low,Q1-Q3,Q1-Q3,,,,,,
1,2810716558,2018-12-06,7388.3,2,1,172,60,92,100,1.37,47.8,33.6,5.8,11326,21988.9880952381,9.99829706590238,3.07343857240906,1.1227969909635,0,,34.7,,668.74,1,1990.29761904762,7.59603946384632,0,76.46,0,11326,0,3,,11326,0,,,2,4455,5622,11326,,,,,0,0,,,,0,0,8,0,11326,"","","","","","","",,,,,,,,,,,,"","",,,,,,,,,,,,0,0,0,0,0,0,0,0,0,0,0,,2.9,33.62,2,012709bCJ,492.992,0.34,17,202.1,17,128.515,8,12604,12604,34.7,1,0,0,0,0,2,0,0,0,0,0,0,0,0,0,0,0,110,62.5,0,0,0,0,0,0,1,,,,,3,0,,0,1,1,0,0,0,0,1,1,1,0,2,0,,,0,0,74,19.7987723975448,0,0,1,0,1,,0,0,0,0,0,,0,,,,0,0,1,,,0,93.6,1,1422.61904761905,7.26025485151039,3,0,0,0,38,1,1,11816,,11816,27,490,578.657581453634,0,Q4,high,high,Q4,Q4,,1.34154688569473,0,0,0,0
1,2810716637,2018-06-30,20000,3,1,161,54,92,115,0.89,33,86.5,7,12189,23121.387283237,10.0485133245864,2.04782993799823,0.716780665642606,0,,49.46,,750.67,1,867.826589595376,6.76599191312921,0,58.32,0,12189,0,3,41,12189,1,3079,15268,2,4544,5736,12189,14129,14129,1940,12189,1,1,-497,11692,,0,1,8,1,12189,C10AA02,100/25 MG,C03,C03A,C03AA,C03AA03,"",,,,1,1,1,1,,,1,1,C03AA03,"",,,,,,,,1,,,,0,0,0,1,1,1,1,1,0,1,1,,2.34,25.25,2,021009CJB,259.892,1.63,33,185.9,33,135.879,8,13247,13247,49.46,1,0,0,0,1,2,0,0,0,0,0,0,0,1,0,0,0,159,57.25,0,0,0,0,0,0,1,,,,,3,6,,0,1,1,1,0,1,0,1,1,1,0,2,0,,,0,0,80,34.1076466367574,0,1,1,1,1,,0,0,0,0,0,,0,,1,3,1,1,0,,,0,88.6,1,381.50289017341,5.94411842651078,3,1,0,1,61,1,1,15693,,15268,41,,379.03913579077,1,Q4,high,high,Q4,Q4,CHF,,,,,
1,2810716760,2018-12-22,4303.7,2,1,184,65,62,106,1.04,12.1,160.4,5.3,12954,2683.10473815461,7.89472988736573,3.4672531769306,1.243362688822,0,,60.14,,1105.78,1,689.389027431421,6.5358057378427,0,68,0,12954,0,3,,12954,0,,,1,4574,5814,12954,14919,14919,1965,,0,0,,,,0,0,8,0,12954,"","","","","","","",,,,,,,,,,,,"","",,,,,,,,,,,,0,0,0,0,0,0,0,0,0,0,0,,8.77,116.4,2,021809CJB,452.888,2.07,44,309.4,44,153.36,8,13825,13825,60.14,1,0,0,0,0,8,0,0,0,0,0,0,0,0,0,0,0,170,67.5,0,0,1,1,1,1,1,,,,,7,6,,0,1,1,0,0,0,0,,1,1,0,2,0,,,0,1,79,26.2329413547716,0,0,1,0,1,,0,0,0,0,0,,0,,,,0,0,1,,,0,106.6,1,75.4364089775561,4.32329003615242,2,0,0,0,68,0,0,15691,13238,15691,27,2737,39.4574226199208,0,Q1,low,low,Q1-Q3,Q1-Q3,,7.49349760438056,1,0,0,0
1,2810716966,2018-11-26,4832.5,2,1,211,75,99,152,0.64,11.6,78,6,12195,6195.51282051282,8.73158057038099,2.40458015267176,0.877375315624482,0,,40.42,,1096.81,1,1406.16666666667,7.24862260493757,0,54.16,1,12195,1,2,,12195,0,,,2,4586,5798,12195,,,,,0,0,,,,0,0,7,0,12195,C10AA05,20 MG,C10,C10A,C10AA,C10AA05,"",,,,1,,1,1,,,,,"","",,,,,,,,,,,,0,0,0,1,0,1,1,0,0,0,0,,8.08,108.4,2,011509CJB,341.974,4.16,7,228.6,7,147.378,8,13637,13637,40.42,1,0,0,0,0,2,0,0,0,0,0,0,0,0,0,0,0,137,61.25,0,0,0,0,0,0,1,,,,,7,6,,0,0,1,0,0,0,0,1,1,1,0,,0,,,0,0,69,25.6752093679114,0,0,1,1,1,,0,0,0,0,0,,0,,,,0,0,1,,,0,116.2,1,148.717948717949,5.00205155040487,2,1,0,1,91,0,1,12954,,12954,29,759,68.0825584671739,0,Q3,high,high,Q1-Q3,Q1-Q3,Death,2.07802874743326,0,0,0,0
1,2810717288,2017-08-26,4115.7,2,1,129,32,123,119,0.72,3,57.5,5.1,11851,7157.73913043478,8.87594944618502,1.36803652968037,0.313376521826564,1,,36.96,,609.95,1,1060.78260869565,6.96676222477953,0,61.85,0,11851,0,3,,11851,0,,,2,4523,5706,11851,14064,14064,2213,,0,0,,,,0,0,8,0,11851,M01AX05,"",M01,M01A,M01AX,M01AX25,"",,1,,,,,,,,,,M01AX25,"",,1,,,,,,,,,,0,1,0,0,0,0,0,0,0,0,0,,2.7,64.51,2,010909CJB,493.212,1.93,1,191.3,1,118.95,8,13440,13440,36.96,0,0,0,0,0,2,0,0,0,0,0,0,0,0,0,0,0,235,65,0,0,0,0,0,0,1,,,,,7,2,,0,1,0,0,0,0,0,1,1,1,0,2,0,,,0,0,55,39.1063030646771,0,0,0,0,0,,0,0,0,0,0,,0,,,,0,0,0,,,0,72.4,0,52.1739130434783,3.95458261984694,2,0,0,0,94,1,1,,17234,,,,76.1461609620722,1,Q4,high,high,Q1-Q3,Q4,,,,,,
1,2810717294,2018-01-01,1007.8,2,1,155,85,73,105,0.77,3.4,32,5.3,11689,3149.375,8.05495929943486,1.29553903345725,0.258926850598739,1,,43.54,,160.76,1,502.375,6.21934685276937,0,64.18,0,11689,0,3,,11689,0,,,2,,5896,11689,,,,11689,1,1,-244,11445,,0,0,8,0,11689,C10AA07,0.20 MG,C10,C10A,C10AA,C10AA07,"",,,,,1,1,1,,,,1,"","",,,,,,,,,,,,0,0,0,0,1,1,1,0,0,0,1,,2.75,68.06,2,021009CJB,232.98,1.62,34,177,34,86.474,8,12728,12728,43.54,0,0,0,0,0,2,0,0,0,0,0,0,0,1,0,0,0,189,65,0,0,0,0,0,0,1,,,,,3,8,,0,1,0,0,0,1,0,1,1,1,0,2,0,,,0,0,57,31.4514522520169,0,0,0,1,0,,0,0,0,0,0,,0,,1,3,1,1,0,,,0,55.4,0,106.25,4.66579480780453,2,0,0,1,86,0,0,,16513,,,,36.6206395348837,1,Q2,low,low,Q1-Q3,Q1-Q3,,,,,,
1,2810718272,2018-12-17,2822.4,2,1,183,72,55,87,0.79,3,64.7,5.6,12484,4362.28748068006,8.38075185029371,2.47711404189294,0.907094189775595,0,,36.86,,610.21,1,943.137557959814,6.84921214469901,0,47.45,1,12484,1,2,,12484,0,,,2,,6423,12484,,,,,0,0,,,,0,0,7,0,12484,M01AE01,800 MG,M01,M01A,M01AE,M01AE01,"",,1,,,,,,,,,,"","",,,,,,,,,,,,0,1,0,0,0,0,0,0,0,0,0,,0.85,25.64,2,020509CJB,458.116,1.39,29,236.1,29,149.631,8,13603,13603,36.86,0,0,0,0,0,2,0,0,0,0,0,0,0,0,0,0,0,95,61.75,0,0,0,0,0,0,1,,,,,4,2,,0,1,0,0,0,0,0,1,1,1,0,2,0,,,0,0,58,17.5168210816023,0,0,0,0,0,,0,0,0,0,0,,0,,,,0,0,0,,,0,100,0,46.3678516228748,3.83660636614339,2,0,0,0,83,0,1,,17389,,,,52.5576804901212,1,Q3,low,low,Q1-Q3,Q1-Q3,,,,,,
1,2810719605,2017-10-25,1073.9,2,1,227,60,115,95,0.8,3,44.1,5.6,12060,2435.14739229025,7.79776256439946,,,,,36.46,,279.41,1,633.582766439909,6.45139064069834,0,69.1,0,12060,0,3,,12060,0,,,2,4555,5707,12060,14452,14452,2392,,0,0,,,,0,0,8,0,12060,"","","","","","","",,,,,,,,,,,,"","",,,,,,,,,,,,0,0,0,0,0,0,0,0,0,0,0,,2.61,32.01,2,020209CJB,424.272,1.33,22,310.8,22,169.794,8,13281,13281,36.46,0,0,0,0,0,2,1,1,1,0,0,0,0,0,0,0,0,122,59.75,0,0,0,0,0,0,1,,,,,5,6,,0,0,0,0,0,0,0,1,1,1,2,,0,,,0,0,65,24.0264509520108,1,0,0,0,0,,0,0,0,0,0,,0,,,,0,0,0,,,0,144,0,68.0272108843537,4.21990778519745,2,0,0,0,77,0,0,,15787,,,,31.6252908089643,1,Q1,low,low,Q1-Q3,Q1-Q3,,,,,,
1,2810719901,2018-12-08,8680.5,2,1,201,67,66,89,0.81,10.3,171.5,5.5,11866,5061.51603498542,8.5294213290641,1.48603896103896,0.396114164686022,1,,46.94,,1736.26,1,1012.39650145773,6.9200755729733,0,65.35,0,11866,0,3,,11866,0,,,2,4400,5624,11866,14408,14408,2542,,0,0,,,,0,0,8,0,11866,M01AX05,"",M01,M01A,M01AX,M01AX25,"",,1,,,,,,,,,,M01AX25,"",,1,,,,,,,,,,0,1,0,0,0,0,0,0,0,0,0,,5.41,38.22,2,020409bCJ,379.638,4.57,28,219.8,28,141.414,8,13001,13001,46.94,0,0,0,0,0,2,0,0,0,0,0,0,0,0,0,0,0,123,61.5,0,0,0,0,0,0,1,,,,,8,1,,0,1,0,0,0,0,0,1,1,1,0,2,0,,,0,0,57,22.8644359727744,0,0,0,0,0,,0,0,0,0,0,,0,,,,0,0,0,,,0,120.8,1,60.0583090379009,4.09531590761173,2,0,0,0,81,0,1,,16787,,,,62.4878522837707,1,Q3,low,low,Q1-Q3,Q1-Q3,,,,,,
1,2810720561,2018-02-01,380,2,1,193,62,54,109,0.74,3,18.7,5.7,12849,2032.08556149733,7.61681791484798,,,,,26.2,,358.8,1,1918.71657754011,7.55941179231219,0,66.9,0,12849,0,3,,12849,0,,,2,5257,6736,12849,15095,15095,2246,,0,0,,,,0,0,8,0,12849,M01AE01,200 MG,M01,M01A,M01AE,M01AE01,"",,1,,,,1,,,,,,"","",,,,,,,,,,,,0,1,0,0,0,1,0,0,0,0,0,,1.78,67.67,2,021809bCJ,336.232,1.29,44,195.5,44,140.394,8,13706,13706,26.2,0,0,0,0,2,2,0,0,0,0,0,0,0,0,0,0,0,186,67,0,0,0,0,0,0,1,,,,,4,6,,0,1,0,1,0,0,0,1,1,1,0,2,0,,,0,0,60,29.1319094556211,0,0,0,0,0,,0,0,0,0,0,,0,,,,0,0,0,,,0,120.2,0,160.427807486631,5.07784404378971,2,0,1,0,88,0,0,,17487,,,,23.0918813806514,1,Q1,low,low,Q1-Q3,Q1-Q3,,,,,,
1,2810720805,2017-12-24,495.9,2,1,209,43,206,89,1.04,3,63.3,5.1,12597,783.412322274882,6.66365915033305,2.0103734439834,0.698320497840166,0,,47.26,,1146.07,1,1810.53712480253,7.50137883427165,0,60.96,0,12597,0,3,,12597,0,,,1,4548,5795,12597,14580,14580,1983,,0,0,,,,0,0,8,0,12597,"","","","","","","",,,,,,,,,,,,"","",,,,,,,,,,,,0,0,0,0,0,0,0,0,0,0,0,,2,58.97,2,020709CJB,429.806,0.94,32,121.3,32,188.914,8,13675,13675,47.26,1,0,0,0,0,8,0,0,0,0,0,0,0,0,0,0,0,188,67,0,0,0,0,0,0,1,,,,,7,1,,0,1,1,0,0,0,0,,1,1,0,2,0,,,0,0,56,29.4451557938536,0,0,1,0,1,,0,0,0,0,0,,0,,,,0,0,0,,,0,124.8,0,47.39336492891,3.85848223850012,2,0,0,0,80,0,0,,17461,,,,9.79265402843602,1,Q1,low,low,Q1-Q3,Q1-Q3,,,,,,
1,2810721866,2018-12-06,5218.3,2,1,217,42,139,97,0.85,6,161.9,5.3,12428,3223.16244595429,8.07811828264095,1.38775510204082,0.32768740706548,1,,38.38,,2671.78,1,1650.26559604694,7.40869152124196,0,67.68,0,12428,0,3,,12428,0,,,1,4585,5811,12428,14483,14483,2055,,0,0,,,,0,0,8,0,12428,M01AX05,"",M01,M01A,M01AX,M01AX05,"",,1,,,,,,,,,,"","",,,,,,,,,,,,0,1,0,0,0,0,0,0,0,0,0,,0.48,57.37,2,012709CJB,381.146,1.17,16,136.3,16,133.23,8,13730,13730,38.38,0,0,0,0,0,8,0,0,0,0,0,0,0,0,0,0,0,166,70.25,0,0,0,0,0,0,1,,,,,4,1,,0,1,0,0,0,0,0,,1,1,0,2,0,,,0,0,57,23.6494499153814,0,0,0,0,0,,0,0,0,0,0,,0,,,,0,0,0,,,0,147.2,1,37.0599135268684,3.6125358875266,2,0,0,0,97,0,0,,17521,,,,33.2284788242711,1,Q2,low,low,Q1-Q3,Q1-Q3,,,,,,
1,2810721995,2017-09-06,3920.4,2,1,245,50,117,97,0.62,3,56.3,5.9,11617,6963.41030195382,8.84842461923747,1.45251857968621,0.373299001184466,1,,46.3,,1440.35,1,2558.34813499112,7.84711706943483,0,65.14,0,11617,0,3,,11617,0,,,2,5040,6360,11617,14122,14122,2505,,0,0,,,,0,0,8,0,11617,"","","","","","","",,,,,,,,,,,,"","",,,,,,,,,,,,0,0,0,0,0,0,0,0,0,0,0,,1.08,49.95,2,011309CJB,342.624,1.87,4,238.8,4,166.097,8,13120,13120,46.3,0,0,0,0,0,2,1,1,1,0,0,0,0,0,0,0,0,122,62.5,0,0,0,0,0,0,1,,,,,8,1,,0,1,0,0,0,0,0,1,1,1,2,2,0,,,0,0,59,21.958638477277,1,,0,0,0,,0,0,0,0,0,,0,,,,0,0,0,,,0,171.6,0,53.2859680284192,3.9756730325046,2,0,0,0,99,1,1,,16913,,,,70.3374777975133,1,Q4,high,high,Q1-Q3,Q4,,,,,,
7,2810722170,2017-08-10,1914.1,2,1,211,63,54,97,0.63,12.9,163.8,5.8,3205,1168.55921855922,7.06352683182119,0.519650655021834,-0.65459851044271,1,1.1,28.66,28.2,900.84,2,549.96336996337,6.30985167594203,0,69.54,0,3205,0,3,,3205,0,,,2,3205,5016,,,5016,1811,,0,0,,,,0,0,8,0,3205,C09AA03,20 MG,C09,C09A,C09AA,C09AA03,"",,,,1,1,,,,,,,"","",,,,,,,,,,,,0,0,0,1,1,0,0,0,0,0,0,,0.37,49.65,2,122308CJB,299.166,0.25,1,153.6,1,147.273,3,,,28.66,1,0,0,0,0,,0,0,0,0,0,0,,,,,0,128,64,0,0,0,0,0,0,,1,,,,4,1,,0,1,1,0,,,0,,2,2,0,2,0,,,0,0,57,21.9712939425879,0,0,1,0,1,,0,0,0,0,0,,0,,,,0,0,0,,,0,137.2,1,78.7545787545788,4.36633641893079,2,0,0,0,115,0,0,,7866,,,,10.1613845092106,1,Q1,low,low,Q1-Q3,Q1-Q3,,,,,,
1,2810722401,2018-12-22,6096.4,2,1,208,71,106,107,0.82,4.4,96.6,5.6,11809,6310.97308488613,8.75004515678131,1.62994836488812,0.488548336334167,1,,67.72,,1216.28,1,1259.08902691511,7.13814374394713,0,57.32,0,11809,0,3,,11809,0,,,1,4309,5643,11809,14043,14043,2234,,0,0,,,,0,0,8,0,11809,C07AA05,80 MG,C07,C07A,C07AA,C07AA05,"",,,,1,,,,,,,,"","",,,,,,,,,,,,0,0,0,1,0,0,0,0,0,0,0,,4.64,72.64,2,021809CJB,511.67,1.89,44,237.9,44,146.239,8,12684,12684,67.72,0,0,0,0,0,8,0,0,0,0,0,0,0,0,0,0,0,177,65,0,0,1,1,1,1,1,,,,,1,6,,0,1,0,0,0,0,0,,1,1,0,2,0,,,0,1,80,29.4545346487143,0,0,1,0,1,,0,0,0,0,0,,0,,,,0,0,0,,,0,115.8,1,45.5486542443064,3.81878107868788,2,0,0,0,84,0,1,15352,14132,15352,28,3543,75.1306319629301,0,Q3,high,high,Q1-Q3,Q1-Q3,Death,9.70020533880903,1,0,0,0
7,2810722467,2018-11-24,5577.8,2,1,158,60,94,92,0.97,3.9,145,5.9,4195,3846.75862068966,8.25498615596693,1.21796565389696,0.197181970119145,1,,20.92,,866.02,1,597.255172413793,6.3923444465515,0,63.2,0,4195,0,3,,4195,0,,,2,4195,6401,,,6401,2206,,0,0,,,,0,0,8,0,4195,M01AX05,37.5 MG,C03,C03A,C03AA,C03AA03,"",,1,,,,1,1,1,,,,C03AA03,"",,,,,,,,1,,,,0,1,0,0,0,1,1,1,0,0,0,,4.44,64.99,2,010809CJB,314.832,3.04,5,177.7,5,101.469,3,,,20.92,0,0,0,0,0,,0,0,0,0,0,0,,,,,0,156,66.75,0,0,0,0,0,0,,,,,,7,0,,1,0,0,0,,,0,,,,0,1,0,,,0,0,50,24.6165774492892,0,0,0,1,0,,0,0,0,0,0,,0,,,,0,0,0,,,0,79.2,1,26.8965517241379,3.29199808969716,1,0,0,1,68,0,0,,8645,,,,56.5699797160244,1,Q2,low,low,Q1-Q3,Q1-Q3,,,,,,
1,2810722817,2018-02-10,854.3,2,1,189,105,39,92,0.98,3,28.8,5.3,11697,2966.31944444444,7.99507721900376,2.66611295681063,0.980621590255295,0,,33.62,,236.11,1,819.826388888889,6.70909259697506,0,64.46,0,11697,0,3,,11697,0,,,2,,,11697,13639,13639,1942,,0,0,,,,0,0,8,0,11697,"","","","","","","",,,,,,,,,,,,"","",,,,,,,,,,,,0,0,0,0,0,0,0,0,0,0,0,,0.37,16.56,2,021909bCJ,366.836,0.85,47,163.7,47,105.508,8,12467,12467,33.62,0,0,0,0,0,2,0,0,0,0,0,0,0,0,0,0,0,124,63.75,0,0,0,0,0,0,1,,,,,7,1,,0,1,0,0,0,0,0,1,1,1,0,2,0,,,0,0,53,21.4519570907654,0,0,0,0,0,,0,0,0,0,0,,0,,,,0,0,0,,,0,76.2,0,104.166666666667,4.64599218050835,2,0,0,0,66,0,0,,16248,,,,44.944234006734,1,Q2,low,low,Q1-Q3,Q1-Q3,,,,,,
1,2810722980,2018-06-28,20000,3,1,150,60,103,132,0.72,6.9,156.7,6.3,12202,12763.2418634333,9.45432458916224,2.70283600493218,0.994301593952493,0,,32.26,,1414.95,1,902.967453733248,6.80568651039009,0,69.49,0,12202,0,3,12,12202,0,,,2,4578,5827,12202,14728,14728,2526,,0,0,,,,0,0,8,0,12202,C10AA05,10 MG,C10,C10A,C10AA,C10AA05,"",,,,,,1,1,1,,,,"","",,,,,,,,,,,,0,0,0,0,0,1,1,1,0,0,0,,6.43,152.2,2,010809CJB,323.806,3.25,1,131.4,1,91.942,8,13818,13818,32.26,1,0,0,0,1,2,0,0,0,0,0,0,0,0,0,0,0,207,63.25,0,0,0,0,0,0,1,,,,,3,6,,0,1,1,1,0,0,0,1,1,1,0,2,0,,,0,0,74,36.3793469232645,0,0,1,1,1,,0,0,0,0,0,,1,15505,,,0,0,1,,,0,69.4,1,44.0331844288449,3.78494354122338,2,1,0,1,82,1,1,,17612,15505,12,5410,155.649291017479,1,Q4,high,high,Q4,Q4,TIA,14.8117727583847,1,1,1,1
1,2810723460,2018-06-30,20000,3,1,227,84,80,105,0.72,17.6,131,5.7,12097,15267.1755725191,9.63346041532307,2.5362473347548,0.930685561296733,0,,35.6,,2131.06,1,1626.76335877863,7.39434765028459,0,70.34,0,12097,0,3,,12097,0,,,2,5016,6199,12097,14242,14242,2145,,0,0,,,,0,0,8,0,12097,"","","","","","","",,,,,,,,,,,,"","",,,,,,,,,,,,0,0,0,0,0,0,0,0,0,0,0,,2.66,121.4,2,020409CJB,350.748,1.71,25,199.2,25,115.825,8,13265,13265,35.6,0,0,0,0,0,2,0,0,0,0,0,0,0,0,0,0,0,164,62,0,0,0,0,0,0,1,,,,,7,6,,0,1,0,0,0,0,0,1,1,1,0,2,0,,,0,0,62,29.9961890246361,0,0,0,0,0,,0,0,0,0,0,,0,,,,0,0,0,,,0,127,1,134.351145038168,4.90045685782509,2,0,0,0,90,1,1,,17053,,,,169.635284139101,1,Q4,high,high,Q4,Q4,,,,,,
1,2810723533,2018-01-06,156.3,1,1,255,55,159,120,0.75,6.9,16.1,5.7,12022,970.807453416149,6.87812815142511,2.61961722488038,0.963028209725845,0,,87.28,,229.18,1,1423.47826086957,7.26085863499598,0,,0,12022,,,,12022,0,,,2,4262,5896,12022,14039,14039,2017,,0,0,,,,0,0,,0,12022,M01AE02,200 MG,M01,M01A,M01AE,M01AE01,"",,1,,,1,,,1,,,,M01AE01,"",,1,,,,,,,,,,0,1,0,0,1,0,0,1,0,0,0,,4.37,158.1,2,021109CJB,367.058,2.09,35,242.1,35,182.074,8,13046,13046,87.28,1,0,0,0,0,3,0,0,0,0,0,0,0,0,0,0,0,208,63,,,,,,,1,,,,,8,1,,0,1,1,0,0,0,0,1,1,1,0,2,0,,,0,0,56,36.8457879772902,0,0,1,0,1,,0,0,0,0,0,,0,,,,0,0,0,,,0,168.2,1,428.571428571429,6.06045741859493,3,0,0,0,89,0,0,,16831,,,,10.9079489147882,1,Q1,low,low,Q1-Q3,Q1-Q3,,,,,,
1,2810723775,2018-01-28,3404.3,2,1,202,67,87,120,0.99,3,128.6,5.9,12351,2647.20062208398,7.88125799160435,2.4274134119381,0.886826250902717,0,,52.32,,1152.28,1,896.01866251944,6.79796124146275,0,63.29,0,12351,0,3,,12351,0,,,1,4634,5747,12351,14411,14411,2060,,0,0,,,,0,0,8,0,12351,C10AX06,1200 MG,C10,C10A,C10AX,C10AX06,"",,,,,,1,,,,,,"","",,,,,,,,,,,,0,0,0,0,0,1,0,0,0,0,0,,1.04,59.46,2,021809CJB,655.75,2.09,43,200.8,43,147.706,8,13246,13246,52.32,0,0,0,0,0,8,0,0,0,0,0,0,0,0,0,0,0,190,70.5,0,0,0,0,0,0,1,,,,,3,6,,0,0,0,0,0,0,0,,1,1,0,,0,,,0,0,65,26.8770116535253,0,0,0,0,0,,0,0,0,0,0,,0,,,,0,0,1,,,0,117.6,0,23.3281493001555,3.14966075584673,1,0,1,0,80,0,0,,17027,,,,33.0900077760498,1,Q1,low,low,Q1-Q3,Q1-Q3,,,,,,
1,2810724138,2018-02-17,2566.7,2,1,148,47,69,89,0.74,3,42,5,13063,6111.19047619048,8.71787687380705,2.07528957528958,0.73010069830228,0,,38.5,,489.35,1,1165.11904761905,7.06057854757655,0,68.06,0,13063,0,3,,13063,0,,,1,4640,6537,13063,15267,15267,2204,15431,1,0,1309,14372,,0,0,8,0,13063,M01AE01,200 MG,M01,M01A,M01AE,M01AE01,"",,1,,,,,,,,,,"","",,,,,,,,,,,,0,1,0,0,0,0,0,0,0,0,0,,0.84,44.95,2,022009CJB,247.374,1.1,49,185.9,49,168.865,8,13755,13755,38.5,0,0,0,0,0,8,0,0,0,0,0,0,0,0,,0,0,163,73.75,0,0,0,0,0,0,1,,,,,7,6,,0,1,0,0,0,0,0,,1,1,0,2,0,,,0,0,57,21.0702247316589,0,0,0,0,0,,0,0,0,0,0,,0,,1,4,0,0,0,,,0,87.2,0,71.4285714285714,4.26869794936688,2,0,0,0,102,0,1,,17535,,,,59.9136321195145,1,Q3,high,low,Q1-Q3,Q1-Q3,,,,,,
1,2810724390,2018-02-10,430.9,2,1,216,72,94,107,0.64,3,35.9,5.5,11724,1200.27855153203,7.09030893511565,1.84675324675325,0.613429095515457,0,,31.98,,529.47,1,1474.84679665738,7.29630939670644,0,71.36,0,11724,0,3,,11724,0,,,2,,,11724,13546,13546,1822,,0,0,,,,0,0,8,0,11724,"","","","","","","",,,,,,,,,,,,"","",,,,,,,,,,,,0,0,0,0,0,0,0,0,0,0,0,,0.96,32.31,2,021909bCJ,186.888,0.81,47,226.2,47,142.357,8,12473,12473,31.98,0,0,0,0,0,2,0,0,0,0,0,0,0,0,0,0,0,153,63.75,0,0,0,0,0,0,1,,,,,4,1,,0,1,0,0,0,0,0,1,1,1,0,2,0,,,0,0,69,26.4689470555412,0,0,0,0,0,,0,0,0,0,0,,0,,,,0,0,0,,,0,125.2,0,83.5654596100279,4.42563027215601,2,0,0,0,91,0,0,,16254,,,,13.1898741926597,1,Q1,low,low,Q1-Q3,Q1-Q3,,,,,,
1,2810724677,2018-01-06,2812.5,2,1,223,47,238,103,0.7,3,37.6,5.9,11669,7480.05319148936,8.91999518210492,3.69263759828449,1.3063409989903,0,,61.26,,399.38,1,1062.18085106383,6.96807948020749,0,73.41,0,11669,0,3,,11669,0,,,2,4323,5653,11669,13801,13801,2132,,0,0,,,,0,0,8,0,11669,C10AA05,20 MG,C10,C10A,C10AA,C10AA05,"",,,,,,1,1,,,,,"","",,,,,,,,,,,,0,0,0,0,0,1,1,0,0,0,0,,8.28,32.14,2,021109CJB,507.638,2.73,36,165.8,36,135.288,8,12687,12687,61.26,0,0,0,0,0,2,0,0,0,0,0,0,0,0,0,0,0,131,58.5,0,0,0,0,0,0,1,,,,,2,0,,0,1,0,0,0,0,0,1,1,1,0,2,0,,,0,0,75,26.9131899210544,0,0,0,1,0,,0,0,0,0,0,,0,,,,0,0,0,,,0,128.4,0,79.7872340425532,4.3793635172544,2,0,0,1,85,1,1,15422,,15422,28,3753,88.0006257822278,0,Q4,high,high,Q4,Q4,Death,10.2751540041068,1,1,0,0
1,2810725795,2018-01-08,323.8,2,1,237,65,107,113,0.93,3,50.7,5.5,12573,638.658777120316,6.45937031663449,1.83803863298663,0.60869904274776,0,,44.98,,523.1,1,1031.75542406312,6.93901692576752,0,55.8,1,12573,0,3,,12573,0,,,1,4649,5798,12573,14611,14611,2038,,0,0,,,,0,0,8,0,12573,M01AX05,3 G,M01,M01A,M01AX,M01AX25,"",,1,,,,,,,,,,M01AX25,"",,1,,,,,,,,,,0,1,0,0,0,0,0,0,0,0,0,,0.28,37.32,2,021109bCJ,459.196,1.14,36,233.3,36,207.434,8,13582,13582,44.98,0,0,0,0,0,8,0,0,0,0,0,0,0,0,0,0,0,190,73.75,0,0,0,0,0,0,1,,,,,4,1,,0,1,0,0,0,0,0,,1,1,0,2,0,,,0,0,56,24.5603846565349,0,0,0,0,0,,0,0,0,0,0,,0,,,,0,0,0,,,0,150.6,0,59.1715976331361,4.08044165705311,2,0,0,0,91,0,0,,17367,,,,7.01822832000347,1,Q1,low,low,Q1-Q3,Q1-Q3,,,,,,
1,2810725919,2017-12-23,437.7,2,1,164,59,170,100,0.9,3,25.5,5.6,11661,1716.47058823529,7.44802547802056,1.36501714845664,0.311166991529906,1,,40.74,,146.42,1,574.196078431373,6.35297093804221,0,70.17,0,11661,0,3,,11661,0,,,2,4286,5680,11661,13797,13797,2136,,0,0,,,,0,0,8,0,11661,C10AX06,1000 MG,C10,C10A,C10AX,C10AX06,"",,,,1,1,1,1,,,,,"","",,,,,,,,,,,,0,0,0,1,1,1,1,0,0,0,0,,1.51,155.2,2,020709CJB,209.85,1.03,31,197.2,31,128.581,8,12755,12755,40.74,1,0,0,0,0,2,0,0,0,0,0,0,0,0,0,0,0,151,61.5,0,0,0,0,0,0,1,,,,,3,1,,0,1,1,0,0,0,0,1,1,1,0,2,0,,,0,0,65,28.0693482267393,0,0,1,1,1,,0,0,0,0,0,,0,,,,0,0,0,,,0,71,0,117.647058823529,4.76768911548587,2,0,0,1,67,0,0,,16541,,,,25.6189640035119,1,Q1,low,low,Q1-Q3,Q1-Q3,,,,,,
1,2810726687,2017-11-13,4256.9,2,1,171,37,94,105,0.95,3,104,5.5,12345,4093.17307692308,8.31707576167779,1.19778002018163,0.18046986027968,1,,51.8,,544.25,1,523.317307692308,6.26018798696138,0,68.72,0,12345,0,3,,12345,0,,,1,4524,5782,12345,14393,14393,2048,,0,0,,,,0,0,8,0,12345,C10AA05,10 MG,C10,C10A,C10AA,C10AA05,"",,,,,,1,1,,,,,"","",,,,,,,,,,,,0,0,0,0,0,1,1,0,0,0,0,,1.05,98.74,2,012709bCJ,391.096,1.64,18,132,18,158.552,8,13619,13619,51.8,0,0,0,0,0,8,0,0,0,0,0,0,0,0,0,0,0,225,65.25,0,0,0,0,0,0,1,,,,,8,1,,0,1,0,0,0,0,0,,1,1,0,2,0,,,0,0,61,37.1558412557967,0,0,0,1,0,,0,0,0,0,0,,0,,,,0,0,1,,,0,115.2,0,28.8461538461539,3.36197666850887,1,0,0,1,86,0,0,,17410,,,,47.5950357781753,1,Q2,low,low,Q1-Q3,Q1-Q3,,,,,,
1,2810727059,2017-10-22,1423.2,2,1,246,84,99,95,0.63,3,72.1,6,12405,1973.92510402219,7.58777927804881,2.96028880866426,1.08528683407096,0,,32.7,,,1,,,0,60.09,0,12405,0,3,,12405,0,,,2,4514,5805,12405,14493,14493,2088,,0,0,,,,0,0,8,0,12405,M01AE01,200 MG,M01,M01A,M01AE,M01AE01,"",,1,,1,,1,1,1,,,,"","",,,,,,,,,,,,0,1,0,1,0,1,1,1,0,0,0,,4.77,15,2,012109CJB,331.42,3.16,11,153.6,11,101.65,8,13792,13792,32.7,1,0,0,0,0,2,0,0,0,0,0,0,0,0,0,0,0,148,64.75,0,0,0,0,0,0,1,,,,,4,6,,0,1,1,0,0,0,0,1,1,1,0,2,0,,,0,0,63,24.819200217551,0,0,1,1,1,,0,0,0,0,0,,0,,,,0,0,0,,,0,142.2,0,41.6088765603329,3.72831352335934,2,0,0,1,95,0,0,,17584,,,,20.7781589897073,1,Q1,low,low,Q1-Q3,Q1-Q3,,,,,,
1,2810728393,2017-12-23,477,2,1,163,44,91,98,0.93,3,17.3,5.7,11748,2757.22543352601,7.9219801753727,2.03581267217631,0.710895086683351,0,,42.5,,256.47,1,1482.48554913295,7.30147538319061,0,55.84,0,11748,0,3,,11748,0,,,1,4330,5588,11748,,,,11730,1,1,-181,11567,,0,0,8,0,11748,C10AA05,20 MG,C10,C10A,C10AA,C10AA05,"",,,,1,,1,1,,,,1,"","",,,,,,,,,,,,0,0,0,1,0,1,1,0,0,0,1,,0.45,20.61,2,020609CJB,370.692,1.02,30,238.1,30,166.945,8,12849,12849,42.5,0,0,0,0,0,8,0,0,0,0,0,0,0,0,0,1,0,159,67.5,0,0,0,0,0,0,1,,,,,8,6,,0,1,0,0,1,0,0,,1,1,0,2,0,,,0,0,79,24.5355157376982,0,0,0,1,0,141,0,1,0,1,0,,0,,1,6,1,0,1,,,0,100.8,0,173.410404624277,5.15566106614651,2,0,0,1,78,0,0,,16208,,,,35.3490440195643,1,Q2,low,low,Q1-Q3,Q1-Q3,,,,,,
1,2810728895,2017-11-21,890.6,2,1,231,45,153,94,0.78,3,30.8,5.7,12511,2891.55844155844,7.96955088889617,2.69708890637294,0.992173008528216,0,,45.36,,282.07,1,915.811688311688,6.81981076309382,0,66.68,0,12511,0,3,,12511,0,,,2,4453,5785,12511,14827,14827,2316,,0,0,,,,0,0,8,0,12511,M01AX25,1200 MG,M01,M01A,M01AX,M01AX25,"",,1,,,,1,,,,,,"","",,,,,,,,,,,,0,1,0,0,0,1,0,0,0,0,0,,8.38,54.68,2,012909CJB,310.456,1.24,19,163.3,19,118.054,8,13766,13766,45.36,0,0,0,0,0,2,0,0,0,0,0,0,0,0,0,0,0,142,59.5,0,0,0,0,0,0,1,,,,,4,1,,0,1,0,0,0,0,0,1,1,1,0,2,0,,,0,0,58,28.2007088977104,0,0,0,0,0,,0,0,0,0,0,,0,,,,0,0,0,,,0,155.4,0,97.4025974025974,4.57885287767072,2,0,1,0,84,0,0,,17557,,,,34.4233147804576,1,Q2,low,low,Q1-Q3,Q1-Q3,,,,,,
1,2810729110,2018-01-01,4112.1,2,1,218,71,69,106,1.18,3,107.1,5.6,12520,3839.49579831933,8.25309633443983,2.58636363636364,0.950252887773969,0,,34.38,,1886.77,1,1761.69000933707,7.47402885988169,0,64.62,0,12520,0,3,,12520,0,,,1,4424,5786,12520,14680,14680,2160,,0,0,,,,0,0,8,0,12520,M01AX25,400 MG,M01,M01A,M01AX,M01AX25,"",,1,,,,,,,,,,"","",,,,,,,,,,,,0,1,0,0,0,0,0,0,0,0,0,,0.3,49.5,2,021009CJB,418.506,0.59,34,327.1,34,197.05,8,13569,13569,34.38,0,0,0,0,0,8,0,0,0,0,0,0,0,0,0,0,0,209,75,0,0,0,0,0,0,1,,,,,8,6,,0,1,0,0,0,0,0,,1,1,0,2,0,,,0,0,64,26.1233802467605,0,0,0,0,0,,0,0,0,0,0,,0,,,,0,0,0,,,0,133.2,0,28.0112044817927,3.33260459019654,1,0,0,0,65,0,0,,17354,,,,59.0691661279897,1,Q2,low,low,Q1-Q3,Q1-Q3,,,,,,
1,2810729286,2017-09-07,2230.1,2,1,165,51,175,132,0.95,4.1,54.8,7.1,11433,4069.52554744526,8.31128169853219,2.59477866061294,0.953501218418576,0,,61.76,,653.85,1,1193.15693430657,7.08435795938663,0,,0,11433,,,,11433,0,,,2,4874,5932,11433,13712,13712,2279,,0,0,,,,0,0,,0,11433,M01AX25,5/500 MG,A10,A10B,A10BA,A10BA02,"",,1,,,1,1,1,,,1,,A10BA02,"",,,,,,,,,,1,,0,1,0,0,1,1,1,0,0,1,0,,2.45,75.81,2,011309CJB,364.378,1.09,4,199.9,4,120.674,8,12926,12926,61.76,1,0,0,0,1,2,0,0,0,0,0,0,0,0,0,0,0,207,66.75,0,0,0,0,0,0,1,,,,,7,1,,0,1,1,1,0,0,0,1,1,1,0,2,0,,,0,0,56,32.6643046923261,0,1,1,1,1,,0,0,0,0,0,,0,,,,0,0,0,,,0,79,1,74.8175182481752,4.31505205873843,2,1,0,1,67,0,0,,16419,15547,6,4986,60.7391872753023,0,Q2,low,low,Q1-Q3,Q1-Q3,Angina,13.6509240246407,1,1,1,0
1,2810730247,2017-10-22,487.8,2,1,160,57,100,83,0.86,3,15.4,5.7,12222,3167.53246753247,8.06070816235033,3.4247191011236,1.23101945408035,0,,61.82,,140.17,1,910.194805194805,6.81365864824347,0,63.41,0,12222,0,3,,12222,0,,,2,4425,5895,12222,14329,14329,2107,,0,0,,,,0,0,8,0,12222,M01AX05,TABLET,M01,M01A,M01AX,M01AX25,"",,1,,,,1,1,,,,,M01AX25,"",,1,,,,,,,,,,0,1,0,0,0,1,1,0,0,0,0,,2.22,58.71,2,012109CJB,458.066,1.65,10,90.6,10,75.223,8,13617,13617,61.82,0,0,0,0,0,2,0,0,0,0,0,0,0,0,0,0,0,155,60.5,0,0,0,0,0,0,1,,,,,3,2,,0,1,0,0,0,0,0,1,1,1,0,2,0,,,0,0,68,29.7732717588241,0,0,0,1,0,,0,0,0,0,0,,0,,,,0,0,0,,,0,83,0,194.805194805195,5.27200005823066,2,0,0,1,69,0,0,,17409,,,,45.9062676453981,1,Q2,low,low,Q1-Q3,Q1-Q3,,,,,,
1,2810730593,2017-12-02,707.1,2,0,204,77,74,99,0.7,3,22.7,5.5,11903,3114.97797356828,8.04397736011093,3.22756119673617,1.17172680459257,0,,38.34,,269.72,1,1188.19383259912,7.08018964536712,0,63.47,0,11903,0,3,,11903,0,,,2,4276,5669,11903,14081,14081,2178,,0,0,,,,0,0,8,0,11903,"","","","","","","",,,,,,,,,,,,"","",,,,,,,,,,,,0,0,0,0,0,0,0,0,0,0,0,,0.33,25.61,2,020409CJB,216.134,1.42,26,212,26,126.505,8,13058,13058,38.34,0,0,0,0,0,0,1,1,1,0,0,0,0,0,0,0,0,146,67.25,0,0,0,0,0,0,1,,,,,7,1,,0,1,0,0,0,0,0,0,1,1,2,2,0,,,0,0,50,22.6972839623047,1,,0,0,0,,0,0,0,0,0,,0,,,,0,0,0,,,0,112.2,0,132.15859030837,4.88400264316289,2,0,0,0,101,0,0,,16845,,,,30.8413660749335,1,Q2,low,low,Q1-Q3,Q1-Q3,,,,,,
1,2810731973,2018-02-17,3323.9,2,1,168,46,150,115,0.72,3,65.7,6.5,12589,5059.20852359209,8.52896533178447,,,,,36.14,,1833.11,1,2790.12176560122,7.93384051744772,0,69.4,0,12589,0,3,,12589,0,,,2,,6190,12589,14324,14324,1735,,0,0,,,,0,0,8,0,12589,M01AE02,250 MG,M01,M01A,M01AE,M01AE02,"",,1,,,1,1,1,,,1,,"","",,,,,,,,,,,,0,1,0,0,1,1,1,0,0,1,0,,8.04,152.5,2,022009CJB,436.338,3.46,49,195.2,49,134.135,8,13272,13272,36.14,1,0,0,0,1,3,0,0,0,0,0,0,0,0,0,0,0,269,62.5,0,0,0,0,0,0,1,,,,,3,10,,0,1,1,1,0,0,0,1,1,1,0,2,0,,,0,0,63,48.4169979539959,0,1,1,1,1,,0,0,0,0,0,,0,,,,0,0,0,,,0,92,0,45.662100456621,3.82126864215968,2,1,0,1,89,0,1,,17052,,,,56.8450395909223,1,Q3,low,low,Q1-Q3,Q1-Q3,,,,,,
1,2810732105,2017-11-13,677.9,2,1,207,66,129,96,0.71,6.6,154.6,5.8,12386,438.486416558862,6.08332883427169,3.69237832874197,1.30627078396431,0,,35.4,,1027.23,1,664.443725743855,6.49895018795147,0,70.86,0,12386,0,3,,12386,0,,,2,4570,5816,12386,14405,14405,2019,15674,1,0,3223,15609,,0,0,8,0,12386,C10AX06,500 MG,C10,C10A,C10AX,C10AX06,"",,,,,,1,,,,,,"","",,,,,,,,,,,,0,0,0,0,0,1,0,0,0,0,0,,0.86,43.2,2,012709CJB,357.822,1.33,17,305.5,17,142.481,8,13674,13674,35.4,0,0,0,0,0,2,0,0,0,0,0,0,0,0,0,0,0,158,66.25,0,0,0,0,0,0,1,,,,,6,2,,0,1,0,0,0,0,0,1,1,1,0,2,0,,,0,0,69,25.3099294379436,0,0,0,0,0,,0,0,0,0,0,,0,,1,1,0,0,1,,,0,115.2,1,42.6908150064683,3.7539837918612,2,0,1,0,87,0,0,,17208,,,,5.04007375355013,1,Q1,low,low,Q1-Q3,Q1-Q3,,,,,,
1,2810732253,2017-11-13,3820.8,2,1,239,109,52,93,0.83,3.3,119,5.5,12308,3210.75630252101,8.07426179663479,2.77176470588235,1.01948419528712,0,,39.26,,1381.18,1,1160.65546218487,7.05674017812538,0,68.75,0,12308,0,3,,12308,0,,,2,4565,5782,12308,14338,14338,2030,,0,0,,,,0,0,8,0,12308,"","","","","","","",,,,,,,,,,,,"","",,,,,,,,,,,,0,0,0,0,0,0,0,0,0,0,0,,1.18,46.29,2,012709CJB,407.13,1.58,,,,,,,,39.26,0,0,0,0,0,2,0,0,0,0,0,0,0,0,0,0,0,117,59,0,0,1,1,1,1,1,,,,,3,6,,0,1,0,0,0,0,0,1,1,1,0,2,0,,,0,1,66,23.6312911580147,0,0,0,0,0,,0,0,0,0,0,,0,,,,0,0,0,,,0,119.6,0,27.7310924369748,3.32255425434304,1,0,0,0,73,0,0,,17121,,,,43.982963048233,1,Q2,low,low,Q1-Q3,Q1-Q3,,,,,,
1,2810732308,2018-11-26,4217,2,1,149,41,72,105,1.01,16.7,214.4,5.6,12164,1966.88432835821,7.584206010538,1.38522167487685,0.325860180894723,1,,22.6,,1407.56,1,656.511194029851,6.48693974467113,0,60.09,0,12164,0,3,,12164,0,,,1,4562,5765,12164,14248,14248,2084,12164,1,1,-1955,10209,,0,0,8,0,12164,C10AA05,10 MG,C10,C10A,C10AA,C10AA05,"",,,,,,1,1,,,,1,"","",,,,,,,,,,,,0,0,0,0,0,1,1,0,0,0,1,,5.02,60.35,2,012009CJB,392.812,1.23,10,270.9,10,168.031,8,13571,13571,22.6,0,0,0,0,0,8,0,0,0,0,0,0,0,1,0,0,0,189,67.25,0,0,0,0,0,0,1,,,,,4,1,,0,0,0,0,0,1,0,,1,1,0,,0,,,0,0,58,29.3821004717506,0,0,0,1,0,,0,0,0,0,0,,0,,1,3,1,1,0,,,0,93.6,1,77.8917910447761,4.3553205692082,2,0,0,1,82,0,0,,17363,,,,23.9863942482708,1,Q1,low,low,Q1-Q3,Q1-Q3,,,,,,
1,2810732387,2018-12-06,8478.8,2,1,170,42,157,101,0.89,4.2,197.2,5.6,12497,4299.59432048682,8.36627595315814,2.27341772151899,0.821284303401078,0,,33.48,,1373.09,1,696.293103448276,6.54577069732998,0,64.17,0,12497,0,3,,12497,0,,,1,4544,5791,12497,14687,14687,2190,,0,0,,,,0,0,8,0,12497,C10AA05,10 MG,C10,C10A,C10AA,C10AA05,"",,,,,,1,1,,,,,"","",,,,,,,,,,,,0,0,0,0,0,1,1,0,0,0,0,,0.19,71.93,2,012709bCJ,308.268,1.32,,,,,,,,33.48,0,0,0,0,0,8,0,0,0,0,0,0,0,0,0,0,0,203,73.75,0,0,0,0,0,0,1,,,,,7,2,,0,1,0,0,0,0,0,,1,1,0,2,0,,,0,0,57,26.2408320277715,0,0,0,1,0,,0,0,0,0,0,,0,,,,0,0,0,,,0,96.6,1,21.2981744421907,3.05862136210292,1,0,0,1,95,0,1,,17556,,,,45.2588875840718,1,Q3,low,low,Q1-Q3,Q1-Q3,,,,,,
1,2810732697,2017-11-13,1929.9,2,1,167,61,92,101,0.56,5.6,125.8,5.3,12275,1534.10174880763,7.33570030880682,4.36813778256189,1.47433678157192,0,,33.92,,1808.7,1,1437.75834658188,7.27084047588522,0,65.3,0,12275,0,3,,12275,0,,,2,4543,5796,12275,14458,14458,2183,,0,0,,,,0,0,8,0,12275,M01AX05,TAB,M01,M01A,M01AX,M01AX05,"",,1,,,,1,1,,,,,"","",,,,,,,,,,,,0,1,0,0,0,1,1,0,0,0,0,,3.26,78.53,2,012709CJB,328.046,0.15,17,152.8,17,112.034,8,13563,13563,33.92,0,0,0,0,0,0,0,0,0,0,0,0,0,0,0,0,0,174,63,0,0,0,0,0,0,1,,,,,7,1,,0,1,0,0,0,0,0,0,1,1,0,2,0,,,0,0,47,30.8229187886947,0,0,0,1,0,,0,0,0,0,0,,0,,,,0,0,0,,,0,87.6,1,44.5151033386327,3.7958285324569,2,0,0,1,111,0,0,,17354,,,,13.8207364757444,1,Q1,low,low,Q1-Q3,Q1-Q3,,,,,,
1,2810733340,2017-12-31,213.7,2,1,170,69,74,89,0.62,3,27,5.2,12214,791.481481481482,6.67390648230887,3.15684210526316,1.14957219415442,0,,27.1,,241.36,1,893.925925925926,6.79562291483457,0,64.12,0,12214,0,3,,12214,0,,,2,4955,6026,12214,14230,14230,2016,,0,0,,,,0,0,8,0,12214,M01AX05,"",M01,M01A,M01AX,M01AX25,"",,1,,,,1,,,,,,M01AX25,"",,1,,,,,,,,,,0,1,0,0,0,1,0,0,0,0,0,,0.88,20.91,2,020909CJB,316.258,2.21,33,128.5,33,97.458,8,13274,13274,27.1,0,0,0,0,0,2,0,0,0,0,0,0,0,0,0,0,0,136,65,0,0,0,0,0,0,1,,,,,4,8,,0,1,0,0,0,0,0,1,1,1,0,2,0,,,0,0,68,22.6317328374302,0,0,0,1,0,,0,0,0,0,0,,0,,,,0,0,0,,,0,86.2,0,111.111111111111,4.71053070164592,2,0,1,0,93,0,0,,17059,14847,6,4845,8.510553564317,0,Q1,low,low,Q1-Q3,Q1-Q3,Angina,13.264887063655,1,1,1,0
1,2810733837,2018-02-10,1959.1,2,1,247,48,272,106,1.16,34.6,36.5,5.7,12294,5367.39726027397,8.58809838849363,,,,,51.14,,357.95,1,980.684931506849,6.88825123724184,0,28.48,4,12294,1,1,13,12294,1,-5898,6396,2,,5329,12294,,,,11314,1,1,-1662,10632,,1,0,5,1,12294,C07AG02,6.25 MG,C07,C07A,C07AG,C07AG02,"",,,1,1,,,,1,,,1,"","",,,,,,,,,,,,0,0,1,1,0,0,0,1,0,0,1,,11.82,113.1,2,021909bCJ,285.502,2.6,48,242.6,48,165.974,8,13033,13033,51.14,1,0,0,0,0,2,0,0,0,0,0,0,1,1,0,0,0,141,63,0,0,0,0,0,0,1,,,,,3,8,,0,0,1,0,0,1,0,1,1,1,0,,0,,,0,0,83,24.9771928115285,0,0,1,0,1,140,0,1,1,0,1,2664,1,13304,1,2,1,0,0,,,0,144.6,1,947.945205479452,6.85429670045737,3,0,0,0,44,0,1,13310,,2664,4,,121.986301369863,1,Q3,low,high,Q4,Q1-Q3,MI,,,,,
1,2810733919,2018-12-17,156.3,1,1,138,48,82,94,0.97,3,20.4,5.6,12664,766.176470588235,6.64141252256535,0.751069900142653,-0.28625655546056,1,,26.62,,218.74,1,1072.25490196078,6.977519095045,0,59.67,0,12664,0,3,,12664,0,,,1,4490,5793,12664,14533,14533,1869,,0,0,,,,0,0,8,0,12664,C10AA04,20 MG,C10,C10A,C10AA,C10AA04,"",,,1,,1,1,1,,,,,"","",,,,,,,,,,,,0,0,1,0,1,1,1,0,0,0,0,,2.09,88.73,2,020609CJB,322.98,1.08,29,219.3,29,125.476,8,13778,13778,26.62,1,0,0,0,0,8,0,0,0,0,0,0,0,0,0,0,0,177,64,0,0,0,0,0,0,1,,,,,5,6,,0,1,1,0,0,0,0,,1,1,0,2,0,,,0,0,70,30.3821799049848,0,0,1,1,1,,0,0,0,0,0,,0,,,,0,0,0,,,0,73.6,0,147.058823529412,4.99083266680008,2,0,0,1,79,0,0,,17564,,,,9.69843633655994,1,Q1,low,low,Q1-Q3,Q1-Q3,,,,,,
1,2810734394,2018-01-13,4714.9,2,1,204,78,53,117,0.61,5.2,86.1,5.4,12810,5476.07433217189,8.60814376048931,1.42530755711775,0.354387619989082,1,,30.86,,1189.93,1,1382.0325203252,7.2313105354004,0,69.7,0,12810,0,3,15,12810,0,,,1,4530,5802,12810,14889,14889,2079,,0,0,,,,0,0,8,0,12810,M01AE01,20 MG,M01,M01A,M01AE,M01AE01,"",,1,,,,,,,,,,"","",,,,,,,,,,,,0,1,0,0,0,0,0,0,0,0,0,,14.64,57.52,2,021309CJB,292.278,7.45,39,239.9,39,153.294,8,13765,13765,30.86,0,0,0,0,0,8,1,1,1,0,0,0,0,0,0,0,0,139,,0,0,0,0,0,0,1,,,,,3,6,,0,1,0,0,0,0,0,,1,1,2,2,0,,,0,0,59,,1,0,0,0,0,,0,0,0,0,0,,1,3500,,,0,0,1,,,0,115.4,1,60.3948896631824,4.10090449313583,2,0,0,0,109,0,1,,17549,3500,15,4739,50.2392140566229,0,Q3,low,low,Q1-Q3,Q1-Q3,Subarachnoid Hemmorhage,12.974674880219,1,1,1,0
1,2810734917,2018-02-17,1622,2,1,166,41,110,106,1.13,339,144.3,5.3,12371,1124.04712404712,7.02469095488362,1.59876859928168,0.469233707483078,1,,37.64,,629.69,1,436.375606375606,6.07850335499881,0,55.02,0,12371,0,3,41,12371,1,-841,11530,1,,,12371,14317,14317,1946,12371,1,1,-841,11530,,1,0,6,1,12371,C10AA01,10/40,C10,C10A,C10AA,C10AA01,"",,,,1,1,1,1,,,,1,"","",,,,,,,,,,,,0,0,0,1,1,1,1,0,0,0,1,,0.64,38.83,2,022009CJB,320.83,2.38,48,184.8,48,182.436,8,13075,13075,37.64,1,0,0,0,0,8,0,0,0,0,0,0,0,1,0,0,0,190,68.5,0,0,0,0,0,0,1,,,,,6,1,,0,1,1,0,0,1,0,,1,1,0,2,0,,,0,0,60,28.4693840206584,0,0,1,1,1,,0,0,0,0,0,,0,,2,3,1,1,0,,,0,103,1,2349.27234927235,7.76186092058276,3,0,0,1,70,0,0,,16856,11530,41,4485,16.0578160578161,0,Q1,low,low,Q1-Q3,Q1-Q3,CHF,12.2792607802875,1,1,1,0
1,2810735357,2017-12-14,3977.9,2,1,197,63,69,98,0.66,3,85.1,5.5,11916,4674.38307873091,8.44985247124628,1.20633802816901,0.187589347728814,1,,42.22,,616.75,1,724.735605170388,6.58580690581823,0,,0,11916,,,,11916,0,,,2,4280,5660,11916,14017,14017,2101,,0,0,,,,0,0,,0,11916,C10AX09,20 MG,C10,C10A,C10AA,C10AA01,"",,,,,1,1,,1,,,,C10AA01,"",,,,,,1,1,,,,,0,0,0,0,1,1,1,1,0,0,0,,2.48,89.61,2,020409bCJ,351.398,5.62,27,229.6,27,144.424,8,13063,13063,42.22,1,0,0,0,0,2,0,0,0,0,0,0,0,0,0,0,0,160,64,0,0,0,0,0,0,1,,,,,7,2,,0,1,1,0,0,0,0,1,1,1,0,2,0,,,0,0,55,27.4641174282349,0,0,1,1,1,,0,0,0,0,0,,0,,,,0,0,0,,,0,120.2,0,35.2526439482961,3.56254053207092,2,0,0,1,99,0,1,,16850,,,,47.2159906942516,1,Q3,low,low,Q1-Q3,Q1-Q3,,,,,,
1,2810735787,2017-10-22,3940.9,2,1,177,76,107,98,0.81,5.1,94.5,5.4,12328,4170.26455026455,8.33573475409098,2.2349841938883,0.804234155954755,0,,32.66,,1714.1,1,1813.86243386243,7.50321379200141,0,57.28,0,12328,0,3,,12328,0,,,2,4577,5788,12328,14413,14413,2085,,0,0,,,,0,0,8,0,12328,C10AA05,40 MG,C10,C10A,C10AA,C10AA05,"",,,,,,1,1,,,,,"","",,,,,,,,,,,,0,0,0,0,0,1,1,0,0,0,0,,0.59,62.7,2,012109CJB,308.432,0.74,11,170.8,11,114.025,8,13708,13708,32.66,0,0,0,0,0,2,0,0,0,0,0,0,0,0,0,0,0,153,58.75,0,0,0,0,0,0,1,,,,,3,0,,0,0,0,0,0,0,0,1,1,1,0,,0,,,0,0,70,31.1660168816037,0,0,0,1,0,,0,0,0,0,0,,0,,,,0,0,0,,,0,79.6,1,53.968253968254,3.98839598421272,2,0,0,1,74,0,0,,17500,,,,56.3549263549264,1,Q2,low,low,Q1-Q3,Q1-Q3,,,,,,
1,2810736132,2018-01-13,358.5,2,1,231,94,63,93,0.87,4.3,33.3,5.2,11765,1076.57657657658,6.98154144904137,,,,,24.5,,302.01,1,906.936936936937,6.81007291841114,0,65.72,0,11765,0,3,,11765,0,,,2,4232,5652,11765,13799,13799,2034,,0,0,,,,0,0,8,0,11765,"","","","","","","",,,,,,,,,,,,"","",,,,,,,,,,,,0,0,0,0,0,0,0,0,0,0,0,,1.35,43.53,2,021309CJB,573.096,1.39,39,166.1,39,99.868,8,12725,12725,24.5,0,0,0,0,0,2,0,0,0,0,0,0,0,0,0,0,0,174,61.25,0,0,0,0,0,0,1,,,,,6,1,,0,1,0,0,0,0,0,1,1,1,0,2,0,,,0,0,62,32.6093900001211,0,0,0,0,0,143,1,0,0,0,0,,0,,,,0,0,0,,,0,124.4,1,129.129129129129,4.86081290469526,2,0,0,0,71,0,0,,16509,3447,6,4744,15.163050374318,0,Q1,low,low,Q1-Q3,Q1-Q3,Angina,12.9883641341547,1,1,1,0
1,2810736538,2018-01-01,949.6,2,1,172,82,53,93,0.54,3,21,5,12516,4521.90476190476,8.41668859156013,2.04697452229299,0.716362860237746,0,,44.32,,363.05,1,1728.80952380952,7.45518831409093,0,67.89,0,12516,0,3,,12516,0,,,2,4559,5782,12516,14574,14574,2058,,0,0,,,,0,0,8,0,12516,"","","","","","","",,,,,,,,,,,,"","",,,,,,,,,,,,0,0,0,0,0,0,0,0,0,0,0,,0.29,44.66,2,021009CJB,394.082,1.24,33,212.4,33,136.917,8,13569,13569,44.32,0,0,0,0,0,1,0,0,0,0,0,0,0,0,0,0,0,105,61.5,0,0,0,0,0,0,1,,,,,7,1,,0,1,0,0,0,0,0,0,1,1,0,2,0,,,0,0,56,19.5184209523684,0,0,0,0,0,,0,0,0,0,0,,0,,,,0,0,1,,,0,79.4,0,142.857142857143,4.96184512992682,2,0,0,0,105,0,1,,17354,,,,43.0657596371882,1,Q3,low,low,Q1-Q3,Q1-Q3,,,,,,
7,2810736680,2017-08-19,3626.3,2,1,196,64,87,96,0.55,3.2,82.9,6.4,4389,4374.30639324487,8.38350324753624,3.52173913043478,1.25895493874329,0,,63.04,,520.01,1,627.273823884198,6.44138316600664,0,69.79,0,4389,0,3,12,4389,0,,,2,4389,6386,,,6386,1997,,0,0,,,,0,0,8,0,4389,C07AB02,25 MG,C07,C07A,C07AB,C07AB02,"",,,,1,,,,,,,,"","",,,,,,,,,,,,0,0,0,1,0,0,0,0,0,0,0,,2.27,81.28,2,010809CJB,277.116,1.2,4,220.4,4,132.383,3,,,63.04,1,0,0,0,0,,0,0,0,0,0,0,,,,,0,149,63,1,0,0,0,0,0,,,,,,7,1,,1,0,1,0,,,0,,,,0,1,0,,,0,1,51,26.3943385029627,0,0,1,0,1,,0,0,0,0,0,,1,3202,,,0,0,0,,,0,114.6,0,38.6007237635706,3.65327102664657,2,0,0,0,109,0,1,,8846,3202,12,4457,40.1312513141732,0,Q3,low,low,Q1-Q3,Q1-Q3,TIA,12.2026009582478,1,1,1,0
1,2810737092,2018-01-08,3225.1,2,1,197,55,82,98,1.13,21,44.6,5.6,11944,7231.16591928251,8.88615556346315,1.49105058365759,0.399480961201486,1,,46.22,,326.96,1,733.094170403587,6.5972741662181,0,41.86,3,11944,1,2,,11944,0,,,1,4344,5746,11944,,,,,0,0,,,,0,0,7,0,11944,C09AA03,20 MG,C09,C09A,C09AA,C09AA03,"",,,,,1,,,1,,,,"","",,,,,,,,,,,,0,0,0,0,1,0,0,1,0,0,0,,4.15,73.09,2,021109bCJ,395.548,3.24,37,342,37,198.612,8,12948,12948,46.22,1,0,0,0,0,8,0,0,0,0,0,0,0,0,0,0,0,152,67,0,0,0,0,0,0,1,,,,,6,7,,0,1,1,0,0,0,0,,1,1,0,2,0,,,0,0,78,23.8067217056689,0,0,1,0,1,,0,0,0,0,0,,0,,,,0,0,1,,,0,125.6,1,470.85201793722,6.15454385767954,3,0,0,0,62,1,1,12293,,12293,21,349,116.631708375524,0,Q4,high,high,Q4,Q4,CHD Death,0.955509924709103,0,0,0,0
7,2810737475,2017-08-12,747,2,1,138,44,87,84,0.7,7.2,80.1,6.4,3878,932.584269662921,6.8379595170466,3.00120918984281,1.09901527074086,0,9.1,34.92,30.72,664.68,2,829.812734082397,6.72120005374679,0,71.14,0,3878,0,3,,3878,0,,,2,3878,,,,,,,0,0,,,,0,0,8,0,3878,M01AE01,800 MG,M01,M01A,M01AE,M01AE01,"",,1,,1,,,,1,,,,"","",,,,,,,,,,,,0,1,0,1,0,0,0,1,0,0,0,,21,52.65,2,123008CJB,880.326,8.57,3,137.1,3,62.028,3,,,34.92,1,0,0,0,0,,0,0,0,0,0,0,,,,,0,228,66,0,0,0,0,0,0,,1,,,,2,8,,0,1,1,0,,,0,,2,2,0,2,0,,,0,0,74,36.8004041793208,0,0,1,0,1,,0,0,0,0,0,,0,,,,0,0,0,,,0,76.6,1,89.8876404494382,4.49856045092983,2,0,0,0,99,0,0,,7357,0,30,3479,9.4200431279083,0,Q1,low,low,Q1-Q3,Q1-Q3,IC,9.52498288843258,1,0,0,0
1,2810737551,2018-12-06,8082.1,2,1,231,109,57,97,0.59,3,75.5,5.3,12119,10704.7682119205,9.27844454846994,2.27247191011236,0.820868186206461,0,,62.24,,1251.4,1,1657.48344370861,7.41305573329738,0,62.75,0,12119,0,3,,12119,0,,,2,4528,5742,12119,14255,14255,2136,,0,0,,,,0,0,8,0,12119,"","","","","","","",,,,,,,,,,,,"","",,,,,,,,,,,,0,0,0,0,0,0,0,0,0,0,0,,1.98,53.12,2,012209CJB,321.798,0.71,12,149,12,94.485,8,13491,13491,62.24,0,0,0,0,0,2,0,0,0,0,0,0,0,0,0,0,0,185,66,0,0,0,0,0,0,,,,,,7,1,1,0,1,0,0,0,0,0,1,1,1,0,2,0,,,0,0,54,29.8599770753261,0,0,0,0,0,,0,0,0,0,0,,0,,,,0,0,0,,,0,110.6,0,39.7350993377483,3.68223491139527,2,0,0,0,104,1,1,,17283,,,,102.930463576159,1,Q4,high,high,Q4,Q4,,,,,,
1,2810739521,2018-06-30,20000,3,1,180,45,107,108,0.85,11.7,160.2,5.4,12107,12484.3945068664,9.43223470388996,1.0384,0.0376810669676885,1,,37.58,,1434.1,1,895.193508114856,6.797039905089,0,70.03,0,12107,0,3,,12107,0,,,1,,5746,12107,14074,14074,1967,14796,1,0,1825,13932,,0,0,8,0,12107,M01AE01,200 MG,M01,M01A,M01AE,M01AE01,"",,1,,,,,,1,,,,"","",,,,,,,,,,,,0,1,0,0,0,0,0,1,0,0,0,,7.07,138.9,2,020309CJB,463.538,2.57,23,238.4,23,197.469,8,13309,13309,37.58,1,0,0,0,0,8,0,0,0,0,0,0,0,0,0,0,0,230,69,0,0,0,0,0,0,1,,,,,3,6,,0,1,1,0,0,0,0,,1,1,0,2,0,,,0,0,69,33.965285321875,0,0,1,0,1,,0,0,0,0,0,,0,,1,2,0,0,0,,,0,113.6,1,73.0337078651685,4.29092108615159,2,0,0,0,89,1,1,,17097,,,,140.274095582769,1,Q4,high,high,Q4,Q4,,,,,,
1,2810739589,2018-12-15,7371.4,2,1,181,74,117,98,0.98,4.6,132.5,5.3,11770,5563.32075471698,8.62395046699965,,,,,42.3,,893.32,1,674.203773584906,6.51353239991409,0,64.13,0,11770,0,3,2,11770,0,,,1,4369,5699,11770,13672,13672,1902,,0,0,,,,0,0,8,0,11770,C10AA05,10 MG,C10,C10A,C10AA,C10AA05,"",,,,,,1,1,,,,,"","",,,,,,,,,,,,0,0,0,0,0,1,1,0,0,0,0,,2.32,35.63,2,020909CJB,507.03,1.38,33,296.4,33,160.391,8,12833,12833,42.3,0,0,0,0,0,8,1,1,1,0,0,0,0,0,0,0,0,166,68,0,0,0,0,0,0,1,,,,,6,6,,0,1,0,0,0,0,0,,1,1,2,2,0,,,0,0,70,25.2403792004816,1,0,0,1,0,140,0,1,1,0,1,12151,0,,,,0,0,0,,,0,83.6,1,34.7169811320755,3.54722893705091,2,0,0,1,78,0,1,,16618,12151,2,4848,71.3246250604741,0,Q3,low,high,Q1-Q3,Q1-Q3,MI,13.2731006160164,1,1,1,0
1,2810740013,2017-10-29,4237,2,1,167,61,79,113,1.1,3,149.7,5.8,12302,2830.32732130929,7.94814764518907,2.73098125689085,1.00466097937422,0,,22.8,,1473.55,1,984.335337341349,6.89196662897758,0,59.36,0,12302,0,3,,12302,0,,,1,4503,5802,12302,14398,14398,2096,,0,0,,,,0,0,8,0,12302,C10AA05,10 MG,C10,C10A,C10AA,C10AA05,"",,,,,,1,1,,,,,"","",,,,,,,,,,,,0,0,0,0,0,1,1,0,0,0,0,,0.47,75.49,2,012609CJB,736.688,0.97,15,157.4,15,109.728,8,13632,13632,22.8,0,0,0,0,0,8,0,0,0,0,0,0,0,0,0,0,0,189,66,0,0,0,0,0,0,1,,,,,7,1,,0,1,0,0,0,0,0,,1,1,0,2,0,,,0,0,61,30.5055982012791,0,0,0,1,0,,0,0,0,0,0,,0,,,,0,0,0,,,0,90.2,0,20.0400801603206,2.99773427622466,1,0,0,1,72,0,0,,17423,,,,39.3101016848512,1,Q2,low,low,Q1-Q3,Q1-Q3,,,,,,
7,2810740594,2017-08-10,1362.3,2,1,167,63,70,119,1.07,3,198.9,6,4522,684.917043740573,6.52929772690018,1.15454545454545,0.143706720666175,1,0.7,49.44,49.92,1021.49,2,513.569632981398,6.24138562481272,0,68.75,0,4522,0,3,,4522,0,,,1,4522,6550,,,6550,2028,,0,0,,,,0,0,8,0,4522,C10AX06,1000 MG,C10,C10A,C10AX,C10AX06,"",,,,,,1,,,,,,"","",,,,,,,,,,,,0,0,0,0,0,1,0,0,0,0,0,,6.96,172.3,2,122908CJB,119.184,1.57,2,148.8,2,100.259,3,,,49.44,0,0,0,0,0,,0,0,0,0,0,0,,,,,0,281,72.5,0,0,0,0,0,0,,1,,,,8,1,,0,1,0,0,,,0,,2,2,0,2,0,,,0,0,59,37.5868490143639,0,0,0,0,0,,0,0,0,0,0,,0,,,,0,0,0,,,0,90,0,15.0829562594268,2.71356538179032,1,0,1,0,88,0,0,,9141,,,,7.7831482243247,1,Q1,low,low,Q1-Q3,Q1-Q3,,,,,,
1,2810740601,2018-01-10,2220.6,2,1,252,56,82,116,1,3,120.9,5.6,12245,1836.72456575682,7.51573913698751,1.31584821428571,0.274481487562441,1,,45.92,,1391.05,1,1150.57899090157,7.04802056500782,0,63.45,0,12245,0,3,,12245,0,,,1,4595,5730,12245,14281,14281,2036,,0,0,,,,0,0,8,0,12245,M01AH01,200 MG,M01,M01A,M01AH,M01AH01,"",,1,,,,,,,,,,"","",,,,,,,,,,,,0,1,0,0,0,0,0,0,0,0,0,,0.53,82.24,2,021209CJB,255.27,0.91,38,236.3,38,176.339,8,13226,13226,45.92,0,0,0,0,0,8,0,0,0,0,1,1,0,0,0,0,0,242,72.75,0,0,0,0,0,0,1,,,,,7,1,,0,1,0,0,0,0,0,,1,1,0,2,2,,,0,0,53,32.1480757745233,0,0,0,0,0,,0,0,0,0,0,,0,,,,0,0,0,,,0,179.6,0,24.8138957816377,3.2114038100295,1,0,0,0,86,0,0,,17010,,,,21.3572623925212,1,Q1,low,low,Q1-Q3,Q1-Q3,,,,,,
7,2810740771,2017-08-12,1361.6,2,1,235,59,125,96,0.73,3,60.9,5.9,4294,2235.79638752053,7.71235276909135,5.4921052631579,1.70331165435677,0,0.3,29.48,29.62,864.67,2,1419.81937602627,7.2582849425232,0,68.33,0,4294,0,3,,4294,0,,,2,4294,6069,,,6069,1775,,0,0,,,,0,0,8,0,4294,"","","","","","","",,,,,,,,,,,,"","",,,,,,,,,,,,0,0,0,0,0,0,0,0,0,0,0,,0.43,115.7,2,122208CJB,622.974,0.63,1,173.1,1,118.345,3,,,29.48,0,0,0,0,0,,1,1,1,0,0,0,,,,,0,137,63.25,0,0,0,0,0,0,,1,,,,8,1,,0,1,0,0,,,0,,2,2,2,2,0,,,0,0,54,24.0771523115325,1,0,0,0,0,,0,0,0,0,0,,0,,,,0,0,0,,,0,151,0,49.2610837438424,3.8971343929344,2,0,0,0,108,0,0,,9002,,,,20.7018184029678,1,Q1,low,low,Q1-Q3,Q1-Q3,,,,,,
7,2810741226,2018-11-24,4453.6,2,1,203,41,120,134,0.73,3,103.9,6.1,3662,4286.42925890279,8.36320932475221,2.06037991858887,0.722890392296467,0,2.6,32.64,33.86,979.47,2,942.704523580366,6.8487528969271,0,63.54,0,3662,0,3,2,3662,0,,,1,3662,5365,,,5365,1703,,0,0,,,,0,0,8,0,3662,"","","","","","","",,,,,,,,,,,,"","",,,,,,,,,,,,0,0,0,0,0,0,0,0,0,0,0,,1.12,141.7,2,122208CJB,316.81,1.56,1,317.3,1,248.76,3,,,32.64,0,0,0,0,0,,0,0,0,0,0,0,,,,,0,157,66.5,0,0,0,0,0,0,,,1,,,8,1,,0,1,0,0,,,0,,2,3,0,2,0,,,0,0,61,24.9609996647773,0,0,0,0,0,140,0,1,1,0,1,4768,0,,,,0,0,0,,,0,138,0,28.8739172281039,3.36293866954507,1,1,0,0,100,0,1,,8351,4768,2,4689,42.8642925890279,0,Q3,low,low,Q1-Q3,Q1-Q3,MI,12.8377823408624,1,1,1,0
1,2810741309,2018-06-30,20000,3,1,194,47,45,109,0.77,8.6,180.8,6.1,12363,11061.9469026549,9.31126629056614,2.77427597955707,1.02038980488819,0,,32.9,,1668.09,1,922.616150442478,6.82721327632762,0,75.6,0,12363,0,3,,12363,0,,,2,4550,5714,12363,14629,14629,2266,,0,0,,,,0,0,8,0,12363,M01AH01,200 MG,M01,M01A,M01AH,M01AH01,"",,1,,,1,,,,,,,"","",,,,,,,,,,,,0,1,0,0,1,0,0,0,0,0,0,,2.22,76.12,2,020709CJB,445.928,1.38,31,223.5,31,181.359,8,13455,13455,32.9,1,0,0,0,0,2,0,0,0,0,0,0,0,0,0,0,0,143,62.75,0,0,0,0,0,0,1,,,,,3,6,,0,1,1,0,0,0,0,1,1,1,0,2,0,,,0,0,74,25.5337257710277,0,0,1,0,1,,0,0,0,0,0,,0,,,,0,0,0,,,0,138,1,47.5663716814159,3.86212603428352,2,0,0,0,76,1,1,,17241,,,,145.551932929669,1,Q4,high,high,Q4,Q4,,,,,,
1,2810742193,2017-12-24,2778,2,1,175,49,147,87,0.84,11.5,77.3,5.1,12221,3593.79042690815,8.186962753709,,,,,38.86,,2341.39,1,3028.96507115136,8.01597627948216,0,74.74,0,12221,0,3,,12221,0,,,2,4573,5714,12221,14471,14471,2250,,0,0,,,,0,0,8,0,12221,M01AB02,200 MG,M01,M01A,M01AB,M01AB02,"",,1,,,,,,,,,,"","",,,,,,,,,,,,0,1,0,0,0,0,0,0,0,0,0,,1.72,58.53,2,020909CJB,569.338,1.25,32,326,32,195.744,8,13297,13297,38.86,1,0,0,0,0,2,0,0,0,0,0,0,0,0,0,0,0,137,63.5,0,0,0,0,0,0,1,,,,,3,6,,0,0,1,0,0,0,0,1,1,1,0,,0,,,0,0,72,23.887941631671,0,0,1,0,1,,0,0,0,0,0,,0,,,,0,0,1,,,0,96.6,1,148.771021992238,5.00240835875797,2,0,0,0,69,0,0,,17083,,,,52.0839192305529,1,Q2,low,low,Q1-Q3,Q1-Q3,,,,,,
1,2810742474,2018-12-08,5030.5,2,1,220,102,47,91,0.71,4,118.3,5.2,11902,4252.32459847844,8.35522107673586,,,,,44.94,,1642.45,1,1388.37700760778,7.23589072349886,0,54.23,0,11902,1,2,,11902,0,,,2,4868,5817,11902,,,,,0,0,,,,0,0,7,0,11902,M01AE01,200 MG,M01,M01A,M01AE,M01AE01,"",,1,,,,,,,,,,"","",,,,,,,,,,,,0,1,0,0,0,0,0,0,0,0,0,,0.47,45.36,2,020409CJB,253.85,1.04,26,111.5,26,77.176,8,13062,13062,44.94,0,0,0,0,0,2,0,0,0,0,0,0,0,0,0,0,0,97,59,0,0,0,0,0,0,1,,,,,7,0,,0,1,0,0,0,0,0,1,1,1,0,2,0,,,0,0,57,19.5917542079267,0,0,0,0,0,,0,0,0,0,0,,0,,,,0,0,0,,,0,108.6,1,33.8123415046492,3.52082586911769,2,0,0,0,95,0,1,,16849,,,,44.761311562931,1,Q3,low,low,Q1-Q3,Q1-Q3,,,,,,
1,2810743729,2018-06-28,20000,3,1,173,33,135,115,0.8,4.9,153.6,5.8,11959,13020.8333333333,9.47430591781065,,,,,40.58,,1551.65,1,1010.18880208333,6.91789252512133,0,69.07,0,11959,0,3,,11959,0,,,1,4640,5721,11959,13939,13939,1980,,0,0,,,,0,0,8,0,11959,"","","","","","","",,,,,,,,,,,,"","",,,,,,,,,,,,0,0,0,0,0,0,0,0,0,0,0,,4.73,160.1,2,012609CJB,680.346,3.29,14,216.1,14,252.428,8,13291,13291,40.58,0,0,0,0,0,8,0,0,0,0,0,0,0,0,0,0,0,203,71,0,0,0,0,0,0,1,,,,,4,7,,0,1,0,0,0,0,0,,1,1,0,2,0,,,0,0,64,28.3129389904882,0,,0,0,0,,0,0,0,0,0,,0,,,,0,0,0,,,0,113,1,31.9010416666667,3.46263866338515,2,0,0,0,94,1,1,,17083,,,,138.519503546099,1,Q4,high,high,Q4,Q4,,,,,,
1,2810743778,2017-11-13,3019.9,2,0,196,77,236,98,0.82,5.4,102,5.7,12166,2960.6862745098,7.99317636994172,1.94704264099037,0.666311627018435,0,,35.34,,1568.83,1,1538.06862745098,7.3382827702996,0,74.12,0,12166,0,3,,12166,0,,,2,4553,5716,12166,14225,14225,2059,,0,0,,,,0,0,8,0,12166,C10AA01,20 MG,C10,C10A,C10AA,C10AA01,"",,,,,1,1,1,,,,,"","",,,,,,,,,,,,0,0,0,0,1,1,1,0,0,0,0,,0.87,68.3,2,012709bCJ,381.004,0.15,17,204.9,17,110.452,8,13451,13451,35.34,1,0,0,0,0,2,0,0,0,0,0,0,0,0,0,0,0,151,64.25,0,0,0,0,0,0,,,,,,6,6,,0,1,1,0,0,0,0,1,1,1,0,2,0,,,0,0,71,25.7179469377183,0,0,1,1,1,,0,0,0,0,0,,0,,,,0,0,0,,,0,71.8,1,52.9411764705882,3.9691814192681,2,0,0,1,72,0,0,,17242,,,,41.1206427015251,1,Q2,low,low,Q1-Q3,Q1-Q3,,,,,,
1,2810744107,2017-09-02,255.3,2,1,219,61,107,88,0.76,3,22.1,5.3,11851,1155.2036199095,7.05203190171182,3.37203597710548,1.21551670944968,0,,36.94,,415.71,1,1881.0407239819,7.53958047924312,0,63.24,0,11851,0,3,,11851,0,,,2,4390,5721,11851,14077,14077,2226,,0,0,,,,0,0,8,0,11851,"","","","","","","",,,,,,,,,,,,"","",,,,,,,,,,,,0,0,0,0,0,0,0,0,0,0,0,,0.38,31.37,2,011209CJB,317.82,0.97,3,111.9,3,145.11,8,13378,13378,36.94,0,0,0,0,0,2,0,0,0,0,0,0,0,0,0,0,0,144,64.5,0,0,0,0,0,0,1,,,,,7,8,,0,1,0,0,0,0,0,1,1,1,0,2,0,,,0,0,63,24.3359707920065,0,0,0,0,0,,0,0,0,0,0,,0,,,,0,0,0,,,0,136.6,0,135.746606334842,4.91078995912654,2,0,0,0,83,0,0,,17171,,,,13.9181159025241,1,Q1,low,low,Q1-Q3,Q1-Q3,,,,,,
1,2810744317,2018-11-26,7438.4,2,1,210,53,121,92,0.74,19.1,101.7,5.5,11615,7314.06096361849,8.8975539338699,2.07448979591837,0.729715241963729,0,,49.48,,762.32,1,749.577187807276,6.61950929797351,0,62.02,0,11615,0,3,,11615,0,,,2,4294,5733,11615,13709,13709,2094,,0,0,,,,0,0,8,0,11615,M01AE01,200 MG,M01,M01A,M01AE,M01AE01,"",,1,,,,,,,,,,"","",,,,,,,,,,,,0,1,0,0,0,0,0,0,0,0,0,,0.42,174.3,2,012009CJB,379.12,0.96,9,240,9,173.338,8,13030,13030,49.48,0,0,0,0,0,2,0,0,0,0,0,0,0,0,0,0,0,127,59.25,0,0,0,0,0,0,1,,,,,4,0,,0,1,0,0,0,0,0,1,1,1,0,2,0,,,0,0,63,25.435051671257,0,0,0,0,0,,0,0,0,0,0,,0,,,,0,0,0,,,0,132.8,1,187.807276302852,5.23541631098021,2,0,0,0,86,1,1,,16822,,,,85.0472205071917,1,Q4,high,high,Q4,Q4,,,,,,
1,2810746243,2018-06-28,20000,3,1,159,51,143,106,1.04,29.5,170.2,5.9,11752,11750.8813160987,9.37168352238495,,,,,44.7,,1219.61,1,716.574618096357,6.57448238433894,0,,1,11752,,,,11752,0,,,1,4264,5628,11752,,,,,0,0,,,,0,0,,0,11752,C10AA04,80 MG,C10,C10A,C10AA,C10AA04,"",,,,,,1,1,,,,,"","",,,,,,,,,,,,0,0,0,0,0,1,1,0,0,0,0,,2.01,48.31,2,012309CJB,353.486,1.43,14,261.6,14,180.387,8,13092,13092,44.7,0,0,0,0,0,8,0,0,0,0,0,0,0,0,0,0,0,164,67,0,0,0,0,0,0,1,,,,,3,6,,0,1,0,0,0,0,0,,1,1,0,2,0,,,0,0,82,25.6861997350638,0,0,0,1,0,,0,0,0,0,0,,0,,,,0,0,0,,,0,79.4,1,173.325499412456,5.15517132618864,2,0,0,1,67,1,1,,16755,1393,6,5003,175.386288299981,0,Q4,high,high,Q4,Q4,Angina,13.6974674880219,1,1,1,0
1,2810746258,2017-11-21,2510.9,2,1,224,90,56,93,0.93,3,75.3,5.4,12541,3334.52855245684,8.11208658477579,,,,,21.94,,968.18,1,1285.7636122178,7.15910807158541,0,61.98,0,12541,0,3,,12541,0,,,1,4513,5809,12541,14657,14657,2116,,0,0,,,,0,0,8,0,12541,"","","","","","","",,,,,,,,,,,,"","",,,,,,,,,,,,0,0,0,0,0,0,0,0,0,0,0,,3.65,50.6,2,012709bCJ,569.478,1.34,18,182.5,18,135.598,8,13817,13817,21.94,0,0,0,0,0,8,0,0,0,0,0,0,0,0,0,0,0,204,68.25,0,0,0,0,0,0,1,,,,,7,6,,0,1,0,0,0,0,0,,1,1,0,2,0,,,0,0,66,30.7914732482043,0,0,0,0,0,,0,0,0,0,0,,0,,,,0,0,0,,,0,122.8,0,39.8406374501992,3.6848874328444,2,0,0,0,85,0,0,15854,16081,15854,27,3313,39.2297476759628,0,Q2,low,low,Q1-Q3,Q1-Q3,,9.07049965776865,1,0,0,0
1,2810746362,2017-12-23,3273.2,2,1,257,72,111,99,0.75,3,118.7,5.6,11990,2757.5400168492,7.9220942630257,1.63305978898007,0.490455426288127,1,,46.62,,1398.9,1,1178.51727042965,7.07201237685485,0,75.03,0,11990,0,3,,11990,0,,,2,4239,5787,11990,14046,14046,2056,,0,0,,,,0,0,8,0,11990,M01AE01,200 MG,M01,M01A,M01AE,M01AE01,"",,1,,,,,,,,,,"","",,,,,,,,,,,,0,1,0,0,0,0,0,0,0,0,0,,0.88,86.78,2,020609CJB,251.694,1.39,30,250.5,30,142.462,8,13094,13094,46.62,0,0,0,0,0,0,0,0,0,0,0,0,0,0,0,0,0,174,61,0,0,0,0,0,0,1,,,,,7,4,,0,1,0,0,0,0,0,0,1,1,0,2,0,,,0,0,42,32.8772278076671,0,0,0,0,0,,0,0,0,0,0,,0,,,,0,0,0,,,0,162.8,0,25.273799494524,3.22976826603462,1,0,0,0,98,0,0,,16880,,,,28.1381634372367,1,Q2,low,low,Q1-Q3,Q1-Q3,,,,,,
1,2810746452,2018-06-30,20000,3,1,177,63,96,87,0.66,11.1,95.9,5.4,11845,20855.0573514077,9.94535175663483,1.94133333333333,0.663375022226275,0,,40.16,,1325.04,1,1381.68925964546,7.2310621307426,0,64.39,0,11845,0,3,,11845,0,,,2,4264,5639,11845,13881,13881,2036,,0,0,,,,0,0,8,0,11845,C10AA05,10 MG,C10,C10A,C10AA,C10AA05,"",,,,,,1,1,,,,,"","",,,,,,,,,,,,0,0,0,0,0,1,1,0,0,0,0,,17.4,35.5,2,012909CJB,447.522,5.86,19,139.6,19,107.023,8,13101,13101,40.16,0,0,0,0,0,2,1,1,1,0,0,0,0,0,0,0,0,125,64.5,0,0,0,0,0,0,1,,,,,4,1,,0,1,0,0,0,0,0,1,1,1,2,2,0,,,0,0,58,21.124974645839,1,0,0,1,0,,0,0,0,0,0,,0,,,,0,0,0,,,0,94.8,1,115.745568300313,4.75139440541103,2,0,0,1,97,1,1,,16892,,,,215.000591251626,1,Q4,high,high,Q4,Q4,,,,,,
1,2810747180,2018-01-06,1022.4,2,1,197,52,129,104,1.31,3,153,5.4,11722,668.235294117647,6.50464034821893,1.89822595704949,0.640919743180598,0,,36.36,,743.04,1,485.647058823529,6.18548214366513,0,58.28,0,11722,0,3,,11722,0,,,1,4288,5645,11722,13723,13723,2001,,0,0,,,,0,0,8,0,11722,C10AX09,10 MG,C10,C10A,C10AX,C10AX09,"",,,,,,1,,,,,,"","",,,,,,,,,,,,0,0,0,0,0,1,0,0,0,0,0,,3.57,84.83,2,021109CJB,335.116,1.74,35,265.4,35,214.864,8,12750,12750,36.36,0,0,0,0,0,8,0,0,0,0,0,0,0,0,0,0,0,238,75,0,0,0,0,0,0,1,,,,,3,6,,0,1,0,0,0,0,0,,1,1,0,2,0,,,0,0,71,29.748155496311,0,0,0,1,0,,0,0,0,0,0,,0,,,,0,0,0,,,0,119.2,0,19.6078431372549,2.97592964625781,1,0,1,0,54,0,0,,16535,,,,12.3747276688453,1,Q1,low,low,Q1-Q3,Q1-Q3,,,,,,
1,2810747869,2017-09-23,2019.3,2,1,184,65,139,90,0.71,3.9,63.8,5.3,11557,3165.04702194357,8.05992319132212,2.91794409377818,1.07087929082802,0,,40.02,,468.85,1,734.87460815047,6.59969988350298,0,70.93,0,11557,0,3,,11557,0,,,2,4404,5624,11557,13623,13623,2066,13223,1,0,1666,13223,,0,0,8,0,11557,"","","","","","","",,,,,,,,,,,,"","",,,,,,,,,,,,0,0,0,0,0,0,0,0,0,0,0,,1.1,12.87,2,011509CJB,371.966,1.12,7,198.7,7,105.708,8,13001,13001,40.02,0,0,0,0,0,2,0,0,0,0,0,0,0,0,0,0,0,128,66.25,0,0,0,0,0,0,1,,,,,3,1,,0,0,0,0,0,0,0,1,1,1,0,,0,,,0,0,61,20.5042466332708,0,0,0,0,0,,0,0,0,0,0,,0,,1,1,0,0,0,,,0,91.2,1,61.128526645768,4.11297864176699,2,0,0,0,92,0,0,,16794,,,,34.4026850211258,1,Q2,low,low,Q1-Q3,Q1-Q3,,,,,,
1,2810748062,2018-01-13,1357.6,2,1,174,61,240,102,1.05,3,60.6,5.7,12362,2240.26402640264,7.71434900683284,3.45281385281385,1.23918950812584,0,,36.84,,895.4,1,1477.55775577558,7.29814583871969,0,79.38,0,12362,0,3,,12362,0,,,2,,5713,12362,14381,14381,2019,,0,0,,,,0,0,8,0,12362,M01AB05,20/25 MG,C03,C03A,C03AA,C03AA03,"",,1,,,1,1,1,,,,,C03AA03,"",,,,,,,,1,,,,0,1,0,0,1,1,1,1,0,0,0,,1.75,228.8,2,021309CJB,376.118,2.1,39,156.8,39,84.73,8,13317,13317,36.84,1,0,0,0,0,2,0,0,0,0,0,0,0,0,0,0,0,197,59.5,0,0,0,0,0,0,,,,,,3,1,,0,1,1,0,0,0,0,1,1,1,0,2,0,,,0,0,56,39.1235186820349,0,0,1,1,1,,0,0,0,0,0,,0,,,,0,0,0,,,0,65,0,49.5049504950495,3.90207267457498,2,0,0,1,59,0,0,,17101,,,,37.9705767186888,1,Q1,low,low,Q1-Q3,Q1-Q3,,,,,,
1,2810748365,2018-06-30,20000,3,1,106,22,177,216,0.94,17.5,221.8,8,12020,9017.13255184851,9.10688166360795,,,,,23.22,,1808.08,1,815.184851217313,6.70341489883265,0,73.64,0,12020,0,3,,12020,0,,,2,4602,5743,12020,,,,,0,0,,,,0,0,8,0,12020,C10AA05,5 MG,C10,C10A,C10AA,C10AA05,"",,,,,,1,1,1,,1,,"","",,,,,,,,,,,,0,0,0,0,0,1,1,1,0,1,0,,8.34,77.34,2,020209CJB,471.73,3.52,21,136.3,21,110.252,8,13251,13251,23.22,1,0,0,0,1,2,0,0,0,0,0,0,0,0,0,0,0,150,66.75,0,0,0,0,0,0,1,,,,,5,6,,0,1,1,1,0,0,0,1,1,1,0,2,0,,,0,0,73,23.669786008932,0,1,1,1,1,,0,0,0,0,0,,0,,,,0,0,1,,,0,48.6,1,78.8999098286745,4.36818008499534,2,1,0,1,60,1,1,,15170,,,,150.285542530809,1,Q4,high,high,Q4,Q4,,,,,,
1,2810748793,2017-09-30,660.9,2,1,216,72,152,91,0.68,3,55.5,5.7,12114,1190.81081081081,7.08238970771211,1.97313432835821,0.67962330802662,0,,71.4,,1605.04,1,2891.96396396396,7.96969112260765,0,63.94,0,12114,0,3,,12114,0,,,2,5215,6549,12114,14302,14302,2188,,0,0,,,,0,0,8,0,12114,M01AE02,220 MG,M01,M01A,M01AE,M01AE02,"",,1,,,,,,,,,,"","",,,,,,,,,,,,0,1,0,0,0,0,0,0,0,0,0,,3.66,103.8,2,011609CJB,359.164,1.99,8,244.4,8,135.612,8,13540,13540,71.4,0,0,0,0,0,2,1,1,1,0,0,0,0,0,0,0,0,170,66.5,0,0,0,0,0,0,1,,,,,3,0,,0,1,0,0,0,0,0,1,1,1,2,2,0,,,0,0,54,27.0278340319245,1,0,0,0,0,,0,0,0,0,0,,0,,,,0,0,0,,,0,113.6,0,54.0540540540541,3.98998454689786,2,0,0,0,99,0,0,,17333,,,,12.028392028392,1,Q1,low,low,Q1-Q3,Q1-Q3,,,,,,
1,2810748994,2018-01-13,533.2,2,1,291,58,124,113,0.63,3,46.8,6,12477,1139.31623931624,7.03818357136904,3.40031152647975,1.22386705285998,0,,26.58,,1003.04,1,2143.24786324786,7.67007765059015,0,69.28,0,12477,0,3,,12477,0,,,2,5288,6408,12477,14227,14227,1750,,0,0,,,,0,0,8,0,12477,M01AX05,600 MG,M01,M01A,M01AX,M01AX25,"",,1,,,,1,,,,,,M01AX25,"",,1,,,,,,,,,,0,1,0,0,0,1,0,0,0,0,0,,0.88,106.3,2,021209CJB,382.812,8.45,38,276.9,38,187.456,8,13457,13457,26.58,0,0,0,0,0,2,0,0,0,0,0,0,0,0,0,0,0,145,63.5,0,0,0,0,0,0,1,,,,,8,1,,0,1,0,0,0,0,0,1,1,1,0,2,0,,,0,0,60,25.2828579313306,0,0,0,0,0,,0,0,0,0,0,,0,,,,0,0,0,,,0,208.2,0,64.1025641025641,4.16048436472665,2,0,1,0,97,0,0,,17241,,,,11.7455282403736,1,Q1,low,low,Q1-Q3,Q1-Q3,,,,,,
1,2810750042,2018-06-28,20000,3,1,85,49,50,88,1.43,13.9,122.4,5.3,11132,16339.8692810458,9.70136336844599,2.79752704791345,1.02873582975897,0,,22.94,,982.65,1,802.81862745098,6.68812881975586,0,54.49,1,11132,1,2,,11132,0,,,1,4296,5641,11132,,,,,0,0,,,,0,0,7,0,11132,M01AX25,1200 MG,M01,M01A,M01AX,M01AX25,"",,1,,1,1,,,1,,,,"","",,,,,,,,,,,,0,1,0,1,1,0,0,1,0,0,0,,16.63,78.15,2,012109CJB,293.726,12.08,10,110.6,10,41.384,8,12528,12528,22.94,1,0,0,0,0,8,0,0,0,0,0,0,0,0,0,0,0,166,66,0,0,0,0,0,0,1,,,,,5,6,,0,1,1,0,0,0,0,,1,1,0,2,0,,,0,0,69,26.7932767270493,0,0,1,0,1,141,1,1,0,1,0,,0,,,,0,0,1,,,0,26,1,113.562091503268,4.73234974904056,2,0,0,0,50,1,1,11293,12332,11293,28,161,326.797385620915,0,Q4,high,high,Q4,Q4,Death,0.440793976728268,0,0,0,0
1,2810750246,2018-01-13,4234.4,2,1,143,89,62,139,1.17,12.1,123.9,6.7,11932,3417.59483454399,8.13669231789677,1.25659824046921,0.228408260754318,1,,39.16,,1167.34,1,942.163034705407,6.84817833253665,0,65.74,0,11932,0,3,41,11932,1,3189,15121,1,4271,5678,11932,13940,13940,2008,15141,1,0,3190,15122,,0,1,8,1,11932,C10AX09,80 MG,C10,C10A,C10AA,C10AA01,"",,,,,1,1,,,,1,,C10AA01,"",,,,,,1,1,,,,,0,0,0,0,1,1,1,0,0,1,0,,9.71,59.38,2,021309CJB,400.44,3.24,39,225.7,39,117.55,8,12891,12891,39.16,1,0,0,0,1,8,0,0,0,0,0,0,0,0,0,0,0,173,66.75,0,0,1,1,1,1,1,,,,,2,6,,1,0,1,1,0,0,0,,1,1,0,1,0,,,0,1,75,27.2991531969682,0,1,1,1,1,,0,0,0,0,0,,0,,1,1,0,0,0,,,0,41.6,1,97.6594027441485,4.58148594294974,2,1,0,1,61,0,0,15762,14378,15121,41,3189,56.02614482859,0,Q2,low,low,Q1-Q3,Q1-Q3,CHF,8.73100616016427,1,0,0,0
1,2810750254,2017-09-13,4787.1,2,1,181,72,54,104,1.19,3,108.7,5.4,11293,4403.95584176633,8.39025847094542,1.77628635346756,0.574524866633567,0,,59.42,,1370.93,1,1261.20515179393,7.13982301249758,0,60.9,0,11293,0,3,,11293,0,,,1,4280,5730,11293,13581,13581,2288,,0,0,,,,0,0,8,0,11293,C07AB07,5 MG,C07,C07A,C07AB,C07AB07,"",,,,1,,,,,,,,"","",,,,,,,,,,,,0,0,0,1,0,0,0,0,0,0,0,,0.93,38.21,2,011409CJB,370.968,1.28,5,203.4,5,135.469,8,12769,12769,59.42,0,0,0,0,0,8,1,1,1,0,0,0,0,0,0,0,0,177,69.25,0,0,0,0,0,0,1,,,,,4,1,,0,1,0,0,0,0,0,,1,1,2,2,0,,,0,0,57,25.950117194973,1,0,0,0,0,,0,0,0,0,0,,0,,,,0,0,0,,,0,98.2,0,27.5988960441582,3.31777577352308,1,0,0,0,67,0,1,,16562,,,,65.7306842054676,1,Q3,low,high,Q1-Q3,Q1-Q3,,,,,,
1,2810750633,2018-07-06,20000,3,1,189,71,53,85,0.75,16.4,187,5.3,12116,10695.1871657754,9.27754912166963,1.92214663643235,0.653442601307164,0,,37.8,,1447.08,1,773.839572192513,6.65136458103701,0,64.36,0,12116,0,3,,12116,0,,,2,4294,6097,12116,14196,14196,2080,,0,0,,,,0,0,8,0,12116,"","","","","","","",,,,,,,,,,,,"","",,,,,,,,,,,,0,0,0,0,0,0,0,0,0,0,0,,1.06,30.99,2,021409CJB,417.7,1.63,40,167.4,40,112.71,8,13058,13058,37.8,0,0,0,0,0,2,1,1,1,0,0,0,0,0,0,0,0,119,63,0,0,0,0,0,0,1,,,,,5,1,,0,1,0,0,0,0,0,1,1,1,2,2,0,,,0,0,51,21.0800421600843,1,0,0,0,0,,0,0,0,0,0,,0,,,,0,0,0,,,0,107.4,1,87.7005347593583,4.4739279969577,2,0,0,0,92,1,1,,16842,,,,116.252034410602,1,Q4,high,high,Q4,Q4,,,,,,
1,2810750931,2017-11-13,4578.8,2,1,165,51,65,105,0.97,3.6,162,5.3,12021,2826.41975308642,7.94676608480003,3.11703958691911,1.1368837010315,0,,29.66,,1244.63,1,768.29012345679,6.64416742673017,0,54.55,0,12021,1,2,,12021,0,,,1,4584,5715,12021,14052,14052,2031,,0,0,,,,0,0,7,0,12021,M01AE01,200 MG,M01,M01A,M01AE,M01AE01,"",,1,,,,,,,,,,"","",,,,,,,,,,,,0,1,0,0,0,0,0,0,0,0,0,,0.21,44.65,2,012709bCJ,452.362,0.98,17,166.5,17,108.899,8,13306,13306,29.66,0,0,0,0,0,8,0,0,0,0,0,0,0,0,0,0,0,178,69.5,0,0,0,0,0,0,1,,,,,8,2,,0,1,0,0,0,0,0,,1,1,0,2,0,,,0,0,60,25.9093194548896,0,0,0,0,0,,0,0,0,0,0,,0,,,,0,0,0,,,0,101,0,22.2222222222222,3.10109278921182,1,0,0,0,84,0,0,,17097,,,,33.6478542034098,1,Q2,low,low,Q1-Q3,Q1-Q3,,,,,,
1,2810751181,2017-11-13,2826.4,2,1,227,83,124,93,0.77,3,50.9,5.4,11701,5552.84872298625,8.62206635847655,1.56217616580311,0.446079827262355,1,,29.96,,476.27,1,935.697445972495,6.84129218274143,0,61.47,0,11701,0,3,,11701,0,,,2,4403,5631,11701,13734,13734,2033,,0,0,,,,0,0,8,0,11701,C03AA03,25 MG,C03,C03A,C03AA,C03AA03,"",,,,,,,,1,,,,"","",,,,,,,,,,,,0,0,0,0,0,0,0,1,0,0,0,,3.37,63.61,2,012709CJB,419.542,1.48,16,85.2,16,66.477,8,12996,12996,29.96,1,0,0,0,0,2,0,0,0,0,0,0,0,0,0,0,0,168,64.25,0,0,0,0,0,0,1,,,,,8,3,,0,1,1,0,0,0,0,1,1,1,0,2,0,,,0,0,62,28.613344937329,0,0,1,0,1,,0,0,0,0,0,,0,,,,0,0,0,,,0,119.2,0,58.9390962671906,4.07650464409377,2,0,0,0,83,0,1,,16787,14878,11,5086,66.9017918432078,1,Q3,low,high,Q1-Q3,Q1-Q3,Atherothrombotic Infarction of Brain,13.9247091033539,1,1,1,0
1,2810751194,2018-02-22,2837.5,2,1,225,42,116,132,0.99,3.3,90.4,5.8,12089,3138.82743362832,8.05160458037962,4.14867617107943,1.42278928843229,0,,47.16,,828.74,1,916.747787610619,6.82083239365223,0,61.97,0,12089,0,3,,12089,0,,,1,4299,5800,12089,13884,13884,1795,,0,0,,,,0,0,8,0,12089,C10AX06,"",C10,C10A,C10AX,C10AX06,"",,,,,,1,,,,,,"","",,,,,,,,,,,,0,0,0,0,0,1,0,0,0,0,0,,0.96,44.42,2,022109CJB,464.246,3.36,50,242,50,183.284,8,12713,12713,47.16,0,0,0,0,0,8,0,0,0,0,0,0,0,0,0,0,0,179,71.75,0,0,0,0,0,0,1,,,,,3,1,,0,1,0,0,0,0,0,,1,1,0,2,0,,,0,0,70,24.4463954552112,0,0,0,0,0,140,0,1,1,0,0,,0,,,,0,0,0,,,0,159.8,0,36.5044247787611,3.59743348005644,2,1,1,0,77,0,0,,15924,,,,40.7639926445236,1,Q2,low,low,Q1-Q3,Q1-Q3,,,,,,
7,2810751526,2017-08-10,3639,2,1,151,53,108,125,0.68,13.6,121.7,6.1,3337,2990.13968775678,8.00307538360677,1.50049455984174,0.405794760328061,1,0.2,46.08,46.22,1349.5,2,1108.8742810189,7.01110061845267,0,76.65,0,3337,0,3,,3337,0,,,2,3337,5103,,,5103,1766,,0,0,,,,0,0,8,0,3337,M01AE02,20 MG,C10,C10A,C10AA,C10AA01,"",,1,1,1,1,1,,1,,,,C10AA01,"",,,,,,1,1,,,,,0,1,1,1,1,1,1,1,0,0,0,,17.42,95.68,2,122308CJB,337.668,3.55,2,163.4,2,108.118,3,,,46.08,1,0,0,0,0,,0,0,0,0,0,0,,,,,0,184,62,0,0,0,0,0,0,1,,,,,4,8,,1,0,1,0,,,0,,1,1,0,1,0,,,0,0,69,33.6542608569088,0,0,1,1,1,,0,0,0,0,0,,0,,,,0,0,0,,,0,76.4,1,111.750205423172,4.71626607173066,2,0,0,1,89,0,0,,7929,,,,33.5970751433346,1,Q2,low,low,Q1-Q3,Q1-Q3,,,,,,
7,2810751530,2017-08-19,3672.9,2,1,230,57,126,100,0.55,43.6,38.2,5.5,4371,9614.92146596859,9.17107149012354,2.58708414872798,0.950531430207927,0,,56.26,,266.63,1,697.984293193717,6.54819659992139,0,79.51,0,4371,0,3,,4371,0,,,2,4371,6387,,,6387,2016,,0,0,,,,0,0,8,0,4371,C09AA03,5 MG,C09,C09A,C09AA,C09AA03,"",,,,,1,,,,,,,"","",,,,,,,,,,,,0,0,0,0,1,0,0,0,0,0,0,,2.46,47.17,2,010809CJB,324.994,1.72,5,231.8,5,144.777,3,,,56.26,1,0,0,0,0,,0,0,0,0,0,0,,,,,0,122,60,0,0,0,0,0,0,,,,,,5,8,,1,0,1,0,,,0,,,,0,1,0,,,0,0,58,23.8266476532953,0,0,1,0,1,,0,0,0,0,0,,0,,,,0,0,0,,,0,147.8,1,1141.3612565445,7.0399769137246,3,0,0,0,103,1,1,,8820,,,,93.3487520967824,1,Q4,high,high,Q4,Q4,,,,,,
1,2810752122,2018-12-08,3998.9,2,1,248,50,318,112,0.8,17,118.5,5.4,12459,3374.59915611814,8.1240318276955,1.54554865424431,0.435378963326673,1,,58.28,,1594.95,1,1345.94936708861,7.20485489217811,0,67.78,0,12459,0,3,,12459,0,,,1,4602,5785,12459,14542,14542,2083,,0,0,,,,0,0,8,0,12459,"","","","","","","",,,,,,,,,,,,"","",,,,,,,,,,,,0,0,0,0,0,0,0,0,0,0,0,,1.79,103.1,2,020409CJB,544.116,0.94,25,169.7,25,177.167,8,13631,13631,58.28,0,0,0,0,0,8,0,0,0,0,0,0,0,0,0,0,0,186,64.25,0,0,0,0,0,0,1,,,,,7,1,,0,1,0,0,0,0,0,,1,1,0,2,0,,,0,0,53,31.6790604663285,0,,0,0,0,,0,0,0,0,0,,0,,,,0,0,0,,,0,134.4,1,143.459915611814,4.96605566246317,2,0,0,0,102,0,0,,17419,,,,33.0843054521387,1,Q2,low,low,Q1-Q3,Q1-Q3,,,,,,
1,2810752381,2017-10-07,671.1,2,1,164,38,136,91,0.61,3,64.9,5.3,12330,1034.05238828968,6.94124071944224,1.98531810766721,0.685779157051316,0,,33.04,,582.74,1,897.904468412943,6.80006368002952,0,70.64,0,12330,0,3,,12330,0,,,2,4553,5793,12330,14473,14473,2143,,0,0,,,,0,0,8,0,12330,M01AE02,220 MG,M01,M01A,M01AE,M01AE02,"",,1,,,,,,,,,,"","",,,,,,,,,,,,0,1,0,0,0,0,0,0,0,0,0,,3.09,22.98,2,012009CJB,680.466,1.53,10,363.2,10,238.538,8,13730,13730,33.04,0,0,0,0,0,2,0,0,0,0,0,0,0,0,0,0,0,127,64.5,0,0,0,0,0,0,1,,,,,6,6,,0,1,0,0,0,0,0,1,1,1,0,2,0,,,0,0,66,21.4629742401724,0,0,0,0,0,,0,0,0,0,0,,0,,,,0,0,1,,,0,98.8,0,46.2249614791988,3.8335199439402,2,0,0,0,94,0,0,,17522,,,,11.0005573222306,1,Q1,low,low,Q1-Q3,Q1-Q3,,,,,,
1,2810752583,2018-02-03,2407.2,2,1,222,62,76,99,0.61,3,58.4,5.6,12649,4121.91780821918,8.32407382146975,3.61742006615215,1.28576108284597,0,,28.3,,708.02,1,1212.36301369863,7.10032663803622,0,70.78,0,12649,0,3,,12649,0,,,2,,,12649,14744,14744,2095,,0,0,,,,0,0,8,0,12649,C10AX06,1000 MG,C10,C10A,C10AX,C10AX06,"",,,,,,1,,,,,,"","",,,,,,,,,,,,0,0,0,0,0,1,0,0,0,0,0,,0.9,45.61,2,021809bCJ,367.584,0.98,45,248.1,45,162.916,8,13495,13495,28.3,0,0,0,0,0,2,0,0,0,0,0,0,0,0,0,0,0,128,58.5,0,0,0,0,0,0,1,,,,,3,6,,0,0,0,0,0,0,0,1,1,1,0,,0,,,0,0,62,26.2968573274425,0,0,0,0,0,,0,0,0,0,0,,0,,,,0,0,0,1,12360,1,144.8,0,51.3698630136986,3.93905167781607,2,0,1,0,97,0,0,,17276,,,,42.4939980228781,1,Q2,low,low,Q1-Q3,Q1-Q3,,,,,,
1,2810752613,2018-12-08,5204,2,1,182,36,141,94,0.79,5.4,100,5.2,12326,5204,8.5571828396324,1.65299145299145,0.502586648221438,1,,35.56,,799.49,1,799.49,6.6839740243784,0,,0,12326,,,,12326,0,,,2,4584,5729,12326,14304,14304,1978,,0,0,,,,0,0,,0,12326,M01AE01,200 MG,M01,M01A,M01AE,M01AE01,"",,1,,,1,,,,,,,"","",,,,,,,,,,,,0,1,0,0,1,0,0,0,0,0,0,,1.39,50.48,2,020709CJB,418.432,1.04,31,247.3,31,173.462,8,13413,13413,35.56,1,0,0,0,0,2,0,0,0,0,0,0,0,0,0,0,0,112,59,0,0,0,0,0,0,1,,,,,7,7,,0,1,1,0,0,0,0,1,1,1,0,2,0,,,0,0,65,22.6214069204927,0,0,1,0,1,,0,0,0,0,0,,0,,,,0,0,1,,,0,117.8,1,54,3.98898404656427,2,0,0,0,79,0,1,17010,,17010,27,4684,65.873417721519,0,Q3,low,high,Q1-Q3,Q1-Q3,,12.8240930869268,1,1,1,0
1,2810752712,2018-06-28,20000,3,1,216,65,76,96,0.79,7.2,176.9,5.4,12043,11305.8224985868,9.33307313735848,2.04854368932039,0.717129145246431,0,,44.04,,1366.42,1,772.425098925947,6.64953504475188,0,64.47,0,12043,0,3,12,12043,0,,,2,4538,5714,12043,14258,14258,2215,,0,0,,,,0,0,8,0,12043,C10AX06,?1000 MG,C10,C10A,C10AX,C10AX06,"",,,,,,1,,,,,,"","",,,,,,,,,,,,0,0,0,0,0,1,0,0,0,0,0,,3.08,32.63,2,012009CJB,358.336,1.8,10,165.8,10,116.654,8,13449,13449,44.04,0,0,0,0,0,2,0,0,0,0,0,0,0,0,0,0,0,167,62,0,0,0,0,0,0,1,,,,,3,0,,0,1,0,0,0,0,0,1,1,1,0,2,0,,,0,0,74,30.544899799477,0,0,0,0,0,,0,0,0,0,0,,1,15500,,,0,0,1,,,0,135.8,1,40.7009609949124,3.70625170383841,2,0,1,0,74,1,1,,17241,15500,12,5198,152.781385116038,1,Q4,high,high,Q4,Q4,TIA,14.2313483915127,1,1,1,0
1,2810752826,2017-10-25,3606.7,2,1,209,60,93,95,0.7,3,81.4,5.6,12319,4430.83538083538,8.39634341881343,4.0075026795284,1.38816827412977,0,,32.16,,1613.66,1,1982.38329238329,7.59205508286483,0,63.71,0,12319,0,3,,12319,0,,,2,4578,5818,12319,14457,14457,2138,,0,0,,,,0,0,8,0,12319,C10AX06,500 MG,C10,C10A,C10AX,C10AX06,"",,,,,1,1,,,,,,"","",,,,,,,,,,,,0,0,0,0,1,1,0,0,0,0,0,,2.35,46.33,2,012209CJB,326.276,0.98,12,171,12,111.719,8,13694,13694,32.16,1,0,0,0,0,2,0,0,0,0,0,0,0,0,0,0,0,158,66,0,0,0,0,0,0,1,,,,,6,0,,0,1,1,0,0,0,0,1,1,1,0,2,0,,,0,0,63,25.5020344751433,0,0,1,0,1,,0,0,0,0,0,,0,,,,0,0,0,,,0,130.4,0,36.8550368550369,3.60699229464175,2,0,1,0,92,0,1,,17486,12380,11,5167,48.161254139515,1,Q3,low,low,Q1-Q3,Q1-Q3,Atherothrombotic Infarction of Brain,14.1464750171116,1,1,1,0
1,2810753880,2018-01-26,4897.6,2,1,182,65,79,94,0.91,3,127.8,5.3,12387,3832.23787167449,8.25120421223581,2.16283924843424,0.771421825408513,0,,34.54,,1328.55,1,1039.55399061033,6.94654704496836,0,62.04,0,12387,0,3,,12387,0,,,2,4627,5941,12387,14661,14661,2274,,0,0,,,,0,0,8,0,12387,M01AE02,220 MG,M01,M01A,M01AE,M01AE02,"",,1,,,,,,,,,,"","",,,,,,,,,,,,0,1,0,0,0,0,0,0,0,0,0,,1.24,66.24,2,021709CJB,247.104,0.86,42,210.7,42,123.666,8,13299,13299,34.54,0,0,0,0,0,2,0,0,0,0,0,0,0,0,0,0,0,138,65,0,0,0,0,0,0,1,,,,,7,1,,0,1,0,0,0,0,0,1,1,1,0,2,0,,,0,0,58,22.9645524379806,0,0,0,0,0,,0,0,0,0,0,,0,,,,0,0,0,,,0,101.2,0,23.4741784037559,3.15590102570681,1,0,0,0,70,0,0,,17083,,,,54.7462553096356,1,Q2,low,low,Q1-Q3,Q1-Q3,,,,,,
1,2810753996,2018-02-03,921,2,1,266,102,86,103,0.67,3,38,5.6,12231,2423.68421052632,7.79304406251701,,,,,60.88,,325.46,1,856.473684210526,6.75282359249417,0,65.95,0,12231,0,3,,12231,0,,,2,4470,5836,12231,14429,14429,2198,,0,0,,,,0,0,8,0,12231,"","","","","","","",,,,,,,,,,,,"","",,,,,,,,,,,,0,0,0,0,0,0,0,0,0,0,0,,0.53,61.72,2,021809bCJ,171.202,0.99,45,178.2,45,119.15,8,13078,13078,60.88,0,0,0,0,0,2,0,0,0,0,0,0,0,0,0,0,0,149,64.75,0,0,0,0,0,0,1,,,,,7,0,,0,1,0,0,0,0,0,1,1,1,0,2,0,,,0,0,70,24.9868975163183,0,0,0,0,0,,0,0,0,0,0,,0,,,,0,0,0,,,0,146.8,0,78.9473684210526,4.36878140792386,2,0,0,0,89,0,0,,16859,,,,27.2324068598463,1,Q1,low,low,Q1-Q3,Q1-Q3,,,,,,
1,2810754029,2017-10-01,3920.1,2,1,264,56,155,85,0.77,6.5,99.6,5.3,11620,3935.84337349398,8.27788046406075,0.596634093376764,-0.516451262411631,1,,46.88,,1393.99,1,1399.58835341365,7.24393343909113,0,62.77,0,11620,0,3,,11620,0,,,2,,5708,11620,13749,13749,2129,,0,0,,,,0,0,8,0,11620,M01AE02,500 MG,M01,M01A,M01AE,M01AE02,"",,1,,,,,,,,,,"","",,,,,,,,,,,,0,1,0,0,0,0,0,0,0,0,0,,0.69,26.14,2,012009CJB,217.71,1.56,9,231.9,9,194.83,8,13029,13029,46.88,0,0,0,0,0,2,0,0,0,0,0,0,0,0,0,0,0,163,69.5,0,0,0,0,0,0,1,,,,,3,1,,0,0,0,0,0,0,0,1,1,1,0,,0,,,0,0,55,23.7259498379045,0,0,0,0,0,,0,0,0,0,0,,0,,,,0,0,0,,,0,177,1,65.2610441767068,4.17839529129318,2,0,0,0,87,0,0,,16821,,,,45.2395790056779,1,Q2,low,low,Q1-Q3,Q1-Q3,,,,,,
1,2810754429,2017-12-31,4180.9,2,1,167,56,182,102,0.75,10.6,118.2,5.8,11617,3537.14043993232,8.17107389436359,2.34573829531813,0.852600190435885,0,,27.64,,1469.32,1,1243.07952622673,7.1253470687294,0,79.55,0,11617,0,3,,11617,0,,,2,,5670,11617,13721,13721,2104,,0,0,,,,0,0,8,0,11617,M01AE01,800 MG,M01,M01A,M01AE,M01AE01,"",,1,,,,1,1,,,,,"","",,,,,,,,,,,,0,1,0,0,0,1,1,0,0,0,0,,1.81,130,2,020909CJB,349.944,1.32,32,172.7,32,107.832,8,12686,12686,27.64,0,0,0,0,0,2,0,0,0,0,0,0,0,1,0,0,0,203,62.25,0,0,0,0,0,0,1,,,,,8,2,,0,1,0,0,0,1,0,1,1,1,0,2,0,,,0,0,67,36.8317996035034,0,0,0,1,0,,0,0,0,0,0,,0,,,,0,0,0,,,0,74.6,1,89.678510998308,4.49623117512816,2,0,0,1,82,0,0,,16472,,,,43.1358590235649,1,Q2,low,low,Q1-Q3,Q1-Q3,,,,,,
1,2810754466,2017-12-14,1818.4,2,1,194,57,84,99,0.8,4.4,144.7,5.5,12433,1256.66897028335,7.13621982488899,1.53989560029828,0.431714622113455,1,,21.2,,1689.01,1,1167.24948168625,7.06240538980404,0,63.52,0,12433,0,3,,12433,0,,,1,4383,5821,12433,14638,14638,2205,,0,0,,,,0,0,8,0,12433,"","","","","","","",,,,,,,,,,,,"","",,,,,,,,,,,,0,0,0,0,0,0,0,0,0,0,0,,1.54,110.4,2,020409bCJ,357.76,1.08,27,275.8,27,174.024,8,13580,13580,21.2,0,0,0,0,0,8,0,0,0,0,0,0,0,0,0,0,0,229,71.25,0,0,0,0,0,0,1,,,,,8,1,,0,1,0,0,0,0,0,,1,1,0,2,0,,,0,0,55,31.7154850376183,0,0,0,0,0,,0,0,0,0,0,,0,,,,0,0,0,,,0,120.2,1,30.4077401520387,3.41469718626891,2,0,0,0,101,0,0,,17367,,,,12.4422670325084,1,Q1,low,low,Q1-Q3,Q1-Q3,,,,,,
1,2810754587,2018-12-08,6398.7,2,1,162,43,184,142,1.02,6.1,147.5,6.5,12203,4338.10169491525,8.3751921339233,,,,,53.48,,1174.65,1,796.372881355932,6.68006752007327,0,73.29,0,12203,0,3,,12203,0,,,1,4475,5702,12203,14408,14408,2205,,0,0,,,,0,0,8,0,12203,C10AB04,600 MG,C10,C10A,C10AB,C10AB04,"",,,,,1,1,1,,,,,"","",,,,,,,,,,,,0,0,0,0,1,1,1,0,0,0,0,,1.72,120.5,2,020209CJB,310.034,1.63,22,139.2,22,112.405,8,13426,13426,53.48,1,0,0,0,0,8,0,0,0,0,0,0,0,0,0,0,0,189,69,0,0,0,0,0,0,1,,,,,3,7,,0,1,1,0,0,0,0,,1,1,0,2,0,,,0,0,73,27.9106040253668,0,0,1,1,1,,0,0,0,0,0,,0,,,,0,0,1,,,0,82.2,1,41.3559322033898,3.72221587438153,2,1,0,1,73,0,1,,17214,,,,59.4260506152775,1,Q3,low,low,Q1-Q3,Q1-Q3,,,,,,
1,2810755240,2018-12-22,5379.7,2,1,236,63,111,95,0.81,9.2,87.6,5.6,12053,6141.2100456621,8.72277707756503,4.68639798488665,1.54466426709949,0,,30.08,,1779.56,1,2031.46118721461,7.61651060976391,0,72.86,0,12053,0,3,,12053,0,,,2,4367,5676,12053,13937,13937,1884,,0,0,,,,0,0,8,0,12053,C03AA03,50 MG,C03,C03A,C03AA,C03AA03,"",,,,,,,,1,,,,"","",,,,,,,,,,,,0,0,0,0,0,0,0,1,0,0,0,,1.77,93.59,2,022009CJB,348.12,2.28,48,272.9,48,120.684,8,12753,12753,30.08,1,0,0,0,0,2,0,0,0,0,0,0,0,0,0,0,0,159,62,0,0,0,0,0,0,1,,,,,7,2,,1,0,1,0,0,0,0,1,1,1,0,1,0,,,0,0,64,29.0816710665679,0,0,1,0,1,,0,0,0,0,0,,0,,,,0,0,0,,,0,150.8,1,105.022831050228,4.65417776509479,2,0,0,0,77,0,1,,16534,,,,79.7559746189883,1,Q3,high,high,Q1-Q3,Q1-Q3,,,,,,
7,2810756121,2017-08-13,991.4,2,1,172,83,71,92,0.74,3,31.6,5.3,3738,3137.3417721519,8.0511311509817,2.7125328659071,0.997882835256621,0,3.4,36.3,34.6,357.85,2,1132.43670886076,7.03212696957983,0,70.13,0,3738,0,3,,3738,0,,,2,3738,5418,,,5418,1680,,0,0,,,,0,0,8,0,3738,"","","","","","","",,,,,,,,,,,,"","",,,,,,,,,,,,0,0,0,0,0,0,0,0,0,0,0,,1.06,39.29,2,010509CJB,458.136,1.62,3,168.2,3,90.541,3,,,36.3,0,0,0,0,0,,0,0,0,0,0,0,,,,,0,105,59.75,0,0,0,0,0,0,1,,,,,6,1,,1,0,0,0,,,0,,1,1,0,1,0,,,0,0,59,20.6785028685339,0,0,0,0,0,,0,0,0,0,0,,0,,,,0,0,0,,,0,74.8,0,94.9367088607595,4.55321044705738,2,0,0,0,89,0,0,,8286,,,,35.2510311477741,1,Q2,low,low,Q1-Q3,Q1-Q3,,,,,,
1,2810756248,2017-12-23,2843.5,2,1,160,63,44,91,1.25,5.3,107.6,5.2,12529,2642.65799256506,7.87954050500726,2.02482269503546,0.705482138717897,0,,48.44,,956.02,1,888.494423791822,6.78952837159507,0,71.43,0,12529,0,3,,12529,0,,,1,4559,6709,12529,14655,14655,2126,12529,1,1,-2942,9587,,0,0,8,0,12529,C09AA03,5 MG,C09,C09A,C09AA,C09AA03,"",,,,,1,,,,,,1,"","",,,,,,,,,,,,0,0,0,0,1,0,0,0,0,0,1,,1.07,18.05,2,020609CJB,276.34,1.4,30,200.9,30,148.945,8,13633,13633,48.44,0,0,0,0,0,8,0,0,0,0,0,0,0,1,0,0,0,145,65.75,0,0,0,0,0,0,1,,,,,7,7,,0,1,0,0,0,1,0,,1,1,0,2,0,,,0,0,74,23.5820795775235,0,0,0,0,0,143,1,0,0,0,0,,0,,1,3,1,1,1,,,0,88.2,1,49.2565055762082,3.89704145181253,2,0,0,0,56,0,0,,17419,,,,47.1903212958046,1,Q1,low,low,Q1-Q3,Q1-Q3,,,,,,
1,2810756461,2017-09-02,3854.4,2,1,194,39,263,105,0.85,3,41.8,5.1,11564,9221.05263157895,9.12924447831799,2.20460358056266,0.790547710678327,0,,41.94,,609.8,1,1458.85167464115,7.28540488101154,0,59.08,0,11564,0,3,,11564,0,,,1,4277,5630,11564,,,,,0,0,,,,0,0,8,0,11564,C09CA01,100 MG,C09,C09C,C09CA,C09CA01,"",,,,1,1,,,1,,,,"","",,,,,,,,,,,,0,0,0,1,1,0,0,1,0,0,0,,8.49,97.1,2,011209CJB,353.912,4.99,3,229.5,3,165.059,8,13091,13091,41.94,1,0,0,0,0,8,0,0,0,0,0,0,0,0,0,0,0,183,69,0,0,0,0,0,0,1,,,,,5,1,,0,1,1,0,0,0,0,,1,1,0,2,0,,,0,0,58,27.0245531039266,0,0,1,0,1,,0,0,0,0,0,,0,,,,0,0,1,,,0,102.4,0,71.7703349282297,4.27347122811954,2,0,0,0,96,1,1,12202,,12202,29,638,96.0526315789474,0,Q4,high,high,Q4,Q4,Death,1.74674880219028,0,0,0,0
1,2810756986,2018-01-06,500.1,2,1,177,62,74,91,0.64,3,13,5.2,12240,3846.92307692308,8.25502890695141,3.74977416440831,1.3216956153444,0,,37.26,,164.53,1,1265.61538461538,7.14331375292511,0,69.02,0,12240,0,3,,12240,0,,,2,4634,5729,12240,13966,13966,1726,,0,0,,,,0,0,8,0,12240,C10AA02,20 MG,C10,C10A,C10AA,C10AA02,"",,,,,,1,1,,,,,"","",,,,,,,,,,,,0,0,0,0,0,1,1,0,0,0,0,,1.59,30.53,2,021109CJB,266.21,1.81,36,218.5,36,129.548,8,13261,13261,37.26,0,0,0,0,0,2,0,0,0,0,0,0,0,0,0,0,0,140,64.5,0,0,0,0,0,0,1,,,,,4,6,,0,0,0,0,0,0,0,1,1,1,0,,0,,,0,0,66,23.6599716033396,0,0,0,1,0,,0,0,0,0,0,,0,,,,0,0,1,,,0,100.2,0,230.769230769231,5.44141821018871,2,0,0,1,93,0,0,,17046,,,,41.3647642679901,1,Q2,low,low,Q1-Q3,Q1-Q3,,,,,,
1,2810757075,2018-01-13,4456.8,2,1,204,99,58,92,0.7,3,100.2,5.4,11987,4447.90419161677,8.40018829604393,3.05398457583548,1.11644715630414,0,,48.64,,944.43,1,942.544910179641,6.84858356824491,0,63.5,0,11987,0,3,,11987,0,,,2,4450,5680,11987,14030,14030,2043,,0,0,,,,0,0,8,0,11987,M01AE01,200 MG,M01,M01A,M01AE,M01AE01,"",,1,,,,,,,,,,"","",,,,,,,,,,,,0,1,0,0,0,0,0,0,0,0,0,,0.39,56.39,2,021309CJB,252.174,0.71,39,159.1,39,96.81,8,12947,12947,48.64,0,0,0,0,0,2,0,0,0,0,0,0,0,0,0,0,0,113,62.25,0,0,0,0,0,0,1,,,,,7,6,,0,1,0,0,0,0,0,1,1,1,0,2,0,,,0,0,62,20.502430321162,0,0,0,0,0,,0,0,0,0,0,,0,,,,0,0,0,,,0,93.4,0,29.940119760479,3.39919937899948,1,0,0,0,93,0,1,,16731,,,,47.8269267915781,1,Q3,low,low,Q1-Q3,Q1-Q3,,,,,,
1,2810757195,2017-11-23,970.6,2,1,230,63,113,88,0.71,3.8,36.1,5.2,11754,2688.64265927978,7.89679175762037,2.33601070950469,0.84844464950371,0,,29.68,,291.53,1,807.562326869806,6.69402023709629,0,71.9,0,11754,0,3,,11754,0,,,2,4411,5642,11754,,,,,0,0,,,,0,0,8,0,11754,"","","","","","","",,,,,,,,,,,,"","",,,,,,,,,,,,0,0,0,0,0,0,0,0,0,0,0,,0.42,47.32,2,013009CJB,494.232,1.34,20,311.5,20,153.999,8,12998,12998,29.68,0,0,0,0,0,2,0,0,0,0,0,0,0,0,0,0,0,137,62.75,0,0,0,0,0,0,1,,,,,7,0,,0,1,0,0,0,0,0,1,1,1,0,2,0,,,0,0,75,24.4623806337818,0,0,0,0,0,,0,0,0,0,0,,0,,,,0,0,1,,,0,144.4,0,105.263157894737,4.65646348037564,2,0,0,0,83,0,0,12598,,12598,27,844,32.3932850515636,0,Q1,low,low,Q1-Q3,Q1-Q3,,2.31074606433949,0,0,0,0
1,2810757243,2018-02-17,4210.9,2,1,230,100,62,81,0.84,5.8,90.2,5.4,12128,4668.40354767184,8.44857243947104,1.44353785900783,0.367096947007845,1,,35.08,,862.43,1,956.130820399113,6.86289474511113,0,64.71,0,12128,0,3,,12128,0,,,2,,5875,12128,14002,14002,1874,,0,0,,,,0,0,8,0,12128,"","","","","","","",,,,,,,,,,,,"","",,,,,,,,,,,,0,0,0,0,0,0,0,0,0,0,0,,0.53,16.25,2,021909bCJ,361.864,1.13,48,172.5,48,117.835,8,12859,12859,35.08,0,0,0,0,0,2,0,0,0,0,0,0,0,0,0,0,0,118,63.5,0,0,0,0,0,0,1,,,,,8,8,,0,1,0,0,0,0,0,1,1,1,0,2,0,,,0,0,58,20.5750154199794,0,0,0,0,0,,0,0,0,0,0,,0,,,,0,0,0,,,0,117.6,1,64.3015521064302,4.16358376946593,2,0,0,0,77,0,1,,16640,,,,60.6286175022317,1,Q3,low,low,Q1-Q3,Q1-Q3,,,,,,
1,2810758456,2017-09-13,2521.9,2,1,128,35,99,103,2.21,1041.5,35.9,5.9,11157,7024.79108635098,8.85720075516202,,,,,23.9,,413.15,1,1150.8356545961,7.04824361364105,0,84.12,0,11157,0,3,41,11157,1,291,11448,2,4391,5624,11157,,,,,0,0,,,,0,1,8,1,11157,C10AA05,10 MG,C10,C10A,C10AA,C10AA05,"",,,,1,1,1,1,1,,,,"","",,,,,,,,,,,,0,0,0,1,1,1,1,1,0,0,0,,1.47,114.4,2,011409CJB,718.122,26.46,6,265.6,6,192.081,8,12629,12629,23.9,1,0,0,0,0,2,0,0,0,0,0,0,0,0,0,1,0,173,64,0,0,1,1,0,0,1,,,,,1,6,,0,1,1,0,1,0,0,1,1,1,0,2,0,,,0,1,82,29.6955769692789,0,0,1,1,1,140,0,1,1,0,0,,0,,,,0,0,1,,,0,73.2,1,29011.1420612813,10.2754352441889,3,0,0,1,20,1,1,11463,,8898,6,,351.239554317549,1,Q4,high,high,Q4,Q4,Angina,,,,,
1,2810758584,2017-12-23,1772.4,2,,,,,,,3,54.3,,12000,3264.08839779006,8.09073579837354,3.85809682804674,1.35017401215893,0,,,,1018.84,,1876.3167587477,7.5370659632595,0,67.25,0,12000,0,3,,12000,0,,,2,,5677,12000,13937,13937,1937,,0,0,,,,0,0,8,0,12000,"","","","","","","",,,,,,,,,,,,"","",,,,,,,,,,,,0,0,0,0,0,0,0,0,0,0,0,,,,,"",,,,,,,,,,,0,0,0,0,0,2,1,1,1,0,0,0,0,0,0,0,0,135,65.75,0,0,0,0,0,0,1,,,,,3,6,,0,1,0,0,0,0,0,1,1,1,2,2,0,,,0,0,65,21.9557292618322,1,0,0,0,0,,0,0,0,0,0,,0,,,,0,0,0,,,0,,0,55.2486187845304,4.01184334071036,2,,0,0,,0,0,,16884,,,,,1,Q2,low,,,Q1-Q3,,,,,,
1,2810758842,2017-08-26,1960.5,2,1,208,45,99,103,0.76,3,65.4,5.6,12191,2997.70642201835,8.00560274925732,1.37458193979933,0.318149641105548,1,,35.8,,887.16,1,1356.51376146789,7.21267327688195,0,65.29,0,12191,0,3,,12191,0,,,1,4497,5821,12191,14648,14648,2457,,0,0,,,,0,0,8,0,12191,M01AX25,600 MG,M01,M01A,M01AX,M01AX25,"",,1,,,,,,,,,,"","",,,,,,,,,,,,0,1,0,0,0,0,0,0,0,0,0,,2.16,69.17,2,010909CJB,320.026,1.04,1,184.9,1,157.743,8,13784,13784,35.8,0,0,0,0,0,8,0,0,0,0,0,0,0,0,0,0,0,216,68.25,0,0,0,0,0,0,1,,,,,8,1,,0,1,0,0,0,0,0,,1,1,0,2,0,,,0,0,61,32.6027363804516,0,0,0,0,0,140,0,1,1,0,0,,0,,,,0,0,0,,,0,143.2,0,45.8715596330275,3.82584530918709,2,0,0,0,98,0,0,,17578,,,,30.5888410410036,1,Q2,low,low,Q1-Q3,Q1-Q3,,,,,,
1,2810759213,2018-02-01,1254.2,2,1,215,61,156,94,0.66,3,30.8,5.6,11625,4072.07792207792,8.31190869411748,2.74784110535406,1.01081555076479,0,,46.4,,616.29,1,2000.94155844156,7.60137312798109,0,62.96,0,11625,0,3,,11625,0,,,2,,4722,11625,13543,13543,1918,,0,0,,,,0,0,8,0,11625,"","","","","","","",,,,,,,,,,,,"","",,,,,,,,,,,,0,0,0,0,0,0,0,0,0,0,0,,2.12,61.46,2,021809CJB,280.326,0.74,43,188.5,43,121.513,8,12504,12504,46.4,0,0,0,0,0,2,0,0,0,0,0,0,0,0,0,0,0,138,64.75,0,0,0,0,0,0,1,,,,,4,1,,0,1,0,0,0,0,0,1,1,1,0,2,0,,,0,0,55,23.1422272298787,0,0,0,0,0,,0,0,0,0,0,,0,,,,0,0,1,,,0,122.8,0,97.4025974025974,4.57885287767072,2,0,0,0,99,0,0,,16285,,,,41.1321002230093,1,Q2,low,low,Q1-Q3,Q1-Q3,,,,,,
7,2810759228,2017-08-16,2484.5,2,1,225,49,238,101,0.75,3.2,133.6,5.2,4578,1859.65568862275,7.52814663592792,3.80555555555556,1.33646198737201,0,3.2,41.04,42.96,914.87,2,684.782934131737,6.52910190356451,0,,0,4578,,,,4578,0,,,2,4578,6015,,,6015,1437,,0,0,,,,0,0,,0,4578,"","","","","","","",,,,,,,,,,,,"","",,,,,,,,,,,,0,0,0,0,0,0,0,0,0,0,0,,1.98,68.78,2,010609CJB,417.346,2.21,4,200.3,4,125.199,3,,,41.04,1,0,0,0,0,,0,0,0,0,0,0,,,,,0,186,63,0,0,0,0,0,0,1,,,,,2,0,,1,0,1,0,,,0,,1,1,0,1,0,,,0,0,61,32.9486373258461,0,,,0,1,,0,0,0,0,0,,0,,,,0,0,0,,,0,128.4,0,23.9520958083832,3.17605582768527,1,0,0,0,86,0,0,,9064,,,,21.6239033560785,1,Q1,low,low,Q1-Q3,Q1-Q3,,,,,,
1,2810759421,2017-09-15,1661.4,2,1,239,46,99,90,1.06,3,151.7,5.3,11083,1095.18787079763,6.99868119903858,1.5599173553719,0.444632842532393,1,,24.8,,909.27,1,599.386947923533,6.39590737940947,0,65.96,0,11083,0,3,,11083,0,,,1,,5647,11083,,,,,0,0,,,,0,0,8,0,11083,"","","","","","","",,,,,,,,,,,,"","",,,,,,,,,,,,0,0,0,0,0,0,0,0,0,0,0,,2.98,35.69,2,022109CJB,462.436,3.81,6,293.6,6,213.636,8,12553,12553,24.8,0,0,0,0,0,8,1,1,1,0,0,0,0,0,0,0,0,183,67.5,0,0,0,0,0,0,1,,,,,8,2,,0,1,0,0,0,0,0,,1,1,2,2,0,,,0,0,59,28.238989811313,1,0,0,0,0,,0,0,0,0,0,,0,,,,0,0,0,2,11851,0,173.2,0,19.77587343441,2.98446268129576,1,0,0,0,76,0,0,12444,,12444,27,1361,14.4103667210214,0,Q1,low,low,Q1-Q3,Q1-Q3,,3.72621492128679,0,0,0,0
1,2810760371,2018-01-10,582,2,1,158,50,81,90,0.9,3,16.9,5.6,12690,3443.78698224852,8.1443270117905,2.71881918819188,1.0001976640614,0,,26.84,,164.38,1,972.662721893491,6.88003738477942,0,61.9,0,12690,0,3,,12690,0,,,2,4602,5820,12690,14853,14853,2163,,0,0,,,,0,0,8,0,12690,M01AX25,1.2 GM,M01,M01A,M01AX,M01AX25,"",,1,,,1,1,1,,,,,"","",,,,,,,,,,,,0,1,0,0,1,1,1,0,0,0,0,,0.6,51.05,2,021209CJB,247.566,1.31,38,218.8,38,130.477,8,13677,13677,26.84,1,0,0,0,0,2,0,0,0,0,0,0,0,0,0,0,0,144,64.5,0,0,0,0,0,0,1,,,,,3,6,,0,1,1,0,0,0,0,1,1,1,0,2,0,,,0,0,72,24.3359707920065,0,0,1,1,1,,0,0,0,0,0,,0,,,,0,0,0,,,0,91.8,0,177.514792899408,5.17905394572122,2,0,0,1,64,0,0,,17461,,,,53.8091715976332,1,Q2,low,low,Q1-Q3,Q1-Q3,,,,,,
1,2810761963,2018-11-26,7701.7,2,1,143,46,108,117,0.9,7.1,246.2,5.5,11459,3128.22908204712,8.04822233493215,1.32004197271773,0.277663533606184,1,,32.06,,2045.17,1,830.694557270512,6.72226216684392,0,,0,11459,,,1,11459,1,-3409,8050,1,4343,5690,11459,13520,13520,2061,8534,1,1,-3445,8014,,1,0,,1,11459,C10AA05,10 MG,C09,C09A,C09AA,C09AA07,"",,,,1,1,1,1,,,,,C09AA07,"",,,,,1,,,,,,,0,0,0,1,1,1,1,0,0,0,0,,0.85,155.2,2,012009CJB,407.888,6.62,9,206.5,9,188.256,8,12868,12868,32.06,1,0,0,0,0,8,0,0,0,0,0,0,0,0,0,0,0,232,69.75,0,0,0,0,0,0,1,,,,,8,6,,0,1,1,0,0,0,0,,1,1,0,2,0,,,0,0,66,33.5278089911019,0,0,1,1,1,141,0,1,0,1,1,2108,0,,1,1,1,0,1,,,0,75.4,1,28.838342810723,3.36170584927905,1,0,0,1,89,0,0,,16236,1340,6,4777,35.1486413713159,0,Q2,low,low,Q1-Q3,Q1-Q3,Angina,13.07871321013,1,1,1,0
1,2810762169,2018-02-22,4373.8,2,1,169,22,215,102,0.9,6.3,16.6,5.3,12273,26348.1927710843,10.1791549660798,2.36493936052922,0.860752381246981,0,,58.32,,1158.83,1,6980.90361445783,8.85093364503621,0,74.55,0,12273,0,3,12,12273,1,2541,14814,1,,,12273,14407,14407,2134,12273,1,1,-9255,3018,,0,1,8,1,12273,M01AB05,100 MG,M01,M01A,M01AB,M01AB05,"",,1,,1,,,,,,,1,"","",,,,,,,,,,,,0,1,0,1,0,0,0,0,0,0,1,,3.45,139.3,2,022109CJB,,,50,210.2,50,171.661,8,12895,12895,58.32,1,0,0,0,0,8,0,0,0,0,0,0,0,1,0,0,0,230,71,0,0,0,0,0,0,1,,,,,7,1,,0,1,1,0,0,1,0,,1,1,0,2,0,,,0,0,64,32.078699348829,0,0,1,0,1,,0,0,0,0,0,,1,8948,1,3,1,1,0,,,0,104,1,379.518072289157,5.93890221701713,3,0,0,0,90,1,1,,16390,8948,12,4117,292.757697456493,0,Q4,high,high,Q4,Q4,TIA,11.2717316906229,1,1,0,0
1,2810762602,2018-12-17,2626.4,2,1,163,61,67,99,0.96,3,53.1,5.5,12105,4946.13935969868,8.50636262392758,2.57033248081841,0.94403526050781,0,,15.56,,226,1,425.612052730697,6.05352825701248,0,69.33,0,12105,0,3,,12105,0,,,2,4572,5779,12105,14261,14261,2156,,0,0,,,,0,0,8,0,12105,C07AA05,10 MG,C03,C03A,C03AA,C03AA03,"",,,,1,,,,,,,,C03AA03,"",,,,,,,,1,,,,0,0,0,1,0,0,0,1,0,0,0,,1.23,23.49,2,020509CJB,284.644,0.94,29,191.7,29,102.383,8,13225,13225,15.56,0,0,0,0,0,2,0,0,0,0,0,0,0,0,0,0,0,153,69.75,0,0,0,0,0,0,1,,,,,4,1,,0,1,0,0,0,0,0,1,1,1,0,2,0,,,0,0,57,22.1110119639594,0,0,0,0,0,,0,0,0,0,0,,0,,,,0,0,0,,,0,88.6,0,56.4971751412429,4.03419063940235,2,0,0,0,66,0,1,,17011,,,,74.94150544998,1,Q3,low,high,Q1-Q3,Q1-Q3,,,,,,
1,2810762623,2018-01-06,427.6,2,1,193,30,121,89,0.68,3,51.3,5.5,11761,833.528265107213,6.72566761296226,,,,,59.2,,586.14,1,1142.5730994152,7.04103810270427,0,68.76,0,11761,0,3,,11761,0,,,2,4455,5708,11761,13784,13784,2023,,0,0,,,,0,0,8,0,11761,M01AX05,TABLET,M01,M01A,M01AX,M01AX25,"",,1,,,,1,,,,,,M01AX25,"",,1,,,,,,,,,,0,1,0,0,0,1,0,0,0,0,0,,3.87,34.8,2,021109CJB,300.958,0.88,35,155.6,35,131.944,8,12792,12792,59.2,0,0,0,0,0,2,0,0,0,0,0,0,0,0,0,0,0,155,63.75,0,0,0,0,0,0,1,,,,,7,1,,0,1,0,0,0,0,0,1,1,1,0,2,0,,,0,0,73,26.8149463634568,0,0,0,0,0,,0,0,0,0,0,,0,,,,0,0,1,,,0,138.8,0,58.4795321637427,4.06867681547352,2,0,1,0,87,0,0,,16577,,,,9.58078465640474,1,Q1,low,low,Q1-Q3,Q1-Q3,,,,,,
1,2810762756,2017-09-06,4483.7,2,1,196,47,171,107,0.56,5.1,37.9,6.3,11825,11830.3430079156,9.37842295130404,1.95850066934404,0.672179215887307,0,,45.22,,666.83,1,1759.44591029024,7.47275421476609,0,,0,11825,,,,11825,0,,,2,4657,5720,11825,14331,14331,2506,,0,0,,,,0,0,,0,11825,C10AA05,10 MG,C10,C10A,C10AA,C10AA05,"",,,,,1,1,1,1,,,,"","",,,,,,,,,,,,0,0,0,0,1,1,1,1,0,0,0,,1.12,49.28,2,011309CJB,456.744,1.95,4,172.7,4,112.539,8,13336,13336,45.22,1,0,0,0,0,2,0,0,0,0,0,0,0,0,0,0,0,190,64.75,0,0,0,0,0,0,1,,,,,4,6,,0,0,1,0,0,0,0,1,1,1,0,,0,,,0,0,65,31.862486765775,0,0,1,1,1,,0,0,0,0,0,,0,,,,0,0,1,,,0,114.8,1,134.564643799472,4.90204470662404,2,0,0,1,98,1,1,,17129,,,,120.717785795057,1,Q4,high,high,Q4,Q4,,,,,,
1,2810763165,2017-10-30,605.5,2,1,181,79,70,101,0.96,3,34,5.1,11894,1780.88235294118,7.48486422436508,1.01329394387001,0.0132063548136103,1,,40.08,,300.52,1,883.882352941176,6.78432396887289,0,75.58,0,11894,0,3,,11894,0,,,1,4588,5728,11894,14014,14014,2120,,0,0,,,,0,0,8,0,11894,M01AX05,500/400 MG,M01,M01A,M01AX,M01AX25,"",,1,,,,,,,,,,M01AX25,"",,1,,,,,,,,,,0,1,0,0,0,0,0,0,0,0,0,,0.47,51.36,2,012309CJB,252.852,1.25,51,232.7,14,133.85,8,13232,13232,40.08,2,0,0,0,0,8,0,0,0,0,0,0,0,0,0,0,0,196,69,0,0,0,0,0,0,1,,,,,3,6,,0,1,1,0,0,0,0,,1,1,0,2,0,,,0,0,69,28.9443301003804,0,0,0,0,1,,0,0,0,0,0,,0,,,,0,0,0,,,0,88,0,88.2352941176471,4.48000704303409,2,0,0,0,80,0,0,,17024,,,,22.2610294117647,1,Q1,low,low,Q1-Q3,Q1-Q3,,,,,,
1,2810763224,2017-11-21,1408.9,2,1,118,45,101,194,0.64,3,30,8.8,12229,4696.33333333333,8.45453734138517,2.16981132075472,0.774640214811128,0,,40.36,,539.42,1,1798.06666666667,7.49446729257926,0,66.55,0,12229,0,3,,12229,0,,,2,4531,5725,12229,14218,14218,1989,,0,0,,,,0,0,8,0,12229,C10AA01,10/12.5 MG,C03,C03A,C03AA,C03AA03,"",,,,,1,1,1,,,1,,C03AA03,"",,,,,,,,1,,,,0,0,0,0,1,1,1,1,0,1,0,,10.99,83.45,2,012909CJB,181.85,2.71,19,169.7,19,105.908,8,13485,13485,40.36,1,0,0,0,1,2,1,1,1,0,1,1,0,0,0,0,0,274,67.75,0,0,0,0,0,0,1,,,,,6,1,,0,1,1,1,0,0,0,1,1,1,2,2,2,,,0,0,56,41.969865396955,1,1,1,1,1,,0,0,0,0,0,,0,,,,0,0,0,,,0,52.8,0,100,4.60517018598809,2,1,0,1,100,0,1,,17276,,,,46.9633333333333,1,Q3,low,low,Q1-Q3,Q1-Q3,,,,,,
1,2810763297,2018-06-28,20000,3,1,163,42,79,105,0.71,3.8,179.9,5.8,12420,11117.2873818788,9.31625659756773,1.83878504672897,0.609105052835607,0,,39.4,,1877.57,1,1043.67426347971,6.95050271159671,0,67.33,0,12420,0,3,,12420,0,,,2,4557,5803,12420,14499,14499,2079,,0,0,,,,0,0,8,0,12420,M01AE01,200 MG,M01,M01A,M01AE,M01AE01,"",,1,,,,1,1,,,,,"","",,,,,,,,,,,,0,1,0,0,0,1,1,0,0,0,0,,2,64.63,2,012209CJB,330.262,1.3,12,230.4,12,154.98,8,13792,13792,39.4,0,0,0,0,0,2,1,1,1,0,0,0,0,0,0,0,0,188,65,0,0,0,0,0,0,1,,,,,8,1,,0,1,0,0,0,0,0,1,1,1,2,2,0,,,0,0,54,31.2850424517417,1,0,0,1,0,,0,0,0,0,0,,0,,,,0,0,0,,,0,105.2,0,21.1228460255698,3.05035520475799,1,0,0,1,97,1,1,,17584,,,,114.611210122462,1,Q4,high,high,Q4,Q4,,,,,,
1,2810763511,2018-12-06,4601.9,2,1,222,51,70,119,0.91,8.5,152.8,5.8,12259,3011.71465968586,8.01026484993214,1.72289156626506,0.544004022463309,0,,38.58,,1181.5,1,773.232984293194,6.65058040588263,0,70.76,0,12259,0,3,2,12259,0,,,1,4560,5777,12259,14508,14508,2249,,0,0,,,,0,0,8,0,12259,C09AA03,5 MG,C09,C09A,C09AA,C09AA03,"",,,,,1,,,,,,,"","",,,,,,,,,,,,0,0,0,0,1,0,0,0,0,0,0,,3.1,106.6,2,012309CJB,461.384,1.91,14,276.8,14,191.505,8,13597,13597,38.58,2,0,0,0,0,8,0,0,0,0,0,0,0,0,0,0,0,239,72,0,0,0,0,0,0,1,,,,,8,6,,0,1,1,0,0,0,0,,1,1,0,2,0,,,0,0,62,32.4144398288797,0,0,0,0,1,140,0,1,1,0,1,12688,0,,,,0,0,0,,,0,157,1,55.6282722513089,4.01869156574599,2,0,0,0,90,0,0,,17389,12688,2,5130,33.4634962187318,1,Q2,low,low,Q1-Q3,Q1-Q3,MI,14.0451745379877,1,1,1,0
1,2810765119,2018-01-26,3255.7,2,1,211,93,81,92,0.87,3.4,148.5,5.3,11561,2192.39057239057,7.6927478130307,2.06102719033233,0.723204494607482,0,,40.2,,1298.23,1,874.228956228956,6.77334230499774,0,67.97,0,11561,0,3,,11561,0,,,2,4133,5612,11561,13635,13635,2074,,0,0,,,,0,0,8,0,11561,M01AE01,600 MG,M01,M01A,M01AE,M01AE01,"",,1,,,,,,,,,,"","",,,,,,,,,,,,0,1,0,0,0,0,0,0,0,0,0,,1.41,45.12,2,021709CJB,340.084,1.46,42,241.6,42,121.008,8,12473,12473,40.2,0,0,0,0,0,2,0,0,0,0,0,0,0,0,0,0,0,199,64.75,0,0,0,0,0,0,1,,,,,4,2,,0,1,0,0,0,0,0,1,1,1,0,2,0,,,0,0,57,33.3717624546801,0,0,0,0,0,,0,0,0,0,0,,0,,,,0,0,0,,,0,101.8,0,22.8956228956229,3.1309457523615,1,0,0,0,74,0,0,,16257,,,,29.6268996268996,1,Q1,low,low,Q1-Q3,Q1-Q3,,,,,,
1,2810765231,2018-11-26,9201.6,2,1,206,78,76,103,0.83,3,154,5.2,11673,5975.06493506494,8.69535024453395,1.94677236693092,0.666172804778889,0,,35.9,,2089.98,1,1357.12987012987,7.21312735910954,0,63.11,0,11673,0,3,,11673,0,,,1,,5760,11673,14009,14009,2336,,0,0,,,,0,0,8,0,11673,"","","","","","","",,,,,,,,,,,,"","",,,,,,,,,,,,0,0,0,0,0,0,0,0,0,0,0,,0.62,19.02,2,011209CJB,421.024,1.11,3,216.1,3,143.919,8,13206,13206,35.9,0,0,0,0,0,8,1,1,1,0,0,0,0,0,0,0,0,171,72.25,0,0,0,0,0,0,1,,,,,2,10,,0,0,0,0,0,0,0,,1,1,2,,0,,,0,0,56,23.0317013357294,1,,0,0,0,,0,0,0,0,0,,0,,,,0,0,0,,,0,112.8,0,19.4805194805195,2.96941496523662,1,0,0,0,98,0,1,,16130,,,,60.9700503578055,1,Q3,high,low,Q1-Q3,Q1-Q3,,,,,,
7,2810765351,2018-11-24,5915.3,2,1,201,78,41,96,1.19,6.3,225.5,5.7,4676,2623.19290465632,7.87214752068396,1.92179195140471,0.653258058801843,0,0.6,39.84,39.48,1173.43,2,520.368070953437,6.25453638993946,0,64.46,0,4676,0,3,,4676,0,,,1,4676,6607,,,6607,1931,,0,0,,,,0,0,8,0,4676,M01AE01,200 MG,M01,M01A,M01AE,M01AE01,"",,1,,,,,,,,,,"","",,,,,,,,,,,,0,1,0,0,0,0,0,0,0,0,0,,0.93,17.73,2,123008CJB,,,3,221.1,3,143.357,3,,,39.84,0,0,0,0,0,,0,0,0,0,0,0,,,,,0,190,73.75,0,0,0,0,0,0,,1,,,1,8,1,,0,1,0,0,,,0,,2,2,0,2,0,,,0,0,72,24.5603846565349,0,0,0,0,0,,0,0,0,0,0,,0,,,,0,0,1,2,6580,0,114.8,1,27.9379157427938,3.32998475343689,1,0,0,0,70,0,0,,9233,,,,37.4741843522331,1,Q1,low,low,Q1-Q3,Q1-Q3,,,,,,
1,2810765396,2017-11-13,4248.2,2,1,247,44,196,97,0.57,19.6,87.4,5.5,12511,4860.64073226545,8.48892554611939,1.44740406320542,0.369771650690262,1,,33.58,,1147.4,1,1312.81464530892,7.17992869549437,0,59.94,0,12511,0,3,,12511,0,,,2,4558,5778,12511,14687,14687,2176,,0,0,,,,0,0,8,0,12511,"","","","","","","",,,,,,,,,,,,"","",,,,,,,,,,,,0,0,0,0,0,0,0,0,0,0,0,,3.83,80.06,2,012709CJB,294.8,0.18,17,270.1,17,186.18,8,13801,13801,33.58,0,0,0,0,0,2,0,0,0,0,0,0,0,0,0,0,0,170,64,0,0,0,0,0,0,1,,,,,4,0,,0,1,0,0,0,0,0,1,1,1,0,2,0,,,0,0,59,29.1806247674995,0,0,0,0,0,,0,0,0,0,0,,0,,,,0,0,0,,,0,163.8,1,224.256292906178,5.41278956255712,2,0,0,0,101,0,1,,17592,,,,48.1251557650044,1,Q3,low,low,Q1-Q3,Q1-Q3,,,,,,
1,2810765404,2018-12-17,4972.6,2,1,157,42,109,96,0.89,3,69.5,5.6,12216,7154.82014388489,8.8755415545516,2.15449735449735,0.767557450176671,0,,38.04,,330.89,1,476.10071942446,6.1656294272778,0,58.55,0,12216,0,3,,12216,0,,,1,4596,5744,12216,14598,14598,2382,,0,0,,,,0,0,8,0,12216,C10AX06,"",C10,C10A,C10AX,C10AX06,"",,,,,,1,,,,,,"","",,,,,,,,,,,,0,0,0,0,0,1,0,0,0,0,0,,0.76,38.8,2,020509CJB,337.562,1.98,29,174.7,29,128.362,8,13336,13336,38.04,0,0,0,0,0,8,0,0,0,0,0,0,0,0,0,0,0,179,67.75,0,0,0,0,0,0,,,,,,2,6,,0,1,0,0,0,0,0,,1,1,0,2,0,,,0,0,76,27.4182697301275,0,0,0,0,0,,0,0,0,0,0,,0,,,,0,0,0,,,0,93.2,0,43.1654676258993,3.7650408150795,2,0,1,0,83,1,1,,16963,,,,86.2026523359626,1,Q4,high,high,Q4,Q4,,,,,,
1,2810766280,2018-02-22,354.1,2,1,212,53,117,122,0.68,3,20.1,6.3,11937,1761.69154228856,7.47402973004092,0.743781094527363,-0.296008515228335,1,,52.7,,487.25,1,2424.12935323383,7.79322770931073,0,,0,11937,,,1,11937,0,,,2,,,11937,14308,14308,2371,,0,0,,,,0,0,,0,11937,"","","","","","","",,,,,,,,,,,,"","",,,,,,,,,,,,0,0,0,0,0,0,0,0,0,0,0,,1.39,60.59,2,022009CJB,377.994,2.27,49,242.4,49,178.415,8,12607,12607,52.7,0,0,0,0,0,2,1,1,1,0,0,0,0,0,0,0,0,151,62,1,1,0,0,0,0,1,,,,,8,6,,0,1,0,0,0,0,0,1,1,1,2,2,0,,,0,1,67,27.6184423336589,1,0,0,0,0,,0,0,0,0,1,15223,0,,,,0,0,0,,,0,135.6,0,149.253731343284,5.00564775258522,2,0,0,0,91,0,0,,16387,15223,1,4450,19.3592477174567,0,Q1,low,low,Q1-Q3,Q1-Q3,MI,12.1834360027379,1,1,1,0
1,2810766463,2018-12-08,4764.4,2,1,214,52,142,93,0.83,3,82.3,5.7,11565,5789.06439854192,8.66372596831181,3.14419795221843,1.14555883448648,0,,47.56,,1125.05,1,1367.01093560146,7.22038183640041,0,61.39,0,11565,0,3,,11565,0,,,2,4575,5675,11565,13584,13584,2019,,0,0,,,,0,0,8,0,11565,"","","","","","","",,,,,,,,,,,,"","",,,,,,,,,,,,0,0,0,0,0,0,0,0,0,0,0,,1.13,54.8,2,020309bCJ,594.646,2.97,24,164,24,123.237,8,12747,12747,47.56,2,0,0,0,0,2,0,0,0,0,0,0,0,0,0,0,0,209,63.25,0,0,0,0,0,0,1,,,,,7,6,,0,1,1,0,0,0,0,1,1,1,0,2,0,,,0,0,59,36.7308381978854,0,0,0,0,1,,0,0,0,0,0,,0,,,,0,0,0,,,0,133.6,0,36.4520048602673,3.59599645996722,2,0,0,0,77,0,1,,16535,,,,75.1826545265184,1,Q3,high,high,Q1-Q3,Q1-Q3,,,,,,
1,2810766565,2017-11-13,1596.6,2,1,195,53,126,111,0.8,4.6,44.8,5.6,12365,3563.83928571429,8.17859369377885,2.08051689860835,0.732616371786315,0,,29.36,,696.46,1,1554.59821428571,7.34897240813067,0,67.75,0,12365,0,3,,12365,0,,,2,4566,5791,12365,14356,14356,1991,,0,0,,,,0,0,8,0,12365,M01AE01,37.5/25 MG,C03,C03A,C03AA,C03AA03,"",,1,,1,,1,1,1,,,,C03AA03,"",,,,,,,,1,,,,0,1,0,1,0,1,1,1,0,0,0,,2.97,84.93,2,012709CJB,251.93,2.27,17,202.4,17,127.643,8,13656,13656,29.36,1,0,0,0,0,2,0,0,0,0,0,0,0,0,0,0,0,178,62.5,0,0,0,0,0,0,1,,,,,3,6,,0,1,1,0,0,0,0,1,1,1,0,2,0,,,0,0,67,32.038013516027,0,0,1,1,1,,0,0,0,0,0,,0,,,,0,0,0,,,0,116.8,1,102.678571428571,4.63160344305625,2,0,0,1,76,0,0,,17447,3762,6,5082,46.8926221804511,1,Q2,low,low,Q1-Q3,Q1-Q3,Angina,13.9137577002053,1,1,1,0
1,2810766871,2018-06-30,20000,3,1,161,55,83,99,1.01,7.3,238.4,5.5,12547,8389.26174496644,9.03470780333302,2.47826086956522,0.907557051905401,0,,48.28,,1561.29,1,654.903523489933,6.48448793240488,0,60.5,0,12547,0,3,,12547,0,,,1,5246,6310,12547,14735,14735,2188,,0,0,,,,0,0,8,0,12547,C10AA05,10 MG,C10,C10A,C10AA,C10AA05,"",,,,1,,1,1,,,,,"","",,,,,,,,,,,,0,0,0,1,0,1,1,0,0,0,0,,0.53,41.54,2,020709CJB,319.058,1.39,31,188.9,31,129.201,8,13637,13637,48.28,1,0,0,0,0,8,0,0,0,0,0,0,0,0,0,0,0,140,68.25,0,0,0,0,0,0,1,,,,,4,1,,0,1,1,0,0,0,0,,1,1,0,2,0,,,0,0,64,21.131403209552,0,0,1,1,1,,0,0,0,0,0,,0,,,,0,0,0,,,0,89.4,1,30.6208053691275,3.42167969194529,2,0,0,1,78,1,1,,17423,,,,107.55463775598,1,Q4,high,high,Q4,Q4,,,,,,
1,2810767003,2017-10-25,3036.1,2,1,286,70,133,90,0.78,4.6,73.3,5.3,11402,4142.01909959072,8.32893865314498,2.8493353028065,1.04708573999345,0,,34.74,,966.77,1,1318.92223738063,7.18457019524064,0,74.03,0,11402,0,3,,11402,0,,,2,4279,5650,11402,13504,13504,2102,,0,0,,,,0,0,8,0,11402,M01AX01,500 MG,M01,M01A,M01AX,M01AX01,"",,1,,,,,,,,,,"","",,,,,,,,,,,,0,1,0,0,0,0,0,0,0,0,0,,1.94,90.01,2,012209CJB,336.006,0.78,12,174.8,12,115.806,8,12770,12770,34.74,0,0,0,0,0,2,0,0,0,0,0,0,0,0,0,0,0,119,59.75,0,0,0,0,0,0,1,,,,,4,6,,0,0,0,0,0,0,0,1,1,1,0,,0,,,0,0,68,23.4356365843384,0,0,0,0,0,,0,0,0,0,0,,0,,,,0,0,1,,,0,189.4,1,62.7557980900409,4.13925097358458,2,0,0,0,78,0,0,,16562,,,,53.1028089691118,1,Q2,low,low,Q1-Q3,Q1-Q3,,,,,,
1,2810767476,2018-01-13,202.6,2,1,161,57,144,104,0.85,3,4.4,5.6,12091,4604.54545454545,8.43479923687846,,,,,43,,82.19,1,1867.95454545455,7.53259928522428,0,59.75,0,12091,0,3,,12091,0,,,2,4285,5636,12091,14205,14205,2114,,0,0,,,,0,0,8,0,12091,M01AC06,15 MG,M01,M01A,M01AC,M01AC06,"",,1,,,,1,1,1,,,,"","",,,,,,,,,,,,0,1,0,0,0,1,1,1,0,0,0,,2.47,90.36,2,021309CJB,489.32,2.09,39,165.6,39,120.16,8,13052,13052,43,0,0,0,0,0,2,0,0,0,0,0,0,0,0,0,0,0,206,64.25,0,0,0,0,0,0,1,,,,,6,2,,0,1,0,0,0,0,0,1,1,1,0,2,0,,,0,0,64,35.0854110541057,0,0,0,1,0,,0,0,0,0,0,,0,,,,0,0,0,,,0,75.2,0,681.818181818182,6.52476302672603,3,0,0,1,72,0,1,,16836,,,,63.9520202020202,1,Q3,low,low,Q1-Q3,Q1-Q3,,,,,,
7,2810767751,2018-11-24,6514.3,2,1,196,50,113,99,0.71,7.8,152.3,5.4,4104,4277.28168089297,8.36107296551419,1.17117697594502,0.158009205514788,1,,38.92,,1155.44,1,758.660538411031,6.63155442887989,0,63.06,0,4104,0,3,,4104,0,,,2,4104,5858,,,5858,1754,,0,0,,,,0,0,8,0,4104,"","","","","","","",,,,,,,,,,,,"","",,,,,,,,,,,,0,0,0,0,0,0,0,0,0,0,0,,1.69,44.72,2,010809CJB,258.342,2.33,5,168.5,5,95.724,3,,,38.92,0,0,0,0,0,,0,0,0,0,0,0,,,,,0,151,63.25,0,0,0,0,0,0,,,,,,7,1,1,1,0,0,0,,,0,,,,0,1,0,,,0,0,73,26.5375912338789,0,,0,0,0,,0,0,0,0,0,,0,,,,0,0,1,,,0,123.4,1,51.2147078135259,3.93602675277657,2,0,0,0,84,0,1,,8552,,,,50.9200200106306,1,Q3,low,low,Q1-Q3,Q1-Q3,,,,,,
1,2810768016,2018-01-13,2296.4,2,1,185,64,86,94,0.65,3,82.5,5.2,11663,2783.51515151515,7.93146985094094,,,,,39.7,,1093.57,1,1325.53939393939,7.18957474534735,0,66.86,0,11663,0,3,,11663,0,,,2,4357,5635,11663,13792,13792,2129,,0,0,,,,0,0,8,0,11663,C10AA05,20 MG,C10,C10A,C10AA,C10AA05,"",,,,,,1,1,,,,,"","",,,,,,,,,,,,0,0,0,0,0,1,1,0,0,0,0,,2.63,40.36,2,021309CJB,323.874,1.1,39,203.1,39,143.767,8,12618,12618,39.7,0,0,0,0,0,2,0,0,0,0,0,0,0,0,0,0,0,147,65.25,0,0,0,0,0,0,1,,,,,6,1,,0,1,0,0,0,0,0,1,1,1,0,2,0,,,0,0,57,24.2751496204538,0,0,0,1,0,,0,0,0,0,0,,0,,,,0,0,1,,,0,103.8,0,36.3636363636364,3.59356927430961,2,0,0,1,99,0,0,,16402,,,,28.1163146617692,1,Q2,low,low,Q1-Q3,Q1-Q3,,,,,,
1,2810768237,2018-11-26,11512.2,2,1,147,55,87,86,0.94,27,41.3,5.3,11942,27874.5762711864,10.2354703076132,,,,,65.2,,852.29,1,2063.65617433414,7.63223453052265,0,58.75,0,11942,0,3,13,11942,1,-1613,10329,2,4585,5791,11942,,,,11458,1,1,-1609,10333,,1,0,6,1,11942,C07AB02,50 MG,C07,C07A,C07AB,C07AB02,"",,,,1,,,,1,,,1,"","",,,,,,,,,,,,0,0,0,1,0,0,0,1,0,0,1,,25.62,34.15,2,010809CJB,322.918,12.03,1,209.5,1,116.502,8,13559,13559,65.2,1,0,0,0,0,2,0,0,0,0,0,0,1,1,0,0,0,97,58.75,0,0,1,1,0,0,1,,,,,7,0,,0,1,1,0,0,1,0,1,1,1,0,2,0,,,0,1,82,19.7588473040233,0,0,1,0,1,,0,0,0,0,1,12251,1,11477,1,2,1,0,0,1,12354,0,74.6,1,653.753026634383,6.48272964501948,3,0,0,0,56,1,1,12995,,10329,41,,497.760290556901,1,Q4,high,high,Q4,Q4,CHF,,,,,
1,2810768472,2018-01-26,3673.4,2,1,152,69,52,86,0.91,4,101.7,5.5,12660,3611.99606686332,8.19201582562801,2.38206388206388,0.867967289240112,0,,36.76,,1115.74,1,1097.08947885939,7.00041602382157,0,71.41,0,12660,0,3,,12660,0,,,2,4579,6304,12660,14959,14959,2299,,0,0,,,,0,0,8,0,12660,"","","","","","","",,,,,,,,,,,,"","",,,,,,,,,,,,0,0,0,0,0,0,0,0,0,0,0,,0.19,27.42,2,021409CJB,229.746,0.57,41,105.7,41,71.593,8,13591,13591,36.76,0,0,0,0,0,0,0,0,0,0,0,0,0,0,0,0,0,125,66.5,0,0,0,0,0,0,1,,,,,8,1,,0,1,0,0,0,0,0,0,1,1,0,2,0,,,0,0,52,19.8734073764151,0,0,0,0,0,,0,0,0,0,0,,0,,,,0,0,0,,,0,72.6,1,39.3313667649951,3.67202233704751,2,0,0,0,73,0,0,,17375,,,,49.4793981762099,1,Q2,low,low,Q1-Q3,Q1-Q3,,,,,,
1,2810768896,2018-01-10,4176.1,2,1,227,72,80,106,0.91,3.7,67.9,5.6,11713,6150.36818851252,8.72426722705936,1.12316305108467,0.116148857634249,1,,61.24,,822.79,1,1211.76730486009,7.09983515550661,0,74,0,11713,0,3,,11713,0,,,1,4244,5644,11713,13827,13827,2114,,0,0,,,,0,0,8,0,11713,C09AA02,20 MG,C09,C09A,C09AA,C09AA02,"",,,,,1,,,,,,,"","",,,,,,,,,,,,0,0,0,0,1,0,0,0,0,0,0,,1.84,75.52,2,021209CJB,464.006,2.03,38,227.4,38,163.721,8,12701,12701,61.24,1,0,0,0,0,8,0,0,0,0,0,0,0,0,0,0,0,177,70,0,0,0,0,0,0,1,,,,,8,1,,0,1,1,0,0,0,0,,1,1,0,2,0,,,0,0,61,25.3970222226159,0,0,1,0,1,,0,0,0,0,0,,0,,,,0,0,1,,,0,139,0,54.4918998527246,3.99805206406767,2,0,0,0,91,0,1,,16485,,,,67.5864636100277,1,Q3,high,high,Q1-Q3,Q1-Q3,,,,,,
1,2810768964,2018-01-26,3186.9,2,1,166,51,77,112,0.82,6.8,178.6,5.9,11571,1784.37849944009,7.48682545399977,2.94007989347537,1.07843675563285,0,,40.84,,1283.51,1,718.650615901456,6.57737530902249,0,68.88,0,11571,0,3,,11571,0,,,2,4405,5628,11571,13387,13387,1816,,0,0,,,,0,0,8,0,11571,M01AE02,220 MG,M01,M01A,M01AE,M01AE02,"",,1,,,,,,,,,,"","",,,,,,,,,,,,0,1,0,0,0,0,0,0,0,0,0,,4.95,77.56,2,021709CJB,415.826,3.04,41,246.7,41,141.376,8,12498,12498,40.84,0,0,0,0,0,2,0,0,0,0,0,0,0,0,0,0,0,246,63,0,0,0,0,0,0,1,,,,,4,1,,0,1,0,0,0,0,0,1,1,1,0,2,0,,,0,0,77,43.5772300116029,0,0,0,0,0,,0,0,0,0,0,,0,,,,0,0,0,,,0,99.6,1,38.0739081746921,3.6395292227218,2,0,0,0,69,0,0,15595,,15595,28,4024,25.8605579628999,0,Q1,low,low,Q1-Q3,Q1-Q3,Death,11.0171115674196,1,1,0,0
1,2810769254,2018-12-22,3851.3,2,1,225,78,80,88,0.99,20.5,69.5,5.6,11665,5541.43884892086,8.62000946604174,,,,,46.18,,994.34,1,1430.70503597122,7.26592263390125,0,64.87,0,11665,0,3,,11665,0,,,2,4167,5639,11665,13736,13736,2071,,0,0,,,,0,0,8,0,11665,C03CA01,20 MG,C03,C03C,C03CA,C03CA01,"",,,,,,,,1,,,,"","",,,,,,,,,,,,0,0,0,0,0,0,0,1,0,0,0,,1.41,32.85,2,021809CJB,305.544,2.57,44,280.5,44,169.651,8,12537,12537,46.18,0,0,0,0,0,2,0,0,0,0,0,0,0,0,0,0,0,119,59.5,0,0,0,0,0,0,1,,,,,1,6,,0,1,0,0,0,0,0,1,1,1,0,2,0,,,0,0,90,23.6329884424475,0,0,0,0,0,,0,0,0,0,0,,0,,,,0,0,0,,,0,131,1,294.964028776978,5.68685341255575,2,0,0,0,50,0,1,14160,,14160,28,2495,110.828776978417,0,Q3,low,high,Q4,Q1-Q3,Death,6.83093771389459,1,0,0,0
1,2810769925,2018-12-22,4928.2,2,1,234,70,273,117,0.84,5.6,240.5,5.5,12501,2049.14760914761,7.62517918524769,1.77882483370288,0.575952940487288,0,,34.72,,2603.42,1,1082.50311850312,6.98703134070679,0,78.77,0,12501,0,3,,12501,0,,,2,4623,5713,12501,14364,14364,1863,,0,0,,,,0,0,8,0,12501,C10AA01,10-40 MG,C10,C10A,C10AA,C10AA01,"",,,,1,,1,1,,,,,"","",,,,,,,,,,,,0,0,0,1,0,1,1,0,0,0,0,,0.17,106.5,2,021909CJB,411.39,1.28,46,223.2,46,168.479,8,13306,13306,34.72,1,0,0,0,0,2,0,0,0,0,0,0,0,0,0,0,0,193,64.5,0,0,0,0,0,0,1,,,,,6,2,,0,1,1,0,0,0,0,1,1,1,0,2,0,,,0,0,68,32.6169608531754,0,0,1,1,1,,0,0,0,0,0,,0,,,,0,0,0,,,0,109.4,1,23.2848232848233,3.14780178717742,1,0,0,1,71,0,0,,16838,13584,11,4337,28.8612339316565,0,Q1,low,low,Q1-Q3,Q1-Q3,Atherothrombotic Infarction of Brain,11.8740588637919,1,1,0,0
1,2810770598,2017-11-25,4405.9,2,1,193,68,74,86,0.91,7.8,81.8,6.1,11337,5386.18581907091,8.59159277316092,,,,,36.66,,10,1,12.2249388753056,2.50347803537344,0,70.7,0,11337,0,3,,11337,0,,,2,4215,5646,11337,13444,13444,2107,,0,0,,,,0,0,8,0,11337,C07AB02,25 MG,C07,C07A,C07AB,C07AB02,"",,,,1,,,,,,,,"","",,,,,,,,,,,,0,0,0,1,0,0,0,0,0,0,0,,3.73,41.96,2,020209CJB,442.868,4.87,22,426.7,22,191.334,8,12551,12551,36.66,0,0,0,0,0,2,0,0,0,0,0,0,0,,0,0,0,97,61.75,1,,0,0,0,0,1,,,,,7,8,,0,1,0,0,0,,0,1,1,1,0,2,0,,,0,1,84,17.8855962622676,0,0,0,0,0,,0,0,0,0,0,,0,,,,0,0,0,,,0,110.2,1,95.3545232273839,4.55760176906898,2,0,0,0,58,0,1,13701,14302,13701,28,2364,92.8652727426018,0,Q3,low,high,Q4,Q1-Q3,Death,6.47227926078029,1,0,0,0
1,2810771079,2018-06-28,20000,3,1,195,28,150,100,0.99,6.1,202.1,5.2,12457,9896.0910440376,9.19989511411464,2.98494983277592,1.09358294026311,0,,50.74,,1631.77,1,807.407224146462,6.69382815579826,0,,0,12457,,,,12457,0,,,1,4515,5888,12457,14654,14654,2197,,0,0,,,,0,0,,0,12457,"","","","","","","",,,,,,,,,,,,"","",,,,,,,,,,,,0,0,0,0,0,0,0,0,0,0,0,,2.38,107.5,2,012109CJB,340.076,2,11,201.1,11,213.283,8,13849,13849,50.74,0,0,0,0,0,8,0,0,0,0,0,0,0,0,,0,0,173,69.5,0,0,0,0,0,0,1,,,,,7,2,,0,1,0,0,0,0,0,,1,1,0,2,0,,,0,0,71,25.1815295825613,0,,0,0,0,,0,0,0,0,0,,0,,,,0,0,1,,,0,137,1,30.1830776843147,3.40728142575183,2,0,0,0,76,1,1,16766,,16766,28,4309,130.211724263653,0,Q4,high,high,Q4,Q4,Death,11.7973990417522,1,1,0,0
1,2810771191,2018-01-10,3733.1,2,1,223,88,62,99,0.98,3,135.8,5.7,11606,2748.96907216495,7.91898123752537,2.40939597315436,0.87937608254282,0,,26.18,,1234.45,1,909.020618556701,6.81236777660087,0,68.11,0,11606,0,3,,11606,0,,,1,4272,5638,11606,13752,13752,2146,,0,0,,,,0,0,8,0,11606,M01AE01,200 MG,M01,M01A,M01AE,M01AE01,"",,1,,,,,,,,,,"","",,,,,,,,,,,,0,1,0,0,0,0,0,0,0,0,0,,2.8,72.47,2,021209CJB,343.938,1.52,38,213.5,38,124.256,8,12597,12597,26.18,0,0,0,0,0,8,0,0,0,0,0,0,0,0,0,0,0,207,70.5,1,1,0,0,0,0,1,,,,,6,6,,0,1,0,0,0,0,0,,1,1,0,2,0,,,0,1,64,29.2817969067355,0,0,0,0,0,,0,0,0,0,0,,0,,,,0,0,1,,,0,122.6,0,22.0913107511046,3.09518435252565,1,0,0,0,81,0,0,,16381,,,,33.9378897798142,1,Q2,low,low,Q1-Q3,Q1-Q3,,,,,,
1,2810771315,2017-12-23,4172.7,2,1,208,67,104,93,0.53,5.5,61.8,5.8,12559,6751.94174757282,8.81758540880564,1.84250764525994,0.611127494467557,0,,36.44,,704.37,1,1139.7572815534,7.03857060780172,0,69.16,0,12559,0,3,,12559,0,,,2,4564,5792,12559,14526,14526,1967,,0,0,,,,0,0,8,0,12559,M01AX05,1500 + 1200 MG,M01,M01A,M01AX,M01AX25,"",,1,,,,,,,,,,M01AX25,"",,1,,,,,,,,,,0,1,0,0,0,0,0,0,0,0,0,,0.89,54.08,2,020609CJB,245.648,1.04,30,236.7,30,150.178,8,13658,13658,36.44,0,0,0,0,0,2,0,0,0,0,0,0,0,0,0,0,0,173,62.5,0,0,0,0,0,0,1,,,,,6,6,,0,1,0,0,0,0,0,1,1,1,0,2,0,,,0,0,72,31.1380693161386,0,0,0,0,0,,0,0,0,0,0,,0,,,,0,0,1,,,0,120.2,1,88.9967637540453,4.48860000675692,2,0,0,0,95,1,1,,17444,,,,71.0730710270823,1,Q4,high,high,Q1-Q3,Q4,,,,,,
1,2810772121,2017-12-24,1465.4,2,1,250,49,151,91,1.01,3,78.5,5.7,11911,1866.75159235669,7.53195508292559,2.2310502283105,0.802472429007139,0,,62.56,,682.98,1,870.03821656051,6.76853713776491,0,71.18,0,11911,0,3,,11911,0,,,2,,,11911,13693,13693,1782,14533,1,0,2599,14510,,0,0,8,0,11911,"","","","","","","",,,,,,,,,,,,"","",,,,,,,,,,,,0,0,0,0,0,0,0,0,0,0,0,,2.39,63.75,2,020709CJB,364.948,1.43,31,225.5,31,193.953,8,12994,12994,62.56,0,0,0,0,0,2,0,0,0,0,0,0,0,0,0,0,0,172,68.75,0,0,0,0,0,0,,,,,,8,1,,0,1,0,0,0,0,0,1,1,1,0,2,0,,,0,0,72,25.5851904761661,0,,0,0,0,,0,0,0,0,0,,0,,1,1,0,0,1,,,0,170.8,0,38.2165605095541,3.64326894286188,2,0,0,0,56,0,0,14790,,5882,11,,33.3348498635123,1,Q1,low,low,Q1-Q3,Q1-Q3,Atherothrombotic Infarction of Brain,,,,,
1,2810772122,2017-09-15,1699.1,2,1,179,104,46,98,1.2,3,47.6,5.3,12330,3569.53781512605,8.18019140284243,1.62301286903861,0.484284217668367,1,,37.82,,856.97,1,1800.35714285714,7.49574033690147,0,66.26,0,12330,0,3,,12330,0,,,1,4474,5799,12330,14490,14490,2160,,0,0,,,,0,0,8,0,12330,C10AX09,10 MG,C10,C10A,C10AX,C10AX09,"",,,,,1,1,1,1,,,,"","",,,,,,,,,,,,0,0,0,0,1,1,1,1,0,0,0,,0.81,22.72,2,011509CJB,424.228,1.36,6,192.5,6,97.086,8,13792,13792,37.82,1,0,0,0,0,8,0,0,0,0,0,0,0,0,0,0,0,162,68.75,0,0,0,0,0,0,1,,,,,8,6,,0,1,1,0,0,0,0,,1,1,0,2,0,,,0,0,63,24.0976794019704,0,0,1,1,1,,0,0,0,0,0,,0,,,,0,0,0,,,0,65.8,0,63.0252100840336,4.14353480641287,2,0,0,1,64,0,0,,17585,16246,11,5255,55.7740283613445,1,Q2,low,low,Q1-Q3,Q1-Q3,Atherothrombotic Infarction of Brain,14.3874058863792,1,1,1,0
1,2810773998,2018-02-22,1200.2,2,1,167,61,81,87,0.75,5.8,175.9,5.2,12716,682.319499715748,6.52549802279999,3.170582226762,1.1539152387726,0,,39.12,,1415.52,1,804.729960204662,6.69050676797966,0,80.68,0,12716,0,3,,12716,0,,,2,,5201,12716,14772,14772,2056,,0,0,,,,0,0,8,0,12716,C10AX06,1000 MG,C10,C10A,C10AX,C10AX06,"",,,,,,1,1,,,,,"","",,,,,,,,,,,,0,0,0,0,0,1,1,0,0,0,0,,1.25,27.32,2,022109CJB,359.984,1.61,50,174.3,50,92.956,8,13359,13359,39.12,0,0,0,0,0,2,0,0,0,0,0,0,0,0,0,0,2,147,61.75,0,0,0,0,0,0,1,,,,,8,6,,0,1,0,0,0,0,1,1,1,1,0,2,0,,,1,0,60,27.1049757789004,0,0,0,1,0,,0,0,0,0,0,,0,,,,0,0,0,,,0,89.8,1,32.9732802728823,3.495697544791,2,0,0,1,87,0,0,,17139,,,,7.84275287029595,1,Q1,low,low,Q1-Q3,Q1-Q3,,,,,,
1,2810774134,2017-10-29,3991.7,2,1,131,81,42,102,0.89,3,171.2,5.2,12001,2331.60046728972,7.75431020658728,1.45284002084419,0.373520275872715,1,,28.86,,1253.5,1,732.184579439252,6.5960326398788,0,62.01,0,12001,0,3,,12001,0,,,1,4627,5707,12001,14129,14129,2128,15797,1,0,2960,14961,,0,0,8,0,12001,"","","","","","","",,,,,,,,,,,,"","",,,,,,,,,,,,0,0,0,0,0,0,0,0,0,0,0,,0.14,37.28,2,022109CJB,466.902,0.6,15,203,15,117.788,8,13331,13331,28.86,0,0,0,0,0,8,0,0,0,0,0,0,0,0,0,0,0,156,70,0,0,0,0,0,0,1,,,,,8,1,,0,1,0,0,0,0,0,,1,1,0,2,0,,,0,0,59,22.3838161962038,0,0,0,0,0,,0,0,0,0,0,,0,,1,1,0,0,0,,,0,41.6,0,17.5233644859813,2.86353510394261,1,0,0,0,94,0,0,15810,,15810,28,3809,24.8042602903162,0,Q1,low,low,Q1-Q3,Q1-Q3,Death,10.4284736481862,1,1,0,0
1,2810774177,2017-11-18,3462.5,2,1,188,88,45,97,0.87,118.5,189.9,5.5,12522,1823.3280674039,7.50841871866545,2.00975609756098,0.698013370211118,0,,45.46,,1422.34,1,748.99420747762,6.61873124981258,0,65.63,0,12522,0,3,,12522,0,,,2,4509,5803,12522,14637,14637,2115,14709,1,0,2187,14709,,0,0,8,0,12522,M01AC01,20 MG,M01,M01A,M01AC,M01AC01,"",,1,,,,1,,,,,,"","",,,,,,,,,,,,0,1,0,0,0,1,0,0,0,0,0,,0.29,32.28,2,013009CJB,349.4,1.1,20,237,20,108.633,8,13768,13768,45.46,0,0,0,0,0,2,0,0,0,0,0,0,0,0,0,0,0,147,67.25,0,0,0,0,0,0,1,,,,,4,1,,0,1,0,0,0,0,0,1,1,1,0,2,0,,,0,0,59,22.8527448113616,0,0,0,0,0,,0,0,0,0,0,,0,,1,1,0,0,1,,,0,91,1,624.012638230648,6.43617062173908,3,0,1,0,73,0,0,,17556,,,,24.977096813752,1,Q1,low,low,Q1-Q3,Q1-Q3,,,,,,
7,2810774293,2017-08-10,2064.4,2,1,196,67,79,87,1.11,3.4,134.2,6.2,3330,1538.30104321908,7.33843386772508,1.65121180189673,0.501509443746093,1,2,38.8,37.72,1270.36,2,946.616989567809,6.85289456530159,0,,0,3330,,,,3330,0,,,1,3330,,,,,,,0,0,,,,0,0,,0,3330,"","","","","","","",,,,,,,,,,,,"","",,,,,,,,,,,,0,0,0,0,0,0,0,0,0,0,0,,0.43,47.21,2,122308CJB,257.956,0.68,1,155.9,1,159.877,3,,,38.8,0,0,0,0,0,,0,0,0,0,1,1,,,,,0,147,68,0,0,0,0,0,0,,1,,,,4,1,,0,1,0,0,,,0,,2,2,0,2,2,,,0,0,57,22.3514201353662,0,,0,0,0,,0,0,0,0,0,,0,,,,0,0,0,,,0,113.2,0,25.3353204172876,3.23219948606667,1,0,0,0,85,0,0,4652,,4652,27,1322,18.0976593319891,0,Q1,low,low,Q1-Q3,Q1-Q3,,3.61943874058864,0,0,0,0
1,2810774492,2018-02-01,3883.6,2,1,193,45,107,123,0.83,3,96.6,5.7,11997,4020.28985507246,8.29910928226561,1.32740879326473,0.283228766134998,1,,50.14,,1388.25,1,1437.11180124224,7.27039068489134,0,69.22,0,11997,0,3,,11997,0,,,2,4364,,11997,,,,,0,0,,,,0,0,8,0,11997,M01AE01,600 MG,M01,M01A,M01AE,M01AE01,"",,1,,,,,,,,,,"","",,,,,,,,,,,,0,1,0,0,0,0,0,0,0,0,0,,2.03,112.5,2,021809bCJ,267.544,2.44,44,278.1,44,199.879,8,12851,12851,50.14,0,0,0,0,0,2,0,0,0,0,0,0,0,0,0,0,0,184,64,1,1,0,0,0,0,1,,,,,4,1,,0,0,0,0,0,0,0,1,1,1,0,,0,,,0,1,64,31.5837350424701,0,0,0,0,0,,0,0,0,0,0,,0,,,,0,0,0,,,0,126.6,0,31.055900621118,3.43578882643177,2,0,0,0,75,0,0,,16632,,,,53.6038647342995,1,Q2,low,low,Q1-Q3,Q1-Q3,,,,,,
7,2810774854,2017-08-13,2485.1,2,1,181,61,204,112,0.82,21.6,211,5.9,3266,1177.77251184834,7.07138023168178,1.18952618453865,0.173555063581772,1,0.5,38.68,38.38,2205.04,2,1045.04265402844,6.951812980818,0,68.23,0,3266,0,3,,3266,0,,,2,3266,5142,,,5142,1876,,0,0,,,,0,0,8,0,3266,M01AE02,220 MG,M01,M01A,M01AE,M01AE02,"",,1,,1,,1,,1,,,,"","",,,,,,,,,,,,0,1,0,1,0,1,0,1,0,0,0,,7.28,123.6,2,010509CJB,178.538,5.21,4,161.1,4,89.546,3,,,38.68,1,0,0,0,0,,1,1,1,0,0,0,,,,,0,223,63,0,0,0,0,0,0,,1,,,,7,1,,0,1,1,0,,,0,,2,2,2,2,0,,,0,0,50,39.5029361487295,1,0,1,0,1,,0,0,0,0,0,,0,,,,0,0,0,,,0,79.2,1,102.369668246446,4.62859046019619,2,0,1,0,97,0,0,,7799,,,,12.1419846582303,1,Q1,low,low,Q1-Q3,Q1-Q3,,,,,,
1,2810775115,2017-09-17,4323,2,0,218,55,75,97,0.87,22.2,86.2,5.5,12137,5015.08120649652,8.52020489298608,,,,,49.86,,528.68,1,613.317865429234,6.41888334220805,0,58.03,0,12137,0,3,,12137,0,,,1,,5859,12137,,,,,0,0,,,,0,0,8,0,12137,"","","","","","","",,,,,,,,,,,,"","",,,,,,,,,,,,0,0,0,0,0,0,0,0,0,0,0,,2.74,48.9,2,011509CJB,348.176,2.97,6,259.2,6,173.309,8,13595,13595,49.86,0,0,0,0,0,8,0,0,0,0,0,0,0,0,0,0,0,184,69.25,,,,,,,1,,,,,5,2,,0,1,0,0,0,0,0,,1,1,0,2,0,,,0,0,73,26.9763930162431,0,0,0,0,0,,0,0,0,0,0,,0,,,,0,0,0,,,0,148,1,257.54060324826,5.55117739019072,2,0,0,0,86,0,1,,17024,,,,58.3148977499595,1,Q3,low,low,Q1-Q3,Q1-Q3,,,,,,
1,2810775198,2017-11-13,4244.6,2,1,214,50,151,97,0.88,4.5,85.3,5.2,11334,4976.08440797186,8.512398597292,,,,,40.14,,1320.79,1,1548.40562719812,7.34498105289873,0,65.12,0,11334,0,3,,11334,0,,,2,4348,5621,11334,13350,13350,2016,,0,0,,,,0,0,8,0,11334,C10AA05,20 MG,C10,C10A,C10AA,C10AA05,"",,,,,,1,1,,,,,"","",,,,,,,,,,,,0,0,0,0,0,1,1,0,0,0,0,,3.05,61.01,2,012709CJB,,,,,,,,,,40.14,0,0,0,0,0,2,0,0,0,0,0,0,0,0,0,0,0,164,64,0,0,0,0,0,0,1,,,,,7,6,,0,1,0,0,0,0,0,1,1,1,0,2,0,,,0,0,65,28.1507203639407,0,0,0,1,0,,0,0,0,0,0,,0,,,,0,0,1,,,0,133.8,1,52.7549824150059,3.96565822126078,2,0,0,1,69,0,1,,16423,,,,72.1171653329256,1,Q3,low,high,Q1-Q3,Q1-Q3,,,,,,
1,2810775661,2017-11-25,1965.4,2,1,248,69,100,101,0.78,3,89.5,5.9,11281,2195.97765363129,7.69438262663561,,,,,47.54,,10,1,11.1731843575419,2.41351665370133,0,63.92,0,11281,0,3,,11281,0,,,2,4145,5631,11281,13444,13444,2163,,0,0,,,,0,0,8,0,11281,M01AX05,"",M01,M01A,M01AX,M01AX25,"",,1,,,,,,,,,,M01AX25,"",,1,,,,,,,,,,0,1,0,0,0,0,0,0,0,0,0,,1.29,40.94,2,020209CJB,280.812,0.32,22,139.5,22,83.463,8,12495,12495,47.54,0,0,0,0,0,2,0,0,0,0,0,0,0,0,0,0,0,112,60.5,0,0,0,0,0,0,1,,,,,7,1,,0,1,0,0,0,0,0,1,1,1,0,2,0,,,0,0,59,21.5135899160535,0,0,0,0,0,,0,0,0,0,0,,0,,,,0,0,1,,,0,159,0,33.5195530726257,3.51212894236944,2,0,0,0,83,0,0,,16283,,,,26.4575620919432,1,Q1,low,low,Q1-Q3,Q1-Q3,,,,,,
1,2810775867,2018-02-01,3336.7,2,1,230,51,126,85,0.65,8.4,90.2,5.7,11913,3699.22394678492,8.21587833252076,2.32733604178758,0.844724283772685,0,,60.9,,1197.97,1,1328.12638580931,7.19152449554513,0,70.17,0,11913,0,3,,11913,0,,,2,,5673,11913,13916,13916,2003,,0,0,,,,0,0,8,0,11913,M01AX05,"",M01,M01A,M01AX,M01AX25,"",,1,,,,,,,,,,M01AX25,"",,1,,,,,,,,,,0,1,0,0,0,0,0,0,0,0,0,,0.83,59.39,2,021809bCJ,240.412,1.21,44,162.8,44,120.779,8,12767,12767,60.9,0,0,0,0,0,2,0,0,0,0,0,0,0,0,0,0,0,141,61.5,0,0,0,0,0,0,1,,,,,6,2,,0,1,0,0,0,0,0,1,1,1,0,2,0,,,0,0,62,26.2104509931804,0,0,0,0,0,,0,0,0,0,0,,0,,,,0,0,0,,,0,153.8,1,93.1263858093126,4.53395755776283,2,0,0,0,95,0,0,,16548,,,,38.9391994398413,1,Q2,low,low,Q1-Q3,Q1-Q3,,,,,,
1,2810775872,2017-12-31,2643.5,2,1,177,52,90,93,0.79,3,66.6,5.4,12195,3969.21921921922,8.28632468411725,3.2909604519774,1.19117945286603,0,,22.2,,669.44,1,1005.16516516517,6.9129071504382,0,68.03,0,12195,0,3,,12195,0,,,2,5015,5981,12195,14219,14219,2024,,0,0,,,,0,0,8,0,12195,"","","","","","","",,,,,,,,,,,,"","",,,,,,,,,,,,0,0,0,0,0,0,0,0,0,0,0,,1.02,57.58,2,020909CJB,429.87,0.89,33,153.6,33,97.753,8,13261,13261,22.2,0,0,0,0,0,2,0,0,0,0,0,0,0,0,0,0,0,192,63.75,0,0,0,0,0,0,1,,,,,5,2,,0,1,0,0,0,0,0,1,1,1,0,2,0,,,0,0,56,33.2159335598948,0,0,0,0,0,,0,0,0,0,0,,0,,,,0,0,0,,,0,107,0,45.0450450450451,3.8076629901039,2,0,0,0,84,0,0,,17046,,,,47.2526097526098,1,Q2,low,low,Q1-Q3,Q1-Q3,,,,,,
1,2810776232,2018-01-01,3090.6,2,1,193,49,184,120,0.77,30.1,35.7,6.3,12720,8657.14285714286,9.06614002300209,1.25689819219791,0.228646933645374,1,,36.5,,1275.55,1,3572.96918767507,8.18115223432965,0,73.38,0,12720,0,3,13,12720,0,,,2,4528,5790,12720,,,,,0,0,,,,0,0,8,0,12720,C10AA05,20 MG,C10,C10A,C10AA,C10AA05,"",,,,,,1,1,,,,1,"","",,,,,,,,,,,,0,0,0,0,0,1,1,0,0,0,1,,5.59,98.8,2,021009CJB,506.056,2.8,34,186.4,34,133.859,8,13771,13771,36.5,1,0,0,0,0,2,0,0,0,0,0,0,0,0,0,0,0,144,58,0,0,0,0,0,0,1,,,,,4,0,,0,1,1,0,0,0,0,1,1,1,0,2,0,,,0,0,64,30.0962314171953,0,0,1,1,1,,0,0,0,0,0,,1,8876,,,0,0,0,,,0,107.2,1,843.137254901961,6.73712976195137,3,0,0,1,82,1,1,,17556,8876,13,4836,105.574912891986,0,Q4,high,high,Q4,Q4,Cancer Death,13.2402464065708,1,1,1,0
1,2810776958,2018-12-06,6398.3,2,1,197,33,195,112,0.78,3.4,117.5,5.7,11748,5445.36170212766,8.60251946146707,1.34809027777778,0.298688981892851,1,,42.64,,1231.31,1,1047.92340425532,6.95456577466733,0,56,0,11748,0,3,,11748,0,,,1,4259,5707,11748,14653,14653,2905,,0,0,,,,0,0,8,0,11748,"","","","","","","",,,,,,,,,,,,"","",,,,,,,,,,,,0,0,0,0,0,0,0,0,0,0,0,,1.2,68.51,2,012209CJB,318.068,1.14,13,199,13,143.086,8,13107,13107,42.64,0,0,0,0,0,8,0,0,0,0,0,0,0,0,0,0,0,149,62.75,0,0,0,0,0,0,1,,,,,4,1,,0,1,0,0,0,0,0,,1,1,0,2,0,,,0,0,52,26.6050709082736,0,,0,0,0,,0,0,0,0,0,,0,,,,0,0,0,,,0,125,0,28.936170212766,3.36509237702004,1,0,0,0,104,0,1,,16899,,,,52.3592471358429,1,Q3,low,low,Q1-Q3,Q1-Q3,,,,,,
1,2810777114,2018-02-10,4652.1,2,1,215,56,212,108,0.9,3,99.9,5.1,12291,4656.75675675676,8.4460745098718,1.47771317829457,0.390495743000004,1,,40.18,,586.23,1,586.816816816817,6.37471270437355,0,62.84,0,12291,0,3,,12291,0,,,1,,5795,12291,14424,14424,2133,,0,0,,,,0,0,8,0,12291,"","","","","","","",,,,,,,,,,,,"","",,,,,,,,,,,,0,0,0,0,0,0,0,0,0,0,0,,1.32,121.7,2,021909bCJ,290.088,1.42,47,236.1,47,208.158,8,13064,13064,40.18,0,0,0,0,0,8,0,0,0,0,0,0,0,0,0,0,0,238,67.5,0,0,0,0,0,0,1,,,,,4,1,,0,1,0,0,0,0,0,,1,1,0,2,0,,,0,0,46,36.7261178966802,0,0,0,0,0,,0,0,0,0,0,,0,,,,0,0,0,,,0,116.6,0,30.03003003003,3.40219788199574,2,0,0,0,102,0,1,,14424,,,,45.6544780074192,1,Q3,low,low,Q1-Q3,Q1-Q3,,,,,,
1,2810777164,2017-12-16,2382.6,2,1,197,37,292,100,0.82,3,99,5.7,12707,2406.66666666667,7.78599794321876,1.58732737611698,0.462051706418275,1,,51.36,,1071.42,1,1082.24242424242,6.98679048629059,0,65.64,0,12707,0,3,,12707,0,,,2,4627,5817,12707,14876,14876,2169,14104,1,0,1368,14075,,0,0,8,0,12707,M01AH01,20/12.5 MG,C03,C03A,C03AA,C03AA03,"",,1,,1,1,1,1,,,,,C03AA03,"",,,,,,,,1,,,,0,1,0,1,1,1,1,1,0,0,0,,11.5,106.8,2,020409bCJ,722.79,7.03,27,162.7,27,155.142,8,13847,13847,51.36,1,0,0,0,0,2,1,1,1,0,0,0,0,0,0,0,0,150,63.5,0,0,0,0,0,0,1,,,,,3,6,,0,1,1,0,0,0,0,1,1,1,2,2,0,,,0,0,64,26.1546806186179,1,0,1,1,1,,0,0,0,0,0,,0,,1,1,0,0,1,,,0,101.6,0,30.3030303030303,3.41124771751566,2,0,0,1,76,0,0,,17634,,,,31.6666666666667,1,Q1,low,low,Q1-Q3,Q1-Q3,,,,,,
1,2810777265,2017-12-14,1395.1,2,1,209,61,84,98,0.91,4.3,26.3,5.5,12291,5304.56273764259,8.57632262307843,2.38309352517986,0.86839944416974,0,,41.28,,197.4,1,750.570342205323,6.62083337380375,0,62.5,0,12291,0,3,,12291,0,,,2,4503,5727,12291,14513,14513,2222,,0,0,,,,0,0,8,0,12291,M01AX25,400 MG,M01,M01A,M01AX,M01AX25,"",,1,,,,,,,,,,"","",,,,,,,,,,,,0,1,0,0,0,0,0,0,0,0,0,,32.06,44.56,2,020409bCJ,399.706,1.99,27,257,27,175.348,8,13440,13440,41.28,0,0,0,0,0,2,0,0,0,0,0,0,0,0,0,0,0,147,60.5,0,0,0,0,0,0,1,,,,,4,6,,0,1,0,0,0,0,0,1,1,1,0,2,0,,,0,0,69,28.2365867648203,0,0,0,0,0,,0,0,0,0,0,,0,,,,0,0,0,,,0,131.2,1,163.498098859316,5.09680136249794,2,0,0,0,64,0,1,,17227,,,,82.8837927756654,1,Q3,low,high,Q4,Q1-Q3,,,,,,
1,2810777478,2018-06-30,20000,3,1,96,37,103,96,0.71,76.9,85.6,5.5,12288,23364.4859813084,10.0589724553765,2.10294117647059,0.743336925083801,0,,28.52,,1140.56,1,1332.42990654206,7.1947595516861,0,69.23,0,12357,0,3,41,12288,1,3543,15831,2,4475,5750,12288,14392,14392,2104,,0,0,,,,0,1,8,1,12357,C07AB03,50 MG,C07,C07A,C07AB,C07AB03,"",,,,1,,,,,,,1,"","",,,,,,,,,,,,0,0,0,1,0,0,0,0,0,0,1,,4.14,52.65,2,020509CJB,342.602,2.61,28,214.8,28,127.896,8,13414,13414,28.52,1,0,0,0,0,2,0,0,0,0,0,0,0,0,0,0,0,150,64.75,0,0,0,0,0,0,1,,,,,3,6,,0,1,1,0,0,0,0,1,1,1,0,2,0,,,0,0,74,25.1545948150855,0,0,1,0,1,,0,0,0,0,0,,0,,,,0,0,1,,,0,38.4,1,898.364485981309,6.80057587234604,3,0,0,0,84,1,1,16347,,15831,41,,278.148642634624,1,Q4,high,high,Q4,Q4,CHF,,,,,
1,2810777858,2017-10-28,4716,2,1,195,37,120,103,0.88,10.5,132.3,5.7,12018,3564.62585034014,8.17881437652444,2.91416309012876,1.069582673993,0,,43,,1160.16,1,876.916099773243,6.77641132049046,0,65.33,0,12018,0,3,,12018,0,,,2,4807,5744,12018,14079,14079,2061,,0,0,,,,0,0,8,0,12018,M01AE01,200 MG,M01,M01A,M01AE,M01AE01,"",,1,,,1,1,1,,,,,"","",,,,,,,,,,,,0,1,0,0,1,1,1,0,0,0,0,,0.6,84.54,2,012309CJB,376.504,1.58,14,173.2,14,158.443,8,13361,13361,43,1,0,0,0,0,2,0,0,0,0,0,0,0,0,0,0,0,225,67.25,0,0,0,0,0,0,1,,,,,3,1,,0,0,1,0,0,0,0,1,1,1,0,,0,,,0,0,57,34.9786910377983,0,0,1,1,1,,0,0,0,0,0,,0,,,,0,0,0,,,0,134,1,79.3650793650794,4.3740584650247,2,0,0,1,73,0,0,,17153,,,,48.8304911005498,1,Q2,low,low,Q1-Q3,Q1-Q3,,,,,,
1,2810778734,2017-10-01,2252.4,2,1,200,69,73,96,0.71,3,38.2,6,12181,5896.33507853403,8.68208626375603,3.38924731182796,1.22060786483047,0,,42.72,,209.08,1,547.329842931937,6.30505162422028,0,67.5,0,12181,0,3,,12181,0,,,2,4572,5795,12181,14266,14266,2085,,0,0,,,,0,0,8,0,12181,M01AX25,25/37.5,C03,C03A,C03AA,C03AA03,"",,1,,,,,,1,,,,C03AA03,"",,,,,,,,1,,,,0,1,0,0,0,0,0,1,0,0,0,,1.34,32.53,2,012009CJB,350.32,2.43,10,212.9,10,114.711,8,13589,13589,42.72,1,0,0,0,0,2,0,0,0,0,0,0,0,0,0,0,0,104,58,0,0,0,0,0,0,1,,,,,3,2,,0,1,1,0,0,0,0,1,1,1,0,2,0,,,0,0,78,21.7361671346411,0,0,1,0,1,,0,0,0,0,0,,0,,,,0,0,0,3,14524,0,116.4,0,78.5340314136126,4.36353205203772,2,0,0,0,82,0,1,,17381,,,,71.906525347976,1,Q3,high,high,Q1-Q3,Q1-Q3,,,,,,
1,2810778830,2017-12-14,3739.2,2,1,191,40,119,89,0.71,3,107.7,5.7,11689,3471.86629526462,8.15244756561034,1.56521739130435,0.44802472252696,1,,34.2,,651.71,1,605.116063138347,6.40542027953002,0,76.46,0,11689,0,3,,11689,0,,,2,4268,5505,11689,13712,13712,2023,,0,0,,,,0,0,8,0,11689,"","","","","","","",,,,,,,,,,,,"","",,,,,,,,,,,,0,0,0,0,0,0,0,0,0,0,0,,6.92,42.34,2,020309bCJ,305.09,2.14,24,155.1,24,119.064,8,12875,12875,34.2,0,0,0,0,0,2,0,0,0,0,0,0,0,0,0,0,0,211,68,0,0,0,0,0,0,1,,,,,8,1,,0,1,0,0,0,0,0,1,1,1,0,2,0,,,0,0,51,32.0826506704917,0,0,0,0,0,,0,0,0,0,0,,0,,,,0,0,0,,,0,127.2,0,27.8551532033426,3.3270179834879,1,0,0,0,99,0,0,,16663,,,,35.0693565178245,1,Q2,low,low,Q1-Q3,Q1-Q3,,,,,,
1,2810778992,2017-08-29,2758.7,2,1,213,65,171,93,0.75,7.1,63.8,5.6,11074,4323.98119122257,8.37193182889362,3.463,1.24213526542028,0,,43.12,,1003.28,1,1572.53918495298,7.36044690715314,0,,0,11074,,,,11074,0,,,2,4339,5622,11074,13786,13786,2712,,0,0,,,,0,0,,0,11074,M01AX05,500/400 MG,M01,M01A,M01AX,M01AX25,"",,1,,,,1,,,,,,M01AX25,"",,1,,,,,,,,,,0,1,0,0,0,1,0,0,0,0,0,,2.77,68.82,2,011209CJB,496.448,1.18,2,220.2,2,122.904,8,12628,12628,43.12,0,0,0,0,0,2,0,0,0,0,0,0,0,0,0,0,0,128,61,0,0,0,0,0,0,1,,,,,3,6,,0,1,0,0,0,0,0,1,1,1,0,2,0,,,0,0,79,24.1855468929965,0,0,0,0,0,,0,0,0,0,0,,0,,,,0,0,0,2,10016,1,113.8,1,111.28526645768,4.71209687267866,2,0,1,0,76,0,1,15106,,15106,28,4032,56.8944893581917,0,Q3,low,low,Q1-Q3,Q1-Q3,Death,11.0390143737166,1,1,0,0
1,2810779997,2017-10-01,3626.7,2,1,261,55,89,89,0.72,7.1,63.4,5.6,11956,5720.34700315457,8.65178474742097,0.404092071611253,-0.906112526958399,1,,38.66,,760.92,1,1200.18927444795,7.09023455204485,0,,0,11956,,,12,11956,0,,,2,4623,5736,11956,14225,14225,2269,,0,0,,,,0,0,,0,11956,"","","","","","","",,,,,,,,,,,,"","",,,,,,,,,,,,0,0,0,0,0,0,0,0,0,0,0,,2.07,92.65,2,012009CJB,327.03,1.61,9,212.8,9,173.919,8,13372,13372,38.66,0,0,0,0,0,2,0,0,0,0,0,0,0,0,0,0,0,159,61.5,0,0,0,0,0,0,1,,,,,3,8,,0,1,0,0,0,0,0,1,1,1,0,2,0,,,0,0,76,29.5564660135864,0,,0,0,0,,0,0,0,0,0,,1,13824,,,0,0,0,,,0,188.2,1,111.98738170347,4.71838620158623,2,0,0,0,81,0,1,,17164,13824,12,5208,70.6215679401799,1,Q3,high,high,Q1-Q3,Q1-Q3,TIA,14.258726899384,1,1,1,0
1,2810780692,2018-02-17,4728.3,2,0,176,49,154,107,0.74,3.1,86.4,5,11772,5472.56944444445,8.60750351902769,0.876050420168067,-0.132331632432619,1,,45.8,,794.19,1,919.201388888889,6.82350523750913,0,72.21,0,11772,0,3,,11772,0,,,1,4132,5656,11772,,,,,0,0,,,,0,0,8,0,11772,"","","","","","","",,,,,,,,,,,,"","",,,,,,,,,,,,0,0,0,0,0,0,0,0,0,0,0,,0.39,66.12,2,022009CJB,348.04,1.61,48,347.5,48,219.142,8,12490,12490,45.8,0,0,0,0,0,8,1,1,1,0,0,0,0,0,0,0,0,144,69,0,0,0,0,0,0,1,,,,,3,1,,0,1,0,0,0,0,0,,1,1,2,2,0,,,0,0,57,21.2652221145652,1,,0,0,0,,0,0,0,0,0,,0,,,,0,0,1,,,0,96.2,0,35.8796296296296,3.58016971466323,2,0,0,0,102,0,1,12382,,12382,27,610,53.6526416122004,0,Q3,low,low,Q1-Q3,Q1-Q3,,1.67008898015058,0,0,0,0
1,2810781507,2017-12-24,3207.6,2,1,153,46,88,106,0.86,3,71.5,5.4,12495,4486.15384615385,8.408751009221,1.21572387344199,0.195339679996399,1,,22.32,,594.8,1,831.888111888112,6.72369795087413,0,,3,12495,,,,12495,0,,,2,4566,5771,12495,14480,14480,1985,,0,0,,,,0,0,,0,12495,C10AX09,10 MG,C10,C10A,C10AX,C10AX09,"",,,,,,1,1,,,,,"","",,,,,,,,,,,,0,0,0,0,0,1,1,0,0,0,0,,2.14,118.2,2,020709CJB,344.062,1.12,31,197.9,31,128.486,8,13582,13582,22.32,0,0,0,0,0,2,0,0,0,0,0,0,0,0,0,0,0,207,62.75,0,0,0,0,0,0,1,,,,,3,8,,0,1,0,0,0,0,0,1,1,1,0,2,0,,,0,0,64,36.9614072349841,0,0,0,1,0,,0,0,0,0,0,,0,,,,0,0,0,,,0,89.4,0,41.958041958042,3.73667011795029,2,0,0,1,71,0,1,,17368,,,,63.1852654387866,1,Q3,low,low,Q1-Q3,Q1-Q3,,,,,,
7,2810781629,2017-08-13,1972.5,2,1,218,44,158,100,0.99,9.9,283,5.2,4256,696.996466431096,6.54678034106488,1.20607787274454,0.187373667318662,1,0.9,38.9,39.38,1825.91,2,645.197879858657,6.46955706022373,0,,0,4256,,,,4256,0,,,1,4256,6028,,,6028,1772,,0,0,,,,0,0,,0,4256,C09AA03,20,C09,C09A,C09AA,C09AA03,"",,,,,1,,,1,,,,"","",,,,,,,,,,,,0,0,0,0,1,0,0,1,0,0,0,,2.49,213.2,2,010509CJB,499.874,10.11,4,237.1,4,169.541,3,,,38.9,1,0,0,0,0,,0,0,0,0,0,0,,,,,0,339,68.5,0,0,0,0,0,0,,1,,,,8,1,,0,1,1,0,,,0,,2,2,0,2,0,,,0,0,51,50.7953746473852,0,0,1,0,1,,0,0,0,0,0,,0,,,,0,0,0,,,0,142.4,1,34.982332155477,3.55484313847944,2,0,0,0,102,0,0,,8784,,,,6.83329869050094,1,Q1,low,low,Q1-Q3,Q1-Q3,,,,,,
1,2810783575,2018-06-30,20000,3,1,176,58,76,106,0.61,8.1,181.7,5.6,11616,11007.1546505228,9.30630076312209,1.30047393364929,0.262728762375664,1,,21.16,,1202.84,1,661.992294991745,6.49525391688399,0,66.61,0,11616,0,3,,11616,0,,,2,4313,5664,11616,13702,13702,2086,,0,0,,,,0,0,8,0,11616,"","","","","","","",,,,,,,,,,,,"","",,,,,,,,,,,,0,0,0,0,0,0,0,0,0,0,0,,5.13,37.57,2,020409CJB,322.018,1.47,25,179,25,115.149,8,12788,12788,21.16,0,0,0,0,0,0,0,0,0,0,0,0,0,0,0,0,0,158,63.75,,,,,,,1,,,,,5,0,,0,1,0,0,0,0,0,0,1,1,0,2,0,,,0,0,57,27.3339453253301,0,,0,0,0,,0,0,0,0,0,,0,,,,0,0,0,,,0,102.8,1,44.5789763346175,3.79726236525841,2,0,0,0,101,1,1,,16576,,,,108.981729213097,1,Q4,high,high,Q4,Q4,,,,,,
1,2810783608,2017-09-13,1239.2,2,1,163,48,83,99,0.82,7.2,37,5.4,12191,3349.18918918919,8.11647356244653,4.76178960096735,1.56062356417538,0,,45.28,,276.04,1,746.054054054054,6.61479805609627,0,59.69,0,12191,0,3,,12191,0,,,2,4602,5786,12191,14317,14317,2126,,0,0,,,,0,0,8,0,12191,M01AE01,200 MG,M01,M01A,M01AE,M01AE01,"",,1,,,,,,,,,,"","",,,,,,,,,,,,0,1,0,0,0,0,0,0,0,0,0,,32.05,53.71,2,011409CJB,392.152,15.29,5,188.7,5,158.105,8,13666,13666,45.28,0,0,0,0,0,2,0,0,0,0,0,0,0,0,0,0,0,129,63.5,0,0,0,0,0,0,1,,,,,8,8,,0,1,0,0,0,0,0,1,1,1,0,2,0,,,0,0,72,22.4930253320114,0,0,0,0,0,,0,0,0,0,0,,0,,,,0,0,1,,,0,98.4,1,194.594594594595,5.27091839235992,2,0,0,0,71,0,0,,17459,,,,47.1716787209745,1,Q2,low,low,Q1-Q3,Q1-Q3,,,,,,
1,2810784517,2017-09-30,4243.8,2,1,192,38,138,100,1.25,3,117.6,5.1,12112,3608.67346938776,8.19109552379356,1.88338833883388,0.633072462524209,0,,45.4,,735.66,1,625.561224489796,6.43864920599592,0,73.22,0,12112,0,3,,12112,0,,,1,4558,5782,12112,,,,,0,0,,,,0,0,8,0,12112,M01AE01,20 MG,M01,M01A,M01AE,M01AE01,"",,1,,1,,1,1,,,,,"","",,,,,,,,,,,,0,1,0,1,0,1,1,0,0,0,0,,2,57.5,2,011609CJB,383.08,2.51,9,205.5,9,214.955,8,13533,13533,45.4,1,0,0,0,0,8,0,0,0,0,0,0,0,0,0,0,0,204,71,0,0,0,0,0,0,1,,,,,4,6,,0,1,1,0,0,0,0,,1,1,0,2,0,,,0,0,64,28.4524115963527,0,0,1,1,1,,0,0,0,0,0,,0,,,,0,0,1,,,0,126.4,0,25.5102040816327,3.23907853218572,1,0,0,1,60,0,0,,17325,,,,60.1445578231293,1,Q2,low,low,Q1-Q3,Q1-Q3,,,,,,
1,2810786001,2018-02-10,4369.4,2,1,159,52,84,101,0.96,3,126.3,5.9,12240,3459.54077593032,8.14889113552364,2.17463075586447,0.776858882709892,0,,47.62,,1250.59,1,990.174188440222,6.89788087557103,0,71.3,0,12240,0,3,,12240,0,,,1,,,12240,14538,14538,2298,,0,0,,,,0,0,8,0,12240,"","","","","","","",,,,,,,,,,,,"","",,,,,,,,,,,,0,0,0,0,0,0,0,0,0,0,0,,3.4,57.16,2,021909CJB,325.578,1.55,47,239.8,47,158.714,8,13024,13024,47.62,0,0,0,0,0,8,0,0,0,0,0,0,0,0,0,0,0,197,71.5,0,0,0,0,0,0,1,,,,,8,1,,0,1,0,0,0,0,0,,1,1,0,2,0,,,0,0,58,27.0931658299328,0,,0,0,0,,0,0,0,0,0,,0,,,,0,0,0,,,0,90.2,0,23.7529691211401,3.1677075382938,1,0,0,0,87,0,0,,16805,,,,39.7648365049463,1,Q2,low,low,Q1-Q3,Q1-Q3,,,,,,
7,2810786049,2017-08-12,4908.5,2,1,266,50,145,107,0.79,9.6,80.9,5.8,3403,6067.36711990111,8.71068003705622,1.4993564993565,0.405036015632154,1,1.4,44.22,43.34,826.16,2,1021.21137206428,6.92874482128679,0,67.33,0,3403,0,3,,3403,0,,,2,3403,5712,,,5712,2309,,0,0,,,,0,0,8,0,3403,M01AX05,"",M01,M01A,M01AX,M01AX05,"",,1,,,,,,,,,,"","",,,,,,,,,,,,0,1,0,0,0,0,0,0,0,0,0,,6.55,211.7,2,123008CJB,270.628,1.69,3,188.9,3,108.737,3,,,44.22,0,0,0,0,0,,0,0,0,0,0,0,,,,,0,192,66.25,0,0,0,0,0,0,,1,,,,8,6,,0,1,0,0,,,0,,2,2,0,2,0,,,0,0,59,30.7563699499062,0,0,0,0,0,,0,0,0,0,0,,0,,,,0,0,0,,,0,187,1,118.665018541409,4.77630455339148,2,0,0,0,95,0,1,,7985,,,,63.8670223147485,1,Q3,high,low,Q1-Q3,Q1-Q3,,,,,,
1,2810786172,2018-07-06,20000,3,1,95,31,110,149,2.17,110.1,111.2,5.8,12266,17985.6115107914,9.79732735670774,1.80373831775701,0.589861354442979,0,,39.18,,1526.35,1,1372.61690647482,7.2244743475157,0,30.15,4,12266,1,2,1,12266,1,-4294,7972,1,4248,5637,12266,,,,12266,1,1,-4369,7897,,1,0,5,1,12266,C10AX09,20 MG,C10,C10A,C10AA,C10AA01,"",,,,1,1,1,,1,,,1,C10AA01,"",,,,,,1,1,,,,,0,0,0,1,1,1,1,1,0,0,1,,15.73,56.12,2,021909CJB,187.734,7.32,45,246.7,45,171.337,8,13089,13089,39.18,1,0,0,0,0,8,0,0,0,0,0,0,1,1,0,0,0,187,70.5,,,,,,,1,,,,,6,10,,0,1,1,0,0,1,0,,1,1,0,2,0,,,0,0,72,26.4526377853118,0,0,1,1,1,141,0,1,1,1,1,2265,0,,2,3,1,1,0,,,0,42,1,990.107913669065,6.89781394089429,3,1,0,1,29,1,1,12468,,2265,1,,620.193500372116,1,Q4,high,high,Q4,Q4,MI,,,,,
1,2810786990,2018-07-06,20000,3,1,165,41,161,102,1.07,3.5,280.1,5.4,12151,7140.30703320243,8.87351105625816,1.20873786407767,0.189576727675127,1,,58.94,,1797.49,1,641.731524455552,6.46417003001942,0,60.28,0,12151,0,3,,12151,0,,,1,4264,5665,12151,14150,14150,1999,,0,0,,,,0,0,8,0,12151,"","","","","","","",,,,,,,,,,,,"","",,,,,,,,,,,,0,0,0,0,0,0,0,0,0,0,0,,1.01,129.2,2,021209CJB,543.302,1.49,38,178,38,128.486,8,13128,13128,58.94,0,0,0,0,0,8,1,0,0,50,0,0,0,0,0,0,0,187,68.5,0,0,0,0,0,0,1,,,,,4,1,,0,1,0,0,0,0,0,,1,1,1,2,0,,,0,0,52,28.0198674308585,0,,0,0,0,,0,0,0,0,0,,0,,,,0,0,0,,,0,91.8,0,12.4955373081042,2.52537156521144,1,0,0,0,79,1,1,,16912,,,,90.3836333316763,1,Q4,high,high,Q4,Q4,,,,,,
1,2810788415,2018-12-15,6010.2,2,1,186,46,172,100,0.9,4.5,131.2,5.6,11831,4580.94512195122,8.42966061432388,1.34003215434084,0.292693609451669,1,,29.4,,1861.04,1,1418.4756097561,7.25733805970989,0,63.86,0,11831,0,3,40,11831,1,-5226,6605,1,4286,5665,11831,13807,13807,1976,,0,0,,,,1,0,6,1,11831,C10AA05,10 MG,C10,C10A,C10AA,C10AA05,"",,,,1,1,1,1,,,,1,"","",,,,,,,,,,,,0,0,0,1,1,1,1,0,0,0,1,,3.22,44.87,2,021309CJB,405.716,1.33,40,213.1,40,154.513,8,12779,12779,29.4,1,0,0,0,0,8,0,0,0,0,1,1,0,0,0,0,0,191,70,0,0,0,0,0,0,1,,,,,4,1,,0,1,1,0,0,0,0,,1,1,0,2,2,,,0,0,60,27.4058262402239,0,0,1,1,1,143,1,0,0,0,0,,0,,,,0,0,0,,,0,105.6,1,34.2987804878049,3.53510979924842,2,0,0,1,93,0,1,,16563,6605,40,4732,49.257474429583,0,Q3,low,low,Q1-Q3,Q1-Q3,CHF,12.9555099247091,1,1,1,0
1,2810788653,2018-06-28,20000,3,0,195,46,129,108,0.93,4.5,216.2,5.5,11497,9250.69380203515,9.13245383331911,1.32919254658385,0.284571650037388,1,,52.4,,2586.33,1,1196.26734505088,7.08696144218211,0,66.7,0,11497,0,3,,11497,0,,,1,4782,5680,11497,13568,13568,2071,,0,0,,,,0,0,8,0,11497,"","","","","","","",,,,,,,,,,,,"","",,,,,,,,,,,,0,0,0,0,0,0,0,0,0,0,0,,1.65,39.13,2,011609CJB,308.97,1.66,8,151.3,8,120.589,8,12931,12931,52.4,0,0,0,0,0,8,0,0,0,0,0,0,0,0,0,0,0,158,67,0,0,0,0,0,0,1,,,,,7,5,,0,1,0,0,0,0,0,,1,1,0,2,0,,,0,0,59,24.7464607203663,0,0,0,0,0,,0,0,0,0,0,,0,,,,0,0,0,,,0,123.2,1,20.8140610545791,3.0356287705533,1,0,0,0,90,1,1,,16724,,,,102.785486689279,1,Q4,high,high,Q4,Q4,,,,,,
1,2810788685,2017-08-29,1974.4,2,1,238,77,227,99,,3,44.3,5.3,11495,4456.8848758465,8.40220534264807,2.51873767258383,0.923757852441356,0,,26.76,,960.21,1,2167.51693002257,7.68133751947659,0,69.37,0,11495,0,3,,11495,0,,,2,4319,5642,11495,13694,13694,2199,15204,1,0,3462,14957,,0,0,8,0,11495,M01AE01,200 MG,M01,M01A,M01AE,M01AE01,"",,1,,,1,,,1,,,,"","",,,,,,,,,,,,0,1,0,0,1,0,0,1,0,0,0,,,88.34,2,010909CJB,,,,,,,,,,26.76,1,0,0,0,0,2,0,0,0,0,0,0,0,0,0,0,0,160,63.25,0,0,0,0,0,0,1,,,,,4,8,,0,1,1,0,0,0,0,1,1,1,0,2,0,,,0,0,69,28.119301969673,0,0,1,0,1,,0,0,0,0,0,,0,,1,4,0,0,0,,,0,115.6,0,67.7200902934537,4.21538289059916,2,0,0,0,,0,1,,16849,,,,,1,Q3,low,,,Q1-Q3,,,,,,
1,2810791135,2018-02-22,3200.4,2,1,189,58,127,107,0.83,10.9,106.4,5.8,13028,3007.89473684211,8.00899569005652,1.55970149253731,0.4444944520139,1,,45.96,,1003.78,1,943.402255639098,6.84949276181518,0,73.94,0,13028,0,3,,13028,0,,,2,,,13028,,,,,0,0,,,,0,0,8,0,13028,"","","","","","","",,,,,,,,,,,,"","",,,,,,,,,,,,0,0,0,0,0,0,0,0,0,0,0,,2.08,111.6,2,022109CJB,425.586,2.84,49,220.6,49,149.426,8,13678,13678,45.96,0,0,0,0,0,2,0,0,0,0,0,0,0,0,0,0,0,204,64,0,0,0,0,0,0,1,,,,,3,,,0,1,0,0,0,0,0,1,1,1,0,2,0,,,0,0,65,35.0167497209994,0,0,0,0,0,,0,0,0,0,0,,0,,,,0,0,0,,,0,105.6,1,102.443609022556,4.62931249130969,2,0,0,0,74,0,0,,17458,,,,40.647226173542,1,Q2,low,low,Q1-Q3,Q1-Q3,,,,,,
7,2810791212,2017-08-19,591.5,2,1,162,80,55,83,0.74,3,27.1,5.4,3328,2182.65682656827,7.68829814152088,3.12941176470588,1.14084505229138,0,1.7,24.12,24.7,195.64,2,721.918819188192,6.58191269377359,0,,0,3328,,,,3328,0,,,2,3328,5051,,,5051,1723,,0,0,,,,0,0,,0,3328,C10AX06,1,C10,C10A,C10AX,C10AX06,"",,,,,,1,,,,,,"","",,,,,,,,,,,,0,0,0,0,0,1,0,0,0,0,0,,0.17,22.61,2,010609CJB,222.162,,4,162.1,4,158.276,3,,,24.12,0,0,0,0,0,,0,0,0,0,0,0,,,,,0,117,63.25,0,0,0,0,0,0,,,1,,,8,1,,0,1,0,0,,,0,,2,3,0,2,0,,,0,0,49,20.5622395653234,0,0,0,0,0,,0,0,0,0,0,,0,,,,0,0,0,,,0,71,0,110.70110701107,4.70683383976459,2,0,1,0,95,0,0,,7792,,,,22.9753350165081,1,Q1,low,low,Q1-Q3,Q1-Q3,,,,,,
1,2810792099,2018-11-26,7219.5,2,1,226,79,85,100,0.84,3,103.9,5.4,12285,6948.50818094322,8.84628226529418,3.87596048298573,1.35479349866843,0,,48.04,,1121.35,1,1079.25890279115,6.98402988345521,0,65.76,0,12285,0,3,,12285,0,,,2,4586,5845,12285,14483,14483,2198,,0,0,,,,0,0,8,0,12285,"","","","","","","",,,,,,,,,,,,"","",,,,,,,,,,,,0,0,0,0,0,0,0,0,0,0,0,,1.25,50.77,2,010909CJB,607.254,1.59,2,119.9,2,81.815,8,13847,13847,48.04,0,0,0,0,0,2,0,0,0,0,0,0,0,0,0,0,0,125,60.25,0,0,0,0,0,0,1,,,,,6,1,,0,1,0,0,0,0,0,1,1,1,0,2,0,,,0,0,53,24.2103753779313,0,0,0,0,0,,0,0,0,0,0,,0,,,,0,0,0,,,0,130,0,28.8739172281039,3.36293866954507,1,0,0,0,79,1,1,,17641,,,,87.9557997587749,1,Q4,high,high,Q4,Q4,,,,,,
1,2810792762,2017-09-17,2005.9,2,1,186,57,76,96,1.05,3,104.4,5,11566,1921.36015325671,7.56078862737021,1.39863130881095,0.335494121859285,1,,43.54,,804.2,1,770.306513409962,6.64678850500273,0,,0,11566,,,,11566,0,,,1,4195,5633,11566,13919,13919,2353,,0,0,,,,0,0,,0,11566,M01AE01,200 MG,M01,M01A,M01AE,M01AE01,"",,1,,,,,,,,,,"","",,,,,,,,,,,,0,1,0,0,0,0,0,0,0,0,0,,0.24,20.18,2,011509CJB,310.764,0.69,6,194.4,6,189.685,8,13024,13024,43.54,0,0,0,0,0,8,0,0,0,0,0,0,0,0,0,0,0,161,70.25,0,0,0,0,0,0,1,,,,,7,1,,0,1,0,0,0,0,0,,1,1,0,2,0,,,0,0,43,22.9371170866048,0,0,0,0,0,,0,0,0,0,0,,0,,,,0,0,1,,,0,113.8,0,28.7356321839081,3.35813789220171,1,0,0,0,87,0,0,,16817,,,,22.0845994627207,1,Q1,low,low,Q1-Q3,Q1-Q3,,,,,,
7,2810793897,2018-11-24,8131.4,2,1,95,40,118,157,0.54,3.1,107.3,7.2,4250,7578.19198508854,8.9330299257903,1.98188405797101,0.684047936704831,0,2.2,39.02,40.26,1196.66,2,1115.24697110904,7.0168311581195,0,70.43,0,4250,0,3,,4250,0,,,2,4250,6366,,,6366,2116,,0,0,,,,0,0,8,0,4250,C10AX09,40 MG,C10,C10A,C10AA,C10AA01,"",,,,,1,1,,1,,1,,C10AA01,"",,,,,,1,1,,,,,0,0,0,0,1,1,1,1,0,1,0,,5.5,68.81,2,010609CJB,453.01,2.22,4,137.8,4,67.192,3,,,39.02,1,0,0,0,1,,0,0,0,0,0,0,,,,,0,210,64.25,0,0,0,0,0,0,1,,,,,7,6,,1,0,1,1,,,0,,1,1,0,1,0,,,0,0,66,35.7666811716612,0,1,1,1,1,,0,0,0,0,0,,0,,,,0,0,0,,,0,31.4,0,28.8909599254427,3.36352874083659,1,1,0,1,98,1,1,,8715,,,,77.3284896437606,1,Q4,high,high,Q1-Q3,Q4,,,,,,
1,2810794325,2018-01-14,1591.2,2,1,179,62,86,102,1.34,5.7,103.7,5.1,11840,1534.4262295082,7.33591179829237,2.74867021276596,1.01111723573193,0,,42.2,,1467.62,1,1415.25554484089,7.25506539083235,0,69.85,0,11840,0,3,,11840,0,,,1,4441,5698,11840,13883,13883,2043,,0,0,,,,0,0,8,0,11840,"","","","","","","",,,,,,,,,,,,"","",,,,,,,,,,,,0,0,0,0,0,0,0,0,0,0,0,,0.56,65.98,2,021409CJB,305.996,1.27,40,131.7,40,94.8,8,12779,12779,42.2,0,0,0,0,0,8,0,0,0,0,0,0,0,0,0,0,0,169,66.5,0,0,0,0,0,0,1,,,,,8,1,,0,1,0,0,0,0,0,,1,1,0,2,0,,,0,0,75,26.8688467729132,0,,0,0,0,,0,0,0,0,0,,0,,,,0,0,1,,,0,99.8,1,54.9662487945998,4.00671933858716,2,0,0,0,51,0,0,14213,,14213,27,2373,30.0867888138862,0,Q1,low,low,Q1-Q3,Q1-Q3,,6.49691991786448,1,0,0,0
7,2810795274,2017-08-16,4641,2,1,154,61,196,106,0.83,3,103.4,5.6,3927,4488.39458413926,8.40925036315494,1.21971123666039,0.198614139467392,1,3.8,49.62,47.06,1736.17,2,1679.08123791103,7.42600204060688,0,68.09,0,3927,0,3,,3927,0,,,2,3927,,,,,,,0,0,,,,0,0,8,0,3927,C10AA07,10/12.5 MG,C03,C03A,C03AA,C03AA03,"",,,,,1,1,1,,,,,C03AA03,"",,,,,,,,1,,,,0,0,0,0,1,1,1,1,0,0,0,,8.52,113.3,2,010509CJB,454.818,1.79,4,195.4,4,97.829,3,,,49.62,1,0,0,0,0,,0,0,0,0,0,0,,,,,0,191,62.5,0,0,0,0,0,0,,,,,,0,10,,1,0,1,0,,,0,,,,0,1,0,,,0,0,61,34.3778684357369,0,0,1,1,1,,0,0,0,0,0,,0,,,,0,0,0,1,4565,0,53.8,0,29.0135396518375,3.36776260557592,1,0,0,1,76,0,1,,8047,,,,59.0578234755166,1,Q3,low,low,Q1-Q3,Q1-Q3,,,,,,
1,2810795415,2018-12-22,8130.3,2,1,135,45,98,127,0.75,12.3,95.8,6,11944,8486.74321503132,9.04626060324133,,,,,28.8,,1655.76,1,1728.35073068894,7.45492289791724,0,67.93,0,11944,0,3,,11944,0,,,2,,,11944,14043,14043,2099,,0,0,,,,0,0,8,0,11944,M01AE01,20 MG,C10,C10A,C10AA,C10AA01,"",,1,,,,1,,,,,,C10AA01,"",,,,,,1,1,,,,,0,1,0,0,0,1,1,0,0,0,0,,3.9,192.1,2,021909bCJ,195.896,2.21,48,172,48,129.067,8,12677,12677,28.8,0,0,0,0,1,2,0,0,0,0,0,0,0,0,0,0,0,181,65,,,,,,,1,,,,,6,2,,0,1,0,1,0,0,0,1,1,1,0,2,0,,,0,0,64,30.1201738498152,0,0,0,1,0,,0,0,0,0,0,,0,,,,0,0,0,,,0,70.4,1,128.39248434238,4.85509185638369,2,1,0,1,84,1,1,,16458,,,,101.032657321801,1,Q4,high,high,Q4,Q4,,,,,,
1,2810796068,2018-01-10,156.3,1,1,144,61,71,106,0.86,4.2,37.8,5.4,12585,413.492063492064,6.02463832078998,,,,,59.18,,638.17,1,1688.28042328042,7.43146578889405,0,,0,12585,,,,12585,0,,,2,4733,,12585,,,,,0,0,,,,0,0,,0,12585,C10AA05,75/50 MG,C03,C03A,C03AA,C03AA03,"",,,,,,1,1,1,,,,C03AA03,"",,,,,,,,1,,,,0,0,0,0,0,1,1,1,0,0,0,,56.28,139.1,2,021109bCJ,373.466,3.19,37,206.1,37,157.609,8,13582,13582,59.18,1,0,0,0,0,2,0,0,0,0,0,0,0,0,0,0,0,164,61.75,0,0,0,0,0,0,1,,,,,3,2,,0,1,1,0,0,0,0,1,1,1,0,2,0,,,0,0,72,30.2395648145556,0,0,1,1,1,,0,0,0,0,0,,0,,,,0,0,1,,,0,68.8,1,111.111111111111,4.71053070164592,2,0,0,1,67,0,0,,17367,,,,6.17152333570244,1,Q1,low,low,Q1-Q3,Q1-Q3,,,,,,
7,2810796311,2018-11-24,7148.7,2,1,142,90,58,89,0.81,4.3,91.3,6,3556,7829.90142387733,8.96570519936248,4.06388642413487,1.40213976306845,0,1.6,36.42,37.24,1894.6,2,2075.13691128149,7.6377824118286,0,77.84,0,3556,0,3,41,3556,1,1062,4618,2,3556,5482,,,5482,1926,6100,1,0,566,4122,,0,1,8,1,3556,M01AH01,200 MG,M01,M01A,M01AH,M01AH01,"",,1,,,,,,,,,,"","",,,,,,,,,,,,0,1,0,0,0,0,0,0,0,0,0,,1.18,52.85,2,122308CJB,314.512,3.8,1,192.6,1,107.851,3,,,36.42,0,0,0,0,0,,0,0,0,0,0,0,,,,,0,211,62,0,0,0,0,0,0,,1,,,,8,8,,0,1,0,0,,,0,,2,2,0,2,0,,,0,0,67,38.592657830477,0,0,0,0,0,,0,0,0,0,0,,0,,1,1,0,0,0,,,0,40.4,1,47.0974808324206,3.85221951408073,2,0,0,0,87,1,1,6100,,0,8,,89.9988669411187,1,Q4,high,high,Q4,Q4,MI,,,,,
1,2810796995,2018-02-03,1731.8,2,1,165,33,94,106,0.99,72.7,44.9,5.4,12628,3857.01559020045,8.25764900025358,1.70524899057873,0.53371113560338,0,,50.24,,456.18,1,1015.99109131403,6.92361985970828,0,68.95,0,12628,0,3,,12628,0,,,1,4590,5718,12628,,,,,0,0,,,,0,0,8,0,12628,"","","","","","","",,,,,,,,,,,,"","",,,,,,,,,,,,0,0,0,0,0,0,0,0,0,0,0,,1.46,61.33,2,021809bCJ,379.624,1.35,45,309.1,45,201.908,8,13477,13477,50.24,0,0,0,0,0,8,1,1,1,0,0,0,0,0,0,0,0,206,71,0,0,0,0,0,0,1,,,,,3,1,,0,1,0,0,0,0,0,,1,1,2,2,0,,,0,0,51,28.7313568080816,1,,0,0,0,,0,0,0,0,0,,0,,,,0,0,0,,,0,113.2,1,1619.15367483296,7.3896588687734,3,0,0,0,88,0,0,,17258,,,,43.8297226159142,1,Q2,low,low,Q1-Q3,Q1-Q3,,,,,,
1,2810797549,2018-12-06,4953.9,2,1,184,76,132,79,0.69,3,67.3,5.2,11493,7360.92124814264,8.90394037347446,3.58139534883721,1.27575248672007,0,,38.5,,1205.15,1,1790.7132243685,7.49036926884281,0,56.31,0,11493,0,3,,11493,0,,,2,4300,5666,11493,13588,13588,2095,,0,0,,,,0,0,8,0,11493,M01AX05,TAB,M01,M01A,M01AX,M01AX25,"",,1,,,,,,,,,,M01AX25,"",,1,,,,,,,,,,0,1,0,0,0,0,0,0,0,0,0,,0.63,33.53,2,012709bCJ,,,17,191.3,17,87.074,8,12778,12778,38.5,0,0,0,0,0,2,0,0,0,0,0,0,0,0,0,0,0,102,59.5,0,0,0,0,0,0,1,,,,,8,2,,0,1,0,0,0,0,0,1,1,1,0,2,0,,,0,0,75,20.2568472363836,0,0,0,0,0,,0,0,0,0,0,,0,,,,0,0,1,,,0,81.6,0,44.5765230312036,3.79720733099956,2,0,0,0,85,1,1,,16569,,,,86.5990735075605,1,Q4,high,high,Q4,Q4,,,,,,
1,2810797553,2018-01-08,3275.2,2,1,207,44,180,91,0.99,3,169.7,5.3,11656,1929.99410724808,7.56527222865494,3.03853383458647,1.11137510782384,0,,61.3,,1392.12,1,820.341779611078,6.70972105782323,0,68.15,0,11656,0,3,,11656,0,,,1,,4739,11656,13807,13807,2151,,0,0,,,,0,0,8,0,11656,M01AX25,1200 MG,M01,M01A,M01AX,M01AX25,"",,1,,,,1,,,,,,"","",,,,,,,,,,,,0,1,0,0,0,1,0,0,0,0,0,,1.88,71.88,2,021109bCJ,416.442,1.36,37,233.7,37,154.313,8,12659,12659,61.3,0,0,0,0,0,8,0,0,0,0,0,0,0,0,0,0,0,182,72,0,0,0,0,0,0,1,,,,,7,7,,0,1,0,0,0,0,0,,1,1,0,2,0,,,0,0,60,24.6837993675987,0,0,0,0,0,,0,0,0,0,0,,0,,,,0,0,0,,,0,127,0,17.6782557454331,2.87233539541007,1,0,1,0,82,0,0,,16444,,,,23.5365135030254,1,Q1,low,low,Q1-Q3,Q1-Q3,,,,,,
1,2810798116,2017-12-23,1889.4,2,1,166,65,116,97,0.95,8.4,205.5,5.6,12197,919.416058394161,6.82373874938684,1.20219039595619,0.184145222867168,1,,39.66,,1417.58,1,689.8199513382,6.53643062345095,0,70.96,0,12197,0,3,,12197,0,,,1,4609,5718,12197,14175,14175,1978,14965,1,0,2618,14815,,0,0,8,0,12197,C10AA05,20 MG,C10,C10A,C10AA,C10AA05,"",,,,,1,1,1,,,,,"","",,,,,,,,,,,,0,0,0,0,1,1,1,0,0,0,0,,0.89,97.83,2,020609CJB,257.454,0.96,30,219.9,30,132.868,8,13301,13301,39.66,1,0,0,0,0,8,0,0,0,0,0,0,0,0,0,0,0,198,69.25,0,0,0,0,0,0,1,,,,,8,8,,0,1,1,0,0,0,0,,1,1,0,2,0,,,0,0,68,29.0289446587834,0,0,1,1,1,,0,0,0,0,0,,0,,1,2,0,0,0,,,0,77.8,1,40.8759124087591,3.71054095089512,2,0,0,1,82,0,0,,17087,,,,11.2123909560263,1,Q1,low,low,Q1-Q3,Q1-Q3,,,,,,
1,2810798215,2018-12-06,6367.4,2,1,210,55,170,122,0.78,10.5,215,5.7,11614,2961.58139534884,7.99347865984003,,,,,88.6,,3282.15,1,1526.58139534884,7.3307861323052,0,62.89,0,11614,0,3,,11614,0,,,2,4326,5684,11614,13639,13639,2025,,0,0,,,,0,0,8,0,11614,C09CA03,320 MG,C09,C09C,C09CA,C09CA03,"",,,,1,1,,,1,,,,"","",,,,,,,,,,,,0,0,0,1,1,0,0,1,0,0,0,,5.19,124.2,2,012709CJB,394.678,1.98,16,180.1,16,138.737,8,12911,12911,88.6,1,0,0,0,0,2,0,0,0,0,0,0,0,0,0,0,0,250,64,0,0,0,0,0,0,1,,,,,3,6,,0,0,1,0,0,0,0,1,1,1,0,,0,,,0,0,65,42.912683481617,0,0,1,0,1,,0,0,0,0,0,,0,,,,0,0,0,,,0,121,1,48.8372093023256,3.88849250801795,2,0,0,0,80,0,0,,16702,,,,37.0197674418605,1,Q2,low,low,Q1-Q3,Q1-Q3,,,,,,
1,2810798578,2018-12-06,3746.4,2,1,212,56,127,111,1.14,6.4,159.1,5.6,12399,2354.74544311754,7.76418790851368,0.951310861423221,-0.049914391381713,1,,47.06,,930.13,1,584.619736015085,6.37096161196888,0,67.4,0,12399,0,3,,12399,0,,,1,4578,5782,12399,14466,14466,2067,,0,0,,,,0,0,8,0,12399,C09AA03,5 MG,C09,C09A,C09AA,C09AA03,"",,,,,1,,,,,,,"","",,,,,,,,,,,,0,0,0,0,1,0,0,0,0,0,0,,1.72,60.1,2,012709CJB,527.858,1.43,16,211.8,16,150.96,8,13696,13696,47.06,1,0,0,0,0,8,0,0,0,0,0,0,0,0,0,0,0,187,67,0,0,0,0,0,0,1,,,,,7,6,,0,1,1,0,0,0,0,,1,1,0,2,0,,,0,0,73,29.2885326247373,0,0,1,0,1,,0,0,0,0,0,,0,,,,0,0,1,,,0,130.6,1,40.2262727844123,3.69452033400402,2,0,0,0,63,0,0,,17487,,,,37.3769117955165,1,Q1,low,low,Q1-Q3,Q1-Q3,,,,,,
7,2810799454,2018-11-24,18511.9,2,1,205,43,188,105,0.54,5.8,218.8,5.8,4409,8460.64899451554,9.04318116295766,1.83001328021248,0.60432322377371,0,,58.14,,1681.75,1,768.624314442413,6.64460231234598,0,67.42,0,4409,0,3,,4409,0,,,2,4409,6609,,,6609,2200,,0,0,,,,0,0,8,0,4409,M01AX05,1500/1200 MG,M01,M01A,M01AX,M01AX25,"",,1,,1,,1,1,,,,,M01AX25,"",,1,,,1,,,,,,,0,1,0,1,1,1,1,0,0,0,0,,7.08,99.58,2,010809CJB,282.968,4.4,5,225.5,5,150.902,3,,,58.14,1,0,0,0,0,,0,0,0,0,0,0,,,,,0,171,56.5,0,0,0,0,0,0,,,,,,2,2,,1,,1,0,,,0,,,,0,1,0,,,0,0,55,37.6621256022683,0,0,1,1,1,,0,0,0,0,0,,0,,,,0,0,0,,,0,124.4,1,26.508226691042,3.27745512598668,1,0,0,1,106,1,1,,8848,,,,79.8174433444862,1,Q4,high,high,Q1-Q3,Q4,,,,,,
1,2810800098,2018-06-28,20000,3,1,140,43,58,95,1.06,13.4,189.9,5.5,11373,10531.8588730911,9.26216012070598,1.47874493927126,0.391193714002832,1,,48.22,,1371.43,1,722.185360716166,6.58228183823659,0,69.63,0,11373,0,3,,11373,0,,,1,4480,5564,11373,,,,,0,0,,,,0,0,8,0,11373,C09AA03,10 MG,C09,C09A,C09AA,C09AA03,"",,,,,1,,,,,,,"","",,,,,,,,,,,,0,0,0,0,1,0,0,0,0,0,0,,8.47,56.67,2,011409CJB,411.592,9.19,6,282.5,6,168.089,8,12842,12842,48.22,1,0,0,0,0,8,0,0,0,0,0,0,0,0,0,0,0,190,70,0,0,0,0,0,0,1,,,,,4,7,,0,0,1,0,0,0,0,,1,1,0,,0,,,0,0,78,27.2623402389662,0,0,1,0,1,,0,0,0,0,0,,0,,,,0,0,1,,,0,85.4,1,70.5634544497104,4.25651236812076,2,0,0,0,67,1,1,13858,,13858,27,2485,157.191923478972,0,Q4,high,high,Q4,Q4,,6.80355920602327,1,0,0,0
7,2810800184,2017-08-12,258.1,2,1,177,38,222,100,0.82,3,9.4,6.1,3949,2745.74468085106,7.9178076034367,4.81882770870338,1.57253068451924,0,2.9,24.18,23.2,66.8,2,710.63829787234,6.56616357725473,0,71.8,0,3949,0,3,,3949,0,,,2,3949,5656,,,5656,1707,,0,0,,,,0,0,8,0,3949,M01AE02,20 MG,M01,M01A,M01AE,M01AE02,"",,1,,,1,1,1,1,,1,,"","",,,,,,,,,,,,0,1,0,0,1,1,1,1,0,1,0,,0.9,167.3,2,122208CJB,303.538,0.95,1,147.9,1,123.442,3,,,24.18,1,0,0,0,1,,0,0,0,0,0,0,,,,,0,124,60,0,0,0,0,0,0,,,1,,,4,6,,0,0,1,1,,,0,,2,3,0,,0,,,0,0,69,24.2172484344969,0,1,1,1,1,,0,0,0,0,0,,0,,,,0,0,0,,,0,94.6,0,319.148936170213,5.76565787837429,3,1,0,1,73,0,0,,8631,,,,37.6129408335762,1,Q2,low,low,Q1-Q3,Q1-Q3,,,,,,
1,2810800301,2018-06-28,20000,3,1,180,42,234,104,0.72,7.4,127.6,5.7,11973,15673.9811912226,9.65975736761353,2.29961089494163,0.832739932510878,0,,33.76,,1913.73,1,1499.78840125392,7.31307931130886,0,,0,11973,,,,11973,0,,,2,,5983,11973,14190,14190,2217,,0,0,,,,0,0,,0,11973,C03AA03,12.5 MG,C03,C03A,C03AA,C03AA03,"",,,,,,,,1,,,,"","",,,,,,,,,,,,0,0,0,0,0,0,0,1,0,0,0,,6.16,82.2,2,010909CJB,379.216,1.22,2,217.1,2,124.085,8,13539,13539,33.76,1,0,0,0,0,2,1,0,0,70,0,0,0,0,0,0,0,155,59,0,0,0,0,0,0,1,,,,,3,6,,0,1,1,0,0,0,0,1,1,1,1,2,0,,,0,0,71,31.3064113631818,0,0,1,0,1,,0,0,0,0,0,,0,,,,0,0,0,,,0,91.2,1,57.9937304075235,4.06033490828157,2,0,0,0,84,1,1,,17333,,,,186.595014181221,1,Q4,high,high,Q4,Q4,,,,,,
1,2810801840,2018-12-08,4177.6,2,1,126,40,127,112,1.06,3,99.5,6.3,11889,4198.59296482412,8.34250473976841,,,,,27.52,,888.05,1,892.51256281407,6.79404058953688,0,67.81,0,11889,0,3,,11889,0,,,1,4277,5637,11889,14083,14083,2194,,0,0,,,,0,0,8,0,11889,C10AA05,20 MG,C10,C10A,C10AA,C10AA05,"",,,,,1,1,1,,,,,"","",,,,,,,,,,,,0,0,0,0,1,1,1,0,0,0,0,,0.57,165.5,2,020209CJB,,,21,183.2,21,112.748,8,13117,13117,27.52,1,0,0,0,0,8,0,0,0,0,0,0,0,0,0,0,0,203,66,,,,,,,1,,,,,3,6,,0,1,1,0,0,0,0,,1,1,0,2,0,,,0,0,58,32.7652721421145,0,0,1,1,1,,0,0,0,0,0,,0,,,,0,0,0,,,0,60.6,0,30.1507537688442,3.4062099234857,2,0,0,1,77,0,1,,16905,,,,54.5271813613522,1,Q3,low,low,Q1-Q3,Q1-Q3,,,,,,
1,2810802202,2018-01-10,1323.3,2,1,224,71,60,98,0.54,3,35.9,5.6,12657,3686.07242339833,8.21231678627286,1.68501270110076,0.521773101521176,0,,30.12,,816.51,1,2274.40111420613,7.72947205022681,0,70.73,0,12657,0,3,41,12657,1,4151,16808,2,4816,5822,12657,14848,14848,2191,13384,1,0,727,13384,,0,1,8,1,12657,M01AE01,200 MG,M01,M01A,M01AE,M01AE01,"",,1,,,,,,,,,,"","",,,,,,,,,,,,0,1,0,0,0,0,0,0,0,0,0,,1,41.85,2,021209CJB,,1.23,38,210.9,38,128.82,8,13640,13640,30.12,0,0,0,0,0,2,1,1,1,0,0,0,0,0,0,0,0,161,61.5,0,0,0,0,0,0,1,,,,,8,8,,0,1,0,0,0,0,0,1,1,1,2,2,0,,,0,0,67,29.9282454602982,1,0,0,0,0,,0,0,0,0,0,,0,,3,1,0,0,0,,,0,141,0,83.5654596100279,4.42563027215601,2,0,0,0,98,0,0,,17424,16808,41,4767,37.6129839122278,0,Q2,low,low,Q1-Q3,Q1-Q3,CHF,13.0513347022587,1,1,1,0
1,2810803321,2018-12-15,5035.1,2,1,243,91,108,113,0.55,3,109.8,5.8,12626,4585.70127504554,8.43069832284129,2.2377358490566,0.805464573011503,0,,38.94,,897.65,1,817.531876138434,6.7062898942295,0,66.05,0,12626,0,3,,12626,0,,,2,4580,5818,12626,14582,14582,1956,,0,0,,,,0,0,8,0,12626,M01AX05,500 + 400 MG,M01,M01A,M01AX,M01AX25,"",,1,,,1,,,,,,,M01AX25,"",,1,,,,,,,,,,0,1,0,0,1,0,0,0,0,0,0,,17.26,109.4,2,021109bCJ,667.524,9.3,37,239.9,37,123.661,8,13632,13632,38.94,1,0,0,0,0,2,0,0,0,0,0,0,0,0,0,0,0,254,59.75,1,1,0,0,0,0,1,,,,,4,1,,0,1,1,0,0,0,0,1,1,1,0,2,0,,,0,1,60,50.0222831295963,0,0,1,0,1,,0,0,0,0,0,,0,,,,0,0,1,,,0,130.4,0,27.3224043715847,3.30770703857482,1,0,0,0,102,0,1,,17417,,,,44.9578556377014,1,Q3,low,low,Q1-Q3,Q1-Q3,,,,,,
1,2810803654,2017-10-28,4365.7,2,1,130,55,51,96,0.99,5.3,180.7,5.7,11603,2415.99335915883,7.78986581035839,,,,,33.44,,2935.07,1,1624.27780852241,7.39281857045288,0,57.63,0,11603,0,3,,11603,0,,,1,4389,5657,11603,,,,,0,0,,,,0,0,8,0,11603,C10AA05,10 MG,C10,C10A,C10AA,C10AA05,"",,,,,,1,1,,,,,"","",,,,,,,,,,,,0,0,0,0,0,1,1,0,0,0,0,,6.84,47.79,2,012309CJB,351.346,3.27,14,161.5,14,114.515,8,12946,12946,33.44,0,0,0,0,0,8,0,0,0,0,0,0,0,0,0,0,0,196,70,0,0,0,0,0,0,1,,,,,4,6,,0,0,0,0,0,0,0,,1,1,0,,0,,,0,0,72,28.1232562465125,0,0,0,1,0,,0,0,0,0,0,,0,,,,0,0,1,,,0,64.8,1,29.3303818483675,3.37862390194203,1,0,0,1,76,0,0,13960,,13960,27,2357,31.7893863047214,0,Q1,low,low,Q1-Q3,Q1-Q3,,6.45311430527036,1,0,0,0
1,2810803716,2018-02-22,246.4,2,1,221,84,136,110,0.85,3,15.4,5,12480,1600,7.37775890822787,2.35310218978102,0.855734538373384,0,,45.12,,208.16,1,1351.68831168831,7.2091096913327,0,61.94,0,12480,0,3,,12480,0,,,1,4330,5645,12480,14776,14776,2296,,0,0,,,,0,0,8,0,12480,"","","","","","","",,,,,,,,,,,,"","",,,,,,,,,,,,0,0,0,0,0,0,0,0,0,0,0,,2.85,51.04,2,022109CJB,408.888,1.15,50,278.3,50,151.55,8,13100,13100,45.12,0,0,0,0,0,8,0,0,0,0,0,0,0,0,0,0,0,215,70.25,0,0,0,0,0,0,1,,,,,8,1,,0,1,0,0,0,0,0,,1,1,0,2,0,,,0,0,49,30.6303116373916,0,,0,0,0,,0,0,0,0,0,,0,,,,0,0,0,,,0,109.8,0,194.805194805195,5.27200005823066,2,0,0,0,102,0,0,,16880,,,,15.6862745098039,1,Q1,low,low,Q1-Q3,Q1-Q3,,,,,,
1,2810804916,2017-10-29,3038.3,2,1,224,65,234,112,0.83,3,15.2,5.9,11729,19988.8157894737,9.90292818559329,1.22173274596182,0.200270134671696,1,,28.18,,356.38,1,2344.60526315789,7.75987233543513,0,63.97,,11729,0,3,,11729,0,,,2,4288,5638,11729,13920,13920,2191,11729,1,1,-1141,10588,,0,0,8,0,11729,C09AA03,10 MG,C09,C09A,C09AA,C09AA03,"",,,,1,1,,,1,,1,1,"","",,,,,,,,,,,,0,0,0,1,1,0,0,1,0,1,1,,3.15,28.71,2,012609CJB,546.5,2.02,15,199.6,15,115.873,8,13059,13059,28.18,1,0,0,0,1,2,0,0,0,0,0,0,0,1,0,0,0,287,64.5,0,0,0,0,0,0,1,,,,,4,5,,0,1,1,1,0,1,0,1,1,1,0,2,0,,,0,0,58,48.5029417868463,0,1,1,0,1,,0,0,0,0,0,,0,,1,3,1,1,0,,,0,112.2,0,197.368421052632,5.28507213979802,2,1,0,0,78,1,1,14249,,14249,27,2520,256.266869095816,0,Q4,high,high,Q4,Q4,,6.8993839835729,1,0,0,0
7,2810805553,2018-11-24,11128.1,2,1,201,102,50,87,1.33,28.1,204.5,5.8,4567,5441.61369193154,8.6018309304089,1.50399248473462,0.40812322866318,1,0.9,34.66,34.24,744.36,2,363.9902200489,5.89712699927826,0,79.67,0,4567,0,3,13,4567,0,,,2,4567,6252,,,6252,1685,,0,0,,,,0,0,8,0,4567,M01AC06,7.5 MG,M01,M01A,M01AC,M01AC06,"",,1,,,1,,,1,,,,"","",,,,,,,,,,,,0,1,0,0,1,0,0,1,0,0,0,,2.43,49.45,2,122208CJB,311.78,1.76,1,220.8,1,134.774,3,,,34.66,1,0,0,0,0,,0,0,0,0,0,0,,,,,0,184,65.5,0,0,0,0,0,0,,1,,,,8,8,,0,1,1,0,,,0,,2,2,0,2,0,,,0,0,80,30.1537156888194,0,0,1,0,1,,0,0,0,0,0,,1,7208,,,0,0,1,,,0,89,1,137.408312958435,4.92295687983898,2,0,0,0,44,0,1,,9240,7208,13,4673,123.67303845299,0,Q3,low,high,Q4,Q1-Q3,Cancer Death,12.7939767282683,1,1,1,0
1,2810805706,2018-01-01,4026.3,2,0,169,46,145,100,1.56,103.5,147,5.8,12056,2738.97959183674,7.91534071828123,1.85074626865672,0.615588946214071,0,,44.18,,2058.39,1,1400.26530612245,7.24441700202284,0,65.07,0,12056,0,3,12,12056,1,2758,14814,1,4365,5692,12056,,,,14814,1,0,2758,14814,,0,1,8,1,12056,M01AE01,200 MG,M01,M01A,M01AE,M01AE01,"",,1,,,,,,,,,,"","",,,,,,,,,,,,0,1,0,0,0,0,0,0,0,0,0,,10.6,68.42,2,021009CJB,317.842,2.56,34,208.7,34,132.549,8,13107,13107,44.18,0,0,0,0,0,8,0,0,0,0,0,0,0,0,0,0,0,226,67.75,0,0,0,0,0,0,1,,,,,3,2,,0,1,0,0,0,0,0,,1,1,0,2,0,,,0,0,78,34.6174802179264,0,0,0,0,0,,0,0,0,0,0,,1,13877,1,2,0,0,0,,,0,94,1,704.081632653061,6.55689430490883,3,0,0,0,42,0,0,,16892,13877,12,4836,65.2137998056366,0,Q2,low,high,Q1-Q3,Q1-Q3,TIA,13.2402464065708,1,1,1,0
1,2810806323,2018-02-22,171.5,2,1,229,62,106,76,0.69,3,9.2,5.2,12759,1864.13043478261,7.53054996853909,1.72487160674982,0.545152616843537,0,,28.92,,68.39,1,743.369565217391,6.6111933170431,0,64.05,0,12759,0,3,,12759,0,,,2,,5788,12759,,,,,0,0,,,,0,0,8,0,12759,"","","","","","","",,,,,,,,,,,,"","",,,,,,,,,,,,0,0,0,0,0,0,0,0,0,0,0,,0.41,28.12,2,022109CJB,262.382,1.75,49,289.1,49,150.178,8,13415,13415,28.92,0,0,0,0,0,2,1,1,1,0,0,0,0,0,0,0,0,159,67.5,0,0,0,0,0,0,1,,,,,8,2,,0,1,0,0,0,0,0,1,1,1,2,2,0,,,0,0,56,24.5355157376982,1,0,0,0,0,,0,0,0,0,0,,0,,,,0,0,0,,,0,145.8,0,326.086956521739,5.78716408359525,3,0,0,0,97,0,0,,13612,,,,19.2178395338413,1,Q1,low,low,Q1-Q3,Q1-Q3,,,,,,
1,2810806399,2018-02-22,497.3,2,1,263,81,74,108,0.59,3,18.1,6,12637,2747.5138121547,7.918451713437,1.47339550191991,0.38756960240452,1,,42.24,,178.03,1,983.591160220994,6.89121032313308,0,73.26,0,12637,0,3,,12637,0,,,2,,5807,12637,14441,14441,1804,,0,0,,,,0,0,8,0,12637,M01AE01,200 MG,M01,M01A,M01AE,M01AE01,"",,1,,,,,,,,,,"","",,,,,,,,,,,,0,1,0,0,0,0,0,0,0,0,0,,0.88,43.44,2,022109CJB,597.742,2.42,50,290.8,50,147.292,8,13273,13273,42.24,0,0,0,0,0,2,0,0,0,0,0,0,0,0,0,0,0,132,60.25,0,0,0,0,0,0,1,,,,,4,0,,0,0,0,0,0,0,0,1,1,1,0,,0,,,0,0,54,25.5661563990954,0,0,0,0,0,,0,0,0,0,0,,0,,,,0,0,0,,,0,167.2,0,165.745856353591,5.11045562937847,2,0,0,0,104,0,0,,17053,,,,26.418402039949,1,Q2,low,low,Q1-Q3,Q1-Q3,,,,,,
7,2810807277,2017-08-10,1398.5,2,1,212,62,83,104,0.83,5,70.2,5.7,4124,1992.16524216524,7.59697738759834,1.46803977272727,0.383928022963781,1,4.6,40.02,37.5,872.1,2,1242.30769230769,7.12472597118927,0,60.88,0,4124,0,3,,4124,0,,,1,4124,5966,,,5966,1842,,0,0,,,,0,0,8,0,4124,"","","","","","","",,,,,,,,,,,,"","",,,,,,,,,,,,0,0,0,0,0,0,0,0,0,0,0,,0.9,68.37,2,122308CJB,384.714,1.13,1,225.8,1,179.406,3,,,40.02,1,0,0,0,0,,0,0,0,0,0,0,,,,,0,161,67.75,0,0,0,0,0,0,,,1,,,7,6,,0,1,1,0,,,0,,2,3,0,2,0,,,0,0,79,24.6611252879918,0,0,1,0,1,,0,0,0,0,0,,0,,,,0,0,1,,,0,133.4,1,71.2250712250712,4.26584488038447,2,0,0,0,84,0,0,,8778,,,,23.7162528829196,1,Q1,low,low,Q1-Q3,Q1-Q3,,,,,,
1,2810808178,2017-10-22,1490.6,2,1,172,77,56,107,0.87,3.7,119.2,5.8,12278,1250.5033557047,7.13130143380444,2.16012810248199,0.770167526642123,0,,30.66,,952.31,1,798.917785234899,6.68325804339428,0,73.21,0,12278,0,3,12,12278,0,,,2,4544,5818,12278,14337,14337,2059,,0,0,,,,0,0,8,0,12278,"","","","","","","",,,,,,,,,,,,"","",,,,,,,,,,,,0,0,0,0,0,0,0,0,0,0,0,,0.57,38.25,2,012109CJB,479.41,1.6,11,99,11,73.86,8,13667,13667,30.66,0,0,0,0,0,2,0,0,0,0,0,0,0,0,0,0,0,134,61.75,0,0,0,0,0,0,1,,,,,8,1,,0,1,0,0,0,0,0,1,1,1,0,2,0,,,0,0,63,24.7079371045759,0,0,0,0,0,,0,0,0,0,0,,1,12188,,,0,0,0,,,0,83.8,0,31.0402684563758,3.43528534400107,2,0,0,0,71,0,0,,17459,12188,12,5181,17.6127233197845,1,Q1,low,low,Q1-Q3,Q1-Q3,TIA,14.1848049281314,1,1,1,0
1,2810808806,2018-12-06,3638.1,2,1,222,65,115,108,0.75,8.1,81.1,5.7,12459,4485.94327990136,8.40870407119758,3.58757062146893,1.27747526631886,0,,47.46,,961.19,1,1185.19112207152,7.07765932501283,0,61.68,0,12459,0,3,,12459,0,,,2,4569,5856,12459,14524,14524,2065,14145,1,0,1686,14145,,0,0,8,0,12459,M01AE01,12.5 MG,M01,M01A,M01AE,M01AE01,"",,1,,1,,,,,,,,"","",,,,,,,,,,,,0,1,0,1,0,0,0,0,0,0,0,,4.75,75.35,2,012109CJB,318.67,1.41,11,200.8,11,124.266,8,13844,13844,47.46,0,0,0,0,0,2,0,0,0,0,0,0,0,0,0,0,0,212,65.25,0,0,0,0,0,0,1,,,,,7,3,,0,1,0,0,0,0,0,1,1,1,0,2,0,,,0,0,59,35.0090593165729,0,0,0,0,0,,0,0,0,0,0,,0,,1,4,0,0,0,,,0,134,1,99.8766954377312,4.60393637953916,2,0,0,0,87,0,1,,17636,,,,51.5625664356478,1,Q3,low,low,Q1-Q3,Q1-Q3,,,,,,
1,2810810648,2018-12-06,6058.9,2,1,177,64,95,100,0.76,4.7,81.4,5.4,11623,7443.36609336609,8.91507845741473,1.38633686690224,0.326664920948929,1,,71.88,,705.53,1,866.744471744472,6.7647442064017,0,60.74,0,11623,0,3,,11623,0,,,1,4386,5649,11623,14364,14364,2741,,0,0,,,,0,0,8,0,11623,C02CA04,2 MG,C02,C02C,C02CA,C02CA04,"",,,1,,,,,,,,,"","",,,,,,,,,,,,0,0,1,0,0,0,0,0,0,0,0,,0.27,39.87,2,012309CJB,291.68,1.08,14,279.6,14,159.219,8,12967,12967,71.88,0,0,0,0,0,8,0,0,0,0,0,0,0,0,0,0,0,159,65.5,0,0,0,0,0,0,1,,,,,3,6,,0,1,0,0,0,0,0,,1,1,0,2,0,,,0,0,76,26.0567434484907,0,0,0,0,0,,0,0,0,0,0,,0,,,,0,0,0,,,0,94,1,57.7395577395577,4.05594251468966,2,0,0,0,89,1,1,16423,,16423,29,4800,83.6333268917539,0,Q4,high,high,Q4,Q4,Death,13.1416837782341,1,1,1,0
1,2810810668,2017-11-23,3254.1,2,0,289,43,165,93,0.7,3,40.3,5.9,12496,8074.68982630273,8.99648973574974,2.25249643366619,0.812039127221052,0,,49.4,,1670.01,1,4143.94540942928,8.32940361045228,0,58.05,0,12496,0,3,,12496,0,,,2,5376,,12496,15393,15393,2897,,0,0,,,,0,0,8,0,12496,C10AA05,40 MG,C10,C10A,C10AA,C10AA05,"",,,,,,1,1,,,,,"","",,,,,,,,,,,,0,0,0,0,0,1,1,0,0,0,0,,1.42,78.39,2,013009CJB,323.664,1.44,21,211.2,21,182.283,8,13727,13727,49.4,0,0,0,0,0,2,1,1,1,0,0,0,0,0,0,0,0,129,62.25,0,0,0,0,0,0,1,,,,,3,0,,0,1,0,0,0,0,0,1,1,1,2,2,0,,,0,0,69,23.4054293046894,1,0,0,1,0,,0,0,0,0,0,,0,,,,0,0,0,,,0,213,0,74.4416873449132,4.31001609869761,2,0,0,1,88,1,1,15583,,15583,28,3087,91.7578389352583,0,Q4,high,high,Q4,Q4,Death,8.4517453798768,1,0,0,0
1,2810810837,2018-12-15,3044.1,2,1,235,51,131,89,0.69,15.1,190.9,5.5,11868,1594.60450497643,7.37438102520954,1.13222698072805,0.12418647269159,1,,50.18,,2598.58,1,1361.22577265584,7.21614087622347,0,73.73,0,11868,0,3,,11868,0,,,2,4354,5673,11868,,,,,0,0,,,,0,0,8,0,11868,M01AE02,220 MG,M01,M01A,M01AE,M01AE02,"",,1,,,,,,,,,,"","",,,,,,,,,,,,0,1,0,0,0,0,0,0,0,0,0,,2.93,26.29,2,020909CJB,646.902,1.32,32,231.7,32,184.722,8,12944,12944,50.18,0,0,0,0,0,2,1,1,1,0,0,0,0,0,0,0,0,108,63,0,0,0,0,0,0,1,,,,,4,6,,0,1,0,0,0,0,0,1,1,1,2,2,0,,,0,0,67,19.1314668343622,1,0,0,0,0,,0,0,0,0,0,,0,,,,0,0,0,,,0,157.8,1,79.0990047145102,4.37070029207131,2,0,0,0,90,0,0,13336,,13336,27,1468,17.7178278330714,0,Q1,low,low,Q1-Q3,Q1-Q3,,4.01916495550992,1,0,0,0
1,2810810943,2018-02-22,2070.9,2,1,166,92,45,81,0.57,3,75.6,5.1,11977,2739.28571428572,7.91545247718014,4.05769230769231,1.40061441489464,0,,31.82,,1462.54,1,1934.57671957672,7.56764383196195,0,67.02,0,11977,0,3,,11977,0,,,2,4400,5789,11977,,,,,0,0,,,,0,0,8,0,11977,"","","","","","","",,,,,,,,,,,,"","",,,,,,,,,,,,0,0,0,0,0,0,0,0,0,0,0,,2.97,23.41,2,022009CJB,193.978,4.65,49,202.8,49,103.24,8,12645,12645,31.82,0,0,0,0,0,2,0,0,0,0,0,0,0,0,0,0,0,125,64.75,0,0,0,0,0,0,1,,,,,4,1,,0,1,0,0,0,0,0,1,1,1,0,2,0,,,0,0,58,20.9621623459046,0,0,0,0,0,,0,0,0,0,0,,0,,,,0,0,0,,,0,65,0,39.6825396825397,3.68091128446476,2,0,0,0,102,0,0,,16425,,,,26.8557422969188,1,Q2,low,low,Q1-Q3,Q1-Q3,,,,,,
7,2810811634,2018-11-24,4047.8,2,1,174,75,49,101,1.15,48.1,131.8,6.2,3166,3071.1684370258,8.02981336655179,3.41046511627907,1.2268486797299,0,0.2,49.1,49.26,999.51,2,758.353566009105,6.63114972281259,0,74.83,0,3166,0,3,,3166,0,,,1,3166,4865,,,4865,1699,,0,0,,,,0,0,8,0,3166,C10AA07,5 MG,C10,C10A,C10AA,C10AA07,"",,,,,1,1,1,,,,,"","",,,,,,,,,,,,0,0,0,0,1,1,1,0,0,0,0,,1.41,33.11,2,122208CJB,377.386,1.74,1,185.5,1,106.775,3,,,49.1,0,0,0,0,0,,1,0,0,57,0,0,,,,,0,136,64.5,0,0,0,0,0,0,,,1,,,8,1,,0,1,0,0,,,0,,2,3,1,2,0,,,0,0,61,22.9839724146728,0,0,0,1,0,,0,0,0,0,0,,0,,,,0,0,0,,,0,89.2,1,364.9468892261,5.89975183402545,3,0,0,1,68,0,0,,7855,,,,45.1642417209676,1,Q2,low,low,Q1-Q3,Q1-Q3,,,,,,
7,2810812307,2017-08-10,185.8,2,1,231,48,390,93,0.76,4.9,8.1,5.9,3191,2293.82716049383,7.73797695068944,2.97752808988764,1.09109345625408,0,2,42.58,43.8,355.31,2,4386.54320987654,8.38629677216999,0,66.13,0,3191,0,3,,3191,0,,,2,3191,,,,,,,0,0,,,,0,0,8,0,3191,"","","","","","","",,,,,,,,,,,,"","",,,,,,,,,,,,0,0,0,0,0,0,0,0,0,0,0,,2.31,82.42,2,122908CJB,240.144,0.93,2,172.8,2,132.344,3,,,42.58,0,0,0,0,0,,0,0,0,0,0,0,,,,,0,124,57,0,0,0,0,0,0,,,1,,,8,6,,0,1,0,0,,,0,,2,3,0,2,0,,,0,0,69,26.8335162709107,0,0,0,0,0,,0,0,0,0,0,,0,,,,0,0,1,,,0,105,1,604.938271604938,6.40512642242033,3,0,0,0,80,0,0,,7489,,,,28.6728395061729,1,Q1,low,low,Q1-Q3,Q1-Q3,,,,,,
1,2810812550,2018-06-30,20000,3,1,178,62,90,97,1.01,14.2,227.1,5.7,11357,8806.69308674593,9.08326728941271,1.98318385650224,0.684703561579776,0,,53.76,,2110.42,1,929.291061206517,6.83442199567115,0,72.43,0,11357,0,3,,11357,0,,,1,4409,5617,11357,,,,12420,1,0,1063,12420,,0,0,8,0,11357,C10AA05,20 MG,C10,C10A,C10AA,C10AA05,"",,,,,1,1,1,1,,,,"","",,,,,,,,,,,,0,0,0,0,1,1,1,1,0,0,0,,0.73,59.59,2,013009CJB,188.002,0.94,20,167.7,20,118.397,8,12595,12595,53.76,1,0,0,0,0,8,0,0,0,0,0,0,0,0,0,0,0,179,67.25,0,0,0,0,0,0,1,,,,,3,1,,0,1,1,0,0,0,0,,1,1,0,2,0,,,0,0,57,27.8274919811818,0,0,1,1,1,,0,0,0,0,0,,0,,1,1,0,0,0,,,0,98,1,62.5275209158961,4.13560679447784,2,0,0,1,82,1,1,12421,,12421,23,1064,107.398696179828,0,Q4,high,high,Q4,Q4,CHD Death,2.91307323750856,0,0,0,0
1,2810812565,2018-06-28,20000,3,1,229,30,198,133,0.92,3,118.9,7,11183,16820.8578637511,9.73037493482748,1.71216097987752,0.537756303601266,0,,47.52,,1967.87,1,1655.06307821699,7.41159440081113,0,,0,11183,,,12,11183,0,,,2,4307,5476,11183,13349,13349,2166,13499,1,0,2316,13499,,0,0,,0,11183,C09CA01,50 MG,C09,C09C,C09CA,C09CA01,"",,,,1,1,,,,,,,"","",,,,,,,,,,,,0,0,0,1,1,0,0,0,0,0,0,,8.57,301.1,2,011309CJB,332.988,5.34,5,237.3,5,186.789,8,12672,12672,47.52,1,0,0,0,0,2,0,0,0,0,0,0,0,0,0,0,2,216,64.25,1,1,0,0,0,0,1,,,,,3,6,,0,0,1,0,0,0,1,1,1,1,0,,0,,,1,1,74,36.7885863479944,0,0,1,0,1,140,0,1,1,0,1,13498,1,9887,1,1,0,0,0,,,0,159.4,0,25.2312867956266,3.22808476395351,1,1,0,0,61,1,1,,16465,9887,12,5282,275.751768258214,1,Q4,high,high,Q4,Q4,TIA,14.4613278576318,1,1,1,0
1,2810813156,2017-09-02,3549,2,1,195,55,104,100,0.96,3,38.3,5.5,12117,9266.31853785901,9.13414144244799,1.85252140818268,0.616547634495249,0,,56.3,,606.66,1,1583.96866840731,7.36768879213285,0,62.51,0,12117,0,3,,12117,0,,,1,4565,5789,12117,14377,14377,2260,,0,0,,,,0,0,8,0,12117,M01AX05,"",M01,M01A,M01AX,M01AX25,"",,1,,1,1,1,1,,,,,M01AX25,"",,1,,,,,,,,,,0,1,0,1,1,1,1,0,0,0,0,,2.36,42.11,2,011209CJB,225.734,4.87,3,159.9,3,132.678,8,13637,13637,56.3,1,0,0,0,0,8,0,0,0,0,0,0,0,0,0,0,0,153,67,,,,,,,1,,,,,8,7,,0,1,1,0,0,0,0,,1,1,0,2,0,,,0,0,66,23.9633448747851,0,0,1,1,1,,0,0,0,0,0,,0,,,,0,0,0,,,0,119.2,0,78.3289817232376,4.36091767146365,2,0,0,1,82,1,1,,17163,,,,113.003884608037,1,Q4,high,high,Q4,Q4,,,,,,
1,2810813260,2018-02-03,949.6,2,1,237,97,177,102,0.64,3,71.2,5.5,12603,1333.70786516854,7.19571821086562,3.17354497354497,1.15484925125527,0,,61.9,,2000.99,1,2810.37921348315,7.94107470464016,0,74.56,0,12603,0,3,,12603,0,,,2,4529,5718,12603,15088,15088,2485,,0,0,,,,0,0,8,0,12603,M01AE02,20/12.5 MG,C03,C03A,C03AA,C03AA03,"",,1,,,1,,,,,,,C03AA03,"",,,,,,,,1,,,,0,1,0,0,1,0,0,1,0,0,0,,0.98,44.16,2,021909CJB,,,,,,,,,,61.9,1,0,0,0,0,2,1,1,1,0,0,0,0,0,0,0,0,131,62,0,0,0,0,0,0,1,,,,,6,1,,0,1,1,0,0,0,0,1,1,1,2,2,0,,,0,0,55,23.9603705013862,1,0,1,0,1,,0,0,0,0,0,,0,,,,0,0,0,,,0,104.6,0,42.1348314606742,3.74087474923232,2,0,0,0,100,0,0,16041,,16041,29,3438,13.3370786516854,0,Q1,low,low,Q1-Q3,Q1-Q3,Death,9.41273100616016,1,0,0,0
1,2810813487,2018-01-01,206.6,2,1,186,51,137,126,0.81,3,14.2,5.7,12802,1454.92957746479,7.28271277806642,2.04437643458301,0.715092821032314,0,,40.6,,202.53,1,1426.2676056338,7.26281624510277,0,67.46,0,12802,0,3,,12802,0,,,2,4521,5818,12802,14994,14994,2192,,0,0,,,,0,0,8,0,12802,C07AB07,2.5 MG,C07,C07A,C07AB,C07AB07,"",,,,1,,,,,,,,"","",,,,,,,,,,,,0,0,0,1,0,0,0,0,0,0,0,,2.41,177.2,2,021009CJB,668.362,2.58,34,226.8,34,120.141,8,13841,13841,40.6,0,0,0,0,0,2,0,0,0,0,0,0,0,0,0,0,0,216,63.5,0,0,0,0,0,0,1,,,,,7,1,,0,1,0,0,0,0,0,1,1,1,0,2,0,,,0,0,63,37.6627400908097,0,0,0,0,0,,0,0,0,0,0,,0,,,,0,0,0,,,0,107.6,0,211.267605633803,5.35312560304303,2,0,0,0,77,0,0,,17626,,,,18.8951893177245,1,Q1,low,low,Q1-Q3,Q1-Q3,,,,,,
1,2810813516,2018-11-26,10032.6,2,1,185,71,87,103,0.8,30.6,136.9,5.1,11364,7328.41490138788,8.89951452339037,,,,,21.18,,1007.25,1,735.756026296567,6.60089857776515,0,68.33,0,11364,0,3,,11364,0,,,1,4376,5681,11364,,,,,0,0,,,,0,0,8,0,11364,C07AA05,20 MG,C03,C03A,C03AA,C03AA03,"",,,,1,,,,,,,,C03AA03,"",,,,,,,,1,,,,0,0,0,1,0,0,0,1,0,0,0,,16.94,32.73,2,010909CJB,823.25,1.2,1,216.6,1,127.848,8,12951,12951,21.18,1,0,0,0,0,8,0,0,0,0,0,0,0,0,0,0,0,146,66,0,0,0,0,0,0,1,,,,,5,6,,0,1,1,0,0,0,0,,1,1,0,2,0,,,0,0,82,23.5651710972843,0,0,1,0,1,140,0,1,1,0,0,,0,,,,0,0,1,,,0,96.6,1,223.520818115413,5.40950455564607,2,0,0,0,83,1,1,12854,,12854,27,1490,88.2941554384082,0,Q4,high,high,Q4,Q4,,4.07939767282683,1,0,0,0
1,2810814844,2017-11-13,3757.3,2,1,229,63,101,94,0.85,3,106.6,4.7,12494,3524.67166979362,8.1675425675873,1.1098376313276,0.10421372654132,1,,41.24,,3356.22,1,3148.42401500938,8.05465729392609,0,72.9,0,12494,0,3,,12494,0,,,1,5474,6936,12494,14618,14618,2124,9724,1,1,-5523,6971,,0,0,8,0,12494,C09AA03,10 MG,C09,C09A,C09AA,C09AA03,"",,,,1,1,,,,,,1,"","",,,,,,,,,,,,0,0,0,1,1,0,0,0,0,0,1,,1.66,68.41,2,012909CJB,241.514,1.07,18,348.3,18,223.153,8,13758,13758,41.24,1,0,0,0,0,8,0,0,0,0,0,0,0,1,0,0,0,234,69.5,0,0,0,0,0,0,1,,,,,4,1,,0,1,1,0,0,1,0,,1,1,0,2,0,,,0,0,55,34.0605660249673,0,0,1,0,1,,0,0,0,0,0,,0,,1,1,1,0,0,,,0,145.8,0,28.1425891181989,3.3372840559185,1,0,0,0,98,0,0,14746,16519,14746,28,2252,35.9660374468737,0,Q2,low,low,Q1-Q3,Q1-Q3,Death,6.16563997262149,1,0,0,0
1,2810817165,2018-01-08,3320.1,2,1,180,57,135,122,1.05,3,114.2,6.1,11819,2907.26795096322,7.97496907070503,2.19459459459459,0.785997334523408,0,,21.96,,763.56,1,668.61646234676,6.50521059579888,0,65.57,0,11819,0,3,,11819,0,,,2,,,11819,,,,,0,0,,,,0,0,8,0,11819,M01AX05,"",M01,M01A,M01AX,M01AX25,"",,1,,,,,,,,,,M01AX25,"",,1,,,,,,,,,,0,1,0,0,0,0,0,0,0,0,0,,2.64,106.7,2,021109bCJ,466.152,3.28,36,255.4,36,141.119,8,12834,12834,21.96,0,0,0,0,0,2,0,0,0,0,0,0,0,0,0,0,0,185,62.5,0,0,0,0,0,0,1,,,,,3,6,,0,0,0,0,0,0,0,1,1,1,0,,0,,,0,0,81,33.2979353958708,0,0,0,0,0,,0,0,0,0,0,,0,,,,0,0,1,,,0,96,0,26.2697022767075,3.26841627042834,1,0,0,0,50,0,0,13525,,13525,27,1706,58.1453590192645,0,Q2,low,low,Q1-Q3,Q1-Q3,,4.67077344284737,1,0,0,0
1,2810817573,2017-11-13,3555.9,2,1,170,50,122,107,1.04,3,133.2,5.5,12477,2669.59459459459,7.88968190263537,,,,,40.6,,2294.41,1,1722.53003003003,7.45154943671554,0,56.98,2,12477,0,3,41,12477,1,1113,13590,1,4498,5820,12477,14557,14557,2080,4982,1,1,-7495,4982,,0,1,8,1,12477,"","","","","","","",,,,,,,,,,,,"","",,,,,,,,,,,,0,0,0,0,0,0,0,0,0,0,0,,0.9,54.99,2,012709CJB,429.254,1.16,17,146,17,115.539,8,13768,13768,40.6,0,0,0,0,0,8,0,0,0,0,0,0,0,1,0,0,0,253,74,1,1,0,0,0,0,1,,,,,8,1,,0,1,0,0,0,1,0,,1,1,0,2,0,,,0,1,66,32.4834908252724,0,0,0,0,0,,0,0,0,0,0,,0,,1,2,1,0,1,,,0,95.6,0,22.5225225225225,3.11451580954396,1,0,0,0,74,0,0,,17559,13590,41,5082,36.0756026296567,1,Q1,low,low,Q1-Q3,Q1-Q3,CHF,13.9137577002053,1,1,1,0
1,2810818210,2017-09-15,2923.4,2,1,166,71,65,109,0.77,3,80.8,6.4,11325,3618.06930693069,8.19369582191624,2.05756207674944,0.721521824073582,0,,48.98,,1068.54,1,1322.45049504951,7.18724173017701,0,71.56,0,11325,0,3,,11325,0,,,2,4752,5830,11325,13558,13558,2233,,0,0,,,,0,0,8,0,11325,M01AX05,1500MG/1200MG,M01,M01A,M01AX,M01AX25,"",,1,,,,,,,,,,M01AX25,"",,1,,,,,,,,,,0,1,0,0,0,0,0,0,0,0,0,,3.85,52.31,2,011409CJB,343.424,0.85,6,185.1,6,99.077,8,12789,12789,48.98,0,0,0,0,0,2,0,0,0,0,0,0,0,0,0,0,0,161,61.25,0,0,0,0,0,0,1,,,,,8,6,,0,1,0,0,0,0,0,1,1,1,0,2,0,,,0,0,74,30.1730562644799,0,0,0,0,0,,0,0,0,0,0,,0,,,,0,0,0,,,0,82,0,37.1287128712871,3.6143906021232,2,0,0,0,76,0,0,,16582,,,,47.6061750911933,1,Q2,low,low,Q1-Q3,Q1-Q3,,,,,,
1,2810818322,2018-02-17,2463.7,2,1,156,74,88,124,0.94,7.6,38,6,12917,6483.42105263158,8.77700359025583,,,,,33.2,,356.75,1,938.815789473684,6.84461928261865,0,51.62,1,12917,1,2,1,12917,1,-1557,11360,2,4566,5776,12917,,,,12917,1,1,-3919,8998,,1,0,5,1,12917,C10AX09,40 MG,C10,C10A,C10AA,C10AA01,"",,,,,1,1,,1,,,1,C10AA01,"",,,,,,1,1,,,,,0,0,0,0,1,1,1,1,0,0,1,,0.84,76.65,2,022009CJB,424.184,1.69,49,190.6,49,113.015,8,13601,13601,33.2,1,0,0,0,0,2,0,0,0,0,0,0,,1,0,0,0,132,60,0,0,0,0,0,0,1,,,,,3,0,,0,1,1,0,0,1,0,1,1,1,0,2,0,,,0,0,81,25.7796515593031,0,0,1,1,1,141,0,1,0,1,1,3859,0,,1,3,1,1,1,,,0,64.4,1,200,5.29831736654804,2,0,0,1,57,1,1,16847,,3859,1,,113.744228993536,1,Q4,high,high,Q4,Q4,MI,,,,,
1,2810818349,2018-12-15,7772.5,2,1,167,92,69,114,0.75,4.2,74,5.2,11593,10503.3783783784,9.25945223471683,,,,,69.56,,1226.01,1,1656.77027027027,7.41262536585367,0,,,,,,,11593,0,,,2,4412,5673,11593,,,,11593,1,1,-2058,9535,,0,0,,0,11593,C07AA12,40 MG,C07,C07A,C07AA,C07AA12,"",,,,1,,,,1,,,1,"","",,,,,,,,,,,,0,0,0,1,0,0,0,1,0,0,1,,1.44,107,2,021209CJB,279.522,9.97,37,152.1,37,86.512,8,12588,12588,69.56,1,0,0,0,0,2,0,0,0,0,0,0,0,1,0,0,0,177,65,0,0,0,0,0,0,1,,,,,3,1,,0,1,1,0,0,1,0,1,1,1,0,2,0,,,0,0,81,29.4545346487143,0,0,1,0,1,,0,0,0,0,0,,0,,1,3,1,1,1,,,0,61.2,1,56.7567567567568,4.03877471106729,2,0,0,0,75,1,1,12941,,7547,6,,140.045045045045,1,Q4,high,high,Q4,Q4,Angina,,,,,
7,2810818695,2017-08-12,3763.7,2,1,221,50,115,114,1.1,3,74.3,6.4,3251,5065.54508748318,8.53021702934903,1.10175619834711,0.0969054506348284,1,1.8,57.24,55.8,374.2,2,503.633916554509,6.22184964810437,0,54.48,1,3251,1,2,1,3251,1,1837,5088,1,3251,5267,,,5267,2016,5267,1,0,1497,4748,,0,1,7,1,3251,C09AA03,10 MG,C09,C09A,C09AA,C09AA03,"",,,,1,1,,,,,,1,"","",,,,,,,,,,,,0,0,0,1,1,0,0,0,0,0,1,,0.83,36.19,2,123008CJB,298.79,1.58,3,217.9,3,172.928,3,,,57.24,,0,0,0,0,,0,0,0,0,0,0,,,,,0,146,67.25,0,0,0,0,0,0,,,1,,,7,6,,0,1,,0,,,0,,2,3,0,2,0,,,0,0,75,22.6972839623047,0,0,1,0,1,140,0,1,1,0,1,-1309,0,,1,3,0,0,0,,,0,148,0,40.3768506056528,3.69825661592653,2,0,0,0,65,0,1,,7840,-1309,1,4589,77.9314628843566,0,Q3,low,high,Q1-Q3,Q1-Q3,MI,12.5639972621492,1,1,1,0
7,2810818782,2017-08-12,1004.8,2,1,236,63,173,91,0.9,3,41.7,5.9,4150,2409.59232613909,7.78721285289727,2.88184438040346,1.05843049903528,0,4.8,52.52,49.1,322.94,2,774.436450839329,6.65213560463681,0,61.79,0,4150,0,3,,4150,0,,,2,4150,5962,,,5962,1812,,0,0,,,,0,0,8,0,4150,M01AE01,200 MG,M01,M01A,M01AE,M01AE01,"",,1,,,,,,,,,,"","",,,,,,,,,,,,0,1,0,0,0,0,0,0,0,0,0,,1.06,37.52,2,122908CJB,276.71,0.79,2,158.3,2,148.692,3,,,52.52,0,0,0,0,0,,0,0,0,0,0,0,,,,,0,138,61.25,0,0,0,0,0,0,,1,,,,7,1,,0,1,0,0,,,0,,2,2,0,2,0,,,0,0,54,25.8626196552685,0,0,0,0,0,,0,0,0,0,0,,0,,,,0,0,0,,,0,138.4,0,71.9424460431655,4.27586643884549,2,0,0,0,84,0,0,,8754,,,,28.6856229302272,1,Q1,low,low,Q1-Q3,Q1-Q3,,,,,,
1,2810818999,2017-09-17,4269.8,2,1,125,46,58,100,1.04,6.5,131.1,5.3,11196,3256.90312738368,8.08853206193666,1.40215264187867,0.338008657064522,1,,39.06,,1109.06,1,845.964912280702,6.74047788390061,0,57.88,0,11196,0,3,,11196,0,,,1,4229,5317,11196,13734,13734,2538,,0,0,,,,0,0,8,0,11196,M01AX05,"",M01,M01A,M01AX,M01AX25,"",,1,,,,,,,,,,M01AX25,"",,1,,,,,,,,,,0,1,0,0,0,0,0,0,0,0,0,,0.51,37.57,2,011509CJB,485.256,1.49,7,224.3,7,163.559,8,12651,12651,39.06,0,0,0,0,0,8,0,0,0,0,0,0,0,0,0,0,0,168,69.25,0,0,0,0,0,0,1,,,,,8,1,,0,1,0,0,0,0,0,,1,1,0,2,0,,,0,0,60,24.6306197104829,0,0,0,0,0,,0,0,0,0,0,,0,,,,0,0,0,,,0,67.4,1,49.580472921434,3.90359706511407,2,0,0,0,78,0,0,,16444,,,,41.7551682997907,1,Q2,low,low,Q1-Q3,Q1-Q3,,,,,,
1,2810820860,2018-05-23,15000,2,1,94,28,150,121,0.98,3,110.4,6,12468,13586.9565217391,9.51686553222944,,,,,34.42,,660.66,1,598.423913043478,6.39429938749865,0,71.19,0,12468,0,3,,12468,0,,,2,4571,5789,12468,,,,,0,0,,,,0,0,8,0,12468,C10AA05,20 MG,C10,C10A,C10AA,C10AA05,"",,,,,1,1,1,1,,,,"","",,,,,,,,,,,,0,0,0,0,1,1,1,1,0,0,0,,2.69,115.9,2,020509CJB,731.628,2.78,28,212.8,28,121.475,8,13595,13595,34.42,1,0,0,0,0,2,0,0,0,0,0,0,0,0,0,0,0,158,66.5,0,0,0,0,0,0,1,,,,,3,6,,0,1,1,0,0,0,0,1,1,1,0,2,0,,,0,0,76,25.1199869237887,0,0,1,1,1,,0,0,0,0,0,,0,,,,0,0,1,,,0,36,0,27.1739130434783,3.30225743380725,1,0,0,1,56,1,1,14660,16506,14660,27,2192,242.624223602484,0,Q4,high,high,Q4,Q4,,6.00136892539357,1,0,0,0
1,2810821226,2018-01-10,196,2,1,231,50,202,98,0.95,14.2,111.2,5.4,12320,176.258992805755,5.17195446340213,1.13003095975232,0.122245030359835,1,,37.58,,1704.39,1,1532.72482014389,7.33480235861282,0,67.37,0,12320,0,3,,12320,0,,,1,4566,5714,12320,14302,14302,1982,,0,0,,,,0,0,8,0,12320,"","","","","","","",,,,,,,,,,,,"","",,,,,,,,,,,,0,0,0,0,0,0,0,0,0,0,0,,2.85,88.92,2,021109bCJ,1300.788,2.79,37,218.4,37,158.133,8,13316,13316,37.58,0,0,0,0,0,8,0,0,0,0,0,0,0,0,0,0,0,194,66.5,0,0,0,0,0,0,1,,,,,1,6,,0,1,0,0,0,0,0,,1,1,0,2,0,,,0,0,75,30.8435282481962,0,0,0,0,0,,0,0,0,0,0,,0,,,,0,0,1,,,0,140.6,1,127.697841726619,4.84966686177287,2,0,0,0,78,0,0,,17101,,,,2.25973067699686,1,Q1,low,low,Q1-Q3,Q1-Q3,,,,,,
1,2810821353,2017-09-06,2721,2,1,231,90,104,95,0.84,3,55.4,5.6,11620,4911.5523465704,8.4993453310181,2.00717875089734,0.696730129573895,0,,57.76,,446.82,1,806.534296028881,6.69274642118546,0,57.26,0,11620,0,3,,11620,0,,,2,4546,5644,11620,13757,13757,2137,,0,0,,,,0,0,8,0,11620,"","","","","","","",,,,,,,,,,,,"","",,,,,,,,,,,,0,0,0,0,0,0,0,0,0,0,0,,0.82,40.52,2,011309CJB,309.798,1.15,4,231,4,129.687,8,13119,13119,57.76,0,0,0,0,0,2,0,0,0,0,0,0,0,0,,0,0,156,64.75,0,0,0,0,0,0,1,,,,,6,1,,0,1,0,0,0,0,0,1,1,1,0,2,0,,,0,0,58,26.1607786076889,0,0,0,0,0,,0,0,0,0,0,,0,,,,0,0,0,,,0,120.2,0,54.1516245487365,3.99178797389701,2,0,0,0,77,0,1,,16912,,,,63.7863941113039,1,Q3,low,low,Q1-Q3,Q1-Q3,,,,,,
1,2810821460,2018-12-06,8584.3,2,1,198,60,65,94,0.93,8.7,155.6,5.5,12120,5516.90231362468,8.61557180668549,5.54134697357204,1.71223760723025,0,,18.64,,1078.51,1,693.129820051414,6.54121731216725,0,71.96,0,12120,0,3,12,12120,0,,,2,4511,5707,12120,14273,14273,2153,,0,0,,,,0,0,8,0,12120,"","","","","","","",,,,,,,,,,,,"","",,,,,,,,,,,,0,0,0,0,0,0,0,0,0,0,0,,0.24,27.84,2,012609CJB,448,12.02,15,179,15,121.789,8,13437,13437,18.64,0,0,0,0,0,2,0,0,0,0,0,0,0,0,0,0,0,141,61.25,0,0,0,0,0,0,1,,,,,3,6,,0,1,0,0,0,0,0,1,1,1,0,2,0,,,0,0,80,26.4248505173395,0,0,0,0,0,,0,0,0,0,0,,1,15527,,,0,0,0,,,0,125,1,55.9125964010283,4.02378969289838,2,0,0,0,58,0,1,,17228,15527,12,5108,95.119005407322,1,Q3,low,high,Q4,Q1-Q3,TIA,13.9849418206708,1,1,1,0
1,2810821577,2017-09-23,2323.7,2,1,140,54,104,90,0.75,6.9,66.5,5.5,11057,3494.28571428571,8.15888426018585,,,,,28.76,,373.88,1,562.225563909775,6.33190312864067,0,73.89,0,11057,0,3,,11057,0,,,2,4411,5636,11057,13162,13162,2105,,0,0,,,,0,0,8,0,11057,C10AA05,20 MG,C10,C10A,C10AA,C10AA05,"",,,,,,1,1,,,,,"","",,,,,,,,,,,,0,0,0,0,0,1,1,0,0,0,0,,6.41,83.07,2,011509CJB,290.27,3.31,7,183.6,7,95.095,8,12504,12504,28.76,0,0,0,0,0,2,0,0,0,0,0,0,0,0,0,0,0,148,63.75,0,0,0,0,0,0,1,,,,,3,6,,0,1,0,0,0,0,0,1,1,1,0,2,0,,,0,0,66,25.6039487857523,0,0,0,1,0,,0,0,0,0,0,,0,,,,0,0,1,,,0,65.2,1,103.759398496241,4.64207474292354,2,0,0,1,83,0,0,,16297,,,,42.0998278829604,1,Q2,low,low,Q1-Q3,Q1-Q3,,,,,,
1,2810821849,2018-12-06,6633.2,2,1,228,53,122,101,0.92,3,125.3,5.3,12104,5293.85474860335,8.57430194542601,7.69034090909091,2.0399651140162,0,,26.88,,1006.86,1,803.559457302474,6.68905118032719,0,65.59,0,12104,0,3,,12104,0,,,1,4522,5736,12104,14133,14133,2029,,0,0,,,,0,0,8,0,12104,"","","","","","","",,,,,,,,,,,,"","",,,,,,,,,,,,0,0,0,0,0,0,0,0,0,0,0,,1.28,44.89,2,012709CJB,508.566,1.15,16,245.2,16,204.376,8,13402,13402,26.88,1,0,0,0,0,8,1,1,1,0,0,0,0,0,0,0,0,182,70,0,0,0,0,0,0,1,,,,,3,1,,0,1,1,0,0,0,0,,1,1,2,2,0,,,0,0,62,26.1144522289045,1,0,1,0,1,,0,0,0,0,0,,0,,,,0,0,0,,,0,150.6,0,23.9425379090184,3.17565670574822,1,0,0,0,89,0,1,,17193,,,,59.4815140292512,1,Q3,low,low,Q1-Q3,Q1-Q3,,,,,,
1,2810822685,2017-12-16,2245.1,2,1,183,81,41,86,0.77,4.5,83,5.1,12633,2704.93975903614,7.90283492080566,1.76151484135107,0.566174144168757,0,,33.66,,745.77,1,898.518072289157,6.80074681986569,0,66.41,0,12633,0,3,,12633,0,,,2,4518,5784,12633,14670,14670,2037,,0,0,,,,0,0,8,0,12633,"","","","","","","",,,,,,,,,,,,"","",,,,,,,,,,,,0,0,0,0,0,0,0,0,0,0,0,,0.3,30.46,2,020409bCJ,336.918,1.19,27,216.3,27,157.295,8,13772,13772,33.66,0,0,0,0,0,2,0,0,0,0,0,0,0,0,0,0,0,136,61.5,0,0,0,0,0,0,1,,,,,8,1,,0,1,0,0,0,0,0,1,1,1,0,2,0,,,0,0,58,25.2810023764009,0,,0,0,0,,0,0,0,0,0,,0,,,,0,0,0,,,0,93.8,1,54.2168674698795,3.99299206796181,2,0,0,0,85,0,0,,17559,,,,31.8228206945429,1,Q2,low,low,Q1-Q3,Q1-Q3,,,,,,
1,2810823286,2018-01-13,3327.1,2,1,220,53,107,87,0.92,3,105.6,5.2,12015,3150.66287878788,8.05536814739121,2.15210355987055,0.766445763758109,0,,32.64,,762.68,1,722.234848484849,6.58235036091217,0,61.74,0,12015,0,3,,12015,0,,,2,4392,5634,12015,14016,14016,2001,,0,0,,,,0,0,8,0,12015,"","","","","","","",,,,,,,,,,,,"","",,,,,,,,,,,,0,0,0,0,0,0,0,0,0,0,0,,1.2,42.94,2,021209CJB,219.878,1.9,38,218.3,38,137.679,8,12995,12995,32.64,0,0,0,0,0,2,0,0,0,0,0,0,0,0,0,0,0,140,64.5,0,0,0,0,0,0,1,,,,,8,1,,0,1,0,0,0,0,0,1,1,1,0,2,0,,,0,0,56,23.6599716033396,0,0,0,0,0,,0,0,0,0,0,,0,,,,0,0,0,,,0,145.6,0,28.4090909090909,3.34670919637809,1,0,0,0,70,0,0,,16779,,,,45.0094696969697,1,Q2,low,low,Q1-Q3,Q1-Q3,,,,,,
1,2810823422,2018-12-15,4167.8,2,1,145,65,165,107,1.61,1395.8,57.3,5.8,12215,7273.64746945899,8.89201315990439,,,,,65.2,,563.05,1,982.635253054101,6.89023799641043,0,66.08,0,12215,0,3,,12215,0,,,2,4551,5919,12215,14344,14344,2129,,0,0,,,,0,0,8,0,12215,C10AB05,145 MG,C10,C10A,C10AB,C10AB05,"",,,,1,1,1,,1,,1,,"","",,,,,,,,,,,,0,0,0,1,1,1,0,1,0,1,0,,1.06,64.91,2,021109CJB,446.804,2.19,35,227,35,69.354,8,13247,13247,65.2,1,0,0,0,1,1,0,0,0,0,0,0,0,0,0,0,0,171,63,0,0,0,0,0,0,1,,,,,6,0,,0,1,1,1,0,0,0,0,1,1,0,2,0,,,0,0,71,30.2914891544069,0,1,1,1,1,,0,0,0,0,0,,0,,,,0,0,1,,,0,47,1,24359.5113438045,10.1006776618445,3,1,1,0,32,1,1,15379,,15379,28,3164,227.301483420593,0,Q4,high,high,Q4,Q4,Death,8.66255989048597,1,0,0,0
1,2810824468,2018-12-17,786.2,2,1,197,67,55,98,0.79,3,93.7,5.5,12197,839.06083244397,6.73228320973148,2.4727969348659,0.905349872295168,0,,13.78,,1031.89,1,1101.27001067236,7.00421934795691,0,64.39,0,12197,0,3,,12197,0,,,2,4623,5734,12197,14361,14361,2164,,0,0,,,,0,0,8,0,12197,"","","","","","","",,,,,,,,,,,,"","",,,,,,,,,,,,0,0,0,0,0,0,0,0,0,0,0,,0.59,43.35,2,020509CJB,,,28,195.5,28,126.457,8,13323,13323,13.78,0,0,0,0,0,2,0,0,0,0,0,0,0,0,0,0,0,131,63.5,1,0,0,0,0,0,1,,,,,8,1,,0,1,0,0,0,0,0,1,1,1,0,2,0,,,0,1,53,22.8417544069263,0,0,0,0,0,,0,0,0,0,0,,0,,,,0,0,0,,,0,119,0,32.017075773746,3.46626937840587,2,0,0,0,85,0,0,,17109,,,,9.87130391110553,1,Q1,low,low,Q1-Q3,Q1-Q3,,,,,,
1,2810824640,2018-11-26,3638.9,2,1,205,55,122,87,0.69,3,76.6,5.7,11287,4750.52219321149,8.46600982639918,2.78408253500368,1.02391838822659,0,,23.9,,464.42,1,606.292428198434,6.40736242446009,0,64.59,0,11287,0,3,,11287,0,,,2,4293,5700,11287,13542,13542,2255,,0,0,,,,0,0,8,0,11287,"","","","","","","",,,,,,,,,,,,"","",,,,,,,,,,,,0,0,0,0,0,0,0,0,0,0,0,,1.15,40.62,2,011409CJB,419.352,1.18,6,219,6,155.647,8,12756,12756,23.9,0,0,0,0,0,2,0,0,0,0,0,0,0,0,0,0,0,123,64,0,0,0,0,0,0,1,,,,,6,1,,0,1,0,0,0,0,0,1,1,1,0,2,0,,,0,0,58,21.1130402729555,0,0,0,0,0,,0,0,0,0,0,,0,,,,0,0,1,,,0,125.6,0,39.1644908616188,3.6677704909037,2,0,0,0,96,0,1,,16549,,,,49.4846061792863,1,Q3,low,low,Q1-Q3,Q1-Q3,,,,,,
1,2810824702,2017-09-27,4422.8,2,1,159,70,109,99,0.63,4.6,99.3,5.6,12017,4453.9778449144,8.40155287360521,1.89745183343692,0.640511845742495,0,,42.5,,817.21,1,822.970795568983,6.71292071471207,0,,0,12017,,,,12017,0,,,2,4560,5744,12017,14361,14361,2344,,0,0,,,,0,0,,0,12017,C10AA05,10 MG,C10,C10A,C10AA,C10AA05,"",,,,1,1,1,1,,,,,"","",,,,,,,,,,,,0,0,0,1,1,1,1,0,0,0,0,,2.89,68.25,2,011609CJB,614.154,1.68,8,139.3,8,86.407,8,13451,13451,42.5,1,0,0,0,0,2,0,0,0,0,0,0,0,0,0,0,0,233,63.5,0,0,0,0,0,0,1,,,,,7,8,,0,1,1,0,0,0,0,1,1,1,0,2,0,,,0,0,71,40.6269372275864,0,0,1,1,1,,0,0,0,0,0,,0,,,,0,0,0,,,0,67.2,1,46.3242698892246,3.83566601142606,2,0,0,1,90,0,1,,17244,,,,49.4886427212711,1,Q3,low,low,Q1-Q3,Q1-Q3,,,,,,
1,2810825173,2017-11-13,4709.7,2,1,213,50,78,102,0.93,3,148.2,5.4,12486,3177.93522267207,8.06398696384049,3.15461847389558,1.14886756123097,0,,30.34,,1489.31,1,1004.93252361673,6.91267567755927,0,67.02,0,12486,0,3,,12486,0,,,1,4553,5863,12486,14937,14937,2451,,0,0,,,,0,0,8,0,12486,"","","","","","","",,,,,,,,,,,,"","",,,,,,,,,,,,0,0,0,0,0,0,0,0,0,0,0,,0.4,47.47,2,012709CJB,294.582,0.8,16,242.9,16,203.556,8,13782,13782,30.34,0,0,0,0,0,8,0,0,0,0,0,0,0,0,0,0,0,185,68.75,0,0,0,0,0,0,1,,,,,7,1,,0,1,0,0,0,0,0,,1,1,0,2,0,,,0,0,48,27.5189548726205,0,,0,0,0,,0,0,0,0,0,,0,,,,0,0,0,,,0,147.4,0,20.2429149797571,3.00780485478826,1,0,0,0,97,0,0,,17573,,,,32.7622187904337,1,Q2,low,low,Q1-Q3,Q1-Q3,,,,,,
1,2810825189,2017-10-30,228.6,2,1,322,89,107,104,0.92,3,20.5,5.7,12043,1115.12195121951,7.01671905120444,1.38629518072289,0.326634851196699,1,,26.22,,379.85,1,1852.92682926829,7.52452173779296,0,67.74,0,12043,0,3,,12043,0,,,2,4615,5742,12043,14187,14187,2144,,0,0,,,,0,0,8,0,12043,C10AX06,1200 MG,C10,C10A,C10AX,C10AX06,"",,,,,,1,,,,,,"","",,,,,,,,,,,,0,0,0,0,0,1,0,0,0,0,0,,0.36,44.5,2,012709CJB,425.402,3.34,16,315.7,16,168.174,8,13348,13348,26.22,0,0,0,0,0,2,0,0,0,0,0,0,0,0,0,0,0,129,66,0,0,0,0,0,0,1,,,,,8,1,,0,1,0,0,0,0,0,1,1,1,0,2,0,,,0,0,55,20.8212813119841,0,0,0,0,0,,0,0,0,0,0,,0,,,,0,0,0,,,0,211.6,0,146.341463414634,4.98594268150588,2,0,1,0,70,0,0,,17139,,,,15.9303135888502,1,Q1,low,low,Q1-Q3,Q1-Q3,,,,,,
1,2810825790,2017-12-02,2886.8,2,1,216,101,48,94,0.83,3,54.2,5.6,12308,5326.19926199262,8.58039317874061,2.46031746031746,0.900290390527714,0,,45.58,,941.95,1,1737.91512915129,7.46044147215388,0,66.95,0,12308,0,3,,12308,0,,,2,4565,5742,12308,14448,14448,2140,,0,0,,,,0,0,8,0,12308,"","","","","","","",,,,,,,,,,,,"","",,,,,,,,,,,,0,0,0,0,0,0,0,0,0,0,0,,0.23,36.71,2,020409CJB,294.2,1.25,26,122.5,26,65.401,8,13468,13468,45.58,0,0,0,0,0,2,0,0,0,0,0,0,0,0,0,0,0,133,64.25,0,0,0,0,0,0,1,,,,,6,7,,0,1,0,0,0,0,0,1,1,1,0,2,0,,,0,0,69,22.6522314087188,0,0,0,0,0,,0,0,0,0,0,,0,,,,0,0,0,,,0,105.4,0,55.3505535055351,4.01368665920465,2,0,0,0,72,0,1,,17255,,,,73.9749897498975,1,Q3,low,high,Q1-Q3,Q1-Q3,,,,,,
1,2810826837,2017-10-22,2783.7,2,1,140,48,115,109,0.98,3.5,118.9,5.5,11454,2341.21110176619,7.7584236393186,1.58275520317146,0.459167127861404,1,,71.86,,1049.66,1,882.809083263246,6.78310896348149,0,62.03,0,11454,0,3,,11454,0,,,1,4338,5697,11454,13521,13521,2067,,0,0,,,,0,0,8,0,11454,"","","","","","","",,,,,,,,,,,,"","",,,,,,,,,,,,0,0,0,0,0,0,0,0,0,0,0,,2.58,103.4,2,012109CJB,479.02,1.41,11,160.2,11,105.794,8,12843,12843,71.86,0,0,0,0,0,8,0,0,0,0,0,0,0,0,0,0,0,208,67.5,0,0,0,0,0,0,1,,,,,4,7,,0,1,0,0,0,0,0,,1,1,0,2,0,,,0,0,63,32.0967753046617,0,0,0,0,0,,0,0,0,0,0,,0,,,,0,0,0,,,0,69,0,29.4365012615643,3.38223544378077,1,0,0,0,82,0,0,,16635,,,,28.5513548995877,1,Q1,low,low,Q1-Q3,Q1-Q3,,,,,,
1,2810826922,2018-01-01,921.2,2,1,185,55,103,97,0.97,3,63.8,5.3,12666,1443.88714733542,7.27509416358388,0.811965811965812,-0.208297043197215,1,,41.8,,882.99,1,1383.99686520376,7.23273087114887,0,63.99,0,12666,0,3,,12666,0,,,1,4512,5807,12666,14648,14648,1982,,0,0,,,,0,0,8,0,12666,C10AA01,40 MG,C10,C10A,C10AA,C10AA01,"",,,,,,1,1,,,,,"","",,,,,,,,,,,,0,0,0,0,0,1,1,0,0,0,0,,0.59,43.54,2,021009CJB,271.016,0.76,34,133.6,34,151.731,8,13704,13704,41.8,0,0,0,0,0,8,0,0,0,0,0,0,0,0,0,0,0,181,67,0,0,0,0,0,0,1,,,,,7,1,,0,1,0,0,0,0,0,,1,1,0,2,0,,,0,0,57,28.3487936100399,0,0,0,1,0,,0,0,0,0,0,,0,,,,0,0,1,,,0,109.4,0,47.0219435736677,3.8506143772995,2,0,0,1,86,0,0,,17489,,,,16.7893854341328,1,Q1,low,low,Q1-Q3,Q1-Q3,,,,,,
1,2810826947,2018-07-06,20000,3,0,123,35,60,113,0.89,58.7,135.2,5.6,12183,14792.899408284,9.60190257491536,,,,,70.9,,1784.61,1,1319.97781065089,7.18537020532616,0,45,3,12183,1,2,1,12183,1,493,12676,1,4272,5659,12183,14142,14142,1959,12183,1,1,-6871,5312,,0,1,7,1,12183,C10AX09,40 MG,C10,C10A,C10AA,C10AA01,"",,,,1,,1,,,,,,C10AA01,"",,,,,,1,1,,,,,0,0,0,1,0,1,1,0,0,0,0,,4.16,222.3,2,021809bCJ,1049.62,4.84,44,192.6,44,158.028,8,13048,13048,70.9,1,0,0,0,0,8,0,0,0,0,0,0,0,2,0,0,0,145,64.5,0,0,0,0,0,0,1,,,,,1,6,,0,1,1,0,0,1,0,,1,1,0,2,0,,,0,0,81,24.5049705891732,0,0,1,1,1,,0,0,0,0,1,5342,0,,1,3,1,1,1,,,0,76,1,434.171597633136,6.07343984220732,3,0,0,1,80,1,1,14710,14641,5342,1,2458,184.91124260355,0,Q4,high,high,Q4,Q4,MI,6.72963723477071,1,0,0,0
1,2810827825,2018-12-06,6385.4,2,1,236,54,173,107,0.82,8.7,213.5,5.5,12048,2990.81967213115,8.00330276665233,3.07475083056478,1.12322386726468,0,,36.46,,1610.61,1,754.384074941452,6.62590162152784,0,66.28,0,12048,0,3,,12048,0,,,1,4511,5730,12048,14116,14116,2068,,0,0,,,,0,0,8,0,12048,C10AA05,10 MG,C10,C10A,C10AA,C10AA05,"",,,,,,1,1,,,,,"","",,,,,,,,,,,,0,0,0,0,0,1,1,0,0,0,0,,2.28,26.42,2,012309CJB,252.222,1.7,14,211.9,14,196.164,8,13394,13394,36.46,0,0,0,0,0,8,0,0,0,0,0,0,0,0,0,0,0,188,71.5,0,0,0,0,0,0,1,,,,,6,1,,0,1,0,0,0,0,0,,1,1,0,2,0,,,0,0,56,25.8554069849105,0,0,0,1,0,,0,0,0,0,0,,0,,,,0,0,0,,,0,147.4,1,40.7494145199063,3.707441471974,2,0,0,1,99,0,0,,17186,,,,30.2102997184964,1,Q2,low,low,Q1-Q3,Q1-Q3,,,,,,
1,2810828353,2017-09-13,4403,2,1,267,111,70,97,0.65,3,52.6,5.5,11804,8370.72243346008,9.03249547200018,4.79967293540474,1.56854777713497,0,,24.14,,618.48,1,1175.8174904943,7.06971892125665,0,70.09,0,11804,0,3,,11804,0,,,2,4543,5866,11804,13974,13974,2170,,0,0,,,,0,0,8,0,11804,C09AA03,20 MG,C09,C09A,C09AA,C09AA03,"",,,,,1,,,1,,,,"","",,,,,,,,,,,,0,0,0,0,1,0,0,1,0,0,0,,6.36,67.97,2,011409CJB,351.456,1.86,5,208.7,5,134.488,8,13281,13281,24.14,1,0,0,0,0,2,0,0,0,0,0,0,0,0,0,0,0,137,66.25,0,0,0,0,0,0,1,,,,,8,1,,0,1,1,0,0,0,0,1,1,1,0,2,0,,,0,0,59,21.9459514746726,0,0,1,0,1,,0,0,0,0,0,,0,,,,0,0,0,,,0,142,0,57.0342205323194,4.04365144790658,2,0,0,0,97,1,1,,17074,,,,86.2961075614441,1,Q4,high,high,Q4,Q4,,,,,,
1,2810828426,2018-02-22,394.1,2,1,218,85,80,90,0.85,3,44.3,4.8,11880,889.616252821671,6.79079019313796,2.01685891748004,0.701541309812767,0,,39.82,,295.5,1,667.042889390519,6.50285434578315,0,68.2,0,11880,0,3,5,11880,1,3495,15375,2,4188,5629,11880,14024,14024,2144,,0,0,,,,0,1,8,1,11880,C03AA03,25 MG,C03,C03A,C03AA,C03AA03,"",,,,,,,,1,,,,"","",,,,,,,,,,,,0,0,0,0,0,0,0,1,0,0,0,,5.12,57.97,2,022109CJB,605.596,5.06,50,264.3,50,128.839,8,12509,12509,39.82,1,0,0,0,0,2,0,0,0,0,0,0,0,0,0,0,0,115,59,0,0,0,0,0,0,1,,,,,4,0,,0,1,1,0,0,0,0,1,1,1,0,2,0,,,0,0,77,23.2273374630059,0,0,1,0,1,,0,0,0,0,1,15402,0,,,,0,0,1,,,0,117,0,67.7200902934537,4.21538289059916,2,0,0,0,66,0,0,15467,16482,15375,41,4602,13.4790341336617,0,Q1,low,low,Q1-Q3,Q1-Q3,CHF,12.5995893223819,1,1,1,0
1,2810828883,2018-11-26,6286.6,2,1,172,38,135,111,1.01,3.4,119.6,5.3,11437,5256.35451505017,8.5671930074808,2.2274412855377,0.800853521109791,0,,41.46,,1341.35,1,1121.53010033445,7.02244919295315,0,66.54,0,11437,0,3,,11437,0,,,1,4364,5712,11437,13628,13628,2191,,0,0,,,,0,0,8,0,11437,M01AE01,200 MG,M01,M01A,M01AE,M01AE01,"",,1,,,,,,,,,,"","",,,,,,,,,,,,0,1,0,0,0,0,0,0,0,0,0,,4.57,64,2,011609CJB,484.586,2.91,9,260,9,219.247,8,12857,12857,41.46,0,0,0,0,0,8,1,1,1,0,0,0,0,0,0,0,1,179,66.5,0,0,0,0,0,0,1,,,,,3,6,,0,1,0,0,0,0,1,,1,1,2,2,0,,,1,0,64,28.4587193630264,1,0,0,0,0,,0,0,0,0,0,,0,,,,0,0,0,,,0,107,0,28.428093645485,3.34737786908772,1,0,0,0,78,0,1,,16649,,,,67.3891604493611,1,Q3,low,high,Q1-Q3,Q1-Q3,,,,,,
1,2810829884,2018-12-22,5113.3,2,1,117,43,74,97,0.78,3,116.8,5.4,12413,4377.82534246575,8.38430738292103,1.74179236912156,0.554914680236685,0,,45.24,,946.56,1,810.41095890411,6.69754147567635,0,67.07,0,12413,0,3,,12413,0,,,1,4242,5627,12413,,,,,0,0,,,,0,0,8,0,12413,C10AX09,80,C10,C10A,C10AA,C10AA01,"",,,,,,1,,,,,,C10AA01,"",,,,,,1,1,,,,,0,0,0,0,0,1,1,0,0,0,0,,0.29,107.8,2,022009CJB,409.712,1.06,49,168.7,49,135.85,8,13076,13076,45.24,1,0,0,0,0,8,0,0,0,0,0,0,0,0,0,0,0,176,69.25,0,0,0,0,0,0,1,,,,,3,6,,0,0,1,0,0,0,0,,1,1,0,,0,,,0,0,70,25.803506363363,0,0,1,1,1,,0,0,0,0,0,,0,,,,0,0,0,,,0,59.2,0,25.6849315068493,3.24590449725612,1,0,0,1,91,0,1,,15330,,,,48.107970796327,1,Q3,low,low,Q1-Q3,Q1-Q3,,,,,,
1,2810830215,2018-07-06,20000,3,1,187,35,196,107,0.89,19.6,289.9,5.1,12557,6898.93066574681,8.83912170259661,2.78829268292683,1.0254294669173,0,,69.82,,2518.69,1,868.813383925492,6.76712835413179,0,62.89,0,12557,0,3,,12557,0,,,1,4584,5718,12557,14664,14664,2107,,0,0,,,,0,0,8,0,12557,"","","","","","","",,,,,,,,,,,,"","",,,,,,,,,,,,0,0,0,0,0,0,0,0,0,0,0,,1.08,80.61,2,022009CJB,294.452,0.93,48,220.3,48,211.044,8,13274,13274,69.82,0,0,0,0,0,8,0,0,0,0,1,0,0,0,0,0,0,199,69.5,0,0,0,0,0,0,1,,,,,8,1,,0,1,0,0,0,0,0,,1,1,0,2,1,,,0,0,59,28.9660369186687,0,0,0,0,0,,0,0,0,0,0,,0,,,,0,0,0,,,0,112.8,1,67.6095205243187,4.213748809291,2,0,0,0,94,1,1,,17055,,,,73.3928794228384,1,Q4,high,high,Q1-Q3,Q4,,,,,,
1,2810830367,2017-12-23,729.5,2,1,212,44,181,101,1,3.6,96.4,5.7,11640,756.742738589212,6.62902335233443,2.66775510204082,0.981237333001066,0,,44.42,,853.61,1,885.48755186722,6.78613839937955,0,,0,11640,,,13,11640,1,4228,15868,2,4278,5530,11640,13617,13617,1977,14205,1,0,2507,14147,,0,1,,1,11640,M01AE02,500 MG,M01,M01A,M01AE,M01AE02,"",,1,,,1,,,,,,,"","",,,,,,,,,,,,0,1,0,0,1,0,0,0,0,0,0,,5.6,117.8,2,020709CJB,480.83,3.51,31,270,31,163.42,8,12734,12734,44.42,1,0,0,0,0,2,0,0,0,0,0,0,0,0,0,0,0,171,62,0,0,0,0,0,0,1,,,,,3,6,,0,1,1,0,0,0,0,1,1,1,0,2,0,,,0,0,79,31.2765141659316,0,0,1,0,1,,0,0,0,0,0,,1,16144,1,2,0,0,1,,,0,131.8,0,37.344398340249,3.6201829228277,2,0,0,0,54,0,0,16147,,15868,41,,14.0137544183187,1,Q1,low,low,Q1-Q3,Q1-Q3,CHF,,,,,
1,2810830532,2018-01-28,4014.9,2,1,190,79,47,87,1.23,3.3,214.1,5.5,12033,1875.24521251752,7.53649470986289,,,,,43.8,,851.28,1,397.6085941149,5.98546808952593,0,65.29,0,12033,0,3,,12033,0,,,1,4318,5690,12033,14053,14053,2020,,0,0,,,,0,0,8,0,12033,C10AX09,5 MG,C10,C10A,C10AA,C10AA01,"",,,,,,1,,,,,,C10AA01,"",,,,,,1,1,,,,,0,0,0,0,0,1,1,0,0,0,0,,0.4,16.36,2,021809CJB,311.234,2.45,43,203.6,43,161.877,8,12918,12918,43.8,0,0,0,0,0,8,0,0,0,0,0,0,0,0,0,0,0,168,68.5,0,0,0,0,0,0,1,,,,,8,1,,0,1,0,0,0,0,0,,1,1,0,2,0,,,0,0,53,25.1729290287927,0,0,0,1,0,,0,0,0,0,0,,0,,,,0,0,0,,,0,101.6,0,15.4133582438113,2.73523455185893,1,0,0,1,67,0,0,,16699,,,,27.9887345151868,1,Q1,low,low,Q1-Q3,Q1-Q3,,,,,,
7,2810831420,2017-08-22,1880.2,2,1,140,51,67,94,1.24,36.2,118.3,5.4,4307,1589.34911242604,7.3710798481482,1.20541958041958,0.186827705853559,1,,31.72,,837.25,1,707.734573119189,6.56206912667807,0,64.58,0,4307,0,3,,4307,0,,,1,4307,6034,,,6034,1727,,0,0,,,,0,0,8,0,4307,C09AA03,10 MG,C09,C09A,C09AA,C09AA07,"",,,,,1,,,,,,,C09AA07,"",,,,,1,,,,,,,0,0,0,0,1,0,0,0,0,0,0,,2.02,95.52,2,010809CJB,199.086,2.89,5,194.4,5,117.121,3,,,31.72,1,0,0,0,1,,0,0,0,0,0,0,,,,,0,230,69.75,0,0,0,0,0,0,,1,,,,7,6,,0,0,1,1,,,0,,2,2,0,,0,,,0,0,75,33.2387761549717,0,0,1,0,1,140,0,1,1,0,0,,0,,,,0,0,1,1,2512,1,75.6,1,306.001690617075,5.72359062682952,3,0,0,0,65,0,0,7055,12868,7055,27,2748,24.4515248065544,0,Q1,low,low,Q1-Q3,Q1-Q3,,7.52361396303901,1,0,0,0
1,2810832220,2018-02-03,4003.3,2,1,171,44,142,123,0.8,9.1,86.8,5.5,12383,4612.09677419355,8.43643786429837,1.751617076326,0.560539404884798,0,,48.8,,771.81,1,889.18202764977,6.79030197006591,0,69.69,0,12383,0,3,,12383,0,,,2,4496,5721,12383,14371,14371,1988,,0,0,,,,0,0,8,0,12383,M01AE01,800 MG,M01,M01A,M01AE,M01AE01,"",,1,,1,,1,1,1,,,,"","",,,,,,,,,,,,0,1,0,1,0,1,1,1,0,0,0,,1.64,397.7,2,021809bCJ,242.202,1.42,45,141.3,45,123.237,8,13216,13216,48.8,1,0,0,0,0,2,0,0,0,0,0,0,0,0,0,0,0,154,60,0,0,0,0,0,0,1,,,,,6,2,,0,1,1,0,0,0,0,1,1,1,0,2,0,,,0,0,60,30.0762601525203,0,0,1,1,1,,0,0,0,0,0,,0,,,,0,0,0,,,0,98.6,1,104.838709677419,4.65242307083864,2,0,0,1,80,0,1,,16997,,,,57.6512096774194,1,Q3,low,low,Q1-Q3,Q1-Q3,,,,,,
1,2810832600,2018-01-06,3283.4,2,1,247,69,186,97,0.61,3,62.5,4.9,12221,5253.44,8.56663837910615,3.09826086956522,1.13084094424854,0,,43.5,,649.61,1,1039.376,6.94637581206339,0,72.02,0,12221,0,3,,12221,0,,,2,4665,5724,12221,,,,,0,0,,,,0,0,8,0,12221,"","","","","","","",,,,,,,,,,,,"","",,,,,,,,,,,,0,0,0,0,0,0,0,0,0,0,0,,2.23,43.53,2,021109CJB,289.054,1.46,36,200.7,36,130.944,8,13242,13242,43.5,0,0,0,0,0,2,0,0,0,0,0,0,0,0,0,0,0,146,65,0,0,0,0,0,0,1,,,,,7,1,,0,0,0,0,0,0,0,1,1,1,0,,0,,,0,0,57,24.2958308401824,0,0,0,0,0,,0,0,0,0,0,,0,,,,0,0,1,,,0,140.8,0,48,3.87120101090789,2,0,0,0,101,0,1,13276,,13276,28,1055,52.0142574257426,0,Q3,low,low,Q1-Q3,Q1-Q3,Death,2.88843258042437,0,0,0,0
1,2810832988,2017-11-26,1653.1,2,1,226,79,72,94,0.78,3,40.6,5.8,12086,4071.67487684729,8.31180971143937,1.70484581497797,0.533474675548379,0,,39.74,,292.51,1,720.467980295567,6.57990097350211,0,73.3,0,12086,0,3,,12086,0,,,2,4617,5708,12086,14084,14084,1998,,0,0,,,,0,0,8,0,12086,"","","","","","","",,,,,,,,,,,,"","",,,,,,,,,,,,0,0,0,0,0,0,0,0,0,0,0,,0.44,21.41,2,020309CJB,400.576,0.87,23,162.7,23,116.511,8,13286,13286,39.74,0,0,0,0,0,2,0,0,0,0,0,0,0,0,0,0,0,127,65.75,0,0,0,0,0,0,1,,,,,3,1,,0,1,0,0,0,0,0,1,1,1,0,2,0,,,0,0,59,20.6546490092792,0,0,0,0,0,,0,0,0,0,0,,0,,,,0,0,0,,,0,132.6,0,73.8916256157636,4.30259950104256,2,0,0,0,83,0,0,,17074,,,,49.0563238174372,1,Q2,low,low,Q1-Q3,Q1-Q3,,,,,,
1,2810834584,2018-12-06,6244.5,2,1,215,63,115,118,0.67,10.3,48.9,6.2,12341,12769.9386503068,9.4548491448104,1.72753792298716,0.546697228943866,0,,33.82,,707.96,1,1447.77096114519,7.27778038442982,0,60.32,0,12341,0,3,40,12341,1,-1904,10437,2,4542,5788,12341,,,,12341,1,1,-3388,8953,,1,0,6,1,12341,C07AB03,50 MG,C07,C07A,C07AB,C07AB03,"",,,,1,,,,1,,,1,"","",,,,,,,,,,,,0,0,0,1,0,0,0,1,0,0,1,,3.76,47.17,2,012109CJB,351.924,1.79,11,222,11,129.063,8,13729,13729,33.82,0,0,0,0,0,2,0,0,0,0,0,0,0,1,0,0,0,191,62.25,0,0,0,0,0,0,1,,,,,5,0,,0,1,0,0,0,1,0,1,1,1,0,2,0,,,0,0,80,34.6545503658579,0,0,0,0,0,,0,0,0,0,0,,0,,1,3,1,1,0,,,0,129,1,210.633946830266,5.3501217777369,2,0,0,0,83,1,1,14311,,10437,40,,153.854682533816,1,Q4,high,high,Q4,Q4,CHF,,,,,
1,2810835009,2017-12-23,4001.1,2,1,155,65,72,91,0.95,3,169,5.2,11446,2367.51479289941,7.76959607336148,1.35423490875059,0.303236651872282,1,,40.02,,1104.55,1,653.579881656805,6.48246476225321,0,66.65,0,11446,0,3,,11446,0,,,1,4201,5652,11446,13433,13433,1987,,0,0,,,,0,0,8,0,11446,"","","","","","","",,,,,,,,,,,,"","",,,,,,,,,,,,0,0,0,0,0,0,0,0,0,0,0,,0.48,11.47,2,020609CJB,450.436,1.29,30,219.9,30,143.605,8,12552,12552,40.02,0,0,0,0,0,8,0,0,0,0,0,0,0,0,0,0,0,174,63.75,0,0,0,0,0,0,1,,,,,4,1,,0,1,0,0,0,0,0,,1,1,0,2,0,,,0,0,50,30.1019397886547,0,0,0,0,0,,0,0,0,0,0,,0,,,,0,0,0,,,0,75.6,0,17.7514792899408,2.87646885272717,1,0,0,0,93,0,0,,16338,,,,25.4571483107463,1,Q1,low,low,Q1-Q3,Q1-Q3,,,,,,
1,2810835535,2018-02-01,3017.3,2,1,174,66,54,86,0.83,14.4,204.8,5.7,11644,1473.291015625,7.29525396356467,,,,,38.66,,1492.77,1,728.8916015625,6.59152502625086,0,73.27,0,11644,0,3,,11644,0,,,2,4341,5627,11644,13499,13499,1855,,0,0,,,,0,0,8,0,11644,M01AX25,600 MG,M01,M01A,M01AX,M01AX25,"",,1,,,,,,,,,,"","",,,,,,,,,,,,0,1,0,0,0,0,0,0,0,0,0,,5.4,21.91,2,021809bCJ,280.772,3.11,44,125.9,44,80.434,8,12501,12501,38.66,0,0,0,0,0,2,0,0,0,0,0,0,0,0,0,0,0,146,63.75,0,0,0,0,0,0,1,,,,,5,1,,0,1,0,0,0,0,0,1,1,1,0,2,0,,,0,0,57,25.2579494778367,0,0,0,0,0,,0,0,0,0,0,,0,,,,0,0,0,,,0,97.2,1,70.3125,4.25294959239874,2,0,0,0,78,0,0,,16282,,,,18.8883463541667,1,Q1,low,low,Q1-Q3,Q1-Q3,,,,,,
1,2810835679,2018-12-06,5006.2,2,1,231,67,87,99,0.9,3,146.3,5.4,12008,3421.87286397813,8.1379433012132,1.26201760324983,0.232711712714157,1,,40.42,,1465.48,1,1001.6951469583,6.90944899080046,0,56.98,0,12008,0,3,,12008,0,,,1,4593,5722,12008,14136,14136,2128,,0,0,,,,0,0,8,0,12008,"","","","","","","",,,,,,,,,,,,"","",,,,,,,,,,,,0,0,0,0,0,0,0,0,0,0,0,,1.04,61.6,2,012609CJB,416.792,1.45,15,215,15,176.443,8,13324,13324,40.42,0,0,0,0,0,8,0,0,0,0,0,0,0,0,0,0,0,275,72.5,0,0,0,0,0,0,1,,,,,8,7,,0,1,0,0,0,0,0,,1,1,0,2,0,,,0,0,64,36.7842828432387,0,,0,0,0,,0,0,0,0,0,,0,,,,0,0,0,,,0,146.6,0,20.5058099794942,3.02070825962417,1,0,0,0,90,0,0,,17115,,,,38.020809599757,1,Q2,low,low,Q1-Q3,Q1-Q3,,,,,,
7,2810836028,2017-08-22,1877.2,2,1,211,57,70,87,0.75,3,78,5.8,3417,2406.66666666667,7.78599794321876,2.46296296296296,0.90136508165748,0,,34.08,,1104.03,1,1415.42307692308,7.25518375967938,0,72.15,0,3417,0,3,,3417,0,,,2,3417,5086,,,5086,1669,,0,0,,,,0,0,8,0,3417,"","","","","","","",,,,,,,,,,,,"","",,,,,,,,,,,,0,0,0,0,0,0,0,0,0,0,0,,3.31,56.12,2,010809CJB,195.052,2.23,5,194.7,5,105.108,3,,,34.08,0,0,0,0,0,,0,0,0,0,0,0,,,,,0,177,63.75,0,0,0,0,0,0,,1,,,,8,6,,0,1,0,0,,,0,,2,2,0,2,0,,,0,0,65,30.620938750528,0,0,0,0,0,,0,0,0,0,0,,0,,,,0,0,0,,,0,140,0,38.4615384615385,3.64965874096066,2,0,0,0,97,0,0,,7848,,,,24.8109965635739,1,Q1,low,low,Q1-Q3,Q1-Q3,,,,,,
1,2810836832,2017-10-28,858.7,2,1,222,61,86,91,0.7,8.6,17.6,5.6,11402,4878.97727272727,8.49269090162242,2.56810631229236,0.943168783838546,0,,47.4,,264.28,1,1501.59090909091,7.31428043110567,0,64.9,0,11402,0,3,,11402,0,,,2,4308,5694,11402,13363,13363,1961,,0,0,,,,0,0,8,0,11402,"","","","","","","",,,,,,,,,,,,"","",,,,,,,,,,,,0,0,0,0,0,0,0,0,0,0,0,,0.88,29.94,2,012309CJB,377.728,0.93,13,161.8,13,121.884,8,12756,12756,47.4,0,0,0,0,0,2,0,0,0,0,0,0,0,0,0,0,0,146,67.25,0,0,0,0,0,0,1,,,,,7,4,,0,0,0,0,0,0,0,1,1,1,0,,0,,,0,0,59,22.6972839623047,0,0,0,0,0,,0,0,0,0,0,,0,,,,0,0,0,,,0,143.8,1,488.636363636364,6.19161858019749,3,0,0,0,95,0,1,,16548,,,,51.3576555023924,1,Q3,low,low,Q1-Q3,Q1-Q3,,,,,,
1,2810837028,2017-10-25,2411.2,2,1,157,69,49,99,0.69,4.3,41.2,5.7,12207,5852.42718446602,8.67461175750484,,,,,25.08,,675.22,1,1638.88349514563,7.40177049332875,0,67.08,0,12207,0,3,,12207,0,,,2,4570,5701,12207,,,,,0,0,,,,0,0,8,0,12207,M01AX05,500/400 MG,M01,M01A,M01AX,M01AX25,"",,1,,,,,,1,,,,M01AX25,"",,1,,,,,,,,,,0,1,0,0,0,0,0,1,0,0,0,,3.08,37.12,2,020209CJB,298.558,6.55,21,149.6,21,98.611,8,13432,13432,25.08,1,0,0,0,0,2,0,0,0,0,0,0,0,0,0,0,0,124,60.75,0,0,0,0,0,0,1,,,,,3,0,,0,1,1,0,0,0,0,1,1,1,0,2,0,,,0,0,74,23.6229827740863,0,0,1,0,1,,0,0,0,0,0,,0,,,,0,0,0,,,0,78.2,1,104.368932038835,4.64793204532617,2,0,0,0,86,0,1,16645,,16645,28,4438,68.0514788891398,0,Q3,high,high,Q1-Q3,Q1-Q3,Death,12.1505817932923,1,1,1,0
1,2810837808,2018-01-08,1114.6,2,1,143,32,146,118,1.02,3.1,27.4,5.7,12042,4067.88321167883,8.3108780477295,1.91642371234208,0.650460799328531,0,,46.58,,122.71,1,447.846715328467,6.10445102058252,0,,0,12042,,,,12042,0,,,1,4295,5644,12042,14076,14076,2034,,0,0,,,,0,0,,0,12042,C10AX06,1000 MG,C10,C10A,C10AX,C10AX06,"",,,1,,1,1,1,1,,,,"","",,,,,,,,,,,,0,0,1,0,1,1,1,1,0,0,0,,1.53,151.4,2,021109bCJ,361.094,0.87,37,189.4,37,164.83,8,13046,13046,46.58,1,0,0,0,0,8,0,0,0,0,0,0,0,0,0,0,0,185,67.75,1,1,0,0,0,0,1,,,,,8,1,,0,1,1,0,0,0,0,,1,1,0,2,0,,,0,1,61,28.3373178775061,0,0,1,1,1,,0,0,0,0,0,,0,,,,0,0,0,,,0,81.8,0,113.138686131387,4.72861437707921,2,0,0,1,79,0,0,,16831,,,,51.4921925528966,1,Q2,low,low,Q1-Q3,Q1-Q3,,,,,,
1,2810837900,2018-11-26,5787.5,2,1,214,49,102,88,1.05,3,173,5.2,11330,3345.37572254335,8.1153342898848,2.79151061173533,1.02658288720663,0,,14.54,,957.65,1,553.554913294798,6.31636095823898,0,63.75,0,11330,0,3,,11330,0,,,1,4473,5568,11330,13541,13541,2211,,0,0,,,,0,0,8,0,11330,C07AB02,25 MG,C07,C07A,C07AB,C07AB02,"",,,,1,,,,,,,,"","",,,,,,,,,,,,0,0,0,1,0,0,0,0,0,0,0,,3.29,32.72,2,011409CJB,199.15,1.05,6,253.6,6,163.678,8,12801,12801,14.54,1,0,0,0,0,8,0,0,0,0,0,0,0,0,0,0,0,195,70,0,0,0,0,0,0,1,,,,,7,1,,0,1,1,0,0,0,0,,1,1,0,2,0,,,0,0,59,27.9797702452548,0,0,1,0,1,,0,0,0,0,0,,0,,,,0,0,0,,,0,144.6,0,17.3410404624277,2.85307597315247,1,0,0,0,77,0,0,,16594,,,,43.4464379551085,1,Q2,low,low,Q1-Q3,Q1-Q3,,,,,,
7,2810837973,2017-08-13,2167.3,2,1,234,87,112,99,0.7,3,43.3,5.6,4150,5005.31177829099,8.518254983174,2.02903225806452,0.707558959221249,0,5.4,31.44,29.14,678.29,2,1566.4896073903,7.3565924760838,0,62.48,0,4150,0,3,,4150,0,,,2,4150,5980,,,5980,1830,2687,1,1,-1463,2687,,0,0,8,0,4150,C10AA02,10 MG,C10,C10A,C10AA,C10AA02,"",,,,1,,1,1,,,,,"","",,,,,,,,,,,,0,0,0,1,0,1,1,0,0,0,0,,0.93,60.04,2,010509CJB,267.036,2.09,3,184.2,3,102.393,3,,,31.44,1,0,0,0,0,,0,0,0,0,0,0,,,,,0,185,60.75,0,0,0,0,0,0,,,,,,1,1,1,1,0,1,0,,,0,,,,0,1,0,,,0,0,56,35.2439662355319,0,0,1,1,1,,0,0,0,0,0,,0,,1,1,1,0,0,,,0,124.6,0,69.284064665127,4.2382149326418,2,0,0,1,97,0,1,,8694,,,,51.6011523535154,1,Q3,low,low,Q1-Q3,Q1-Q3,,,,,,
1,2810839992,2017-12-16,1567.3,2,1,204,48,154,90,,3,17.4,,11930,9007.47126436782,9.10580965242763,3.99521203830369,1.38509665373059,0,,,,509.52,,2928.27586206897,7.98216908583072,0,70.06,0,11930,0,3,,11930,0,,,2,4244,6139,11930,14064,14064,2134,,0,0,,,,0,0,8,0,11930,C10AX06,1000 MG,C10,C10A,C10AX,C10AX06,"",,,,1,,1,,1,,,,"","",,,,,,,,,,,,0,0,0,1,0,1,0,1,0,0,0,,,,,"",,,,,,,,,,,1,0,0,0,0,2,0,0,0,0,0,0,0,0,0,0,0,168,61.5,0,0,0,0,0,0,1,,,,,3,6,,0,1,1,0,0,0,0,1,1,1,0,2,0,,,0,0,63,31.2294735237894,0,0,1,0,1,,0,0,0,0,0,,0,,,,0,0,0,,,0,125.2,0,172.413793103448,5.14989736142976,2,0,1,0,,1,1,,16856,,,,,1,Q4,high,,,Q4,,,,,,
1,2810840406,2017-08-29,4142.8,2,1,242,73,113,102,0.7,4,77.4,5.5,12125,5352.45478036176,8.58531057210713,2.73975409836066,1.0078681712488,0,,35,,962.32,1,1243.30749354005,7.12553044107823,0,62.31,0,12125,0,3,,12125,0,,,2,4556,5876,12125,14325,14325,2200,,0,0,,,,0,0,8,0,12125,C03AA03,25 MG,C03,C03A,C03AA,C03AA03,"",,,,,,,,1,,,,"","",,,,,,,,,,,,0,0,0,0,0,0,0,1,0,0,0,,1.6,45.79,2,010909CJB,374.246,3.3,2,228.7,2,126.143,8,13685,13685,35,0,0,0,0,0,2,1,1,1,0,0,0,0,0,0,0,0,169,66.75,0,0,0,0,0,0,1,,,,,6,7,,0,1,0,0,0,0,0,1,1,1,2,2,0,,,0,0,66,26.6679589033967,1,0,0,0,0,,0,0,0,0,0,,0,,,,0,0,0,,,0,146.4,1,51.6795865633075,3.94506285950635,2,0,0,0,90,0,1,,17479,,,,59.4717197817973,1,Q3,low,low,Q1-Q3,Q1-Q3,,,,,,
1,2810840420,2017-11-13,4136.3,2,1,190,49,106,117,1.26,5.9,148.6,5.6,11609,2783.51278600269,7.93146900111138,1.90083410565338,0.642292792814246,0,,36.7,,1092.47,1,735.174966352625,6.60010852034291,0,57.29,0,11609,0,3,13,11609,0,,,1,4358,5678,11609,13632,13632,2023,9506,1,1,-2103,9506,,0,0,8,0,11609,M01AX05,500/500 MG,M01,M01A,M01AX,M01AX05,"",,1,1,1,,,,,,,,"","",,,,,,,,,,,,0,1,1,1,0,0,0,0,0,0,0,,1.46,64.87,2,012709CJB,546.72,0.21,17,204.7,17,163.263,8,12898,12898,36.7,1,0,0,0,0,8,0,0,0,0,0,0,0,1,0,0,0,192,69,1,1,0,0,0,0,1,,,,,7,2,,0,1,1,0,0,1,0,,1,1,0,2,0,,,0,1,76,28.353629486087,0,0,1,0,1,140,0,1,1,0,0,,1,15134,3,4,1,0,1,,,0,119.8,1,39.7039030955586,3.68144949761015,2,0,0,0,55,0,0,16057,,15134,13,,50.6093233818671,1,Q2,low,low,Q1-Q3,Q1-Q3,Cancer Death,,,,,
1,2810840824,2018-12-17,1313.5,2,1,178,88,90,81,0.81,3,31.2,5,11891,4209.9358974359,8.34520270029825,4.48512289780078,1.5007658970976,0,,27.58,,245.76,1,787.692307692308,6.66910754113196,0,64.56,0,11891,0,3,,11891,0,,,2,4398,5661,11891,14397,14397,2506,,0,0,,,,0,0,8,0,11891,"","","","","","","",,,,,,,,,,,,"","",,,,,,,,,,,,0,0,0,0,0,0,0,0,0,0,0,,3.71,30.44,2,020609CJB,278.672,1.17,29,222.3,29,102.65,8,13003,13003,27.58,0,0,0,0,0,0,0,0,0,0,0,0,0,0,0,0,0,144,66.25,0,0,0,0,0,0,1,,,,,7,1,,0,1,0,0,0,0,0,0,1,1,0,2,0,,,0,0,46,23.0672774624296,0,0,0,0,0,,0,0,0,0,0,,0,,,,0,0,0,,,0,72,0,96.1538461538462,4.56594947283481,2,0,0,0,87,0,1,,16789,,,,48.3900677866195,1,Q3,low,low,Q1-Q3,Q1-Q3,,,,,,
1,2810841583,2017-08-30,2021.5,2,1,177,38,76,87,1.12,3,57.7,5.6,12231,3503.46620450607,8.16150810155486,1.96248934356351,0.674213740628352,0,,32.24,,449.83,1,779.601386481802,6.65878274608462,0,,0,12231,,,2,12231,0,,,1,4566,5854,12231,14443,14443,2212,,0,0,,,,0,0,,0,12231,"","","","","","","",,,,,,,,,,,,"","",,,,,,,,,,,,0,0,0,0,0,0,0,0,0,0,0,,1.13,37.65,2,011209CJB,366.352,1.51,3,252.7,3,157.485,8,13763,13763,32.24,0,0,0,0,0,8,0,0,0,0,0,0,0,0,0,0,0,206,71.5,0,0,0,0,0,0,1,,,,,3,1,,0,0,0,0,0,0,0,,1,1,0,,0,,,0,0,63,28.3309246749551,0,,0,0,0,140,0,1,1,0,1,14231,0,,,,0,0,0,,,0,123.8,0,51.9930675909879,3.95111039413619,2,0,0,0,70,0,0,,17513,14231,2,5282,50.0495172072295,1,Q2,low,low,Q1-Q3,Q1-Q3,MI,14.4613278576318,1,1,1,0
7,2810842415,2017-08-16,3389.5,2,1,181,52,83,84,0.74,6.5,52.6,5.6,3338,6443.91634980989,8.77089176311545,3.08677337826453,1.12712633118435,0,4.3,55.64,59.16,241.52,2,459.163498098859,6.12940635164301,0,63.16,0,3338,0,3,,3338,0,,,2,3338,,,,,,,0,0,,,,0,0,8,0,3338,M01AX05,750 MG,M01,M01A,M01AX,M01AX05,"",,1,,,,,,,,,,"","",,,,,,,,,,,,0,1,0,0,0,0,0,0,0,0,0,,0.83,34.2,2,010509CJB,448.914,0.78,4,199.2,4,120.16,3,,,55.64,0,0,0,0,0,,0,0,0,0,0,0,,,,,0,104,58,0,0,0,0,0,0,,,1,,,8,2,,0,1,0,0,,,0,,2,3,0,2,0,,,0,0,67,21.7361671346411,0,0,0,0,0,,0,0,0,0,0,,0,,,,0,0,0,,,0,112.4,1,123.574144486692,4.81684133614006,2,0,0,0,84,0,1,,7539,,,,76.7132898786891,1,Q3,high,high,Q1-Q3,Q1-Q3,,,,,,
1,2810843243,2017-11-26,835.5,2,1,162,53,111,98,0.69,3,21.7,5.7,11644,3850.23041474654,8.25588827347713,2.09180651530109,0.738028054019616,0,,42.84,,117.4,1,541.013824884793,6.29344483283567,0,70.36,0,11644,0,3,,11644,0,,,2,4445,5859,11644,13611,13611,1967,,0,0,,,,0,0,8,0,11644,C10AX06,440 MG,C10,C10A,C10AX,C10AX06,"",,,,,,1,1,,,,,"","",,,,,,,,,,,,0,0,0,0,0,1,1,0,0,0,0,,4.17,129.8,2,020309CJB,462.778,1.57,24,171.5,24,110.547,8,12838,12838,42.84,0,0,0,0,1,2,0,0,0,0,0,0,0,0,0,0,0,147,61.5,0,0,0,0,0,0,1,,,,,3,7,,0,1,0,1,0,0,0,1,1,1,0,2,0,,,0,0,64,27.3257893333157,0,0,0,1,0,,0,0,0,0,0,,0,,,,0,0,0,,,0,86.8,0,138.248847926267,4.92905530710383,2,0,0,1,92,0,0,,16626,,,,41.8503305950711,1,Q2,low,low,Q1-Q3,Q1-Q3,,,,,,
1,2810843388,2018-01-13,4241.3,2,1,147,73,59,98,0.77,4.9,127.5,5.8,11958,3326.50980392157,8.10967892639587,3.63685474189676,1.2911192262182,0,,61.74,,930.86,1,730.086274509804,6.59316271141923,0,79.83,0,11958,0,3,,11958,0,,,2,4412,5731,11958,13955,13955,1997,14034,1,0,113,12071,,0,0,8,0,11958,"","","","","","","",,,,,,,,,,,,"","",,,,,,,,,,,,0,0,0,0,0,0,0,0,0,0,0,,1.92,44,2,021309CJB,310.108,1.54,39,221.9,39,102.64,8,12933,12933,61.74,0,0,0,0,0,1,0,0,0,0,0,0,0,0,0,0,0,132,66,0,0,0,0,0,0,1,,,,,8,1,,0,1,0,0,0,0,0,0,1,1,0,2,0,,,0,0,57,21.3054971564489,0,0,0,0,0,,0,0,0,0,0,,0,,1,1,0,0,1,,,0,62.2,1,38.4313725490196,3.64887411950024,2,0,0,0,86,0,0,,16717,,,,38.6803465572275,1,Q2,low,low,Q1-Q3,Q1-Q3,,,,,,
1,2810844050,2017-09-02,1119.7,2,1,232,57,175,93,0.98,3,19.3,5,11851,5801.55440414508,8.6658811613434,2.08105939004815,0.732877086191266,0,,71.56,,205.08,1,1062.59067357513,6.96846523699275,0,72.75,0,11851,0,3,40,11851,1,5160,17011,2,4601,,11851,14077,14077,2226,,0,0,,,,0,1,8,1,11851,"","","","","","","",,,,,,,,,,,,"","",,,,,,,,,,,,0,0,0,0,0,0,0,0,0,0,0,,1.13,62.05,2,011209CJB,339.514,2.13,3,166.7,3,125.352,8,13378,13378,71.56,0,0,0,0,0,2,0,0,0,0,0,0,0,0,0,0,0,190,64,1,1,0,0,0,0,1,,,,,8,2,,0,1,0,0,0,0,0,1,1,1,0,2,0,,,0,1,66,32.6136394460289,0,0,0,0,0,,0,0,0,0,0,,0,,,,0,0,0,,,0,140,0,155.440414507772,5.04626247173941,2,0,0,0,60,0,1,,17171,17011,40,5320,96.692573402418,1,Q3,high,high,Q4,Q1-Q3,CHF,14.5653661875428,1,1,1,0
1,2810844594,2018-06-30,20000,3,1,207,64,96,84,0.6,8.9,117.7,5.6,11798,16992.3534409516,9.74051872425799,,,,,39.98,,1943.03,1,1650.83262531861,7.40903506102128,0,,,,,,41,11798,1,3292,15090,2,,5658,11798,,,,,0,0,,,,0,1,,1,11798,C10AX06,40 MG,C10,C10A,C10AX,C10AX06,"",,,1,,,1,,1,,1,,"","",,,,,,,,,,,,0,0,1,0,0,1,0,1,0,1,0,,8,191.3,2,020309bCJ,350.322,5.07,24,162.9,24,141.185,8,12984,12984,39.98,1,0,0,0,1,2,0,0,0,0,0,0,0,0,0,,0,207,62.5,0,0,0,0,0,0,1,,,,,3,10,,0,1,1,1,,0,0,1,1,1,0,2,0,,,0,0,60,37.2576898753798,0,1,1,0,1,,0,0,0,0,0,,0,,,,0,0,0,1,13162,0,123.8,1,75.6159728122345,4.325667541454,2,1,1,0,99,1,1,,16368,15090,41,4570,171.639933746986,0,Q4,high,high,Q4,Q4,CHF,12.5119780971937,1,1,1,0
1,2810844900,2018-12-15,4465.2,2,1,202,37,105,108,0.82,3,19.3,5.4,12623,23135.7512953368,10.0491343752178,1.55756207674944,0.443121827546169,1,,50.18,,287.96,1,1492.0207253886,7.30788667167835,0,,0,12623,,,,12623,0,,,2,5219,6315,12623,14743,14743,2120,,0,0,,,,0,0,,0,12623,C09AA03,5 MG,C09,C09A,C09AA,C09AA03,"",,,,,1,,,,,,,"","",,,,,,,,,,,,0,0,0,0,1,0,0,0,0,0,0,,4.53,127.5,2,021309CJB,432.702,2.71,39,159.5,39,135.965,8,13584,13584,50.18,1,0,0,0,0,2,0,0,0,0,0,0,0,0,0,0,0,133,62.5,0,0,0,0,0,0,1,,,,,7,1,,0,1,1,0,0,0,0,1,1,1,0,2,0,,,0,0,64,23.9385157170314,0,0,1,0,1,,0,0,0,0,0,,0,,,,0,0,1,,,0,144,0,155.440414507772,5.04626247173941,2,0,0,0,76,1,1,,17368,,,,304.4177802018,1,Q4,high,high,Q4,Q4,,,,,,
1,2810845051,2018-01-26,1340,2,1,165,46,230,101,0.86,3,44.1,6.1,11608,3038.54875283447,8.01913529648025,2.90846047156727,1.06762389361697,0,,46.78,,252.05,1,571.541950113379,6.34833788406393,0,75.63,0,11608,0,3,,11608,0,,,2,4278,5645,11608,13639,13639,2031,,0,0,,,,0,0,8,0,11608,C10AA05,20 MG,C10,C10A,C10AA,C10AA05,325 MG,1,,,,,1,1,,,,,"","",,,,,,,,,,,,1,0,0,0,0,1,1,0,0,0,0,,2.5,129.2,2,021709CJB,495.564,2.14,41,143.8,41,97.563,8,12534,12534,46.78,0,0,0,0,0,2,0,0,0,0,0,0,0,0,0,0,0,156,65.5,0,0,0,0,0,0,1,,,,,5,6,,0,1,0,0,0,0,0,1,1,1,0,2,0,,,0,0,69,25.5651067796512,0,0,0,1,0,,0,0,0,0,0,,0,,,,0,0,0,,,0,73,0,68.0272108843537,4.21990778519745,2,0,0,1,69,0,0,,16318,,,,44.0369384468763,1,Q2,low,low,Q1-Q3,Q1-Q3,,,,,,
1,2810845941,2017-10-25,2332.5,2,1,240,147,37,96,0.87,3,91.3,5.4,11610,2554.76451259584,7.84571533110867,4.28424015009381,1.45494320845921,0,,50.92,,521.7,1,571.412924424973,6.34811210841552,0,,0,11610,,,,11610,0,,,2,4374,5623,11610,13726,13726,2116,,0,0,,,,0,0,,0,11610,"","","","","","","",,,,,,,,,,,,"","",,,,,,,,,,,,0,0,0,0,0,0,0,0,0,0,0,,0.17,28.57,2,012209CJB,382.504,0.45,12,133.1,12,75.766,8,12983,12983,50.92,0,0,0,0,0,2,0,0,0,0,0,0,0,0,0,0,0,120,64.25,0,0,0,0,0,0,1,,,,,8,1,,0,1,0,0,0,0,0,1,1,1,0,2,0,,,0,0,54,20.4381035266635,0,0,0,0,0,,0,0,0,0,0,,0,,,,0,0,0,,,0,85.6,0,32.8587075575027,3.49221678004932,2,0,0,0,76,0,0,,16775,,,,33.6153225341558,1,Q1,low,low,Q1-Q3,Q1-Q3,,,,,,
1,2810846012,2017-08-26,818.1,2,1,202,73,106,92,0.64,3,31.4,5.4,11068,2605.41401273885,7.86534687159354,3.47822057460612,1.24652083387689,0,,41.5,,491.94,1,1566.68789808917,7.35671905091003,0,66.88,0,11068,0,3,,11068,0,,,2,,,11068,13993,13993,2925,,0,0,,,,0,0,8,0,11068,M01AE12,600 MG,M01,M01A,M01AE,M01AE12,325 MG,1,1,,,1,,,,,,,"","",,,,,,,,,,,,1,1,0,0,1,0,0,0,0,0,0,,1.76,40.92,2,010909CJB,271.184,0.68,2,202,2,112.205,8,12635,12635,41.5,1,0,0,0,0,2,0,0,0,0,0,0,0,0,0,0,0,164,62.25,0,0,0,0,0,0,1,,,,,7,1,,0,1,1,0,0,0,0,1,1,1,0,2,0,,,0,0,59,29.7557395811555,0,0,1,0,1,,0,0,0,0,0,,0,,,,0,0,0,,,0,107.8,0,95.5414012738854,4.55955967473604,2,0,0,0,98,0,0,,16429,,,,26.5858572728454,1,Q1,low,low,Q1-Q3,Q1-Q3,,,,,,
1,2810846570,2017-10-30,654.3,2,1,238,49,205,145,0.8,4,92.4,6.2,11644,708.116883116883,6.56260916921615,2.95138888888889,1.08227586934842,0,,60.88,,1227.06,1,1327.98701298701,7.19141955061131,0,69.17,0,11644,0,3,,11644,0,,,2,4393,5629,11644,13731,13731,2087,,0,0,,,,0,0,8,0,11644,M01AE02,500 MG,M01,M01A,M01AE,M01AE02,"",,1,,,1,1,1,1,,,,"","",,,,,,,,,,,,0,1,0,0,1,1,1,1,0,0,0,,1.31,81.65,2,012309CJB,579.808,1.48,14,198.4,14,169.127,8,12981,12981,60.88,1,0,0,0,1,2,0,0,0,0,0,0,0,0,,0,0,149,64.5,0,0,0,0,0,0,1,,,,,7,7,,0,1,1,1,0,0,0,1,1,1,0,2,0,,,0,0,61,25.1809697778401,0,0,1,1,1,,0,0,0,0,0,,0,,,,0,0,1,,,0,148,1,43.2900432900433,3.76792266145439,2,1,0,1,80,0,0,,16773,,,,8.85146103896104,1,Q1,low,low,Q1-Q3,Q1-Q3,,,,,,
1,2810847675,2017-08-29,2970.7,2,1,215,57,119,86,0.78,3,129.5,5.2,12173,2293.97683397683,7.73804219911035,2.02121078214759,0.703696728949189,0,,23.42,,778.26,1,600.972972972973,6.39854996342914,0,68.51,0,12173,0,3,,12173,0,,,2,4552,5784,12173,14386,14386,2213,,0,0,,,,0,0,8,0,12173,M01AX05,750/600 MG,M01,M01A,M01AX,M01AX25,"",,1,,,,,,,,,,M01AX25,"",,1,,,,,,,,,,0,1,0,0,0,0,0,0,0,0,0,,0.46,18.56,2,010909CJB,297.01,0.84,2,163.8,2,128.172,8,13734,13734,23.42,0,0,0,0,0,2,0,0,0,0,0,0,0,0,0,0,0,108,59.75,0,0,0,0,0,0,1,,,,,3,6,,0,1,0,0,0,0,0,1,1,1,0,2,0,,,0,0,58,21.2693172362063,0,0,0,0,0,,0,0,0,0,0,,0,,,,0,0,0,,,0,134.2,0,23.1660231660232,3.14268668651065,1,0,0,0,84,0,0,,17528,,,,27.3092480235337,1,Q1,low,low,Q1-Q3,Q1-Q3,,,,,,
1,2810847936,2018-01-01,970.2,2,1,186,47,89,98,0.82,3,31.2,5.5,11995,3109.61538461538,8.04225432698377,,,,,34.54,,480.09,1,1538.75,7.33872567749866,0,66.41,0,11995,0,3,,11995,0,,,2,4112,5899,11995,13997,13997,2002,,0,0,,,,0,0,8,0,11995,C03CA01,20 MG,C03,C03C,C03CA,C03CA01,"",,,,,,,,1,,,,"","",,,,,,,,,,,,0,0,0,0,0,0,0,1,0,0,0,,9.44,57.29,2,021009CJB,442.184,5.32,33,360.6,33,166.536,8,13051,13051,34.54,1,0,0,0,0,1,0,0,0,0,0,0,0,0,0,0,0,233,71,0,0,0,0,0,0,1,,,,,4,1,,0,1,1,0,0,0,0,0,1,1,0,2,0,,,0,0,58,32.4971171664224,0,0,1,0,1,,0,0,0,0,0,,0,,,,0,0,0,,,0,121.2,0,96.1538461538462,4.56594947283481,2,0,0,0,79,0,0,,16836,,,,39.3622200584226,1,Q2,low,low,Q1-Q3,Q1-Q3,,,,,,
1,2810848011,2017-09-23,1181.1,2,1,197,69,127,99,0.7,3,31.7,5.3,11999,3725.86750788643,8.22305499172266,3.58647798742138,1.27717065894427,0,,53.2,,182.89,1,576.940063091483,6.35773838432134,0,68.3,0,11999,0,3,,11999,0,,,2,4495,5715,11999,14531,14531,2532,,0,0,,,,0,0,8,0,11999,C10AA01,10 MG,C10,C10A,C10AA,C10AA01,"",,,,,,1,1,,,,,"","",,,,,,,,,,,,0,0,0,0,0,1,1,0,0,0,0,,5.42,42.52,2,011509CJB,390.044,2.52,7,206.6,7,158.895,8,13441,13441,53.2,0,0,0,0,0,2,0,0,0,0,0,0,0,0,0,0,0,129,64.25,0,0,0,0,0,0,1,,,,,7,2,,0,1,0,0,0,0,0,1,1,1,0,2,0,,,0,0,60,21.9709612911633,0,0,0,1,0,,0,0,0,0,0,,0,,,,0,0,1,,,0,102.6,0,94.6372239747634,4.55005088676701,2,0,0,1,94,0,0,,17234,,,,39.6368883817706,1,Q2,low,low,Q1-Q3,Q1-Q3,,,,,,
1,2810848615,2017-08-30,2235.3,2,1,268,60,183,107,1.58,3,89,5.8,11871,2511.57303370787,7.82866454248374,3.52988691437803,1.26126583484509,0,,30.6,,672.59,1,755.719101123596,6.62766974777393,0,,0,11871,,,40,11871,1,-96,11775,2,5091,6125,11871,14044,14044,2173,,0,0,,,,1,0,,1,11871,M01AX05,667 MG,M01,M01A,M01AX,M01AX05,"",,1,,1,1,1,,1,,,,"","",,,,,,,,,,,,0,1,0,1,1,1,0,1,0,0,0,,4.4,134.2,2,011209CJB,326.304,3.09,3,219.1,3,161.125,8,13399,13399,30.6,1,0,0,0,0,2,0,0,0,0,0,0,1,0,0,0,0,220,63,0,0,0,0,0,0,1,,,,,7,10,,0,1,1,0,0,0,0,1,1,1,0,2,0,,,0,0,62,38.9715065144416,0,0,1,0,1,,0,0,0,0,0,,0,,,,0,0,1,,,0,171.4,0,33.7078651685393,3.51773119791811,2,0,1,0,35,0,0,,17192,11775,40,5321,71.7592295345104,1,Q1,low,high,Q1-Q3,Q1-Q3,CHF,14.5681040383299,1,1,1,0
1,2810849147,2017-10-30,960.8,2,1,204,54,79,103,0.89,3.1,76.8,5.8,12056,1251.04166666667,7.13173181660024,1.64477933261572,0.497606230912627,1,,37.08,,662.08,1,862.083333333333,6.75935194039164,0,64.82,0,12056,0,3,,12056,0,,,1,4633,5735,12056,14280,14280,2224,,0,0,,,,0,0,8,0,12056,M01AX05,1500/1200 MG,M01,M01A,M01AX,M01AX25,"",,1,1,,,,,,,,,M01AX25,"",,1,,,,,,,,,,0,1,1,0,0,0,0,0,0,0,0,,2.13,64.5,2,012609CJB,507.722,1.45,15,217.6,15,122.751,8,13366,13366,37.08,0,0,0,0,0,8,0,0,0,0,0,0,0,0,0,0,0,234,67,0,0,0,0,0,0,1,,,,,3,1,,0,1,0,0,0,0,0,,1,1,0,2,0,,,0,0,61,36.6498215732007,0,0,0,0,0,,0,0,0,0,0,,0,,,,0,0,0,,,0,134.2,0,40.3645833333333,3.69795275031961,2,0,0,0,92,0,0,,17157,,,,13.5982789855072,1,Q1,low,low,Q1-Q3,Q1-Q3,,,,,,
1,2810849782,2018-12-15,8235.3,2,1,160,36,115,98,0.61,5.1,79.6,5.6,12750,10345.8542713568,9.24434116495844,1.92667277726856,0.655794565603826,0,,43.08,,1215.01,1,1526.39447236181,7.33066367933121,0,67.39,0,12750,0,3,,12750,0,,,2,4567,5834,12750,14773,14773,2023,13636,1,0,886,13636,,0,0,8,0,12750,C10AA05,10 MG,C10,C10A,C10AA,C10AA05,"",,,,,1,1,1,1,,,,"","",,,,,,,,,,,,0,0,0,0,1,1,1,1,0,0,0,,2.56,49.72,2,021409CJB,482.044,3.94,40,187.9,40,142.576,8,13689,13689,43.08,1,0,0,0,0,2,1,1,1,0,0,0,0,0,0,0,0,137,61.5,0,0,0,0,0,0,1,,,,,3,7,,0,1,1,0,0,0,0,1,1,1,2,2,0,,,0,0,61,25.4668920997568,1,0,1,1,1,,0,0,0,0,0,,0,,1,1,0,0,0,,,0,101,1,64.070351758794,4.15998172586208,2,0,0,1,98,1,1,,17473,,,,105.569941544457,1,Q4,high,high,Q4,Q4,,,,,,
7,2810849823,2017-08-12,1317.1,2,1,185,71,76,97,0.73,3,35,5.5,3098,3763.14285714286,8.23300975350368,3.68968318440292,1.30554059648105,0,5.1,39.22,42.14,153.84,2,439.542857142857,6.0857352257792,0,63.62,0,3098,0,3,,3098,0,,,2,3098,4836,,,4836,1738,,0,0,,,,0,0,8,0,3098,"","","","","","","",,,,,,,,,,,,"","",,,,,,,,,,,,0,0,0,0,0,0,0,0,0,0,0,,0.17,32.13,2,122208CJB,219.46,0.4,1,209,1,120.589,3,,,39.22,0,0,0,0,0,,0,0,0,0,0,0,,,,,0,114,63,0,0,0,0,0,0,,,1,,,8,1,,0,1,0,0,,,0,,2,3,0,2,0,,,0,0,54,20.1943261029379,0,0,0,0,0,,0,0,0,0,0,,0,,,,0,0,0,,,0,98.8,0,85.7142857142857,4.45101950616083,2,0,0,0,93,0,0,,7810,,,,40.4639016897082,1,Q2,low,low,Q1-Q3,Q1-Q3,,,,,,
1,2810850935,2018-12-15,4350.1,2,0,172,46,81,104,0.79,3,60.4,5.8,11910,7202.1523178808,8.88213519337157,1.90018832391714,0.64195299911167,0,,59.06,,1068.31,1,1768.72516556291,7.47801432062183,0,79.07,0,11910,0,3,,11910,0,,,1,4431,5690,11910,,,,,0,0,,,,0,0,8,0,11910,"","","","","","","",,,,,,,,,,,,"","",,,,,,,,,,,,0,0,0,0,0,0,0,0,0,0,0,,11.35,95.73,2,021309CJB,368.972,2.91,39,289,39,182.455,8,12883,12883,59.06,0,0,0,0,0,8,0,0,0,0,0,0,0,0,0,0,0,228,69.5,0,0,0,0,0,0,1,,,,,3,2,,0,1,0,0,0,0,0,,1,1,0,2,0,,,0,0,61,33.1872181781732,0,0,0,0,0,,0,0,0,0,0,,0,,,,0,0,0,,,0,109.8,0,49.6688741721854,3.90537846270948,2,0,0,0,97,1,1,12810,15584,12810,21,900,74.2489929678433,0,Q4,high,high,Q1-Q3,Q4,CHD Death,2.46406570841889,0,0,0,0
1,2810851178,2018-12-15,6616.9,2,1,189,60,105,96,0.63,12.5,111.9,6,12380,5913.22609472744,8.68494683197929,,,,,52.06,,1918.93,1,1714.86148346738,7.44708758868065,0,64.07,0,12380,0,3,,12380,0,,,2,4569,5723,12380,14402,14402,2022,,0,0,,,,0,0,8,0,12380,M01AE01,600 MG,M01,M01A,M01AE,M01AE01,"",,1,,,,1,1,,,,,"","",,,,,,,,,,,,0,1,0,0,0,1,1,0,0,0,0,,10.66,173,2,021109CJB,305.098,3.73,35,261.9,35,178.015,8,13408,13408,52.06,0,0,0,0,0,2,0,0,0,0,0,0,0,0,0,0,0,219,65.75,0,0,0,0,0,0,1,,,,,3,1,,0,1,0,0,0,0,0,1,1,1,0,2,0,,,0,0,60,35.617071913639,0,0,0,1,0,,0,0,0,0,0,,0,,,,0,0,0,,,0,108,1,111.706881143878,4.71587830797251,2,0,0,1,97,0,1,,17193,,,,60.9610937600766,1,Q3,high,low,Q1-Q3,Q1-Q3,,,,,,
1,2810852817,2018-02-10,1797.9,2,1,195,72,126,98,1.08,3.1,48.3,5.4,11910,3722.36024844721,8.22211322146181,4.00755939524838,1.38818242641442,0,,55.46,,473.31,1,979.937888198758,6.88748919026704,0,66.98,0,11910,0,3,12,11910,1,-1459,10451,2,4195,5666,11910,,,,11910,1,1,-2302,9608,,1,0,6,1,11910,M01AH03,10 MG,M01,M01A,M01AH,M01AH03,"",,1,,1,1,,,,,1,1,"","",,,,,,,,,,,,0,1,0,1,1,0,0,0,0,1,1,,1.9,44.35,2,021909bCJ,294.666,1.56,47,218.5,47,120.312,8,12677,12677,55.46,1,0,0,0,2,2,0,0,0,0,0,0,0,1,0,0,0,138,66.75,0,0,0,0,0,0,1,,,,,7,8,,0,1,1,1,0,1,0,1,1,1,0,2,0,,,0,0,83,21.7762031282174,0,1,1,0,1,,0,0,0,0,1,13996,1,10364,1,3,1,1,0,,,0,97.8,0,64.1821946169772,4.16172582981471,2,1,0,0,47,0,0,14008,,10364,12,,79.199154222281,1,Q2,low,high,Q1-Q3,Q1-Q3,TIA,,,,,
1,2810853045,2017-12-02,4408.8,2,1,156,48,93,100,1.09,23.7,94.2,5.7,12609,4680.25477707006,8.4511078269748,1.43015332197615,0.357781656689499,1,,55.94,,1033.53,1,1097.16560509554,7.0004854106825,0,65.69,0,12609,0,3,,12609,0,,,1,4502,5790,12609,14722,14722,2113,,0,0,,,,0,0,8,0,12609,C10AA05,10 MG,C10,C10A,C10AA,C10AA05,"",,,,,1,1,1,1,,,,"","",,,,,,,,,,,,0,0,0,0,1,1,1,1,0,0,0,,2.13,61.86,2,020409CJB,390.784,1.54,26,165.3,26,121.16,8,13770,13770,55.94,1,0,0,0,0,8,1,1,1,0,0,0,0,0,0,0,0,157,62.75,0,0,1,1,0,0,1,,,,,5,1,,0,1,1,0,0,0,0,,1,1,2,2,0,,,0,1,62,28.0335310912682,1,0,1,1,1,,0,0,0,0,0,,0,,,,0,0,0,,,0,89.4,1,251.592356687898,5.52781014554091,2,0,0,1,72,0,1,,17557,,,,65.0035385704176,1,Q3,low,high,Q1-Q3,Q1-Q3,,,,,,
1,2810853722,2017-09-23,1243,2,1,156,46,103,92,0.8,3,43.4,5.4,12215,2864.05529953917,7.95999383639244,1.44470868014269,0.367907695801701,1,,46.3,,842.28,1,1940.73732718894,7.57082324541206,0,59.11,0,12215,0,3,,12215,0,,,2,4627,5793,12215,14878,14878,2663,,0,0,,,,0,0,8,0,12215,M01AE01,"",M01,M01A,M01AE,M01AE01,"",,1,,,,,,,,,,"","",,,,,,,,,,,,0,1,0,0,0,0,0,0,0,0,0,,4.54,113.5,2,011509CJB,390.762,1.18,7,246.3,7,147.244,8,13659,13659,46.3,0,0,0,0,0,2,1,1,1,0,0,0,0,0,0,0,0,229,67.5,0,0,0,0,0,0,1,,,,,4,2,,0,0,0,0,0,0,0,1,1,1,2,,0,,,0,0,53,35.3373151190747,1,0,0,0,0,,0,0,0,0,0,,0,,,,0,0,0,,,0,89.4,0,69.1244239631336,4.23590812654389,2,0,0,0,84,0,0,,17452,,,,34.0958964230854,1,Q2,low,low,Q1-Q3,Q1-Q3,,,,,,
1,2810854206,2018-01-01,883.8,2,1,261,62,165,107,1.06,3,21.9,5.7,11521,4035.61643835617,8.30291434186228,1.83798882681564,0.608671944924617,0,,36.56,,209.23,1,955.388127853881,6.8621176745168,0,65.11,0,11521,0,3,,11521,0,,,1,,5766,11521,13675,13675,2154,,0,0,,,,0,0,8,0,11521,C07AB02,50 MG,C07,C07A,C07AB,C07AB02,"",,,,1,,,,1,,,,"","",,,,,,,,,,,,0,0,0,1,0,0,0,1,0,0,0,,6.43,138.7,2,021009CJB,305.166,4.88,34,246.6,34,212.421,8,12570,12570,36.56,1,0,0,0,0,8,0,0,0,0,0,0,0,0,0,0,0,213,72.75,1,1,0,0,0,0,1,,,,,7,1,,0,1,1,0,0,0,0,,1,1,0,2,0,,,0,1,64,28.2956204131135,0,0,1,0,1,,0,0,0,0,0,,0,,,,0,0,0,,,0,166,0,136.986301369863,4.91988093082779,2,0,0,0,74,0,0,,16355,,,,54.5353572750833,1,Q2,low,low,Q1-Q3,Q1-Q3,,,,,,
1,2810854355,2018-01-01,2653.7,2,1,194,75,64,96,0.89,3,85.6,5.5,12625,3100.11682242991,8.039195074418,2.58879618593564,0.95119297458662,0,,25.84,,748.35,1,874.240654205608,6.77335568581555,0,72.83,0,12625,0,3,,12625,0,,,2,4594,5826,12625,14674,14674,2049,,0,0,,,,0,0,8,0,12625,M01AX05,"",M01,M01A,M01AX,M01AX25,"",,1,,,,,,,,,,M01AX25,"",,1,,,,,,,,,,0,1,0,0,0,0,0,0,0,0,0,,0.25,40.85,2,021009CJB,403.866,0.66,34,203.6,34,106.975,8,13667,13667,25.84,0,0,0,0,0,2,0,0,0,0,0,0,0,0,0,0,0,176,67.5,0,0,0,0,0,0,1,,,,,3,2,,0,1,0,0,0,0,0,1,1,1,0,2,0,,,0,0,54,27.1588098731753,0,0,0,0,0,,0,0,0,0,0,,0,,,,0,0,0,,,0,106.2,0,35.0467289719626,3.55668228450255,2,0,0,0,73,0,0,,17452,,,,42.4673537319165,1,Q2,low,low,Q1-Q3,Q1-Q3,,,,,,
1,2810854471,2018-12-08,7120,2,1,116,34,141,120,1.56,20.7,93.1,6.8,12085,7647.69065520945,8.94215900611109,5.646771037182,1.73108388394732,0,,47.68,,1899.5,1,2040.27926960258,7.62084197433275,0,60.07,0,12085,0,3,12,12085,0,,,2,4690,5771,12085,14276,14276,2191,,0,0,,,,0,0,8,0,12085,C10AA05,10 MG,C10,C10A,C10AA,C10AA05,"",,,,,1,1,1,1,1,,1,"","",,,,,,,,,,,,0,0,0,0,1,1,1,1,1,0,1,,32.62,42.25,2,020409bCJ,419.534,15.93,27,128.2,27,107.442,8,13223,13223,47.68,2,0,0,0,1,2,0,0,0,0,0,0,0,0,1,0,1,176,64.5,0,0,0,0,0,0,1,,,,,5,6,,0,1,1,1,0,0,1,1,1,1,0,2,0,,,1,0,76,29.7439643013413,0,1,0,1,1,,0,0,0,0,0,,1,9696,,,0,0,0,,,0,53.8,1,222.34156820623,5.40421479497044,2,1,0,1,32,1,1,14364,14933,9696,12,2848,238.990332975295,0,Q4,high,high,Q4,Q4,TIA,7.79739904175222,1,0,0,0
1,2810855058,2018-01-13,3979.5,2,1,143,37,157,113,0.81,16,85.9,6,12456,4632.71245634459,8.44089781924379,2.13714285714286,0.759469823491018,0,,48.84,,953.39,1,1109.88358556461,7.01201041093659,0,72.97,0,12456,0,3,,12456,0,,,1,,5307,12456,14505,14505,2049,,0,0,,,,0,0,8,0,12456,C09CA04,150 MG,C09,C09C,C09CA,C09CA04,"",,,,,1,,,,,,,"","",,,,,,,,,,,,0,0,0,0,1,0,0,0,0,0,0,,0.8,89.68,2,021309CJB,406.634,1.34,39,212.2,39,134.65,8,13430,13430,48.84,1,0,0,0,0,8,0,0,0,0,0,0,0,0,0,0,0,192,68,0,0,0,0,0,0,1,,,,,3,6,,0,1,1,0,0,0,0,,1,1,0,2,0,,,0,0,82,29.1936916053763,0,0,1,0,1,,0,0,0,0,0,,0,,,,0,0,1,,,0,74.6,1,186.263096623981,5.22716017223171,2,0,0,0,83,0,1,16210,13022,16210,28,3754,55.8158127270432,0,Q3,low,low,Q1-Q3,Q1-Q3,Death,10.2778918548939,1,1,0,0
1,2810855439,2018-06-30,20000,3,1,227,58,166,88,0.75,11.8,154.3,5.5,11609,12961.7627997408,9.4697589791551,1.70663811563169,0.534525421121318,0,,19,,1922.44,1,1245.91056383668,7.12762191814894,0,,0,11609,,,2,11609,0,,,2,4300,5727,11609,14170,14170,2561,,0,0,,,,0,0,,0,11609,M01AE01,200 MG,M01,M01A,M01AE,M01AE01,"",,1,,,,,,,,,,"","",,,,,,,,,,,,0,1,0,0,0,0,0,0,0,0,0,,5.1,30.27,2,020409CJB,529.124,4.93,26,222.1,26,176.367,8,12768,12768,19,0,0,0,0,0,2,1,1,1,0,0,0,0,0,0,0,0,132,65.75,0,0,0,0,0,0,1,,,,,7,2,,0,1,0,0,0,0,0,1,1,1,2,2,0,,,0,0,60,21.4678241671249,1,0,0,0,0,140,0,1,1,0,1,13575,0,,,,0,0,0,,,0,135.8,1,76.4744005184705,4.33695605108464,2,0,0,0,87,1,1,,16555,13575,2,4946,148.985779307365,0,Q4,high,high,Q4,Q4,MI,13.5414099931554,1,1,1,0
1,2810856298,2018-02-10,1116.1,2,1,255,100,81,165,0.92,3,34.3,6.1,12062,3253.93586005831,8.08762057647787,1.87105751391466,0.626503786485269,0,,26.64,,448.82,1,1308.51311953353,7.17664674831163,0,72.9,0,12062,0,3,,12062,0,,,2,4343,6198,12062,14556,14556,2494,,0,0,,,,0,0,8,0,12062,C09AA03,2.5 MG,C09,C09A,C09AA,C09AA03,"",,,,,1,,,,,1,,"","",,,,,,,,,,,,0,0,0,0,1,0,0,0,0,1,0,,2.87,37.67,2,021909CJB,848.776,2.06,46,232.6,46,121.217,8,12852,12852,26.64,1,0,0,0,1,2,0,0,0,0,0,0,0,0,0,0,0,134,59.25,,,,,,,1,,,,,6,6,,0,1,1,1,0,0,0,1,1,1,0,2,0,,,0,0,83,26.8369836531373,0,1,1,0,1,,0,0,0,0,0,,0,,,,0,0,0,,,0,138.8,0,87.463556851312,4.47122221347835,2,1,0,0,58,0,0,,16633,,,,56.1023424147984,1,Q2,low,low,Q1-Q3,Q1-Q3,,,,,,
1,2810856455,2018-02-10,3359.8,2,1,134,44,49,106,1.05,56.1,128.4,5.6,12373,2616.66666666667,7.86965652210834,1.0801393728223,0.0770900817195708,1,,39.3,,1480.67,1,1153.16978193146,7.05026976175414,0,78.24,0,12373,0,3,,12373,0,,,1,,,12373,14330,14330,1957,13555,1,0,1182,13555,,0,0,8,0,12373,C09CA01,100/25,C03,C03A,C03AA,C03AA03,"",,,1,,1,,,,,,,C03AA03,"",,,,,,,,1,,,,0,0,1,0,1,0,0,1,0,0,0,,2.85,90.36,2,021909bCJ,342.484,2.67,47,238.2,47,142.605,8,13146,13146,39.3,1,0,0,0,0,8,0,0,0,0,0,0,0,0,0,0,0,218,68,0,0,0,0,0,0,1,,,,,7,1,,0,1,1,0,0,0,0,,1,1,0,2,0,,,0,0,59,33.147004010271,0,0,1,0,1,143,1,0,0,0,0,,0,,1,1,0,0,1,,,0,80.2,1,436.915887850467,6.07974070025493,3,0,0,0,77,0,0,,16927,,,,33.982683982684,1,Q1,low,low,Q1-Q3,Q1-Q3,,,,,,
1,2810857424,2017-12-16,3509.2,2,1,250,51,152,109,1.05,3,76.8,5.2,11795,4569.27083333333,8.42710891608869,2.4736328125,0.905687844402222,0,,40.8,,450.31,1,586.341145833333,6.37390178031269,0,69.18,0,11795,0,3,,11795,0,,,1,4610,5687,11795,13805,13805,2010,,0,0,,,,0,0,8,0,11795,"","","","","","","",,,,,,,,,,,,"","",,,,,,,,,,,,0,0,0,0,0,0,0,0,0,0,0,,0.85,34.92,2,020409bCJ,307.412,1.24,27,202.1,27,203.871,8,12930,12930,40.8,0,0,0,0,0,8,0,0,0,0,0,0,0,0,0,0,0,164,70.75,0,0,0,0,0,0,1,,,,,6,6,,0,1,0,0,0,0,0,,1,1,0,2,0,,,0,0,70,23.0354431915896,0,0,0,0,0,,0,0,0,0,0,,0,,,,0,0,1,,,0,168.6,0,39.0625,3.66516292749662,2,0,0,0,72,0,1,,16717,,,,63.4620949074074,1,Q3,low,low,Q1-Q3,Q1-Q3,,,,,,
1,2810858306,2018-01-13,901.6,2,1,145,64,43,91,0.78,3,29.9,5.3,12151,3015.38461538462,8.01148266831702,2.99733333333333,1.09772300448323,0,,27.72,,220.83,1,738.561872909699,6.60470488033018,0,65.64,0,12151,0,3,,12151,0,,,2,4270,5665,12151,14167,14167,2016,,0,0,,,,0,0,8,0,12151,"","","","","","","",,,,,,,,,,,,"","",,,,,,,,,,,,0,0,0,0,0,0,0,0,0,0,0,,0.34,21.99,2,021309CJB,340.136,2.62,39,269.9,39,163.449,8,13107,13107,27.72,0,0,0,0,0,0,0,0,0,0,0,0,0,0,0,0,0,135,64.25,0,0,0,0,0,0,1,,,,,5,1,,0,1,0,0,0,0,0,0,1,1,0,2,0,,,0,0,50,22.9928664674965,0,0,0,0,0,,0,0,0,0,0,,0,,,,0,0,0,,,0,72.4,0,100.334448160535,4.60850908725361,2,0,0,0,89,0,0,,16891,,,,33.8807260155575,1,Q2,low,low,Q1-Q3,Q1-Q3,,,,,,
1,2810859043,2017-09-07,2957.5,2,1,200,62,180,96,0.86,3,55.4,6,12225,5338.4476534296,8.5826901880874,2.07095709570957,0.72801086549657,0,,39.3,,1136.88,1,2052.12996389892,7.62663353951846,0,58.23,0,12225,0,3,,12225,0,,,1,4573,5789,12225,14345,14345,2120,,0,0,,,,0,0,8,0,12225,C09AA03,10 MG,C09,C09A,C09AA,C09AA03,"",,,,,1,,,1,,,,"","",,,,,,,,,,,,0,0,0,0,1,0,0,1,0,0,0,,4.54,140.7,2,011309CJB,373.112,3.01,5,236.8,5,135.831,8,13714,13714,39.3,1,0,0,0,0,8,0,0,0,0,0,0,1,0,0,0,0,207,69.75,0,0,0,0,0,0,1,,,,,3,6,,0,1,1,0,0,0,0,,1,1,0,2,0,,,0,0,59,29.9148985394745,0,0,1,0,1,,0,0,0,0,0,,0,,,,0,0,0,,,0,102,0,54.1516245487365,3.99178797389701,2,0,0,0,95,0,1,,17507,,,,56.1941858255748,1,Q3,low,low,Q1-Q3,Q1-Q3,,,,,,
1,2810859636,2017-11-13,2190.5,2,1,230,89,69,94,1.05,6.5,40.5,5.9,12287,5408.64197530864,8.59575331912955,3.05543859649123,1.11692314909174,0,,30.9,,949.74,1,2345.03703703704,7.7600564748013,0,62.95,1,12287,0,3,41,12287,1,4129,16416,2,4565,5778,12287,14323,14323,2036,,0,0,,,,0,1,8,1,12287,"","","","","","","",,,,,,,,,,,,"","",,,,,,,,,,,,0,0,0,0,0,0,0,0,0,0,0,,0.46,88.76,2,012709CJB,,,17,252.1,17,140.128,8,13576,13576,30.9,0,0,0,0,0,2,0,0,0,0,0,0,0,0,0,0,0,132,64,0,0,0,0,0,0,1,,,,,4,2,,0,1,0,0,0,0,0,1,1,1,0,2,0,,,0,0,74,22.6578968782938,0,0,0,0,0,,0,0,0,0,0,,0,,,,0,0,0,,,0,127.2,1,160.493827160494,5.07825548177124,2,0,0,0,52,0,1,17033,,16416,41,,104.012345679012,1,Q3,low,high,Q4,Q1-Q3,CHF,,,,,
7,2810859866,2018-11-24,3515.4,2,1,180,92,37,84,0.79,6.2,121.4,5.6,4371,2895.71663920923,7.97098790314149,2.7933390264731,1.02723766394067,0,,41.3,,944.91,1,778.34431630972,6.65716899222576,0,65.58,0,4371,0,3,,4371,0,,,1,4371,6387,,,6387,2016,,0,0,,,,0,0,8,0,4371,C09AA03,5 MG,C09,C09A,C09AA,C09AA03,"",,,,,1,,,,,,,"","",,,,,,,,,,,,0,0,0,0,1,0,0,0,0,0,0,,0.14,4.38,2,010809CJB,268.388,0.79,5,184.8,5,109.338,3,,,41.3,1,0,0,0,0,,0,0,0,0,0,0,,,,,0,123,63.75,0,0,0,0,0,0,,,,,,3,1,,1,0,1,0,,,0,,,,0,1,0,,,0,0,61,21.2789574368076,0,0,1,0,1,,0,0,0,0,0,,0,,,,0,0,0,,,0,80.6,1,51.0708401976936,3.93321369240778,2,0,0,0,97,0,0,,8820,,,,29.8527488578271,1,Q2,low,low,Q1-Q3,Q1-Q3,,,,,,
1,2810860255,2018-12-15,5777.5,2,1,220,105,97,107,0.86,25.2,176.2,5.7,12315,3278.94438138479,8.09527681463455,2.57862281603289,0.947255464180417,0,,43.08,,1355.09,1,769.063564131669,6.64517362425827,0,69.73,0,12315,0,3,,12315,0,,,2,,,12315,14343,14343,2028,,0,0,,,,0,0,8,0,12315,C03AA03,12.5 MG,C03,C03A,C03AA,C03AA03,"",,,,,,,,1,,,,"","",,,,,,,,,,,,0,0,0,0,0,0,0,1,0,0,0,,1.18,36.54,2,021309CJB,397.76,1.99,39,200.6,39,92.018,8,13290,13290,43.08,1,0,0,0,0,1,0,0,0,0,0,0,0,0,0,0,0,163,64.75,0,0,0,0,0,0,1,,,,,4,1,,0,1,1,0,0,0,0,0,1,1,0,2,0,,,0,0,58,27.3346596990596,0,0,1,0,1,,0,0,0,0,0,,0,,,,0,0,1,,,0,95.6,1,143.019296254257,4.96297955999744,2,0,0,0,74,0,0,,17074,,,,44.3100592079026,1,Q2,low,low,Q1-Q3,Q1-Q3,,,,,,
1,2810860908,2018-06-30,20000,3,1,181,43,109,93,0.78,17.2,162.3,5.2,12251,12322.8589032656,9.41921126400367,,,,,31.64,,1576.3,1,971.226124460875,6.87855931910004,0,71.16,0,12251,0,3,41,12251,1,1279,13530,1,4572,5817,12251,14470,14470,2219,,0,0,,,,0,1,8,1,12251,M01AH01,200 MG,M01,M01A,M01AH,M01AH01,"",,1,,,1,,,,,,,"","",,,,,,,,,,,,0,1,0,0,1,0,0,0,0,0,0,,0.79,26.96,2,020709CJB,339.258,1.2,31,228.3,31,184.57,8,13343,13343,31.64,1,0,0,0,0,8,0,0,0,0,0,0,0,0,0,0,0,207,70,0,0,0,0,0,0,1,,,,,7,7,,0,1,1,0,0,0,0,,1,1,0,2,0,,,0,0,75,29.7016022603474,0,0,1,0,1,,0,0,0,0,0,,0,,,,0,0,1,,,0,116.2,1,105.976586568084,4.663218188281,2,0,0,0,88,1,1,15953,,13530,41,,140.032487537109,1,Q4,high,high,Q4,Q4,CHF,,,,,
1,2810861321,2018-01-26,3222.4,2,1,148,55,55,112,0.72,3,48.1,5.4,12837,6699.3762993763,8.80976971140062,,,,,45.02,,297.06,1,617.588357588358,6.42582214747776,0,73.17,0,12837,0,3,13,12837,0,,,2,4566,5894,12837,14930,14930,2093,10350,1,1,-2488,10349,,0,0,8,0,12837,C10AD02,500 MG,C10,C10A,C10AD,C10AD02,"",,,,1,,1,1,1,,,,"","",,,,,,,,,,,,0,0,0,1,0,1,1,1,0,0,0,,2.52,39.32,2,021709CJB,267.018,2.18,41,98.7,41,75.842,8,13758,13758,45.02,1,0,0,0,0,2,0,0,0,0,0,0,0,0,0,0,0,167,63.25,0,0,0,0,0,0,1,,,,,5,6,,0,1,1,0,0,0,0,1,1,1,0,2,0,,,0,0,70,29.3495214308462,0,0,1,1,1,,0,0,0,0,0,,1,14452,1,1,1,0,1,,,0,82,0,62.3700623700624,4.13308539053853,2,0,0,1,85,1,1,,17542,14452,13,4705,78.8161917573683,0,Q4,high,high,Q1-Q3,Q4,Cancer Death,12.8815879534565,1,1,1,0
1,2810861681,2018-06-28,20000,3,1,179,45,132,99,0.99,3,135.3,6.3,12216,14781.9660014782,9.60116320334748,0.814622641509434,-0.20503028951938,1,,44.34,,2374.23,1,1754.78935698448,7.47010410418618,0,67.69,0,12216,0,3,,12216,0,,,2,4426,5813,12216,,,,,0,0,,,,0,0,8,0,12216,"","","","","","","",,,,,,,,,,,,"","",,,,,,,,,,,,0,0,0,0,0,0,0,0,0,0,0,,2.42,376.1,2,011309CJB,456.802,3.42,3,229.8,3,182.445,8,13729,13729,44.34,0,0,0,0,0,2,0,0,0,0,0,0,0,0,0,0,0,171,63.5,0,0,0,0,0,0,1,,,,,7,6,,0,1,0,0,0,0,0,1,1,1,0,2,0,,,0,0,72,29.8163359052244,0,0,0,0,0,,0,0,0,0,0,,0,,,,0,0,0,,,0,107.6,0,22.1729490022173,3.0988730324735,1,0,0,0,57,1,1,,17522,,,,259.332736868039,1,Q4,high,high,Q4,Q4,,,,,,
1,2810862039,2018-12-22,5783.9,2,1,195,40,165,108,0.9,3,154.3,5.2,11866,3748.47699287103,8.22910490123481,1.77737226277372,0.57513601669452,0,,52.88,,1639.71,1,1062.67660401815,6.96854610253279,0,60.87,0,11866,0,3,,11866,0,,,1,4325,5952,11866,13468,13468,1602,,0,0,,,,0,0,8,0,11866,M01AE01,200 MG,M01,M01A,M01AE,M01AE01,"",,1,,,,,,,,,,"","",,,,,,,,,,,,0,1,0,0,0,0,0,0,0,0,0,,0.54,102.8,2,021709CJB,328.408,0.75,41,245.6,41,192.267,8,12792,12792,52.88,0,0,0,0,0,8,0,0,0,0,0,0,0,0,0,0,0,209,71.25,0,0,0,0,0,0,1,,,,,8,1,,0,1,0,0,0,0,0,,1,1,0,2,0,,,0,0,58,28.9455736806211,0,0,0,0,0,,0,0,0,0,0,,0,,,,0,0,0,,,0,122,0,19.4426441996111,2.96746880828113,1,0,0,0,94,0,0,,16576,,,,39.8774148177769,1,Q2,low,low,Q1-Q3,Q1-Q3,,,,,,
1,2810862679,2018-01-08,3554.6,2,1,221,60,137,110,0.76,5.5,103.5,5.5,12288,3434.3961352657,8.14159639160856,,,,,52.22,,755.33,1,729.787439613527,6.59275331313011,0,67.14,0,12288,0,3,,12288,0,,,2,4565,5719,12288,14511,14511,2223,,0,0,,,,0,0,8,0,12288,C03CA01,40 MG,C03,C03C,C03CA,C03CA01,"",,,,,,,,1,,,,"","",,,,,,,,,,,,0,0,0,0,0,0,0,1,0,0,0,,2.71,137.1,2,021109bCJ,303.3,1.7,36,166.9,36,135.012,8,13295,13295,52.22,1,0,0,0,0,2,0,0,0,0,0,0,0,0,0,0,0,179,61,0,0,0,0,0,0,1,,,,,4,0,,0,1,1,0,0,0,0,1,1,1,0,2,0,,,0,0,63,33.8219757331748,0,0,1,0,1,,0,0,0,0,0,,0,,,,0,0,0,,,0,133.6,1,53.1400966183575,3.97293175851514,2,0,0,0,83,0,0,,17080,,,,41.3782666899482,1,Q2,low,low,Q1-Q3,Q1-Q3,,,,,,
1,2810863351,2017-12-24,1270.2,2,1,176,43,146,97,0.98,3,40.8,5.3,12353,3113.23529411765,8.04341775194685,1.31652360515021,0.27499463002532,1,,39.24,,727.28,1,1782.54901960784,7.48579965239158,0,71.15,0,12353,0,3,,12353,0,,,1,4679,5819,12353,14342,14342,1989,,0,0,,,,0,0,8,0,12353,M01AE01,200 MG,M01,M01A,M01AE,M01AE01,"",,1,,,,1,1,,,,,"","",,,,,,,,,,,,0,1,0,0,0,1,1,0,0,0,0,,0.61,46.22,2,020709CJB,332.808,0.66,31,187.8,31,166.307,8,13444,13444,39.24,0,0,0,0,0,8,0,0,0,0,0,0,0,0,0,0,0,216,70.5,0,0,0,0,0,0,1,,,,,8,1,,0,1,0,0,0,0,0,,1,1,0,2,0,,,0,0,47,30.5549185113762,0,0,0,1,0,140,0,1,1,0,0,,0,,,,0,0,0,,,0,103.8,0,73.5294117647059,4.29768548624013,2,0,0,1,91,0,0,,17230,14958,6,4877,34.2113768584357,0,Q2,low,low,Q1-Q3,Q1-Q3,Angina,13.3524982888433,1,1,1,0
1,2810863604,2018-12-06,5723.7,2,1,174,53,69,110,0.72,20.8,121.7,5.4,12141,4703.12243221035,8.45598191439598,2.38798498122653,0.870449906241957,0,,27.86,,925.06,1,760.115036976171,6.63346978626827,0,70.76,0,12141,0,3,,12141,0,,,2,4473,5714,12141,14443,14443,2302,,0,0,,,,0,0,8,0,12141,C10AA05,20 MG,C10,C10A,C10AA,C10AA05,"",,,,1,,1,1,,,,,"","",,,,,,,,,,,,0,0,0,1,0,1,1,0,0,0,0,,2.43,112.7,2,012709bCJ,481.704,0.73,17,195.7,17,138.794,8,13423,13423,27.86,1,0,0,0,2,2,0,0,0,0,0,0,0,0,0,0,0,205,63.75,0,0,0,0,0,0,1,,,,,7,1,,0,1,1,1,0,0,0,1,1,1,0,2,0,,,0,0,57,35.464929061346,0,0,1,1,1,,0,0,0,0,0,,0,,,,0,0,0,,,0,107.2,1,170.912078882498,5.14114926569593,2,0,0,1,93,0,1,,17214,,,,50.5712089484984,1,Q3,low,low,Q1-Q3,Q1-Q3,,,,,,
1,2810863900,2018-01-06,1687.9,2,1,226,52,69,96,0.97,3,152,5.4,12381,1110.46052631579,7.0125300968367,1.69883889695211,0.529945015917307,0,,60.16,,1293.08,1,850.71052631579,6.7460719136161,0,58.46,0,12381,0,3,,12381,0,,,1,4571,5796,12381,14362,14362,1981,,0,0,,,,0,0,8,0,12381,M01AX05,"",M01,M01A,M01AX,M01AX25,"",,1,,,,,,,,,,M01AX25,"",,1,,,,,,,,,,0,1,0,0,0,0,0,0,0,0,0,,0.92,44.38,2,021109CJB,,,35,318.9,35,213.121,8,13410,13410,60.16,0,0,0,0,0,8,0,0,0,0,0,0,0,0,0,0,0,185,69.5,0,0,0,0,0,0,1,,,,,5,6,,0,0,0,0,0,0,0,,1,1,0,,0,,,0,0,72,26.9282252761493,0,0,0,0,0,,0,0,0,0,0,,0,,,,0,0,1,1,12596,0,160.2,0,19.7368421052632,2.98248704680397,1,0,0,0,78,0,0,,17195,,,,14.236673414305,1,Q1,low,low,Q1-Q3,Q1-Q3,,,,,,
1,2810864236,2017-12-14,758.9,2,1,216,57,158,105,0.85,3,117.3,5.6,12204,646.973572037511,6.47230544673853,2.25936599423631,0.815084240403549,0,,48.04,,1040.93,1,887.408354646206,6.78830525364717,0,60.68,0,12204,0,3,,12204,0,,,2,4613,5708,12204,14442,14442,2238,,0,0,,,,0,0,8,0,12204,M01AE02,220 MG,M01,M01A,M01AE,M01AE02,"",,1,,,,,,,,,,"","",,,,,,,,,,,,0,1,0,0,0,0,0,0,0,0,0,,0.95,46.94,2,020409bCJ,516.81,1.78,26,237.4,26,164.83,8,13357,13357,48.04,0,0,0,0,0,2,0,0,0,0,0,0,0,0,0,0,0,146,65.75,0,0,0,0,0,0,1,,,,,3,6,,0,1,0,0,0,0,0,1,1,1,0,2,0,,,0,0,69,23.7447146090927,0,0,0,0,0,,0,0,0,0,0,,0,,,,0,0,1,,,0,127.4,0,25.5754475703325,3.24163281199082,1,0,0,0,70,0,0,,16885,,,,9.24247960053587,1,Q1,low,low,Q1-Q3,Q1-Q3,,,,,,
1,2810864833,2017-12-16,459.4,2,1,232,82,97,92,0.94,3,25.5,5.5,11608,1801.56862745098,7.49641302407871,1.81551618814905,0.596369828466515,0,,41.3,,487.82,1,1913.01960784314,7.55643821917504,0,66.89,0,11608,0,3,,11608,0,,,2,4741,6148,11608,13869,13869,2261,,0,0,,,,0,0,8,0,11608,C10AX06,1000 MG,C10,C10A,C10AX,C10AX06,"",,,,,,1,,,,,,"","",,,,,,,,,,,,0,0,0,0,0,1,0,0,0,0,0,,2.45,25.12,2,020509CJB,511.798,3.3,28,234.9,28,132.278,8,12737,12737,41.3,0,0,0,0,0,2,0,0,0,0,0,0,0,0,0,0,0,141,58.75,0,0,0,0,0,0,1,,,,,8,2,,0,1,0,0,0,0,0,1,1,1,0,2,0,,,0,0,73,28.7216234006936,0,0,0,0,0,,0,0,0,0,0,,0,,,,0,0,0,,,0,130.6,0,117.647058823529,4.76768911548587,2,0,1,0,60,0,0,14491,,14491,27,2883,30.0261437908497,0,Q1,low,low,Q1-Q3,Q1-Q3,,7.89322381930185,1,0,0,0
7,2810865507,2017-08-22,4444.9,2,1,187,56,59,128,0.97,6.2,123.6,6.9,4698,3596.19741100324,8.18763229147159,,,,,53.28,,2115,1,1711.16504854369,7.44492973244488,0,56.46,0,4698,0,3,,4698,0,,,1,4698,6735,,,6735,2037,,0,0,,,,0,0,8,0,4698,C10AA05,20 MG,C10,C10A,C10AA,C10AA05,"",,,,,1,1,1,,1,1,,"","",,,,,,,,,,,,0,0,0,0,1,1,1,0,1,1,0,,0.62,70.5,2,010809CJB,203.432,1.36,5,178.5,5,140.509,3,,,53.28,1,0,0,0,1,,0,0,0,0,0,0,,,,,0,162,68,0,0,0,0,0,0,1,,,,,8,1,,1,0,1,1,,,0,,1,1,0,1,0,,,0,0,56,24.6321772920363,0,1,1,1,1,,0,0,0,0,0,,0,,,,0,0,0,,,0,119.2,1,50.1618122977346,3.91525402600959,2,1,0,1,87,0,0,,9114,,,,41.3356024253245,1,Q2,low,low,Q1-Q3,Q1-Q3,,,,,,
1,2810866486,2017-09-30,616.5,2,1,196,53,68,111,0.93,3,119.6,5.4,11451,515.468227424749,6.24507566707596,2.29054054054054,0.828787833616335,0,,39.6,,1012.73,1,846.764214046823,6.74142227814904,0,70.12,0,11451,0,3,,11451,0,,,2,4358,5687,11451,13593,13593,2142,,0,0,,,,0,0,8,0,11451,"","","","","","","",,,,,,,,,,,,"","",,,,,,,,,,,,0,0,0,0,0,0,0,0,0,0,0,,0.5,29.62,2,011609CJB,397.662,1.09,9,191.1,9,126.486,8,12871,12871,39.6,0,0,0,0,0,2,0,0,0,0,0,0,0,0,0,0,0,157,61.75,0,0,0,0,0,0,1,,,,,8,2,,0,1,0,0,0,0,0,1,1,1,0,2,0,,,0,0,59,28.948851682227,0,0,0,0,0,,0,0,0,0,0,,0,,,,0,0,0,,,0,129.4,0,25.0836120401338,3.22221472613372,1,0,0,0,67,0,0,,16663,,,,7.69355563320521,1,Q1,low,low,Q1-Q3,Q1-Q3,,,,,,
1,2810866651,2018-07-06,20000,3,1,175,53,119,105,0.88,10.5,230.8,5.6,12243,8665.51126516464,9.06710620389027,,,,,51.24,,1704.13,1,738.357885615251,6.6044286469132,0,65.67,0,12243,0,3,,12243,0,,,2,4250,5636,12243,14308,14308,2065,,0,0,,,,0,0,8,0,12243,"","","","","","","",,,,,,,,,,,,"","",,,,,,,,,,,,0,0,0,0,0,0,0,0,0,0,0,,0.53,74.63,2,021809CJB,285.354,0.94,43,221.2,43,137.346,8,13125,13125,51.24,0,0,0,0,0,2,0,0,0,0,0,0,0,0,0,0,0,144,62,0,0,0,0,0,0,1,,,,,4,6,,0,1,0,0,0,0,0,1,1,1,0,2,0,,,0,0,62,26.3381171923634,0,,0,0,0,,0,0,0,0,0,,0,,,,0,0,0,,,0,98.2,1,45.4939341421144,3.81757900151167,2,0,0,0,70,1,1,,16906,,,,123.793018073781,1,Q4,high,high,Q4,Q4,,,,,,
1,2810867257,2017-09-02,2511.8,2,1,176,34,194,154,1.08,16.7,74.6,6.7,12014,3367.02412868633,8.1217845853624,2.25528913963329,0.813278186301827,0,,45.5,,617.26,1,827.426273458445,6.71832000776348,0,67.91,0,12014,0,3,,12014,0,,,1,4418,5820,12014,14339,14339,2325,,0,0,,,,0,0,8,0,12014,C07AB03,100 MG,C07,C07A,C07AB,C07AB03,"",,,,1,,,,1,,1,,"","",,,,,,,,,,,,0,0,0,1,0,0,0,1,0,1,0,,2.29,69.01,2,011209CJB,308.566,2.91,3,158.5,3,142.614,8,13532,13532,45.5,1,0,0,0,1,8,0,0,0,0,0,0,0,0,0,0,0,191,70.75,0,0,0,0,0,0,1,,,,,8,7,,0,1,1,1,0,0,0,,1,1,0,2,0,,,0,0,71,26.8278637170342,0,1,1,0,1,141,0,1,0,1,0,,0,,,,0,0,1,2,14716,0,103.2,1,223.860589812332,5.41102349119513,2,1,0,0,69,0,0,15758,,14680,6,,48.7974511403816,1,Q2,low,low,Q1-Q3,Q1-Q3,Angina,,,,,
1,2810867486,2018-01-26,1160.1,2,1,238,70,199,110,0.83,3,61.2,5.3,12184,1895.58823529412,7.54728448375117,1.55179704016913,0.439413640122583,1,,60.34,,876.45,1,1432.10784313726,7.26690265413837,0,64.68,0,12184,0,3,,12184,0,,,1,4252,5648,12184,14258,14258,2074,,0,0,,,,0,0,8,0,12184,M01AE01,200 MG,M01,M01A,M01AE,M01AE01,325 MG,1,1,,,,,,,,,,"","",,,,,,,,,,,,1,1,0,0,0,0,0,0,0,0,0,,0.73,64.66,2,021709CJB,295.042,0.59,42,325.1,42,178.401,8,13096,13096,60.34,0,0,0,0,0,8,1,1,0,51,0,0,0,0,0,0,0,156,69.5,0,0,0,0,0,0,1,,,,,4,1,,0,1,0,0,0,0,0,,1,1,1,2,0,,,0,0,51,22.7070440166448,1,0,0,0,0,,0,0,0,0,0,,0,,,,0,0,0,,,0,128.2,0,49.0196078431373,3.89222037813197,2,0,0,0,102,0,0,,16880,,,,18.5841983852364,1,Q1,low,low,Q1-Q3,Q1-Q3,,,,,,
1,2810867882,2017-09-06,1420.6,2,1,211,31,442,87,0.94,11.6,199.6,5.6,11497,711.723446893788,6.56768941867444,1.5956340956341,0.467271209355591,1,,47.28,,1420.03,1,711.437875751503,6.56728809924343,0,67.73,0,11497,0,3,,11497,0,,,1,4405,5630,11497,13609,13609,2112,,0,0,,,,0,0,8,0,11497,C10AX08,10 MG,C10,C10A,C10AX,C10AX08,"",,,,,,1,,,,,,"","",,,,,,,,,,,,0,0,0,0,0,1,0,0,0,0,0,,0.85,120.7,2,011309CJB,391.602,1.79,4,305.8,4,222.991,8,13000,13000,47.28,0,0,0,0,0,8,0,0,0,0,0,0,0,0,0,0,0,243,70,0,0,0,0,0,0,1,,,,,4,1,,0,1,0,0,0,0,0,,1,1,0,2,0,,,0,0,57,34.8670983056252,0,0,0,1,0,,0,0,0,0,0,,0,,,,0,0,0,,,0,91.6,1,58.1162324649299,4.06244501321709,2,0,1,0,90,0,0,,16793,16219,6,5296,7.90803829881986,1,Q1,low,low,Q1-Q3,Q1-Q3,Angina,14.4996577686516,1,1,1,0
1,2810869270,2018-12-22,6375.6,2,1,165,45,104,110,0.74,5.4,116.5,5.8,12727,5472.61802575107,8.60751239622723,,,,,67.36,,1457.79,1,1251.32188841202,7.13195578225539,0,65.52,0,12727,0,3,,12727,0,,,2,4580,5909,12727,14722,14722,1995,,0,0,,,,0,0,8,0,12727,"","","","","","","",,,,,,,,,,,,"","",,,,,,,,,,,,0,0,0,0,0,0,0,0,0,0,0,,13.34,211.9,2,021809CJB,243.826,4.4,43,203.4,43,107.156,8,13622,13622,67.36,0,0,0,0,0,2,0,0,0,0,0,0,0,0,0,0,0,209,63,0,0,0,0,0,0,1,,,,,4,1,,0,1,0,0,0,0,0,1,1,1,0,2,0,,,0,0,65,37.0229311887195,0,0,0,0,0,,0,0,0,0,0,,0,,,,0,0,0,,,0,99.2,1,46.3519313304721,3.83626295954661,2,0,0,0,85,0,1,,17403,,,,64.3837414794244,1,Q3,low,low,Q1-Q3,Q1-Q3,,,,,,
1,2810869605,2018-12-08,5486.6,2,1,204,78,82,117,0.83,9.5,100.2,5.4,11480,5475.64870259481,8.60806603215817,1.73360242179617,0.550201568214213,0,,47.6,,3179.78,1,3173.43313373254,8.0625692883284,0,55.22,0,11480,0,3,,11480,0,,,1,,4734,11480,13652,13652,2172,,0,0,,,,0,0,8,0,11480,C09AA03,20 MG,C09,C09A,C09AA,C09AA03,"",,,,,1,,,,,,,"","",,,,,,,,,,,,0,0,0,0,1,0,0,0,0,0,0,,0.76,30.51,2,020409bCJ,260.66,1.15,28,253.1,28,152.222,8,12615,12615,47.6,1,0,0,0,0,8,0,0,0,0,0,0,0,0,0,0,0,187,71.5,0,0,0,0,0,0,1,,,,,4,7,,0,1,1,0,0,0,0,,1,1,0,2,0,,,0,0,57,25.7178782243525,0,0,1,0,1,,0,0,0,0,0,,0,,,,0,0,1,,,0,109.6,1,94.810379241517,4.55187888893787,2,0,0,0,98,0,1,,16401,,,,55.8739663530083,1,Q3,low,low,Q1-Q3,Q1-Q3,,,,,,
1,2810869827,2017-11-26,3849.7,2,1,203,83,73,98,0.89,6.4,79.6,5.8,12343,4836.30653266332,8.48390659530558,2.90878754171301,1.0677363420274,0,,32.94,,705.92,1,886.834170854271,6.78765800976284,0,83.56,0,12343,0,3,,12343,0,,,2,,5803,12343,14332,14332,1989,,0,0,,,,0,0,8,0,12343,C03AA03,12.5 MG,C03,C03A,C03AA,C03AA03,"",,,,,,,,1,,,,"","",,,,,,,,,,,,0,0,0,0,0,0,0,1,0,0,0,,0.69,25.92,2,020309CJB,324.726,0.49,23,131.6,23,76.785,8,13545,13545,32.94,1,0,0,0,0,2,0,0,0,0,0,0,0,0,0,0,0,109,58,0,0,0,0,0,0,1,,,,,7,8,,0,1,1,0,0,0,0,1,1,1,0,2,0,,,0,0,73,22.7811751699603,0,0,1,0,1,,0,0,0,0,0,,0,,,,0,0,0,,,0,105.4,1,80.4020100502513,4.38703917649743,2,0,0,0,64,0,1,,17333,,,,75.5672895728643,1,Q3,low,high,Q1-Q3,Q1-Q3,,,,,,
1,2810869942,2017-12-31,633.9,2,1,156,27,187,108,1.17,3,156.4,5.4,11643,405.306905370844,6.004644571167,1.35310936383131,0.302405176543842,1,,30.52,,1684.67,1,1077.1547314578,6.98207833578574,0,61.73,0,11643,0,3,,11643,0,,,1,,5664,11643,13742,13742,2099,,0,0,,,,0,0,8,0,11643,M01AB01,50 MG,M01,M01A,M01AB,M01AB01,"",,1,,,,1,1,,,,,"","",,,,,,,,,,,,0,1,0,0,0,1,1,0,0,0,0,,2.4,97.2,2,020909CJB,455.342,1.06,33,205.8,33,166.259,8,12708,12708,30.52,0,0,0,0,0,8,0,0,0,0,0,0,0,0,0,0,0,167,63,0,0,0,0,0,0,1,,,,,5,2,,0,1,0,0,0,0,0,,1,1,0,2,0,,,0,0,62,29.5829163086898,0,0,0,1,0,,0,0,0,0,0,,0,,,,0,0,0,,,0,91.6,0,19.1815856777494,2.95395073953904,1,0,0,1,66,0,0,,16493,,,,6.14101371774006,1,Q1,low,low,Q1-Q3,Q1-Q3,,,,,,
7,2810870418,2018-11-24,13548.2,2,1,218,48,160,107,0.71,4.9,182,6,4083,7444.06593406594,8.91517247506654,,,,,46.86,,2763.64,1,1518.48351648352,7.32546742929585,0,64.52,0,4083,0,3,,4083,0,,,1,4083,5678,,,5678,1595,,0,0,,,,0,0,8,0,4083,"","","","","","","",,,,,,,,,,,,"","",,,,,,,,,,,,0,0,0,0,0,0,0,0,0,0,0,,2.83,63.81,2,010809CJB,228.148,2.25,5,227.4,5,147.73,3,,,46.86,0,0,0,0,0,,0,0,0,0,0,0,,,,,0,149,62.75,0,0,0,0,0,0,,,,,,3,1,1,1,0,0,0,,,0,,,,0,1,0,,,0,0,61,26.6050709082736,0,0,0,0,0,,0,0,0,0,0,,0,,,,0,0,0,,,0,138,1,26.9230769230769,3.29298379702192,1,0,0,0,101,1,1,,8510,,,,73.7036231095637,1,Q4,high,high,Q1-Q3,Q4,,,,,,
1,2810870718,2018-06-30,20000,3,1,180,56,130,145,1.23,268.7,311.4,5.6,12261,6422.60757867694,8.76757947912432,1.64182692307692,0.495809599309527,1,,41.52,,1899.51,1,609.990366088632,6.41344316374532,0,65.74,0,12261,0,3,12,12261,1,3380,15641,1,4518,5721,12261,14326,14326,2065,15658,1,0,3325,15586,,0,1,8,1,12261,C10AA05,20 MG,C10,C10A,C10AA,C10AA05,"",,,,1,,1,1,,,,,"","",,,,,,,,,,,,0,0,0,1,0,1,1,0,0,0,0,,4.51,212,2,020409bCJ,431.376,7.95,27,183.9,27,150.055,8,13399,13399,41.52,1,0,0,0,0,8,0,0,0,0,0,0,0,0,0,0,0,218,69.75,0,0,0,0,0,0,1,,,,,3,6,,0,1,1,0,0,0,0,,1,1,0,2,0,,,0,0,73,31.5045791381905,0,0,1,1,1,,0,0,0,0,0,,1,15284,1,1,0,0,1,,,0,98,1,862.877328195248,6.76027253520369,3,1,0,1,58,0,1,15662,,15284,12,,110.734613425465,1,Q3,high,high,Q4,Q1-Q3,TIA,,,,,
1,2810870972,2018-01-28,4190.9,2,1,195,97,63,89,0.74,3,71,5.5,11728,5902.67605633803,8.6831610959334,,,,,43.34,,450.94,1,635.12676056338,6.45382460190514,0,67.42,0,11728,0,3,,11728,0,,,2,,5672,11728,13948,13948,2220,,0,0,,,,0,0,8,0,11728,C10AX06,"",C10,C10A,C10AX,C10AX06,"",,,,,,1,,,,,,"","",,,,,,,,,,,,0,0,0,0,0,1,0,0,0,0,0,,0.92,28.43,2,021709CJB,261.698,1.83,42,225.1,42,122.932,8,12632,12632,43.34,0,0,0,0,0,2,0,0,0,0,0,0,0,0,,0,0,116,65,0,0,0,0,0,0,1,,,,,8,2,,0,1,0,0,0,0,0,1,1,1,0,2,0,,,0,0,58,19.3035368319257,0,0,0,0,0,,0,0,0,0,0,,0,,,,0,0,0,,,0,85.4,0,42.2535211267606,3.74368769060893,2,0,1,0,89,0,1,,16416,,,,66.3222028802026,1,Q3,high,high,Q1-Q3,Q1-Q3,,,,,,
1,2810871161,2017-10-01,4679.1,2,1,179,57,60,96,0.89,3,93.4,5.2,12039,5009.74304068522,8.51913990347918,1.08475648323846,0.0813555223905684,1,,27.74,,761.88,1,815.717344753747,6.70406790372365,0,70.1,0,12039,0,3,,12039,0,,,1,5055,6022,12039,14206,14206,2167,,0,0,,,,0,0,8,0,12039,C10AA02,20 MG,C10,C10A,C10AA,C10AA02,"",,,,,,1,1,,,,,"","",,,,,,,,,,,,0,0,0,0,0,1,1,0,0,0,0,,0.72,65.73,2,012009CJB,460.044,1.22,9,177.1,9,147.921,8,13449,13449,27.74,2,0,0,0,0,8,0,0,0,0,0,0,0,0,0,0,0,220,69.5,0,0,0,0,0,0,1,,,,,7,2,,0,1,1,0,0,0,0,,1,1,0,2,0,,,0,0,61,32.0227543824479,0,0,0,1,1,,0,0,0,0,0,,0,,,,0,0,0,,,0,110,0,32.1199143468951,3.46947622241545,2,0,0,1,92,0,1,,17241,,,,54.4537287031003,1,Q3,low,low,Q1-Q3,Q1-Q3,,,,,,
1,2810871360,2018-11-26,7028.4,2,1,160,48,78,99,0.81,24.1,152.1,6,11300,4620.90729783037,8.43834634960658,2.07480748074807,0.729868369015924,0,,50.72,,1654.21,1,1087.580539119,6.99171081918061,0,59.62,0,11300,0,3,,11300,0,,,1,4329,5688,11300,,,,,0,0,,,,0,0,8,0,11300,M01AX05,TABLET,M01,M01A,M01AX,M01AX25,"",,1,,,,1,1,,,,,M01AX25,"",,1,,,,,,,,,,0,1,0,0,0,1,1,0,0,0,0,,1.05,47.15,2,011209CJB,493.52,1.15,2,159.9,2,139.604,8,12846,12846,50.72,0,0,0,0,0,8,0,0,0,0,0,0,0,0,0,0,0,208,72.75,0,0,0,0,0,0,1,,,,,4,6,,0,1,0,0,0,0,0,,1,1,0,2,0,,,0,0,73,27.6314039714911,0,0,0,1,0,,0,0,0,0,0,,0,,,,0,0,0,,,0,96.4,1,158.44838921762,5.0654289202135,2,0,0,1,88,0,1,11957,15525,11957,27,657,52.5103102026179,0,Q3,low,low,Q1-Q3,Q1-Q3,,1.79876796714579,0,0,0,0
1,2810871853,2018-12-06,6833.5,2,1,171,45,159,93,0.68,5.7,129.8,5.6,11327,5264.63790446841,8.56876764812296,1.63340807174888,0.490668673615196,1,,26.24,,1232.85,1,949.807395993837,6.85625922298072,0,66.99,0,11327,0,3,,11327,0,,,2,4271,5670,11327,13393,13393,2066,,0,0,,,,0,0,8,0,11327,C10AX06,"",C10,C10A,C10AX,C10AX06,"",,,,,,1,,,,,,"","",,,,,,,,,,,,0,0,0,0,0,1,0,0,0,0,0,,2.02,49.36,2,012109CJB,402.372,1.81,11,197.4,11,134.698,8,12715,12715,26.24,0,0,0,0,0,2,0,0,0,0,0,0,0,0,0,0,0,161,65.75,0,0,0,0,1,1,1,,,,,6,1,,0,0,0,0,0,0,0,1,1,1,0,,0,,,0,1,57,26.1842400826296,0,0,0,0,0,,0,0,0,0,0,,0,,,,0,0,0,,,0,94.2,1,43.9137134052388,3.78222664955265,2,0,1,0,97,0,1,,16507,,,,54.2746175718393,1,Q3,low,low,Q1-Q3,Q1-Q3,,,,,,
1,2810872054,2018-07-06,20000,3,1,189,58,261,117,0.9,7.2,116.5,6.2,12791,17167.3819742489,9.75076646551846,,,,,64.72,,1597.52,1,1371.26180257511,7.22348661871747,0,66.64,0,12791,0,3,12,12791,1,1237,14028,2,4544,5796,12791,,,,12332,1,1,-661,12130,,0,1,8,1,12791,C09CA03,160 MG,C09,C09C,C09CA,C09CA03,"",,,,1,1,,,1,,,1,"","",,,,,,,,,,,,0,0,0,1,1,0,0,1,0,0,1,,1.2,212.7,2,021809bCJ,411.044,2.46,45,189.6,45,127.838,8,13629,13629,64.72,1,0,0,0,0,2,0,0,0,0,0,0,0,1,0,0,0,176,63.5,0,0,0,0,0,0,1,,,,,4,6,,0,1,1,0,0,1,0,1,1,1,0,2,0,,,0,0,75,30.6881585925116,0,0,1,1,1,140,0,1,1,0,0,,1,12127,1,1,1,0,0,,,0,78.8,1,61.8025751072961,4.12394503199839,2,0,0,0,63,1,1,14871,13815,12127,12,1024,272.49812657538,0,Q4,high,high,Q4,Q4,TIA,2.80355920602327,0,0,0,0
1,2810872564,2018-12-08,5377.3,2,1,158,75,58,94,0.75,11.4,146.4,5.7,11822,3673.01912568306,8.20876925290741,2.52941176470588,0.927986771637346,0,,25.06,,1767.7,1,1207.44535519126,7.09626213000272,0,69.28,0,11822,0,3,,11822,0,,,2,4372,5627,11822,13976,13976,2154,,0,0,,,,0,0,8,0,11822,C10AA05,10 MG,C10,C10A,C10AA,C10AA05,"",,,,,,1,1,,,,,"","",,,,,,,,,,,,0,0,0,0,0,1,1,0,0,0,0,,0.58,27.17,2,020409CJB,331.314,0.21,25,159.8,25,102.707,8,12987,12987,25.06,0,0,0,0,0,2,0,0,0,0,0,0,0,0,0,0,0,127,62.25,0,0,0,0,0,0,1,,,,,8,1,,0,1,0,0,0,0,0,1,1,1,0,2,0,,,0,0,59,23.0425544317484,0,0,0,1,0,,0,0,0,0,0,,0,,,,0,0,0,,,0,71.4,1,77.8688524590164,4.35502603285538,2,0,0,1,87,0,0,,16775,,,,42.2186106400352,1,Q2,low,low,Q1-Q3,Q1-Q3,,,,,,
7,2810873979,2017-08-10,2376,2,1,207,69,103,99,0.62,3.5,48.9,5.8,4087,4858.89570552147,8.4885664699898,1.46465598491989,0.38162039231361,1,0.9,54.26,54.96,773.26,2,1581.30879345603,7.36600813341689,0,70.3,0,4087,0,3,,4087,0,,,2,4087,5852,,,5852,1765,,0,0,,,,0,0,8,0,4087,C10AX06,1200 MG,C10,C10A,C10AX,C10AX06,"",,,,,,1,,,,,,"","",,,,,,,,,,,,0,0,0,0,0,1,0,0,0,0,0,,0.23,45.89,2,122908CJB,262.834,0.42,2,117.6,2,82.396,3,,,54.26,0,0,0,0,0,,0,0,0,0,0,0,,,,,0,109,63.5,0,0,0,0,0,0,,,1,,,6,1,,0,1,0,0,,,0,,2,3,0,2,0,,,0,0,60,19.0057345828623,0,0,0,0,0,,0,0,0,0,0,,0,,,,0,0,0,,,0,117.4,0,71.5746421267894,4.27074085099668,2,0,1,0,98,0,1,,8706,,,,49.5805684236885,1,Q3,low,low,Q1-Q3,Q1-Q3,,,,,,
7,2810875214,2018-11-24,8173.6,2,1,136,38,107,87,0.97,55.7,158.2,5.7,4489,5166.62452591656,8.54997485793175,1.73354995938262,0.550171305677245,0,,71.38,,1736.01,1,1097.35145385588,7.00065478622691,0,78.28,0,4489,0,3,,4489,0,,,1,4489,6099,,,6099,1610,,0,0,,,,0,0,8,0,4489,C10AX09,40 MG,C10,C10A,C10AA,C10AA01,"",,,,1,,1,,,,,,C10AA01,"",,,,,,1,1,,,,,0,0,0,1,0,1,1,0,0,0,0,,0.58,76.27,2,010809CJB,289.87,1,5,98.6,5,111.271,3,,,71.38,1,0,0,0,0,,0,0,0,0,0,0,,,,,0,140,66.75,0,0,0,0,0,0,,1,,,,7,1,,1,0,1,0,,,0,,2,2,0,1,0,,,0,0,60,22.0918002750032,0,0,1,1,1,,0,0,0,0,0,,0,,,,0,0,0,,,0,76.6,1,352.085967130215,5.86387537058182,3,0,0,1,98,0,1,,8937,,,,52.72065842772,1,Q3,low,low,Q1-Q3,Q1-Q3,,,,,,
1,2810875652,2017-09-30,3449.6,2,1,178,58,68,96,1.04,15.1,78.3,5.5,11193,4405.61941251596,8.39063614426596,2.2456,0.808972746065536,0,,46.94,,1163.57,1,1486.04086845466,7.30387072722433,0,60.6,0,11193,0,3,,11193,0,,,1,4508,5673,11193,,,,,0,0,,,,0,0,8,0,11193,"","","","","","","",,,,,,,,,,,,"","",,,,,,,,,,,,0,0,0,0,0,0,0,0,0,0,0,,2.58,23.06,2,011609CJB,349.644,2.92,9,175.8,9,138.584,8,12610,12610,46.94,0,0,0,0,0,8,0,0,0,0,0,0,0,0,0,0,0,181,70,0,0,0,0,0,0,1,,,,,4,6,,0,0,0,0,0,0,0,,1,1,0,,0,,,0,0,66,25.9709662276467,0,,0,0,0,,0,0,0,0,0,,0,,,,0,0,0,,,0,106.4,1,192.848020434227,5.26190241980626,2,0,0,0,74,0,1,,14078,,,,59.535397466432,1,Q3,low,low,Q1-Q3,Q1-Q3,,,,,,
1,2810875829,2018-12-08,8066.2,2,1,186,59,93,99,0.78,26.8,96,5.6,11477,8402.29166666667,9.03625976508381,2.05287356321839,0.719240549787815,0,,34.6,,1436.08,1,1495.91666666667,7.31049445288307,0,65.88,0,11477,0,3,,11477,0,,,2,4288,5677,11477,13646,13646,2169,,0,0,,,,0,0,8,0,11477,C10AA05,40 MG,C10,C10A,C10AA,C10AA05,"",,,,,,1,1,,,,,"","",,,,,,,,,,,,0,0,0,0,0,1,1,0,0,0,0,,3.87,56.18,2,020709CJB,482.056,1.35,30,242.9,30,144.605,8,12574,12574,34.6,0,0,0,0,0,2,1,1,1,0,0,0,0,0,0,0,0,129,60.5,0,0,0,0,0,0,1,,,,,4,7,,0,1,0,0,0,0,0,1,1,1,2,2,0,,,0,0,63,24.7790455283117,1,0,0,1,0,,0,0,0,0,0,,0,,,,0,0,0,,,0,108.4,1,279.166666666667,5.63180897503111,2,0,0,1,81,1,1,,16360,,,,103.731995884774,1,Q4,high,high,Q4,Q4,,,,,,
1,2810876858,2017-08-30,3844.5,2,1,182,63,63,96,0.85,3,67,5.6,11930,5738.05970149254,8.65487640106936,2.56628477905074,0.942459241738758,0,,17.32,,788.85,1,1177.38805970149,7.07105375530059,0,69.32,0,11930,0,3,2,11930,0,,,2,4522,5714,11930,,,,,0,0,,,,0,0,8,0,11930,C10AA05,10 MG,C10,C10A,C10AA,C10AA05,"",,,,,1,1,1,1,,,,"","",,,,,,,,,,,,0,0,0,0,1,1,1,1,0,0,0,,0.75,75.66,2,011209CJB,159.35,0.67,3,225.2,3,55.721,8,13469,13469,17.32,1,0,0,0,0,2,0,0,0,0,0,0,0,0,0,0,0,142,59.75,1,,1,,1,,1,,,,,2,6,,0,1,1,0,0,0,0,1,1,1,0,2,0,,,0,1,74,27.9652134031601,0,0,1,1,1,,0,0,0,0,1,12023,0,,,,0,0,1,,,0,106.4,0,44.7761194029851,3.80167494825928,2,0,0,1,67,0,1,12198,12472,12023,2,542,85.6426821118289,0,Q3,high,high,Q4,Q1-Q3,MI,1.4839151266256,0,0,0,0
7,2810877144,2017-08-22,2078,2,1,334,42,165,102,0.72,13,31.9,6,3657,6514.1065830721,8.78172534785647,,,,,49.42,,208.2,1,652.664576802508,6.48106333237816,0,69.07,0,3657,0,3,1,3657,0,,,2,3657,5208,,,5208,1551,,0,0,,,,0,0,8,0,3657,"","","","","","","",,,,,,,,,,,,"","",,,,,,,,,,,,0,0,0,0,0,0,0,0,0,0,0,,2.3,134.3,2,010809CJB,255.27,1.59,5,153.7,5,179.549,3,,,49.42,1,0,0,0,0,,0,0,0,0,0,0,,,,,0,130,61.75,,,,,,,,,,,,4,1,,1,0,1,0,,,0,,,,0,1,0,,,0,0,67,23.9703867432453,0,0,0,0,1,140,0,1,1,0,1,5655,0,,,,0,0,0,,,0,259,1,407.523510971787,6.01009862665288,3,0,0,0,87,1,1,,8084,5655,1,4427,74.8747883111736,0,Q4,high,high,Q1-Q3,Q4,MI,12.1204654346338,1,1,1,0
1,2810877807,2018-06-30,20000,3,1,182,60,72,94,0.87,3,106.3,5.5,12106,18814.6754468485,9.84239245317632,2.50720164609054,0.919167249164767,0,,43.68,,1656.16,1,1558.00564440263,7.35116184927563,0,67.03,0,12106,0,3,,12106,0,,,1,4552,5741,12106,,,,,0,0,,,,0,0,8,0,12106,"","","","","","","",,,,,,,,,,,,"","",,,,,,,,,,,,0,0,0,0,0,0,0,0,0,0,0,,0.96,19.64,2,020509CJB,,,29,251.1,29,202.332,8,13225,13225,43.68,0,0,0,0,0,8,0,0,0,0,0,0,0,0,0,0,0,182,75.5,0,0,0,0,0,0,1,,,,,4,8,,0,1,0,0,0,0,0,,1,1,0,2,0,,,0,0,75,22.4482813774189,0,0,0,0,0,,0,0,0,0,0,,0,,,,0,0,1,,,0,107.6,0,28.2220131702728,3.34010228230234,1,0,0,0,84,1,1,15928,,15928,29,3822,223.984231510102,0,Q4,high,high,Q4,Q4,Death,10.4640657084189,1,1,0,0
1,2810877965,2018-06-28,20000,3,1,130,65,49,106,0.84,6.5,148.3,5.3,11488,13486.1766689144,9.50942048938033,2.25645035183737,0.813792937754974,0,,19.82,,1941.22,1,1308.9817936615,7.17700485722761,0,62.96,0,11488,0,3,,11488,0,,,2,4343,5686,11488,13997,13997,2509,,0,0,,,,0,0,8,0,11488,C09AA03,40 MG,C09,C09A,C09AA,C09AA03,"",,,,1,1,,,,,,,"","",,,,,,,,,,,,0,0,0,1,1,0,0,0,0,0,0,,0.62,42.71,2,012109CJB,394.9,0.85,11,187.9,11,98.344,8,12869,12869,19.82,1,0,0,0,0,2,0,0,0,0,0,0,0,1,0,0,0,160,65.75,0,0,0,0,0,0,1,,,,,3,6,,0,1,1,0,0,1,0,1,1,1,0,2,0,,,0,0,65,26.0216050510604,0,0,1,0,1,,0,0,0,0,0,,0,,,,0,0,0,,,0,55.2,1,43.8300741739717,3.78032020673984,2,0,0,0,73,1,1,,16661,,,,184.742146149512,1,Q4,high,high,Q4,Q4,,,,,,
1,2810878104,2017-10-30,4444,2,1,163,49,122,104,1.13,4,205.9,5.2,12125,2158.32928606119,7.67708972271387,2.01364942528736,0.699948710270423,0,,42.44,,1896.15,1,920.908207867897,6.82536036556402,0,62.9,0,12125,0,3,,12125,0,,,1,5041,5707,12125,14494,14494,2369,,0,0,,,,0,0,8,0,12125,"","","","","","","",,,,,,,,,,,,"","",,,,,,,,,,,,0,0,0,0,0,0,0,0,0,0,0,,1.64,107.1,2,012709CJB,440.15,8.54,16,217.4,16,132.706,8,13430,13430,42.44,0,0,0,0,0,8,0,0,0,0,0,0,0,0,0,0,0,188,70,0,0,0,0,0,0,1,,,,,7,1,,0,1,0,0,0,0,0,,1,1,0,2,0,,,0,0,46,26.9753682364508,0,0,0,0,0,,0,0,0,0,0,,0,,,,0,0,0,,,0,89.6,1,19.4269062651773,2.96665902606828,1,0,0,0,78,0,0,,17221,,,,27.6708882828358,1,Q1,low,low,Q1-Q3,Q1-Q3,,,,,,
1,2810878265,2017-11-21,4446.6,2,1,207,67,80,97,0.67,3,106,5.3,11697,4194.90566037736,8.34162613006139,2.40730530668504,0.878507991922644,0,,32.02,,1686.62,1,1591.15094339623,7.37221289712247,0,68.36,0,11697,0,3,,11697,0,,,2,4460,5666,11697,13728,13728,2031,,0,0,,,,0,0,8,0,11697,"","","","","","","",,,,,,,,,,,,"","",,,,,,,,,,,,0,0,0,0,0,0,0,0,0,0,0,,2.41,100.9,2,012909CJB,380.368,1.85,19,105,19,69.621,8,12954,12954,32.02,0,0,0,0,0,2,0,0,0,0,0,0,0,0,0,0,0,198,62,0,0,0,0,0,0,1,,,,,3,2,,0,1,0,0,0,0,0,1,1,1,0,2,0,,,0,0,68,36.2149111394997,0,,0,0,0,,0,0,0,0,0,,0,,,,0,0,0,,,0,124,0,28.3018867924528,3.34292847353818,1,0,0,0,90,0,1,,16745,,,,46.6100628930818,1,Q3,low,low,Q1-Q3,Q1-Q3,,,,,,
7,2810878918,2017-08-13,4360.1,2,1,264,94,83,118,0.81,10.3,104.5,6.1,4574,4172.34449760766,8.3362333864431,2.79451371571072,1.02765810782462,0,10.7,34.08,29.28,1049.86,2,1004.65071770335,6.91239521551178,0,70.11,0,4574,0,3,,4574,0,,,2,4574,6338,,,6338,1764,,0,0,,,,0,0,8,0,4574,C09AA03,75-50 MG,C03,C03A,C03AA,C03AA03,"",,,,,1,,,1,,,,C03AA03,"",,,,,,,,1,,,,0,0,0,0,1,0,0,1,0,0,0,,2.03,36.79,2,010509CJB,178.452,0.88,3,139.3,3,95.152,3,,,34.08,1,0,0,0,1,,0,0,0,0,0,0,,,,,0,131,63.25,0,0,0,0,0,0,,1,,,,4,1,,0,1,1,1,,,0,,2,2,0,2,0,,,0,0,62,23.0226784876698,0,0,1,0,1,,0,0,0,0,0,,0,,,,0,0,0,,,0,153.4,1,98.5645933014354,4.59071210281286,2,0,0,0,90,0,0,,9125,,,,46.3593833067517,1,Q2,low,low,Q1-Q3,Q1-Q3,,,,,,
7,2810879894,2017-08-12,4138.8,2,1,224,65,64,104,0.89,3,120,5.5,3514,3449,8.14583961293684,1.92946530147895,0.657242918666671,0,2.9,42.12,40.42,712.58,2,593.816666666667,6.3865706297476,0,58.83,0,3514,0,3,,3514,0,,,1,3514,,,,,,,0,0,,,,0,0,8,0,3514,M01AE02,550 MG,M01,M01A,M01AE,M01AE02,"",,1,,,,,,,,,,"","",,,,,,,,,,,,0,1,0,0,0,0,0,0,0,0,0,,0.9,56.32,2,123008CJB,489.09,0.99,3,210.3,3,142.428,3,,,42.12,0,0,0,0,0,,0,0,0,0,0,0,,,,,0,188,67,0,0,0,0,0,0,,,,,,3,10,1,1,0,0,0,,,0,,,,0,1,0,,,0,0,60,29.4451557938536,0,0,0,0,0,,0,0,0,0,0,,0,,,,0,0,0,,,0,146.2,0,25,3.2188758248682,1,0,0,0,93,0,0,,4318,,,,37.0860215053764,1,Q2,low,low,Q1-Q3,Q1-Q3,,,,,,
1,2810880233,2018-11-26,4869.1,2,1,198,85,74,86,0.93,3,73.1,5.6,12109,6660.8755129959,8.80400621330233,2.5588035350102,0.939539780103832,0,,41.08,,831.63,1,1137.66073871409,7.0367294496016,0,66.37,0,12109,0,3,,12109,0,,,2,4430,5922,12109,14309,14309,2200,11431,1,1,-732,11377,,0,0,8,0,12109,"","","","","","","",,,,,,,,,,,,"","",,,,,,,,,,,,0,0,0,0,0,0,0,0,0,0,0,,0.59,14.63,2,011409CJB,590.774,0.67,6,212.9,6,109.623,8,13574,13574,41.08,0,0,0,0,0,2,0,0,0,0,0,0,0,1,0,0,0,121,59.5,0,0,0,0,0,0,1,,,,,8,2,,0,1,0,0,0,1,0,1,1,1,0,2,0,,,0,0,51,24.0301815255138,0,0,0,0,0,,0,0,0,0,0,,0,,1,2,1,0,0,,,0,98.2,0,41.0396716826265,3.71453920089451,2,0,0,0,71,1,1,,17367,,,,93.8151480703647,1,Q4,high,high,Q4,Q4,,,,,,
1,2810880694,2017-11-25,859.1,2,1,202,47,108,117,1.02,17.1,165.4,5.8,12145,519.407496977025,6.25268873304251,1.71438900939986,0.539056754400647,0,,41.58,,10,1,6.0459492140266,1.79938849639255,0,58.9,0,12145,0,3,,12145,0,,,1,4627,5762,12145,14248,14248,2103,,0,0,,,,0,0,8,0,12145,M01AE02,220 MG,M01,M01A,M01AE,M01AE02,"",,1,,1,1,,,,,1,,"","",,,,,,,,,,,,0,1,0,1,1,0,0,0,0,1,0,,2.35,61.47,2,020309CJB,431.372,1.83,22,243.3,22,165.678,8,13355,13355,41.58,1,0,0,0,1,8,0,0,0,0,0,0,0,0,0,0,0,202,70.75,0,0,0,0,0,0,1,,,,,7,8,,0,1,1,1,0,0,0,,1,1,0,2,0,,,0,0,79,28.3729239311043,0,1,1,0,1,,0,0,0,0,0,,0,,,,0,0,0,,,0,133.4,1,103.385731559855,4.63846695990116,2,1,0,0,70,0,0,16237,,16237,27,4092,7.42010709967179,0,Q1,low,low,Q1-Q3,Q1-Q3,,11.2032854209446,1,1,0,0
1,2810881788,2018-06-28,20000,3,1,194,65,102,98,0.59,6.7,142.2,5.8,12371,14064.6976090014,9.55142322115508,1.325,0.281412459438186,1,,19.54,,1374.22,1,966.399437412096,6.8735772450323,0,71.28,0,12371,0,3,,12371,0,,,2,4573,5836,12371,14531,14531,2160,15693,1,0,3322,15693,,0,0,8,0,12371,C03AA03,25 MG,C03,C03A,C03AA,C03AA03,"",,,,,,,,1,,,,"","",,,,,,,,,,,,0,0,0,0,0,0,0,1,0,0,0,,2.12,47.8,2,011509CJB,288.67,1.63,7,201.6,7,127.038,8,13815,13815,19.54,1,0,0,0,0,2,0,0,0,0,0,0,0,0,0,0,0,155,63.75,0,0,0,0,0,0,1,,,,,4,0,,0,1,1,0,0,0,0,1,1,1,0,2,0,,,0,0,70,26.8149463634568,0,0,1,0,1,,0,0,0,0,0,,0,,1,1,0,0,1,,,0,108.6,1,47.1167369901547,3.85262828800992,2,0,0,0,93,1,1,,17608,,,,151.233307623671,1,Q4,high,high,Q4,Q4,,,,,,
1,2810882355,2017-12-23,1834,2,1,215,47,282,91,0.83,3,83.4,5.5,12544,2199.04076738609,7.6957765294398,,,,,32.7,,1726.76,1,2070.45563549161,7.635523975802,0,78.15,0,12544,0,3,,12544,0,,,2,4592,5799,12544,14636,14636,2092,,0,0,,,,0,0,8,0,12544,M01AX01,500 MG,M01,M01A,M01AX,M01AX01,"",,1,,,,,,,,,,"","",,,,,,,,,,,,0,1,0,0,0,0,0,0,0,0,0,,1.13,60.35,2,020609CJB,416.164,2.91,30,304.7,30,154.427,8,13651,13651,32.7,0,0,0,0,0,2,0,0,0,0,0,0,0,0,0,0,0,179,59.75,0,0,0,0,0,0,1,,,,,6,1,,0,1,0,0,0,0,0,1,1,1,0,2,0,,,0,0,59,35.2519239377864,0,0,0,0,0,,0,0,0,0,0,,0,,,,0,0,1,,,0,111.6,0,35.9712230215827,3.58271925828555,2,0,0,0,77,0,0,,17437,,,,28.5589710050142,1,Q1,low,low,Q1-Q3,Q1-Q3,,,,,,
7,2810882623,2017-08-12,3053.3,2,1,203,69,175,102,0.67,3,51.4,6,3742,5940.27237354086,8.68951026543688,0.573909531502423,-0.555283505707386,1,4.4,32.86,30.9,446.92,2,869.494163424125,6.76791162120611,0,64.82,0,3742,0,3,,3742,0,,,2,3742,5450,,,5450,1708,,0,0,,,,0,0,8,0,3742,M01AX05,TABLET,M01,M01A,M01AX,M01AX25,"",,1,,,,,,,,,,M01AX25,"",,1,,,,,,,,,,0,1,0,0,0,0,0,0,0,0,0,,0.7,36.2,2,122208CJB,359.82,0.67,1,217.3,1,99.173,3,,,32.86,0,0,0,0,0,,0,0,0,0,0,0,,,,,0,153,67,0,0,0,0,0,0,,,1,,,8,1,,0,1,0,0,,,0,,2,3,0,2,0,,,0,0,53,23.9633448747851,0,0,0,0,0,,0,0,0,0,0,,0,,,,0,0,0,,,0,99,0,58.3657587548638,4.06672939518913,2,0,0,0,100,0,1,,8436,,,,59.4027237354086,1,Q3,high,low,Q1-Q3,Q1-Q3,,,,,,
1,2810882625,2018-07-06,20000,3,1,208,51,146,136,1.14,8,258.7,6.5,12632,7730.96250483185,8.95298864933224,2.2292531120332,0.801666602031965,0,,41.7,,1494.05,1,577.522226517202,6.358746929131,0,66.6,0,12632,0,3,,12632,0,,,1,4565,5791,12632,14645,14645,2013,,0,0,,,,0,0,8,0,12632,C07AB03,25 MG,C07,C07A,C07AB,C07AB03,"",,,,1,,,,1,,,,"","",,,,,,,,,,,,0,0,0,1,0,0,0,1,0,0,0,,1.87,116.8,2,021709CJB,364.226,2.21,42,299.6,42,204.776,8,13542,13542,41.7,1,0,0,0,0,8,0,0,0,0,0,0,0,0,0,0,0,242,71.25,0,0,0,0,0,0,1,,,,,8,1,,0,1,1,0,0,0,0,,1,1,0,2,0,,,0,0,67,33.5159274196665,0,0,1,0,1,,0,0,0,0,0,,0,,,,0,0,0,,,0,127.8,1,30.9238500193274,3.43152773146999,2,1,0,0,66,1,1,,17326,,,,117.135795527755,1,Q4,high,high,Q4,Q4,,,,,,
1,2810882806,2017-11-21,4357.3,2,1,152,48,79,106,1.12,3,102.9,5.7,12061,4234.49951409135,8.3510204216117,2.68475452196382,0.987589298069446,0,,44.08,,1074.83,1,1044.53838678328,6.95133033166959,0,64.51,0,12061,0,3,,12061,0,,,1,4620,5727,12061,14114,14114,2053,,0,0,,,,0,0,8,0,12061,"","","","","","","",,,,,,,,,,,,"","",,,,,,,,,,,,0,0,0,0,0,0,0,0,0,0,0,,1.38,110.5,2,012909CJB,,,19,186.9,19,115.149,8,13317,13317,44.08,0,0,0,0,0,8,0,0,0,0,0,0,0,0,0,0,0,188,67.5,0,0,0,0,0,0,1,,,,,7,1,,0,1,0,0,0,0,0,,1,1,0,2,0,,,0,0,50,29.0105469099827,0,0,0,0,0,,0,0,0,0,0,,0,,,,0,0,0,,,0,88.2,0,29.1545189504373,3.37260992481024,1,0,0,0,76,0,1,,17108,,,,55.717098869623,1,Q3,low,low,Q1-Q3,Q1-Q3,,,,,,
1,2810883457,2017-11-26,3679,2,1,181,49,109,105,0.76,3,69.7,5.5,12022,5278.33572453372,8.57136612332639,,,,,20.26,,526.26,1,755.035868005739,6.62676525541296,0,68.61,0,12022,0,3,,12022,0,,,2,4594,5719,12022,14028,14028,2006,,0,0,,,,0,0,8,0,12022,C10AA05,40 MG,C10,C10A,C10AA,C10AA05,"",,,,,1,1,1,1,,,,"","",,,,,,,,,,,,0,0,0,0,1,1,1,1,0,0,0,,6.9,32.66,2,020309CJB,581.722,4.31,23,149.4,23,127.648,8,13216,13216,20.26,1,0,0,0,0,2,0,0,0,0,0,0,0,0,0,0,0,163,63,0,0,0,0,0,0,1,,,,,3,6,,0,1,1,0,0,0,0,1,1,1,0,2,0,,,0,0,69,28.8743434629727,0,0,1,1,1,,0,0,0,0,0,,0,,,,0,0,1,,,0,110.2,0,43.0416068866571,3.76216724988377,2,0,0,1,80,0,1,,17004,,,,65.9791965566715,1,Q3,low,high,Q1-Q3,Q1-Q3,,,,,,
1,2810883471,2018-12-22,6068.3,2,1,222,70,83,93,0.69,3,107.7,5.6,12590,5634.44753946147,8.63665438075566,4.45101939333665,1.49313314709829,0,,34.48,,881.02,1,818.03156917363,6.70690092897985,0,66.65,0,12590,0,3,,12590,0,,,2,4483,5741,12590,14624,14624,2034,,0,0,,,,0,0,8,0,12590,M01AX25,1.2 C7,M01,M01A,M01AX,M01AX25,"",,1,,1,,1,1,1,,,,"","",,,,,,,,,,,,0,1,0,1,0,1,1,1,0,0,0,,1.28,51.13,2,021809bCJ,342.14,1.61,,,,,,,,34.48,1,0,0,0,0,2,0,0,0,0,0,0,0,0,0,0,0,159,64.5,0,0,0,0,0,0,1,,,,,7,7,,0,1,1,0,0,0,0,1,1,1,0,2,0,,,0,0,66,26.8709677495072,0,0,1,1,1,,0,0,0,0,0,,0,,,,0,0,0,,,0,135.4,0,27.8551532033426,3.3270179834879,1,0,0,1,91,0,1,,17214,,,,61.917005928148,1,Q3,high,low,Q1-Q3,Q1-Q3,,,,,,
1,2810883855,2018-06-28,20000,3,1,194,49,88,103,0.78,10,165.7,5.4,11846,12070.006035003,9.3984788140917,4.86948694869487,1.5829885822009,0,,46.14,,1805.91,1,1089.86722993362,6.99381116040371,0,64.22,0,11846,0,3,,11846,0,,,2,4606,5742,11846,13917,13917,2071,,0,0,,,,0,0,8,0,11846,M01AX25,1.2 G,M01,M01A,M01AX,M01AX25,"",,1,,,1,1,,,,,,"","",,,,,,,,,,,,0,1,0,0,1,1,0,0,0,0,0,,0.26,62.47,2,012009CJB,355.58,1.92,10,303,10,172.699,8,13253,13253,46.14,1,0,0,0,0,2,0,0,0,0,0,0,0,0,0,0,0,172,61,0,0,0,0,0,0,1,,,,,3,0,,0,1,1,0,0,0,0,1,1,1,0,2,0,,,0,0,78,32.4993286374641,0,0,1,0,1,,0,0,0,0,0,,0,,,,0,0,0,,,0,127.4,1,60.3500301750151,4.10016144754367,2,0,1,0,73,1,1,15966,7463,11476,30,-370,165.342548424699,0,Q4,high,high,Q4,Q4,IC,-1.01300479123888,0,0,0,0
1,2810884705,2018-12-15,6380.8,2,1,189,51,80,105,0.83,18.8,192.6,5.6,11857,3312.98026998962,8.10560344695153,2.2521645021645,0.81189175475195,0,,35.2,,1224.46,1,635.752855659398,6.45480989608828,0,59.22,1,11857,0,3,,11857,0,,,1,4315,5703,11857,13814,13814,1957,,0,0,,,,0,0,8,0,11857,"","","","","","","",,,,,,,,,,,,"","",,,,,,,,,,,,0,0,0,0,0,0,0,0,0,0,0,,0.24,68.72,2,021209CJB,136.344,1.05,37,140.2,37,144.081,8,12850,12850,35.2,0,0,0,0,0,8,0,0,0,0,0,0,0,0,0,0,0,202,69,,,,,,,1,,,,,5,2,,1,0,0,0,0,0,0,,1,1,0,1,0,,,0,0,51,29.8303810218206,0,,0,0,0,,0,0,0,0,0,,0,,,,0,0,0,,,0,122,1,97.6116303219107,4.58099664945402,2,0,0,0,102,0,0,,16635,,,,32.4801987253884,1,Q2,low,low,Q1-Q3,Q1-Q3,,,,,,
1,2810884883,2017-11-21,722.5,2,1,200,78,81,97,0.75,11.1,49.9,5.4,12469,1447.89579158317,7.27786660321721,6.69236363636364,1.90096712061474,0,,82.6,,809.11,1,1621.4629258517,7.39108406137973,0,,0,12469,,,,12469,0,,,2,4526,5787,12469,14758,14758,2289,,0,0,,,,0,0,,0,12469,M01AX05,1500/1200 MG,M01,M01A,M01AX,M01AX25,"",,1,,,,,,,,,,M01AX25,"",,1,,,,,,,,,,0,1,0,0,0,0,0,0,0,0,0,,4.43,38.04,2,012909CJB,397.722,3.43,19,223.4,19,156.942,8,13726,13726,82.6,0,0,0,0,0,2,0,0,0,0,0,0,0,0,0,0,0,112,63.75,1,1,0,0,0,0,1,,,,,3,0,,0,1,0,0,0,0,0,1,1,1,0,2,0,,,0,1,79,19.375961243272,0,0,0,0,0,,0,0,0,0,0,,0,,,,0,0,1,1,8111,1,105.8,1,222.444889779559,5.40467938454295,2,0,0,0,76,0,0,16699,,16699,28,4230,19.051260415568,0,Q1,low,low,Q1-Q3,Q1-Q3,Death,11.5811088295688,1,1,0,0
1,2810884960,2017-11-26,615.5,2,1,175,92,73,125,0.8,3,60.2,6.4,11921,1022.42524916944,6.92993277929782,,,,,46.8,,10,1,16.6112956810631,2.81008292666736,0,74.24,0,11921,0,3,,11921,0,,,2,4278,5646,11921,14219,14219,2298,14606,1,0,2685,14606,,0,0,8,0,11921,M01AE02,250 MG,M01,M01A,M01AE,M01AE02,"",,1,,,1,1,1,1,,1,,"","",,,,,,,,,,,,0,1,0,0,1,1,1,1,0,1,0,,1.31,56.92,2,020309CJB,361.39,3.49,23,213.9,23,106.508,8,13125,13125,46.8,1,0,0,0,1,2,0,0,0,0,0,0,0,0,0,0,0,216,62.25,0,0,0,0,0,0,1,,,,,3,6,,0,1,1,1,0,0,0,1,1,1,0,2,0,,,0,0,74,39.1904862776194,0,1,1,1,1,,0,0,0,0,0,,0,,1,4,0,0,1,,,0,68.4,0,49.8338870431894,3.90869521533547,2,1,0,1,73,0,0,,16913,,,,14.0058253310882,1,Q1,low,low,Q1-Q3,Q1-Q3,,,,,,
1,2810885319,2018-02-08,2215.3,2,1,199,87,73,98,0.64,3.9,39.3,5.7,13064,5636.89567430026,8.63708878060151,2.60377358490566,0.956961771605083,0,,38.24,,223.4,1,568.447837150127,6.34290955374798,0,72.55,0,13064,0,3,,13064,0,,,2,4627,5837,13064,15389,15389,2325,,0,0,,,,0,0,8,0,13064,C07AB03,50 MG,C07,C07A,C07AB,C07AB03,"",,,,1,,,,,,,,"","",,,,,,,,,,,,0,0,0,1,0,0,0,0,0,0,0,,1.69,50.1,2,021909CJB,403.696,1.08,46,143.5,46,88.036,8,13873,13873,38.24,1,0,0,0,0,2,0,0,0,0,0,0,0,0,0,0,0,149,65.5,0,0,0,0,0,0,1,,,,,4,1,,0,1,1,0,0,0,0,1,1,1,0,2,0,,,0,0,65,24.4179545523592,0,0,1,0,1,,0,0,0,0,0,,0,,,,0,0,0,,,0,97.4,1,99.2366412213741,4.59750731324252,2,0,0,0,94,0,1,,17654,,,,59.9669752585134,1,Q3,high,low,Q1-Q3,Q1-Q3,,,,,,
1,2810885871,2017-12-23,1090.2,2,1,173,81,51,85,0.55,3,23,5.3,12679,4740,8.46379241468912,2.2267180475273,0.800528773851025,0,,23.62,,210.83,1,916.652173913043,6.82072809159084,0,67.22,0,12679,0,3,,12679,0,,,2,4544,5796,12679,15155,15155,2476,,0,0,,,,0,0,8,0,12679,"","","","","","","",,,,,,,,,,,,"","",,,,,,,,,,,,0,0,0,0,0,0,0,0,0,0,0,,1.1,25.24,2,020609CJB,259.398,0.95,30,221.5,30,112.843,8,13784,13784,23.62,0,0,0,0,0,2,0,0,0,0,0,0,0,0,0,0,0,116,61,0,0,0,0,0,0,1,,,,,7,7,,0,1,0,0,0,0,0,1,1,1,0,2,0,,,0,0,69,21.9181518717781,0,0,0,0,0,,0,0,0,0,0,,0,,,,0,0,1,,,0,81.8,0,130.434782608696,4.8708733517211,2,0,0,0,96,0,1,,17570,,,,49.375,1,Q3,low,low,Q1-Q3,Q1-Q3,,,,,,
1,2810885985,2018-02-10,1557.9,2,1,194,89,61,106,0.66,3,35.8,5.6,12035,4351.67597765363,8.37831633209982,1.95537190082645,0.670580405947545,0,,47.36,,328.58,1,917.821229050279,6.82200263205963,0,64.97,0,12035,0,3,,12035,0,,,2,3775,,12035,,,,,0,0,,,,0,0,8,0,12035,M01AX05,750 MG,M01,M01A,M01AX,M01AX05,"",,1,,,,,,,,,,"","",,,,,,,,,,,,0,1,0,0,0,0,0,0,0,0,0,,0.85,44.25,2,021909bCJ,360.352,1.36,47,165.1,47,110.662,8,12781,12781,47.36,0,0,0,0,0,2,0,0,0,0,0,0,0,0,0,0,0,126,63,1,1,0,0,0,0,1,,,,,8,2,,0,1,0,0,0,0,0,1,1,1,0,2,0,,,0,1,63,22.3200446400893,0,0,0,0,0,,0,0,0,0,0,,0,,,,0,0,0,,,0,92.8,0,83.7988826815643,4.42841967424359,2,0,0,0,94,0,1,,16562,,,,46.2944252941876,1,Q3,low,low,Q1-Q3,Q1-Q3,,,,,,
1,2810886475,2018-06-28,20000,3,1,202,61,102,174,0.65,3,100.3,7,12089,19940.1794616152,9.90049204355633,,,,,35.92,,2066.49,1,2060.30907278166,7.63061128586035,0,70.49,0,12089,0,3,,12089,0,,,2,4559,5797,12089,14387,14387,2298,,0,0,,,,0,0,8,0,12089,M01AX05,1500 MG / 1200,M01,M01A,M01AX,M01AX25,"",,1,,,1,,,,,1,,M01AX25,"",,1,,,,,,1,,,,0,1,0,0,1,0,0,1,0,1,0,,2.59,78.35,2,011309CJB,815.808,2.37,4,254.8,4,144.653,8,13602,13602,35.92,1,0,0,0,1,2,0,0,0,0,0,0,0,0,0,0,0,249,65,0,0,0,0,0,0,1,,,,,3,2,,0,1,1,1,0,0,0,1,1,1,0,2,0,,,0,0,72,41.4360402685302,0,1,1,0,1,,0,0,0,0,0,,0,,,,0,0,0,2,14712,0,120.6,0,29.9102691924227,3.39820187268236,1,1,0,0,89,1,1,,17395,,,,224.046960242867,1,Q4,high,high,Q4,Q4,,,,,,
1,2810886545,2017-10-25,3350.1,2,1,189,60,124,108,0.82,3,65.6,5.8,12418,5106.85975609756,8.5383399651579,,,,,48.4,,1193.69,1,1819.6493902439,7.50639911878972,0,66.51,0,12418,0,3,,12418,0,,,2,4522,5785,12418,14372,14372,1954,,0,0,,,,0,0,8,0,12418,M01AX05,TAB,M01,M01A,M01AX,M01AX05,"",,1,,,,,,,,,,"","",,,,,,,,,,,,0,1,0,0,0,0,0,0,0,0,0,,0.97,91.43,2,020209CJB,512.04,1.22,21,212,21,132.859,8,13643,13643,48.4,0,0,0,0,0,2,1,1,1,0,0,0,0,0,0,0,0,126,59.75,0,0,0,0,0,0,1,,,,,1,2,,0,1,0,0,0,0,0,1,1,1,2,2,0,,,0,0,73,24.8142034422407,1,0,0,0,0,,0,0,0,0,0,,0,,,,0,0,1,,,0,104.2,0,45.7317073170732,3.8227918717002,2,0,0,0,71,0,1,,17431,,,,71.9276021985572,1,Q3,low,high,Q1-Q3,Q1-Q3,,,,,,
1,2810886910,2018-12-08,7246.4,2,1,225,56,164,99,0.72,5.4,141.7,5.7,11509,5113.90261115032,8.53971811209341,2.98164251207729,1.09247432722364,0,,38.82,,1431.63,1,1010.32462949894,6.91802697353795,0,77.47,0,11509,0,3,,11509,0,,,2,4391,5653,11509,13581,13581,2072,,0,0,,,,0,0,8,0,11509,M01AX05,300 MG,M01,M01A,M01AX,M01AX25,"",,1,,,,,,,,,,M01AX25,"",,1,,,,,,,,,,0,1,0,0,0,0,0,0,0,0,0,,0.4,40.7,2,020309CJB,377.686,1.95,23,164.9,23,108.166,8,12705,12705,38.82,0,0,0,0,0,2,0,0,0,0,0,0,0,0,0,0,0,131,61.25,,,,,,,1,,,,,7,2,,0,1,0,0,0,0,0,1,1,1,0,2,0,,,0,0,62,24.5507476437693,0,0,0,0,0,,0,0,0,0,0,,0,,,,0,0,0,,,0,136.2,1,38.1086803105152,3.64044208585573,2,0,0,0,90,0,1,,16493,,,,56.8211401238924,1,Q3,low,low,Q1-Q3,Q1-Q3,,,,,,
1,2810887004,2017-10-25,4839.2,2,1,225,64,70,106,0.75,7.4,167.1,6.3,12176,2895.99042489527,7.97108244717945,,,,,28.6,,1251.32,1,748.84500299222,6.61853202350731,0,75.07,0,12176,0,3,,12176,0,,,2,4584,5858,12176,14288,14288,2112,15181,1,0,1676,13852,,0,0,8,0,12176,"","","","","","","",,,,,,,,,,,,"","",,,,,,,,,,,,0,0,0,0,0,0,0,0,0,0,0,,0.55,52.01,2,020209CJB,318.604,3.27,21,232.6,21,175.757,8,13404,13404,28.6,0,0,0,0,0,2,0,0,0,0,0,0,0,0,0,0,0,134,65.75,0,0,0,0,0,0,1,,,,,6,1,,0,1,0,0,0,0,0,1,1,1,0,2,0,,,0,0,61,21.7930942302631,0,0,0,0,0,,0,0,0,0,0,,0,,1,1,0,0,0,,,0,147,1,44.2848593656493,3.79064284359091,2,0,0,0,86,0,0,,17192,,,,33.6743072662241,1,Q2,low,low,Q1-Q3,Q1-Q3,,,,,,
1,2810887230,2018-11-26,4980.9,2,1,251,51,93,89,1.09,3,184.4,5.2,11573,2701.13882863341,7.90142875144745,1.22758037225042,0.205045054918144,1,,55.08,,1523.93,1,826.426247288503,6.71711067829876,0,56.94,0,11573,0,3,2,11573,0,,,1,4300,5645,11573,13723,13723,2150,,0,0,,,,0,0,8,0,11573,M01AX05,600 MG,M01,M01A,M01AX,M01AX05,"",,1,,,,1,,,,,,"","",,,,,,,,,,,,0,1,0,0,0,1,0,0,0,0,0,,1.64,64.44,2,011409CJB,315.926,1.63,6,232.9,6,189.323,8,13042,13042,55.08,0,0,0,0,0,8,0,0,0,0,0,0,0,0,0,0,0,188,70.25,0,0,0,0,0,0,1,,,,,8,1,,0,1,0,0,0,0,0,,1,1,0,2,0,,,0,0,50,26.7837143619982,0,0,0,0,0,,0,0,0,0,1,15547,0,,,,0,0,0,,,0,181.4,0,16.2689804772234,2.78926025652775,1,0,1,0,79,0,0,,16835,15547,2,5262,34.191630742195,1,Q2,low,low,Q1-Q3,Q1-Q3,MI,14.4065708418891,1,1,1,0
1,2810887295,2018-02-22,3248.4,2,1,156,53,178,,0.81,3,39.3,,12197,8265.64885496183,9.01986351352113,2.20639534883721,0.791360120022232,0,,58.8,,570.22,1,1450.94147582697,7.27996791838846,0,58.82,0,12197,0,3,,12197,0,,,1,4622,5945,12197,13989,13989,1792,,0,0,,,,0,0,8,0,12197,"","","","","","","",,,,,,,,,,,,"","",,,,,,,,,,,,0,0,0,0,0,0,0,0,0,0,0,,0.89,32.2,2,022109CJB,280.26,1.01,50,220.2,50,108.928,8,12775,12775,58.8,0,0,0,0,0,8,0,0,0,0,0,0,0,0,0,0,0,243,69.5,0,0,0,0,0,0,1,,,,,3,1,,0,0,0,0,0,0,0,,1,1,0,,0,,,0,0,51,35.3705877951583,0,,0,0,0,,0,0,0,0,0,,0,,,,0,0,0,,,0,67.4,0,76.3358778625954,4.33514304877503,2,,0,0,103,1,1,,16555,,,,80.2490180093382,1,Q4,high,high,Q1-Q3,Q4,,,,,,
1,2810887445,2018-07-06,20000,3,1,183,30,253,95,1.05,3.5,165.6,5.8,12133,12077.2946859903,9.39908249657306,,,,,41.32,,1262.15,1,762.167874396135,6.63616683902897,0,71.88,0,12133,0,3,,12133,0,,,1,4403,5673,12133,14124,14124,1991,,0,0,,,,0,0,8,0,12133,C10AX06,1200 MG,C10,C10A,C10AX,C10AX06,"",,,,,1,1,,,,,,"","",,,,,,,,,,,,0,0,0,0,1,1,0,0,0,0,0,,0.59,143.8,2,021909CJB,,,46,253.9,46,186.046,8,12924,12924,41.32,1,0,0,0,0,8,1,1,1,0,0,0,0,0,0,0,0,167,68.75,0,0,0,0,0,0,1,,,,,2,1,,0,1,1,0,0,0,0,,1,1,2,2,0,,,0,0,65,24.8414349390682,1,0,1,0,1,,0,0,0,0,0,,0,,,,0,0,0,,,0,102.4,0,21.1352657004831,3.05094300552635,1,0,1,0,74,1,1,,16705,,,,163.206684945815,1,Q4,high,high,Q4,Q4,,,,,,
1,2810890554,2018-12-17,4733.2,2,1,196,38,101,89,0.89,3,108.1,5.5,12115,4378.53839037928,8.38447024685333,2.93554327808471,1.07689253941622,0,,34.98,,1101.44,1,1018.90841813136,6.92648715492605,0,67.06,0,12115,0,3,,12115,0,,,2,4590,5920,12115,14373,14373,2258,,0,0,,,,0,0,8,0,12115,"","","","","","","",,,,,,,,,,,,"","",,,,,,,,,,,,0,0,0,0,0,0,0,0,0,0,0,,0.89,40.04,2,020509CJB,282.944,1.26,28,184.6,28,195.125,8,13241,13241,34.98,0,0,0,0,0,0,0,0,0,0,0,0,0,0,0,0,0,145,66.75,0,0,0,0,0,0,1,,,,,8,2,,0,1,0,0,0,0,0,0,1,1,0,2,0,,,0,0,52,22.8807931419676,0,0,0,0,0,,0,0,0,0,0,,0,,,,0,0,0,,,0,137.8,0,27.7520814061055,3.32331084300508,1,0,0,0,75,0,1,,17027,,,,58.3805118717237,1,Q3,low,low,Q1-Q3,Q1-Q3,,,,,,
1,2810890719,2018-11-26,5049.3,2,1,348,78,63,97,0.89,6.2,79.6,5.4,12439,6343.34170854272,8.75516099193798,2.73955555555556,1.00779570124154,0,,47.5,,921.66,1,1157.86432160804,7.05433248512686,0,71.63,0,12439,0,3,,12439,0,,,2,4511,5796,12439,14528,14528,2089,,0,0,,,,0,0,8,0,12439,C10AA05,10 MG,C10,C10A,C10AA,C10AA05,"",,,,,,1,1,,,,,"","",,,,,,,,,,,,0,0,0,0,0,1,1,0,0,0,0,,0.4,36.37,2,012009CJB,550.862,1.25,10,173,10,134.336,8,13835,13835,47.5,0,0,0,0,0,2,0,0,0,0,0,0,0,0,0,0,0,135,61,0,0,0,0,0,0,1,,,,,4,2,,0,0,0,0,0,0,0,1,1,1,0,,0,,,0,0,69,25.5081939887073,0,0,0,1,0,,0,0,0,0,0,,0,,,,0,0,0,,,0,257.4,1,77.8894472361809,4.35529047818285,2,0,0,1,66,0,1,,17627,,,,96.1112380082229,1,Q3,high,high,Q4,Q1-Q3,,,,,,
1,2810890937,2017-10-30,1967.5,2,1,163,54,68,194,1.14,3.7,172.6,8.4,11749,1139.91888760139,7.03871238763032,2.8605577689243,1.05101662991644,0,,38.1,,824.01,1,477.410196987254,6.16837607309693,0,60.61,0,11749,0,3,,11749,0,,,1,4305,5809,11749,13821,13821,2072,,0,0,,,,0,0,8,0,11749,"","","","","","","",,,,,,,,,,,,"","",,,,,,,,,,,,0,0,0,0,0,0,0,0,0,0,0,,0.98,36.96,2,012609CJB,493.642,1.79,14,132.7,14,137.975,8,13085,13085,38.1,0,0,0,0,0,8,0,0,0,0,0,0,0,0,0,0,0,168,69.5,0,0,0,0,0,0,1,,,,,3,7,,0,1,0,0,0,0,0,,1,1,0,2,0,,,0,0,74,24.4537397102329,0,0,0,0,0,,0,0,0,0,0,,0,,,,0,0,0,,,0,95.4,0,21.4368482039398,3.06511131998299,1,1,0,0,63,0,0,,16877,,,,18.0939505968475,1,Q1,low,low,Q1-Q3,Q1-Q3,,,,,,
1,2810891066,2018-12-17,2761.4,2,1,190,55,185,111,1.03,6.5,93.5,5.3,12468,2953.36898395722,7.9907018261755,1.08151382823872,0.0783617524954097,1,,41.06,,664.51,1,710.705882352941,6.56625867664247,0,68.12,0,12468,0,3,,12468,0,,,1,4397,5779,12468,14543,14543,2075,,0,0,,,,0,0,8,0,12468,C10AA07,10 MG,C10,C10A,C10AA,C10AA07,"",,,,,,1,1,,,,,"","",,,,,,,,,,,,0,0,0,0,0,1,1,0,0,0,0,,0.58,40.1,2,020609CJB,403.202,8.08,29,191.8,29,160.172,8,13582,13582,41.06,0,0,0,0,0,8,0,0,0,0,0,0,0,0,0,0,0,193,71,0,0,0,0,0,0,1,,,,,8,6,,0,1,0,0,0,0,0,,1,1,0,2,0,,,0,0,69,26.9182129318434,0,0,0,1,0,,0,0,0,0,0,,0,,,,0,0,1,,,0,98,1,69.5187165775401,4.24159601958909,2,0,0,1,74,0,0,,17368,,,,39.9103916750976,1,Q2,low,low,Q1-Q3,Q1-Q3,,,,,,
1,2810892732,2017-11-23,4259.4,2,1,273,43,222,97,0.91,3,80.5,5.9,11685,5291.1801242236,8.57379658583697,1.09300048947626,0.0889266570225358,1,,40.06,,1162.75,1,1444.4099378882,7.27545616966778,0,63.45,0,11685,0,3,,11685,0,,,2,4328,5673,11685,13758,13758,2073,,0,0,,,,0,0,8,0,11685,C10AA05,10 MG,C10,C10A,C10AA,C10AA05,"",,,,,,1,1,,,,,"","",,,,,,,,,,,,0,0,0,0,0,1,1,0,0,0,0,,1.12,95.83,2,020209CJB,470.754,2.52,21,213.9,21,168.146,8,12915,12915,40.06,0,0,0,0,0,2,1,1,1,0,0,0,0,0,0,0,2,150,64.25,0,0,0,0,0,0,1,,,,,2,2,,0,1,0,0,0,0,1,1,1,1,2,2,0,,,1,0,57,25.5476294083294,1,0,0,1,0,,0,0,0,0,0,,0,,,,0,0,0,,,0,185.6,0,37.2670807453416,3.61811038322573,2,0,0,1,70,0,1,,16703,,,,75.5882874889086,1,Q3,low,high,Q1-Q3,Q1-Q3,,,,,,
1,2810893037,2018-02-08,681.3,2,1,149,62,65,84,0.74,3,16.9,5.5,12660,4031.36094674556,8.30185930183869,3.37418419144307,1.21615357405135,0,,29.12,,95.87,1,567.278106508876,6.34084967114797,0,70.88,0,12660,0,3,,12660,0,,,2,4525,5769,12660,14633,14633,1973,,0,0,,,,0,0,8,0,12660,M01AE01,200 MG,M01,M01A,M01AE,M01AE01,"",,1,,,,,,,,,,"","",,,,,,,,,,,,0,1,0,0,0,0,0,0,0,0,0,,1.57,35.68,2,021909CJB,315.41,0.74,46,240.4,46,122.484,8,13461,13461,29.12,1,0,0,0,0,2,0,0,0,0,0,0,0,0,0,0,0,136,61,0,0,0,0,0,0,1,,,,,7,1,,0,1,1,0,0,0,0,1,1,1,0,2,0,,,0,0,58,25.6971435738088,0,0,1,0,1,,0,0,0,0,0,,0,,,,0,0,0,,,0,74,0,177.514792899408,5.17905394572122,2,0,0,0,89,0,0,,17242,,,,45.2961904128715,1,Q2,low,low,Q1-Q3,Q1-Q3,,,,,,
7,2810893084,2018-11-24,9377,2,1,206,82,85,103,0.51,5.5,155.2,6.4,3570,6041.88144329897,8.7064707396586,1.3140714600794,0.273130302205753,1,4.3,45.42,42.74,1826.37,2,1176.78479381443,7.07054124756407,0,73.48,0,3570,0,3,,3570,0,,,2,3570,5502,,,5502,1932,,0,0,,,,0,0,8,0,3570,"","","","","","","",,,,,,,,,,,,"","",,,,,,,,,,,,0,0,0,0,0,0,0,0,0,0,0,,17.27,45.24,2,122308CJB,262.606,3.01,2,177.1,2,107.48,3,,,45.42,0,0,0,0,0,,0,0,0,0,0,0,,,,,0,231,68.25,0,0,0,0,0,0,,1,,,,3,4,,0,0,0,0,,,0,,2,2,0,,0,,,0,0,65,34.8668152957608,0,0,0,0,0,,0,0,0,0,0,,0,,,,0,0,0,,,0,107,1,35.4381443298969,3.56778876347144,2,0,0,0,117,0,1,,8197,709,30,4627,51.6400123358886,0,Q3,high,low,Q1-Q3,Q1-Q3,IC,12.6680355920602,1,1,1,0
1,2810893119,2018-01-14,2658.7,2,1,189,43,131,105,0.87,5.6,156.8,5.3,11649,1695.59948979592,7.43579163857959,1.83862433862434,0.609017649945205,0,,35.4,,836.41,1,533.424744897959,6.2793180015567,0,65.99,0,11649,0,3,,11649,0,,,1,4378,5635,11649,13707,13707,2058,,0,0,,,,0,0,8,0,11649,M01AH01,200 MG,M01,M01A,M01AH,M01AH01,"",,1,,,,,,,,,,"","",,,,,,,,,,,,0,1,0,0,0,0,0,0,0,0,0,,1.1,67.83,2,021409CJB,244.952,1.29,40,158.6,40,123.837,8,12596,12596,35.4,0,0,0,0,0,8,0,0,0,0,0,0,0,0,0,0,0,156,68.25,0,0,0,0,0,0,1,,,,,3,6,,0,1,0,0,0,0,0,,1,1,0,2,0,,,0,0,65,23.5464207192151,0,0,0,0,0,,0,0,0,0,0,,0,,,,0,0,0,,,0,119.8,1,35.7142857142857,3.57555076880693,2,0,0,0,91,0,0,,16380,,,,18.6329614263288,1,Q1,low,low,Q1-Q3,Q1-Q3,,,,,,
1,2810893463,2017-12-24,3105.8,2,1,195,93,96,92,0.76,7.1,48.1,5.4,12562,6456.96465696466,8.77291461901146,,,,,30.38,,580.72,1,1207.31808731809,7.09615672185296,0,73.01,0,12562,0,3,,12562,0,,,2,4589,6554,12562,14543,14543,1981,,0,0,,,,0,0,8,0,12562,"","","","","","","",,,,,,,,,,,,"","",,,,,,,,,,,,0,0,0,0,0,0,0,0,0,0,0,,1.76,22.77,2,020709CJB,430.386,1.25,31,188.2,31,121.408,8,13647,13647,30.38,0,0,0,0,0,2,0,0,0,0,0,0,0,0,0,0,0,164,62,0,0,0,0,0,0,1,,,,,8,1,,0,1,0,0,0,0,0,1,1,1,0,2,0,,,0,0,52,29.9961890246361,0,0,0,0,0,,0,0,0,0,0,,0,,,,0,0,0,,,0,82.8,1,147.609147609148,4.99456788591769,2,0,0,0,90,0,1,,17433,,,,71.7440517440518,1,Q3,high,high,Q1-Q3,Q1-Q3,,,,,,
1,2810894522,2017-09-27,2405.2,2,1,182,58,64,84,2.76,12.9,67.6,5.6,12007,3557.98816568047,8.17695054210459,3.50506756756757,1.25420979778079,0,,57.12,,257.02,1,380.207100591716,5.94071610581817,0,70.07,0,12007,0,3,,12007,0,,,2,4518,5723,12007,14285,14285,2278,,0,0,,,,0,0,8,0,12007,C09CA03,100 MG,C09,C09C,C09CA,C09CA03,"",,,,,1,,,,,,,"","",,,,,,,,,,,,0,0,0,0,1,0,0,0,0,0,0,,0.79,70.84,2,011609CJB,638.67,5.6,8,133.1,8,98.029,8,13437,13437,57.12,1,0,0,0,0,2,0,0,0,0,0,0,0,0,0,0,0,155,58.75,0,0,0,0,0,0,1,,,,,8,8,,0,1,1,0,0,0,0,1,1,1,0,2,0,,,0,0,71,31.5734157950887,0,0,1,0,1,,0,0,0,0,0,,0,,,,0,0,1,,,0,111.2,1,190.828402366864,5.25137460730085,2,0,0,0,17,0,0,,17230,3895,30,5223,209.293421510616,1,Q2,low,high,Q4,Q1-Q3,IC,14.299794661191,1,1,1,0
1,2810894612,2017-09-13,782.7,2,1,206,53,85,96,0.9,3,56.2,5.6,11253,1392.70462633452,7.23900290989924,2.65806927044952,0.97760002106867,0,,13.62,,701.92,1,1248.96797153025,7.13007286650635,0,63.22,0,11253,0,3,,11253,0,,,1,4279,5315,11253,13423,13423,2170,10393,1,1,-861,10392,,0,0,8,0,11253,M01AB05,75 MG,M01,M01A,M01AB,M01AB05,"",,1,,,,,,,,,1,"","",,,,,,,,,,,,0,1,0,0,0,0,0,0,0,0,1,,11.21,53.51,2,011409CJB,262.736,2.63,,,,,,,,13.62,0,0,0,0,0,8,0,0,0,0,0,0,0,1,0,0,0,212,74.25,0,0,0,0,0,0,1,,,,,8,6,,0,1,0,0,0,1,0,,1,1,0,2,0,,,0,0,65,27.0363809781798,0,0,0,0,0,,0,0,0,0,0,,0,,2,1,1,0,0,2,10393,1,136,0,53.3807829181495,3.9774508107506,2,0,0,0,89,0,0,,16311,,,,15.6483665880283,1,Q1,low,low,Q1-Q3,Q1-Q3,,,,,,
1,2810897751,2017-12-16,603.4,2,1,182,36,132,106,0.89,3,19.8,5.9,12106,3047.47474747475,8.02206857501256,,,,,43.68,,58.61,1,296.010101010101,5.69039357877594,0,66.97,0,12106,0,3,,12106,0,,,2,4674,5720,12106,,,,,0,0,,,,0,0,8,0,12106,C10AX06,37.5/25,C03,C03A,C03AA,C03AA03,"",,,,1,,1,,1,,,,C03AA03,"",,,,,,,,1,,,,0,0,0,1,0,1,0,1,0,0,0,,2.96,47.68,2,020409bCJ,350.582,2.85,27,197.9,27,146.244,8,13252,13252,43.68,1,0,0,0,0,2,0,0,0,0,0,0,0,0,0,0,0,210,64.5,0,0,0,0,0,0,1,,,,,7,2,,0,1,1,0,0,0,0,1,1,1,0,2,0,,,0,0,62,35.4899574050095,0,0,1,0,1,,0,0,0,0,0,,0,,,,0,0,0,,,0,119.6,0,151.515151515152,5.02068562994976,2,0,1,0,69,0,0,,17039,,,,44.1663006880398,1,Q2,low,low,Q1-Q3,Q1-Q3,,,,,,
1,2810899598,2018-01-26,3832.9,2,1,236,71,105,111,0.78,6.8,107.3,6,11987,3572.13420316869,8.18091851216651,1.08216926869351,0.0789676087557537,1,,53.34,,1365.01,1,1272.14352283318,7.14845856995099,0,75.75,0,11987,0,3,,11987,0,,,2,4376,5668,11987,13996,13996,2009,,0,0,,,,0,0,8,0,11987,"","","","","","","",,,,,,,,,,,,"","",,,,,,,,,,,,0,0,0,0,0,0,0,0,0,0,0,,1.21,60.42,2,021709CJB,348.562,1.38,42,215.4,42,114.12,8,12898,12898,53.34,0,0,0,0,0,2,0,0,0,0,0,0,0,0,0,0,0,162,63.5,0,0,0,0,0,0,1,,,,,8,1,,0,1,0,0,0,0,0,1,1,1,0,2,0,,,0,0,59,28.2470550681073,0,0,0,0,0,143,1,0,0,0,0,,0,,,,0,0,0,,,0,144,1,63.3737185461323,4.14904924152755,2,0,0,0,83,0,0,,16682,,,,43.0377614839601,1,Q2,low,low,Q1-Q3,Q1-Q3,,,,,,
1,2810899619,2018-01-28,2565,2,1,194,95,135,85,0.57,3,83.5,5.3,12465,3071.85628742515,8.03003731173615,1.89244558258643,0.637869951668461,0,,25.66,,1271.32,1,1522.53892215569,7.32813456389156,0,64.76,0,12465,0,3,,12465,0,,,2,5171,6263,12465,14502,14502,2037,,0,0,,,,0,0,8,0,12465,"","","","","","","",,,,,,,,,,,,"","",,,,,,,,,,,,0,0,0,0,0,0,0,0,0,0,0,,4.97,79.57,2,021809CJB,206.166,0.76,43,106.4,43,69.726,8,13358,13358,25.66,0,0,0,0,0,0,0,0,0,0,0,0,0,0,0,0,0,146,60,0,0,0,0,0,0,1,,,,,7,1,,0,1,0,0,0,0,0,0,1,1,0,2,0,,,0,0,48,28.5138570277141,0,0,0,0,0,,0,0,0,0,0,,0,,,,0,0,0,,,0,72,0,35.9281437125749,3.58152093579344,2,0,0,0,110,0,0,,17139,,,,27.9259662493195,1,Q2,low,low,Q1-Q3,Q1-Q3,,,,,,
1,2810899811,2017-10-22,302.9,2,1,271,108,59,95,0.69,3,6.3,5.4,12048,4807.93650793651,8.4780232706238,2.20025591810621,0.78857368001079,0,,38.58,,390.47,1,6197.93650793651,8.73197169433532,0,60.48,0,12048,0,3,,12048,0,,,2,5112,6593,12048,14260,14260,2212,,0,0,,,,0,0,8,0,12048,"","","","","","","",,,,,,,,,,,,"","",,,,,,,,,,,,0,0,0,0,0,0,0,0,0,0,0,,0.51,25.86,2,012109CJB,430.458,0.93,11,171.4,11,106.146,8,13435,13435,38.58,0,0,0,0,0,2,0,0,0,0,0,0,0,0,0,0,0,150,65.5,0,0,0,0,0,0,1,,,,,7,0,,0,1,0,0,0,0,0,1,1,1,0,2,0,,,0,0,53,24.5818334419723,0,,0,0,0,,0,0,0,0,0,,0,,,,0,0,0,,,0,151.2,0,476.190476190476,6.16581793425276,3,0,0,0,99,0,1,,17227,,,,48.5650152316819,1,Q3,low,low,Q1-Q3,Q1-Q3,,,,,,
1,2810900007,2018-01-10,1393.9,2,1,206,70,116,110,0.7,3,28,5.5,12097,4978.21428571429,8.51282652854873,,,,,48.32,,269.33,1,961.892857142857,6.86890306935166,0,65.36,0,12097,0,3,,12097,0,,,2,4252,5629,12097,14112,14112,2015,,0,0,,,,0,0,8,0,12097,"","","","","","","",,,,,,,,,,,,"","",,,,,,,,,,,,0,0,0,0,0,0,0,0,0,0,0,,5.07,60.38,2,021109bCJ,335.93,3.43,37,279.9,37,147.978,8,13093,13093,48.32,0,0,0,0,0,2,1,1,1,0,0,0,0,0,0,0,0,175,62.25,0,0,0,0,0,0,1,,,,,3,6,,0,1,0,0,0,0,0,1,1,1,2,2,0,,,0,0,73,31.7515513823305,1,0,0,0,0,143,1,0,0,0,0,,0,,,,0,0,1,,,0,112.8,0,107.142857142857,4.67416305747504,2,0,0,0,86,0,1,,16878,,,,57.8862126245847,1,Q3,low,low,Q1-Q3,Q1-Q3,,,,,,
1,2810900940,2018-01-08,4742.9,2,1,193,75,181,90,0.8,3,98.3,5.7,12428,4824.92370295015,8.48155020078799,1.10195005131714,0.0970813842199528,1,,25.22,,511.58,1,520.427263479146,6.25465013473407,0,75.83,0,12439,0,3,,12428,0,,,2,4531,5742,12428,14463,14463,2035,,0,0,,,,0,0,8,0,12439,M01AE01,200 MG,M01,M01A,M01AE,M01AE01,"",,1,,,1,1,1,,,,,"","",,,,,,,,,,,,0,1,0,0,1,1,1,0,0,0,0,,0.3,48.93,2,021109bCJ,349.576,1.03,36,130.7,36,84.987,8,13435,13435,25.22,1,0,0,0,0,2,0,0,0,0,0,0,0,0,0,0,0,173,63.75,1,1,0,0,0,0,1,,,,,8,1,,0,1,1,0,0,0,0,1,1,1,0,2,0,,,0,1,57,29.9289401346969,0,0,1,1,1,,0,0,0,0,0,,0,,,,0,0,1,,,0,81.8,0,30.5188199389624,3.41834354049713,2,0,0,1,82,0,1,,17220,,,,58.8405329628067,1,Q3,low,low,Q1-Q3,Q1-Q3,,,,,,
7,2810901109,2018-11-24,8696.8,2,1,161,57,79,91,0.92,10.2,186.4,5.4,3640,4665.6652360515,8.44798570462639,2.01805728518057,0.70213530863484,0,1.8,47.02,45.86,820.88,2,440.386266094421,6.08765221929055,0,65.33,0,3640,0,3,,3640,0,,,2,3640,5458,,,5458,1818,,0,0,,,,0,0,8,0,3640,C10AX06,1200 MG,C10,C10A,C10AX,C10AX06,"",,,,,,1,,,,,,"","",,,,,,,,,,,,0,0,0,0,0,1,0,0,0,0,0,,1.62,45.3,2,122308CJB,311.152,1.2,2,175.1,2,105.213,3,,,47.02,0,0,0,0,0,,0,0,0,0,0,0,,,,,0,122,61.25,0,0,0,0,0,0,,,1,,,7,1,,0,1,0,0,,,0,,2,3,0,2,0,,,0,0,57,22.8640550575562,0,0,0,0,0,,0,0,0,0,0,,0,,,,0,0,0,,,0,88.2,1,54.7210300429185,4.00224809702087,2,0,1,0,69,0,1,,8266,,,,67.6183367543696,1,Q3,low,high,Q1-Q3,Q1-Q3,,,,,,
1,2810901492,2018-01-06,790.8,2,1,173,72,45,93,0.7,6.4,66.8,5.5,12222,1183.83233532934,7.07651219674195,2.20361247947455,0.79009804982173,0,,52.54,,510.98,1,764.940119760479,6.63979755594,0,60.29,0,12222,0,3,,12222,0,,,2,4580,5722,12222,13867,13867,1645,,0,0,,,,0,0,8,0,12222,"","","","","","","",,,,,,,,,,,,"","",,,,,,,,,,,,0,0,0,0,0,0,0,0,0,0,0,,0.33,20.37,2,021109CJB,415.794,1.18,36,267.9,36,171.356,8,13240,13240,52.54,0,0,0,0,0,2,0,0,0,0,0,0,0,0,0,0,0,98,63.25,0,0,0,0,0,0,1,,,,,4,6,,0,1,0,0,0,0,0,1,1,1,0,2,0,,,0,0,69,17.2230724564247,0,0,0,0,0,,0,0,0,0,0,,0,,,,0,0,0,,,0,92,1,95.8083832335329,4.56235018880516,2,0,0,0,88,0,0,16196,,16196,28,3974,13.4526401741971,0,Q1,low,low,Q1-Q3,Q1-Q3,Death,10.880219028063,1,1,0,0
1,2810901930,2017-10-30,4115,2,1,183,109,33,97,0.51,5.3,68,5.3,12224,6051.47058823529,8.70805659392316,2.87926267281106,1.05753424498502,0,,34.08,,1182.97,1,1739.66176470588,7.46144598521269,0,64.49,0,12224,0,3,,12224,0,,,2,4557,5783,12224,14283,14283,2059,,0,0,,,,0,0,8,0,12224,C07AB02,25 MG,C07,C07A,C07AB,C07AB02,"",,,,1,,,,,,,,"","",,,,,,,,,,,,0,0,0,1,0,0,0,0,0,0,0,,4.43,5.7,2,012309CJB,372.552,2.13,14,205.1,14,115.015,8,13561,13561,34.08,1,0,0,0,0,2,0,0,0,0,0,0,0,0,0,0,0,119,59,0,0,0,0,0,0,1,,,,,4,1,,0,1,1,0,0,0,0,1,1,1,0,2,0,,,0,0,66,24.0352448530235,0,0,1,0,1,,0,0,0,0,0,,0,,,,0,0,0,,,0,67.4,1,77.9411764705882,4.35595439436411,2,0,0,0,100,0,1,,17353,,,,60.514705882353,1,Q3,high,low,Q1-Q3,Q1-Q3,,,,,,
1,2810901947,2017-09-30,3541.9,2,1,184,71,42,81,0.87,3,83.6,5,12209,4236.72248803828,8.35154525120474,2.04538461538462,0.715585847793392,0,,44.02,,1331.96,1,1593.25358851675,7.37353348651683,0,63.91,0,12209,0,3,,12209,0,,,1,4614,5814,12209,14350,14350,2141,,0,0,,,,0,0,8,0,12209,"","","","","","","",,,,,,,,,,,,"","",,,,,,,,,,,,0,0,0,0,0,0,0,0,0,0,0,,0.57,15.55,2,011609CJB,377.81,1.78,8,199.7,8,199.965,8,13631,13631,44.02,0,0,0,0,0,8,0,0,0,0,0,0,0,0,0,0,0,153,66.5,0,0,0,0,0,0,1,,,,,4,2,,0,0,0,0,0,0,0,,1,1,0,,0,,,0,0,48,24.3250506287321,0,0,0,0,0,,0,0,0,0,0,,0,,,,0,0,0,,,0,104.6,0,35.8851674641148,3.58032404755959,2,0,0,0,102,0,1,,17424,,,,41.5364949807674,1,Q3,low,low,Q1-Q3,Q1-Q3,,,,,,
1,2810903467,2018-01-13,2954.1,2,1,167,65,89,96,0.8,4.4,95,5.8,12457,3109.57894736842,8.04224260930942,2.34508670520231,0.852322375714623,0,,41.46,,521.78,1,549.242105263158,6.30853933749398,0,66.67,0,12457,0,3,,12457,0,,,2,,5728,12457,14464,14464,2007,,0,0,,,,0,0,8,0,12457,C10AA05,10 MG,C10,C10A,C10AA,C10AA05,"",,,,,1,1,1,1,,,,"","",,,,,,,,,,,,0,0,0,0,1,1,1,1,0,0,0,,0.14,38.46,2,021209CJB,371.292,1.12,38,144.2,38,90.037,8,13437,13437,41.46,1,0,0,0,0,2,0,0,0,0,0,0,0,0,0,0,0,144,65.25,0,0,0,0,0,0,1,,,,,7,8,,0,1,1,0,0,0,0,1,1,1,0,2,0,,,0,0,61,23.7797384037099,0,0,1,1,1,,0,0,0,0,0,,0,,,,0,0,0,,,0,84.2,1,46.3157894736842,3.83548292830581,2,0,0,1,80,0,0,,17221,16756,11,4764,38.8697368421053,0,Q2,low,low,Q1-Q3,Q1-Q3,Atherothrombotic Infarction of Brain,13.0431211498973,1,1,1,0
7,2810903488,2017-08-13,1593.1,2,1,136,75,64,121,1.23,145,30.4,6.1,3681,5240.46052631579,8.56416466015477,1.24689083371718,0.220653119736009,1,1.2,41.6,42.32,432.94,2,1424.14473684211,7.26132672784762,0,,0,3681,,,,3681,0,,,2,3681,5482,,,5482,1801,,0,0,,,,0,0,,0,3681,C10AX09,10/10 MG,C10,C10A,C10AA,C10AA01,"",,,,,1,1,,1,,1,,C10AA01,"",,,,,,1,1,,,,,0,0,0,0,1,1,1,1,0,1,0,,0.64,123.5,2,010509CJB,241.966,1.82,3,166.3,3,92.933,3,,,41.6,1,0,0,0,1,,0,0,0,0,0,0,,,,,0,173,63.5,0,0,0,0,0,0,,1,,,,7,6,,0,1,1,1,,,0,,2,2,0,2,0,,,0,0,70,30.1650649801393,0,1,1,1,1,,0,0,0,0,0,,0,,,,0,0,0,,,0,48.2,1,4769.73684210526,8.47004641299054,3,1,0,1,51,0,1,,8232,,,,102.754127966976,1,Q3,low,high,Q4,Q1-Q3,,,,,,
1,2810903539,2018-05-23,15000,2,1,217,83,130,112,1.12,31.5,277.2,5.6,12328,5411.25541125541,8.59623639875669,,,,,54.58,,2546.29,1,918.575036075036,6.8228235954665,0,76.93,0,12328,0,3,,12328,0,,,2,4397,5680,12328,,,,,0,0,,,,0,0,8,0,12328,M01AH01,200 MG,M01,M01A,M01AH,M01AH01,"",,1,1,,1,,,,,,,"","",,,,,,,,,,,,0,1,1,0,1,0,0,0,0,0,0,,57.87,23.95,2,022109CJB,1243.86,16.57,50,263.1,50,120.903,8,12958,12958,54.58,1,0,0,0,0,2,1,1,1,0,0,0,0,0,0,0,0,129,59.5,1,1,1,1,1,1,1,,,,,3,6,,0,1,1,0,0,0,0,1,1,1,2,2,0,,,0,1,72,25.6189538577792,1,0,1,0,1,,0,0,0,0,0,,0,,,,0,0,1,,,0,108,1,113.636363636364,4.73300355749798,2,0,0,0,49,0,1,14121,15943,14121,28,1793,110.433783903172,0,Q3,low,high,Q4,Q1-Q3,Death,4.90896646132786,1,0,0,0
1,2810903762,2018-11-26,6947.7,2,1,215,58,215,110,0.71,3,179.7,5.7,11960,3866.27712854758,8.26004734073446,1.37748851454824,0.320261924114157,1,,49.88,,2085.94,1,1160.79020589872,7.0568562641625,0,73.93,0,11960,0,3,,11960,0,,,1,4468,5723,11960,14088,14088,2128,,0,0,,,,0,0,8,0,11960,"","","","","","","",,,,,,,,,,,,"","",,,,,,,,,,,,0,0,0,0,0,0,0,0,0,0,0,,1.15,59.93,2,011509CJB,397.06,1.01,7,216.1,7,148.759,8,13414,13414,49.88,0,0,0,0,0,8,0,0,0,0,1,1,0,0,0,0,0,195,68.75,0,0,0,0,0,0,1,,,,,4,6,,0,1,0,0,0,0,0,,1,1,0,2,2,,,0,0,63,29.0064659468162,0,,0,0,0,,0,0,0,0,0,,0,,,,0,0,0,,,0,114,0,16.6944908180301,2.81507877386073,1,0,0,0,100,0,0,,17207,,,,38.6627712854758,1,Q2,low,low,Q1-Q3,Q1-Q3,,,,,,
1,2810903937,2017-08-30,756.5,2,1,228,82,66,94,1.21,3,105.9,5.6,11910,714.353163361662,6.57137746660914,3.41712204007286,1.22879868805664,0,,38.16,,610.63,1,576.610009442871,6.35716614447588,0,64.62,0,11910,0,3,,11910,0,,,1,5105,6610,11910,14143,14143,2233,,0,0,,,,0,0,8,0,11910,C09AA03,10 MG,C09,C09A,C09AA,C09AA03,250 MG,1,,,,1,,,,,,,"","",,,,,,,,,,,,1,0,0,0,1,0,0,0,0,0,0,,0.17,26.33,2,011209CJB,247.38,1.11,3,243.5,3,154.141,8,13449,13449,38.16,1,0,0,0,0,8,0,0,0,0,0,0,0,0,0,0,0,156,72.25,0,0,0,0,0,0,1,,,,,,2,,0,1,1,0,0,0,0,,1,1,0,2,0,,,0,0,51,21.0113766571566,0,0,1,0,1,,0,0,0,0,0,,0,,,,0,0,0,,,0,132.8,0,28.328611898017,3.34387231504289,1,0,0,0,69,0,0,16455,,16455,21,4545,10.3529443965458,0,Q1,low,low,Q1-Q3,Q1-Q3,CHD Death,12.4435318275154,1,1,1,0
1,2810904134,2018-01-14,394.6,2,1,154,71,67,85,0.8,3.7,30.2,5.1,11544,1306.62251655629,7.17520085519578,3.5952380952381,1.27961021853156,0,,44.68,,267.84,1,886.887417218543,6.78771804890838,0,75.02,0,11544,0,3,,11544,0,,,2,4140,5623,11544,13567,13567,2023,,0,0,,,,0,0,8,0,11544,C09AA03,5 MG,C09,C09A,C09AA,C09AA03,"",,,,,1,,,1,,,,"","",,,,,,,,,,,,0,0,0,0,1,0,0,1,0,0,0,,0.3,38.59,2,021409CJB,308.342,1.47,40,204.1,40,114.244,8,12484,12484,44.68,1,0,0,0,0,2,0,0,0,0,0,0,0,0,0,0,0,127,64,0,0,0,0,0,0,1,,,,,6,1,,0,1,1,0,0,0,0,1,1,1,0,2,0,,,0,0,55,21.7996432086614,0,0,1,0,1,,0,0,0,0,0,,0,,,,0,0,0,,,0,69.6,0,122.516556291391,4.80824617425149,2,0,0,0,83,0,0,,16268,,,,15.7424399585095,1,Q1,low,low,Q1-Q3,Q1-Q3,,,,,,
7,2810904344,2018-11-24,16333.6,2,1,148,31,275,106,1.09,4.8,221.9,5.6,3239,7360.7931500676,8.90392297087153,1.19792648444863,0.180592132575471,1,5.9,30.96,33.62,1935.5,2,872.239747634069,6.77106432606725,0,63.61,0,3239,0,3,,3239,0,,,1,3239,5123,,,5123,1884,,0,0,,,,0,0,8,0,3239,"","","","","","","",,,,,,,,,,,,"","",,,,,,,,,,,,0,0,0,0,0,0,0,0,0,0,0,,0.73,24.59,2,123008CJB,336.956,0.87,3,228.3,3,171.099,3,,,30.96,0,0,0,0,0,,0,0,0,0,0,0,,,,,0,189,69.5,0,0,0,0,0,0,,,1,,,8,1,,0,1,0,0,,,0,,2,3,0,2,0,,,0,0,57,27.510457174012,0,,0,0,0,,0,0,0,0,0,,0,,,,0,0,0,,,0,62,1,21.6313654799459,3.07414436695743,1,0,0,0,75,1,1,,7797,,,,98.143908667568,1,Q4,high,high,Q4,Q4,,,,,,
1,2810904356,2017-10-07,4389.1,2,1,258,39,214,97,0.79,3.4,143.3,5.4,11855,3062.87508722959,8.02710932481595,1.81190150478796,0.594376848962346,0,,57.24,,1236.31,1,862.742498255408,6.76011626678576,0,65.65,0,11855,0,3,,11855,0,,,2,4583,5708,11855,13940,13940,2085,,0,0,,,,0,0,8,0,11855,"","","","","","","",,,,,,,,,,,,"","",,,,,,,,,,,,0,0,0,0,0,0,0,0,0,0,0,,2.27,76.14,2,012009CJB,260.474,18.08,10,214.2,10,199.346,8,13263,13263,57.24,0,0,0,0,0,2,0,0,0,0,0,0,0,0,0,0,0,151,63.25,0,0,0,0,0,0,1,,,,,8,5,,0,1,0,0,0,0,0,1,1,1,0,2,0,,,0,0,65,26.5375912338789,0,0,0,0,0,,0,0,0,0,0,,0,,,,0,0,0,,,0,176.2,0,23.7264480111654,3.16659037577013,1,0,0,0,79,0,0,,17055,15058,11,5200,38.7705707244252,1,Q2,low,low,Q1-Q3,Q1-Q3,Atherothrombotic Infarction of Brain,14.2368240930869,1,1,1,0
1,2810904938,2018-07-06,20000,3,1,147,41,82,107,1,4.2,126.3,5.3,12439,15835.3127474268,9.66999770916777,2.26385542168675,0.817069298622822,0,,18.12,,806.85,1,638.836104513064,6.45964793401901,0,65.82,0,12439,0,3,41,12439,1,1180,13619,1,,5756,12439,14562,14562,2123,,0,0,,,,0,1,8,1,12439,"",13/1500/1200 MG,M01,M01A,M01AX,M01AX05,"",,,,,,,,,,,,M01AX05,"",,1,,,,,,,,,,0,1,0,0,0,0,0,0,0,0,0,,4.15,50.36,2,021109bCJ,1135.192,4.11,37,332.8,37,237.09,8,13436,13436,18.12,0,0,0,0,0,8,0,0,0,0,0,0,0,0,0,0,0,178,69.5,0,0,0,0,0,0,1,,,,,7,1,,0,1,0,0,0,0,0,,1,1,0,2,0,,,0,0,74,25.9093194548896,0,0,0,0,0,,0,0,0,0,0,,0,,,,0,0,1,,,0,89.6,1,33.2541567695962,3.50417977491501,2,0,0,0,74,1,1,15278,,13619,41,,213.990712803064,1,Q4,high,high,Q4,Q4,CHF,,,,,
1,2810905507,2018-06-28,20000,3,1,186,57,101,92,0.6,3,132,5.1,12242,15151.5151515152,9.62585581593785,1.28744939271255,0.2526630461522,1,,28.66,,1674.42,1,1268.5,7.14559037903934,0,65.73,0,12242,0,3,,12242,0,,,2,4512,5815,12242,14397,14397,2155,,0,0,,,,0,0,8,0,12242,M01AE01,200 MG,M01,M01A,M01AE,M01AE01,"",,1,,,1,,,,,,,"","",,,,,,,,,,,,0,1,0,0,1,0,0,0,0,0,0,,1.78,72.78,2,011409CJB,337.6,1.74,5,122.4,5,112.024,8,13724,13724,28.66,1,0,0,0,0,0,0,0,0,0,0,0,0,0,0,0,0,265,61.75,0,0,0,0,0,0,1,,,,,6,1,,0,1,1,0,0,0,0,0,1,1,0,2,0,,,0,0,51,48.8627114381538,0,0,1,0,1,,0,0,0,0,0,,0,,,,0,0,0,,,0,108.8,0,22.7272727272727,3.12356564506388,1,0,0,0,106,1,1,,17517,,,,142.938822184105,1,Q4,high,high,Q4,Q4,,,,,,
1,2810905612,2017-09-15,681.1,2,1,175,71,38,96,0.95,3,137.5,5.3,11465,495.345454545455,6.20525540712874,4.67099567099567,1.54137225473634,0,,28.2,,1178.25,1,856.909090909091,6.75333183468531,0,60.38,0,11465,0,3,,11465,0,,,2,4360,5687,11465,13558,13558,2093,,0,0,,,,0,0,8,0,11465,M01AE02,220 MG,M01,M01A,M01AE,M01AE02,"",,1,,,,,,,,,,"","",,,,,,,,,,,,0,1,0,0,0,0,0,0,0,0,0,,0.14,56.57,2,011509CJB,443.548,0.72,6,142.6,6,109.48,8,12926,12926,28.2,0,0,0,0,0,2,0,0,0,0,0,0,0,0,0,0,0,165,68,0,0,0,0,0,0,1,,,,,3,1,,0,1,0,0,0,0,0,1,1,1,0,2,0,,,0,0,53,25.0883287233703,0,0,0,0,0,,0,0,0,0,0,,0,,,,0,0,0,,,0,96.4,0,21.8181818181818,3.08274365054362,1,0,0,0,68,0,0,,16719,,,,7.28449197860963,1,Q1,low,low,Q1-Q3,Q1-Q3,,,,,,
1,2810906262,2018-01-10,3657.8,2,1,198,49,109,125,1.16,3,119.7,5.6,12007,3055.80618212197,8.02479872619464,3.85638859556494,1.34973114852878,0,,55.86,,550.51,1,459.908103592314,6.13102669472618,0,58.29,0,12007,0,3,,12007,0,,,1,4439,5635,12007,14119,14119,2112,14393,1,0,2386,14393,,0,0,8,0,12007,"","","","","","","",,,,,,,,,,,,"","",,,,,,,,,,,,0,0,0,0,0,0,0,0,0,0,0,,3.55,102.4,2,021109bCJ,437.2,2.41,37,216.4,37,156.761,8,13002,13002,55.86,0,0,0,0,0,8,0,0,0,0,0,0,0,0,0,0,0,232,73,0,0,0,0,0,0,1,,,,,8,1,,0,0,0,0,0,0,0,,1,1,0,,0,,,0,0,64,30.6089109081953,0,0,0,0,0,,0,0,0,0,0,,0,,1,1,0,0,0,,,0,127.2,0,25.062656641604,3.22137895508632,1,0,0,0,66,0,0,,16787,,,,46.3000936685147,1,Q2,low,low,Q1-Q3,Q1-Q3,,,,,,
1,2810908051,2017-09-13,558.9,2,1,213,77,51,105,0.75,3,82.7,5.4,11330,675.816203143894,6.5159211502341,2.85533596837945,1.04918951337526,0,,44.88,,596.85,1,721.704957678356,6.58161640949949,0,66.09,0,11330,0,3,,11330,0,,,2,4473,,11330,13541,13541,2211,,0,0,,,,0,0,8,0,11330,C09AA05,2.5 MG,C09,C09A,C09AA,C09AA05,"",,,,,1,,,,,,,"","",,,,,,,,,,,,0,0,0,0,1,0,0,0,0,0,0,,0.32,46.78,2,011409CJB,268.968,1.48,6,241.3,6,133.373,8,12801,12801,44.88,0,0,0,0,0,2,0,0,0,0,0,0,0,0,0,0,0,144,63.25,0,0,0,0,0,0,1,,,,,3,1,,0,1,0,0,0,0,0,1,1,1,0,2,0,,,0,0,55,25.3073717727057,0,0,0,0,0,,0,0,0,0,0,,0,,,,0,0,0,,,0,125.8,0,36.2756952841596,3.5911479656206,2,0,0,0,90,0,0,,16594,,,,7.50906892382104,1,Q1,low,low,Q1-Q3,Q1-Q3,,,,,,
1,2810908514,2017-11-21,1618.8,2,1,243,36,291,158,1.04,10.5,190.8,7.5,11714,848.427672955975,6.74338483997562,2.02874251497006,0.707416150361144,0,,42.7,,1857.24,1,973.396226415094,6.88079122068657,0,55.81,0,11714,0,3,,11714,0,,,1,4376,5645,11714,13762,13762,2048,,0,0,,,,0,0,8,0,11714,C10AA03,40 MG,C10,C10A,C10AA,C10AA03,"",,,,,1,1,1,,,1,,"","",,,,,,,,,,,,0,0,0,0,1,1,1,0,0,1,0,,1.28,79.05,2,012709bCJ,562.786,1.16,18,178.7,18,208.739,8,12989,12989,42.7,1,0,0,0,1,8,0,0,0,0,0,0,0,0,0,0,0,199,67.25,0,0,0,0,0,0,1,,,,,8,7,,0,1,1,1,0,0,0,,1,1,0,2,0,,,0,0,58,30.9367089623194,0,1,1,1,1,,0,0,0,0,0,,0,,,,0,0,0,,,0,148.8,1,55.0314465408805,4.00790477713143,2,1,0,1,79,0,0,,16780,13713,30,5066,10.7395907969111,1,Q1,low,low,Q1-Q3,Q1-Q3,IC,13.8699520876112,1,1,1,0
1,2810909916,2018-12-15,4804.3,2,1,261,51,284,93,0.75,3.3,83,5.7,12472,5788.31325301205,8.66359620740161,2.77052631578947,1.01903730785062,0,,62.3,,999.12,1,1203.75903614458,7.09320446974632,0,72.17,0,12472,0,3,,12472,0,,,1,4513,5711,12472,14489,14489,2017,,0,0,,,,0,0,8,0,12472,B01AA03,7.5 MG,B01,B01A,B01AA,B01AA03,"",,,,,,,,,,,1,"","",,,,,,,,,,,,0,0,0,0,0,0,0,0,0,0,1,,5.13,75.82,2,021309CJB,410.398,2.72,39,204.6,39,155.085,8,13432,13432,62.3,0,0,0,0,0,8,0,0,0,0,0,0,0,0,0,0,0,274,71.75,0,0,0,0,0,0,1,,,,,3,1,,0,1,0,0,0,0,0,,1,1,0,2,0,,,0,0,55,37.4207394118876,0,0,0,0,0,,0,0,0,0,0,,0,,,,0,0,0,3,7049,1,153.2,0,39.7590361445783,3.68283713965797,2,0,0,0,103,0,1,,17216,,,,56.1972160486607,1,Q3,high,low,Q1-Q3,Q1-Q3,,,,,,
1,2810910294,2018-12-06,7263.9,2,1,228,69,109,87,0.67,7.8,141.8,5.2,11358,5122.63751763047,8.54142472555661,3.26662484316186,1.18375729381274,0,,38.3,,3165.8,1,2232.58110014104,7.7109136391417,0,65.62,0,11358,0,3,,11358,0,,,2,4307,5651,11358,13507,13507,2149,,0,0,,,,0,0,8,0,11358,C10AA05,10 MG,C10,C10A,C10AA,C10AA05,"",,,,,,1,1,,,,,"","",,,,,,,,,,,,0,0,0,0,0,1,1,0,0,0,0,,1.99,24.8,2,012609CJB,487.2,1.28,14,183.6,14,117.902,8,12694,12694,38.3,0,0,0,0,0,2,0,0,0,0,0,0,0,0,0,0,0,178,64.25,0,0,0,0,0,0,1,,,,,7,2,,0,1,0,0,0,0,0,1,1,1,0,2,0,,,0,0,64,30.3165202312176,0,0,0,1,0,,0,0,0,0,0,,0,,,,0,0,0,,,0,137.2,1,55.0070521861777,4.00746139857966,2,0,0,1,93,0,1,,16486,,,,55.0821238454889,1,Q3,low,low,Q1-Q3,Q1-Q3,,,,,,
1,2810910350,2018-12-17,1606.4,2,1,162,54,70,105,0.83,3.5,45.8,5.8,12085,3507.42358078603,8.16263702436536,2.38733986435569,0.870179718602109,0,,33.86,,408.37,1,891.637554585153,6.79305972106563,0,66.14,0,12085,0,3,,12085,0,,,2,,,12085,,,,,0,0,,,,0,0,8,0,12085,M01AE01,200 MG,M01,M01A,M01AE,M01AE01,"",,1,,,,1,1,,,,,"","",,,,,,,,,,,,0,1,0,0,0,1,1,0,0,0,0,,0.59,86.53,2,020509CJB,295.282,1.26,28,205.9,28,127.114,8,13210,13210,33.86,0,0,0,0,0,2,1,1,1,0,0,0,0,0,0,0,0,162,62.5,0,0,0,0,0,0,1,,,,,7,1,,0,1,0,0,0,0,0,1,1,1,2,2,0,,,0,0,62,29.1581920763842,1,0,0,1,0,140,0,1,1,0,0,,0,,,,0,0,1,,,0,94,0,76.4192139737991,4.33623415635737,2,0,0,1,76,0,0,,16996,,,,46.1503102735004,1,Q2,low,low,Q1-Q3,Q1-Q3,,,,,,
1,2810912060,2017-12-16,4955.6,2,1,170,62,54,97,1.05,4.5,88.1,5.7,11773,5624.97162315551,8.63497118228754,1.03923138510809,0.0384813871384575,1,,33.08,,809.74,1,919.114642451759,6.82341086153056,0,70.7,0,11773,0,3,12,11773,0,,,1,4538,,11773,13951,13951,2178,,0,0,,,,0,0,8,0,11773,C10AA05,20/12.5 MG,C03,C03A,C03AA,C03AA03,"",,,,,1,1,1,,,,,C03AA03,"",,,,,,,,1,,,,0,0,0,0,1,1,1,1,0,0,0,,7.17,157.1,2,020509CJB,868.492,16.16,28,99.7,28,172.004,8,12902,12902,33.08,1,0,0,0,0,8,0,0,0,0,0,0,0,0,0,0,0,164,67.75,0,0,0,0,0,0,1,,,,,6,6,,0,1,1,0,0,0,0,,1,1,0,2,0,,,0,0,70,25.1206493616811,0,0,1,1,1,,0,0,0,0,0,,1,12149,,,0,0,1,,,0,97.2,1,51.0783200908059,3.93336014281628,2,0,0,1,72,0,1,15675,15204,12149,12,3431,78.1246058771598,0,Q3,high,high,Q1-Q3,Q1-Q3,TIA,9.39356605065024,1,0,0,0
1,2810912129,2017-11-13,628.4,2,1,235,53,111,88,0.86,3,97.8,5.4,11417,642.535787321063,6.46542251532879,0.890992167101828,-0.115419642681477,1,,34.16,,518.05,1,529.703476482618,6.27231737164508,0,69.21,0,11417,0,3,,11417,0,,,2,4353,5676,11417,13840,13840,2423,,0,0,,,,0,0,8,0,11417,B01AC06,325 MG,B01,B01A,B01AC,B01AC06,325 MG,1,,,,,,,,,,,"","",,,,,,,,,,,,1,0,0,0,0,0,0,0,0,0,0,,0.48,39.53,2,012909CJB,294.948,1.38,18,203,18,154.008,8,12680,12680,34.16,0,0,0,0,0,2,0,0,0,0,0,0,0,0,0,0,0,150,64,0,0,0,0,0,0,1,,,,,4,8,,0,1,0,0,0,0,0,1,1,1,0,2,0,,,0,0,71,25.7476100889702,0,0,0,0,0,,0,0,0,0,0,,0,,,,0,0,0,,,0,159.8,0,30.6748466257669,3.42344299060948,2,0,0,0,68,0,0,14777,,14777,27,3360,9.44905569589799,0,Q1,low,low,Q1-Q3,Q1-Q3,,9.19917864476386,1,0,0,0
7,2810912967,2018-11-24,5909.1,2,1,155,46,94,106,0.81,51.7,99.1,5.2,3950,5962.7648839556,8.69328955919191,1.49274193548387,0.400614653974415,1,5.7,12.4,13.46,995.63,2,1004.67204843592,6.91241644727498,0,,0,3950,,,14,3950,1,-5202,-1252,2,3950,5680,,,5680,1730,3723,1,1,-7610,-3660,,1,0,,1,3950,C09CA08,40 MG,C09,C09C,C09CA,C09CA08,"",,,,1,1,,,1,,,1,"","",,,,,,,,,,,,0,0,0,1,1,0,0,1,0,0,1,,0.69,39.9,2,010609CJB,415.936,5.71,4,157.7,4,103.279,3,,,12.4,1,0,0,0,0,,0,0,0,0,0,0,,,,,0,161,61.5,0,0,0,0,0,0,1,,,,,0,7,,1,0,1,0,,,0,,1,1,0,1,0,,,0,0,82,29.9282454602982,0,0,1,0,1,143,1,0,0,0,0,,1,4560,1,1,1,0,0,,,0,90.2,1,521.695257315843,6.25708361916058,3,0,0,0,68,0,1,6203,,-1252,41,,87.6877188817,1,Q3,high,high,Q4,Q1-Q3,CHF,,,,,
7,2810913611,2017-08-10,1018.6,2,1,221,79,91,84,0.77,4.5,87.2,5.5,3147,1168.11926605505,7.06315026952366,3.26605504587156,1.18358284862289,0,1.3,37.42,38.1,780.19,2,894.713302752294,6.79650333483722,0,63.98,0,3147,0,3,,3147,0,,,2,3147,4890,,,4890,1743,,0,0,,,,0,0,8,0,3147,"","","","","","","",,,,,,,,,,,,"","",,,,,,,,,,,,0,0,0,0,0,0,0,0,0,0,0,,0.8,35.18,2,122308CJB,449.576,1.24,1,175.1,1,144.529,3,,,37.42,0,0,0,0,0,,0,0,0,0,0,0,,,,,0,116,62,0,0,0,0,0,0,,,1,,,7,2,,0,1,0,0,,,0,,2,3,0,2,0,,,0,0,50,21.2168166271816,0,,0,0,0,,0,0,0,0,0,,0,,,,0,0,0,,,0,123.8,1,51.605504587156,3.94362834484348,2,0,0,0,90,0,0,,7799,,,,12.9791029561672,1,Q1,low,low,Q1-Q3,Q1-Q3,,,,,,
1,2810913627,2017-11-13,392.1,2,1,172,41,94,104,1.1,3,92.3,5.7,12029,424.810400866739,6.05164295377757,1.32237539766702,0.279429663046579,1,,46.74,,922.27,1,999.209100758397,6.90696406681472,0,68.19,0,12029,0,3,,12029,0,,,1,4979,5714,12029,14233,14233,2204,,0,0,,,,0,0,8,0,12029,C03AA03,25 MG,C03,C03A,C03AA,C03AA03,"",,,,,,,,1,,,,"","",,,,,,,,,,,,0,0,0,0,0,0,0,1,0,0,0,,2.23,80.87,2,012909CJB,465.886,2.53,18,205.6,18,158.838,8,13292,13292,46.74,1,0,0,0,0,8,0,0,0,0,0,0,0,0,0,0,0,187,67.5,0,0,0,0,0,0,1,,,,,8,6,,0,1,1,0,0,0,0,,1,1,0,2,0,,,0,0,73,28.8562354902488,0,0,1,0,1,,0,0,0,0,0,,0,,,,0,0,1,,,0,112.2,0,32.5027085590466,3.48132342614144,2,0,0,0,66,0,0,,17083,,,,6.43652122525362,1,Q1,low,low,Q1-Q3,Q1-Q3,,,,,,
1,2810913752,2017-10-01,4145.2,2,1,187,37,172,99,0.93,3,66,5.4,11063,6280.60606060606,8.74522176127173,1.78391959798995,0.578812964750923,0,,78.94,,282.63,1,428.227272727273,6.05965406569035,0,47.91,3,11063,1,2,,11063,0,,,1,,5651,11063,13634,13634,2571,,0,0,,,,0,0,7,0,11063,"","","","","","","",,,,,,,,,,,,"","",,,,,,,,,,,,0,0,0,0,0,0,0,0,0,0,0,,0.93,44.59,2,012009CJB,260.85,2.08,9,195.5,9,184.493,8,12479,12479,78.94,0,0,0,0,0,8,0,0,0,0,0,0,0,0,0,0,0,188,70.75,0,0,0,0,0,0,1,,,,,7,1,,0,1,0,0,0,0,0,,1,1,0,2,0,,,0,0,67,26.4064836586515,0,0,0,0,0,,0,0,0,0,0,,0,,,,0,0,0,,,0,115.6,0,45.4545454545455,3.81671282562382,2,0,0,0,85,0,1,,16271,,,,73.8894830659536,1,Q3,high,high,Q1-Q3,Q1-Q3,,,,,,
1,2810914123,2018-07-06,20000,3,1,243,83,66,88,0.89,4,180.4,5.5,12789,11086.4745011086,9.3134811308957,5.1027027027027,1.62977034106718,0,,27.36,,3022.79,1,1675.60421286031,7.42392910330958,0,71.19,0,12789,0,3,,12789,0,,,1,4518,5777,12789,,,,,0,0,,,,0,0,8,0,12789,C10AX09,40 MG,C10,C10A,C10AA,C10AA01,"",,,,,,1,,,,,,C10AA01,"",,,,,,1,1,,,,,0,0,0,0,0,1,1,0,0,0,0,,2.37,54.1,2,022109CJB,544.822,2.87,50,320.2,50,183.931,8,13427,13427,27.36,0,0,0,0,0,8,0,0,0,0,1,1,0,0,0,0,0,158,73.25,0,0,0,0,0,0,1,,,,,8,6,,0,1,0,0,0,0,0,,1,1,0,2,2,,,0,0,66,20.703674996559,0,0,0,1,0,,0,0,0,0,0,,0,,,,0,0,1,,,0,146.8,1,22.1729490022173,3.0988730324735,1,0,0,1,89,1,1,,17207,,,,124.56712922594,1,Q4,high,high,Q4,Q4,,,,,,
1,2810914199,2018-06-30,20000,3,1,135,68,50,95,0.86,1073.9,123.2,5.4,12505,16233.7662337662,9.6948486874248,4.6404958677686,1.53482122858176,0,,49.66,,1490.89,1,1210.13798701299,7.09848967094256,0,47.96,1,12505,1,2,1,12505,1,2303,14808,1,4559,5786,12505,,,,10207,1,1,-2298,10207,,0,1,7,1,12505,C10AA04,80 MG,C10,C10A,C10AA,C10AA04,"",,,,1,,1,1,,,,1,"","",,,,,,,,,,,,0,0,0,1,0,1,1,0,0,0,1,,6.37,20.25,2,020409bCJ,379.786,8.95,27,188.7,27,117.483,8,13651,13651,49.66,1,0,0,0,0,8,1,1,1,0,0,0,0,1,0,0,0,225,68.75,1,1,0,0,0,0,1,,,,,3,6,,0,1,1,0,0,1,0,,1,1,2,2,0,,,0,1,68,33.4689991694033,1,0,1,1,1,140,0,1,1,0,1,4922,0,,3,3,1,0,0,,,0,57,1,8716.72077922078,9.07299838874689,3,0,0,1,89,1,1,15265,,4922,1,,182.401867795126,1,Q4,high,high,Q4,Q4,MI,,,,,
1,2810914310,2018-11-26,6940.7,2,1,168,73,48,101,0.95,3,130.1,4.9,11971,5334.89623366641,8.58202471343731,4.02892561983471,1.39349974484116,0,,18.04,,3390.7,1,2606.22598001537,7.86565846920359,0,63.18,0,11971,0,3,,11971,0,,,1,4536,5782,11971,14204,14204,2233,,0,0,,,,0,0,8,0,11971,"","","","","","","",,,,,,,,,,,,"","",,,,,,,,,,,,0,0,0,0,0,0,0,0,0,0,0,,0.55,37.74,2,010809CJB,,,1,180.9,1,126.786,8,13580,13580,18.04,2,0,0,0,0,8,0,0,0,0,0,0,0,0,0,0,0,260,72.5,0,0,0,0,0,0,1,,,,,7,1,,0,1,1,0,0,0,0,,1,1,0,2,0,,,0,0,52,34.7778674154257,0,,0,0,1,,0,0,0,0,0,,0,,,,0,0,0,,,0,85.4,0,23.0591852421215,3.13806418213179,1,0,0,0,92,0,1,,17374,,,,57.9880025398523,1,Q3,low,low,Q1-Q3,Q1-Q3,,,,,,
1,2810915271,2017-11-21,4615.8,2,1,181,50,118,103,1,6.2,52.2,5.8,12314,8842.52873563218,9.08732817079244,1.11304347826087,0.107098135556367,1,,30.04,,758.15,1,1452.39463601533,7.28096894634645,0,71.07,0,12314,0,3,14,12314,0,,,1,4605,5782,12314,,,,12314,1,1,-1162,11152,,0,0,8,0,12314,C09AA06,40 MG,C09,C09A,C09AA,C09AA06,"",,,,1,1,,,1,,,1,"","",,,,,,,,,,,,0,0,0,1,1,0,0,1,0,0,1,,2.19,139,2,012709bCJ,353.508,2.02,18,194.2,18,154.513,8,13590,13590,30.04,1,0,0,0,0,8,0,0,0,0,0,0,1,1,0,0,0,300,75.5,0,0,0,0,0,0,1,,,,,4,2,,0,1,1,0,0,1,0,,1,1,0,2,0,,,0,0,66,37.00266161113,0,0,1,0,1,,0,0,0,0,0,,1,12257,1,3,1,1,0,,,0,107.4,1,118.773946360153,4.77722207614459,2,0,0,0,78,1,1,14890,,12257,14,,113.365753020925,1,Q4,high,high,Q4,Q4,Intracerebral Hemmorhage,,,,,
1,2810916287,2017-12-02,549.2,2,1,225,69,90,95,0.77,7.3,21.2,5.5,12094,2590.56603773585,7.85963167820394,2.27443991853361,0.821733832437707,0,,29.94,,1577.55,1,7441.27358490566,8.91479729394427,0,70.03,0,12094,0,3,,12094,0,,,2,4527,6019,12094,14398,14398,2304,,0,0,,,,0,0,8,0,12094,"","","","","","","",,,,,,,,,,,,"","",,,,,,,,,,,,0,0,0,0,0,0,0,0,0,0,0,,5.25,47.33,2,020409CJB,235.544,2.59,26,163.2,26,92.066,8,13254,13254,29.94,0,0,0,0,0,2,0,0,0,0,0,0,0,0,0,0,0,170,61,0,0,0,0,0,0,1,,,,,3,2,,0,0,0,0,0,0,0,1,1,1,0,,0,,,0,0,67,32.121429467261,0,,0,0,0,,0,0,0,0,0,,0,,,,0,0,0,,,0,138,1,344.339622641509,5.84162844545852,3,0,0,0,80,0,0,,17041,,,,32.3820754716981,1,Q1,low,low,Q1-Q3,Q1-Q3,,,,,,
1,2810916682,2017-10-25,938.4,2,1,150,43,135,99,0.99,9.7,94.1,5.8,11468,997.236981934113,6.90498843673602,,,,,31.86,,1136.19,1,1207.42826780021,7.09624797821367,0,68.91,0,11468,0,3,,11468,0,,,2,4407,5642,11468,,,,,0,0,,,,0,0,8,0,11468,M01AB02,200 MG,M01,M01A,M01AB,M01AB02,"",,1,,,,1,1,,,,,"","",,,,,,,,,,,,0,1,0,0,0,1,1,0,0,0,0,,1.19,56.23,2,020209CJB,279.982,2.13,22,165.8,22,89.017,8,12690,12690,31.86,0,0,0,0,0,2,0,0,0,0,0,0,0,0,0,0,0,191,66,0,0,0,0,0,0,1,,,,,2,6,,1,0,0,0,0,0,0,1,1,1,0,1,0,,,0,0,77,30.8284087642556,0,0,0,1,0,,0,0,0,0,0,,0,,,,0,0,0,,,0,80,1,103.081827842721,4.63552311790014,2,0,0,1,55,0,0,14048,,14048,28,2580,18.1315814897111,0,Q1,low,low,Q1-Q3,Q1-Q3,Death,7.06365503080082,1,0,0,0
1,2810917014,2017-09-23,2501.6,2,1,155,27,112,238,0.62,7.3,70,10.3,12008,3573.71428571429,8.18136075008236,,,,,58.68,,531.11,1,758.728571428572,6.63164410003562,0,63.85,0,12008,0,3,12,12008,1,2978,14986,1,4513,5772,12008,14193,14193,2185,15097,1,0,1036,13044,,0,1,8,1,12008,A10BB07,10 MG,A10,A10B,A10BB,A10BB07,"",,,,,,,,,,1,,"","",,,,,,,,,,,,0,0,0,0,0,0,0,0,0,1,0,,4.43,107,2,011509CJB,343.922,1.44,7,197,7,165.564,8,13451,13451,58.68,0,0,0,0,1,8,0,0,0,0,0,0,0,0,0,0,0,288,70,0,0,0,0,0,0,1,,,,,7,1,,0,1,0,1,0,0,0,,1,1,0,2,0,,,0,0,58,41.3239683622224,0,1,0,0,0,140,0,1,1,0,1,14985,1,14517,1,4,0,0,0,,,0,105.6,1,104.285714285714,4.64713438508712,2,1,0,0,109,0,0,,15278,3738,6,3270,32.7863695937091,0,Q2,low,low,Q1-Q3,Q1-Q3,Angina,8.95277207392197,1,0,0,0
1,2810917049,2018-12-06,7532.9,2,1,237,41,255,91,0.91,7.9,128.9,5.5,12048,5843.98758727696,8.67316864885686,1.59797297297297,0.468735934167873,1,,53.28,,1609.01,1,1248.26221877424,7.12950763805642,0,68.19,0,12048,0,3,,12048,0,,,1,4543,5770,12048,14114,14114,2066,,0,0,,,,0,0,8,0,12048,"","","","","","","",,,,,,,,,,,,"","",,,,,,,,,,,,0,0,0,0,0,0,0,0,0,0,0,,2.94,34.48,2,012109CJB,489.546,2.81,11,132.2,11,116.435,8,13436,13436,53.28,0,0,0,0,0,8,0,0,0,0,0,0,0,0,0,0,0,190,71.5,0,0,0,0,0,0,1,,,,,4,1,,0,1,0,0,0,0,0,,1,1,0,2,0,,,0,0,56,26.1304645060266,0,0,0,0,0,,0,0,0,0,0,,0,,,,0,0,1,,,0,145,1,61.2878200155159,4.11558112850997,2,0,0,0,94,0,1,,17228,,,,62.1700807157123,1,Q3,high,low,Q1-Q3,Q1-Q3,,,,,,
1,2810917167,2018-01-01,342.1,2,1,216,46,138,103,0.79,3,40.5,5.4,12341,844.691358024691,6.73897130385916,1.45711592836946,0.376459090533384,1,,58.5,,341.42,1,843.012345679012,6.7369816028282,0,,0,12341,,,,12341,0,,,2,4516,5778,12341,14148,14148,1807,,0,0,,,,0,0,,0,12341,"","","","","","","",,,,,,,,,,,,"","",,,,,,,,,,,,0,0,0,0,0,0,0,0,0,0,0,,6.25,59.01,2,021009CJB,387.306,4.94,33,195.5,33,136.86,8,13393,13393,58.5,0,0,0,0,0,2,1,1,1,0,0,0,0,0,0,0,0,148,65.75,0,0,0,0,0,0,1,,,,,7,1,,0,1,0,0,0,0,0,1,1,1,2,2,0,,,0,0,56,24.0699846722309,1,0,0,0,0,,0,0,0,0,0,,0,,,,0,0,0,,,0,142.4,0,74.0740740740741,4.30506559353775,2,0,0,0,84,0,0,,17178,,,,10.0558495002939,1,Q1,low,low,Q1-Q3,Q1-Q3,,,,,,
1,2810917690,2017-10-28,3030.6,2,1,247,72,82,103,0.82,7.2,80.9,5.5,12463,3746.10630407911,8.22847226062571,3.26371061843641,1.18286477460418,0,,29.16,,1041.77,1,1287.72558714462,7.16063283050604,0,64.56,0,12463,0,3,,12463,0,,,2,4500,5783,12463,14533,14533,2070,,0,0,,,,0,0,8,0,12463,"","","","","","","",,,,,,,,,,,,"","",,,,,,,,,,,,0,0,0,0,0,0,0,0,0,0,0,,1.78,121.2,2,012309CJB,234.626,1.82,13,237.6,13,158.333,8,13813,13813,29.16,0,0,0,0,0,2,1,0,0,56,0,0,0,0,0,0,0,176,64.5,0,0,0,0,0,0,1,,,,,6,1,,0,0,0,0,0,0,0,1,1,1,1,,0,,,0,0,59,29.7439643013413,0,0,0,0,0,,0,0,0,0,0,,0,,,,0,0,0,,,0,158.6,1,88.9987639060569,4.4886224809397,2,0,0,0,78,0,0,,17605,,,,48.0270038984501,1,Q2,low,low,Q1-Q3,Q1-Q3,,,,,,
1,2810919153,2018-12-08,3911.9,2,1,226,50,66,95,1.15,6.9,127.2,5.6,11372,3075.39308176101,8.03118800353787,2.21177370030581,0.793794772958991,0,,48.5,,1213.31,1,953.860062893082,6.8605169760906,0,64.65,0,11372,0,3,,11372,0,,,1,4199,5422,11372,13177,13177,1805,,0,0,,,,0,0,8,0,11372,C10AD02,40 + 25 MG,C03,C03A,C03AA,C03AA03,"",,,,,1,1,,,,,,C03AA03,"",,,,,,,,1,,,,0,0,0,0,1,1,0,1,0,0,0,,1.48,25.21,2,020609CJB,481.122,2.33,29,170.2,29,171.547,8,12485,12485,48.5,1,0,0,0,0,8,0,0,0,0,0,0,0,0,0,0,0,162,63.75,0,0,0,0,0,0,1,,,,,4,6,,0,1,1,0,0,0,0,,1,1,0,2,0,,,0,0,73,28.0259439411612,0,0,1,,1,,0,0,0,0,0,,0,,,,0,0,1,,,0,162.8,1,54.2452830188679,3.99351603967933,2,0,1,0,63,0,0,,15753,,,,48.8157632025557,1,Q2,low,low,Q1-Q3,Q1-Q3,,,,,,
1,2810920102,2017-10-25,4594.7,2,1,171,44,139,137,0.6,17.2,46.8,6,12390,9817.73504273504,9.19194572736599,2.49249249249249,0.9132832108102,0,,39.62,,1203,1,2570.51282051282,7.85186069903917,0,,,12390,,,,12390,0,,,2,4531,5813,12390,,,,,0,0,,,,0,0,,0,12390,C10AA03,20 MG,C10,C10A,C10AA,C10AA03,"",,,,,1,1,1,1,,,,"","",,,,,,,,,,,,0,0,0,0,1,1,1,1,0,0,0,,15.3,110.8,2,012209CJB,390.224,3.79,12,188.9,12,101.697,8,13757,13757,39.62,1,0,0,0,1,2,0,0,0,0,0,0,0,0,0,0,0,200,61,0,0,1,1,0,0,1,,,,,2,0,,0,1,1,1,0,0,0,1,1,1,0,2,0,,,0,1,69,37.789917020307,0,0,1,1,1,,0,0,0,0,0,,0,,,,0,0,1,,,0,99.2,1,367.521367521368,5.90678145987794,3,1,0,1,93,1,1,,17549,6473,30,5159,105.567043470269,1,Q4,high,high,Q4,Q4,IC,14.1245722108145,1,1,1,0
7,2810920257,2018-11-24,20000,3,1,258,34,193,116,0.82,14.7,267.6,6,3858,7473.84155455904,8.91916441027015,1.02357723577236,0.0233035856778839,1,0.3,47.22,47.04,1319.7,2,493.161434977579,6.2008365747568,0,45.98,2,3858,1,2,,3858,0,,,1,3858,5860,,,5860,2002,,0,0,,,,0,0,7,0,3858,C10AX09,10 MG,C10,C10A,C10AX,C10AX09,"",,,1,,,1,1,,,,,"","",,,,,,,,,,,,0,0,1,0,0,1,1,0,0,0,0,,1.02,101.4,2,010609CJB,355.438,11.28,4,211.4,4,167.231,3,,,47.22,0,0,0,0,0,,0,0,0,0,0,0,,,,,0,227,68.5,0,0,0,0,0,0,,,,,,3,6,,1,0,0,0,,,0,,,,0,1,0,,,0,0,62,34.0134219615235,0,0,0,1,0,,0,0,0,0,0,,0,,,,0,0,0,,,0,185.4,1,54.932735426009,4.00610944451275,2,0,0,1,95,1,1,,8365,,,,78.6720163637794,1,Q4,high,high,Q1-Q3,Q4,,,,,,
1,2810920564,2017-11-13,741.6,2,1,172,77,50,100,0.77,3,89.8,5.8,12478,825.835189309577,6.71639522493158,1.49412577747063,0.40154127156767,1,,32.92,,1386.41,1,1543.8864142539,7.34205816198088,0,67.46,0,12478,0,3,,12478,0,,,2,4503,5775,12478,14568,14568,2090,,0,0,,,,0,0,8,0,12478,M01AE01,200 MG,M01,M01A,M01AE,M01AE01,325 MG,1,1,,,,1,1,,,,,"","",,,,,,,,,,,,1,1,0,0,0,1,1,0,0,0,0,,0.5,58.66,2,012709bCJ,438.652,0.93,18,169.4,18,100.287,8,13745,13745,32.92,0,0,0,0,0,2,0,0,0,0,0,0,0,0,0,0,0,135,62.5,0,0,0,0,0,0,1,,,,,7,1,,0,1,0,0,0,0,0,1,1,1,0,2,0,,,0,0,59,24.2984933969868,0,0,0,1,0,,0,0,0,0,0,,0,,,,0,0,0,,,0,85,0,33.4075723830735,3.50878259234209,2,0,0,1,85,0,0,,17536,,,,9.71570810952443,1,Q1,low,low,Q1-Q3,Q1-Q3,,,,,,
7,2810920680,2017-08-12,550.7,2,1,202,61,108,109,1.06,3,10.3,5.5,3949,5346.60194174757,8.58421648702094,2.45067423704755,0.896363185491312,0,2,61.6,59.88,106.67,2,1035.63106796116,6.94276624738989,0,,0,3949,,,,3949,0,,,1,3949,5656,,,5656,1707,,0,0,,,,0,0,,0,3949,M01AX05,1500 + 1200 MG,M01,M01A,M01AX,M01AX25,"",,1,,,,,,,,,,M01AX25,"",,1,,,,,,,,,,0,1,0,0,0,0,0,0,0,0,0,,0.42,23.43,2,122208CJB,356.44,1.36,1,207.9,1,146.239,3,,,61.6,0,0,0,0,0,,0,0,0,0,0,0,,,,,0,147,62.75,0,0,0,0,0,0,,,1,,,8,2,,0,1,0,0,,,0,,2,3,0,2,0,,,0,0,71,26.247955862525,0,0,0,0,0,,0,0,0,0,0,,0,,,,0,0,0,,,0,119.4,0,291.26213592233,5.67422367241466,2,0,0,0,70,0,1,,8631,,,,76.380027739251,1,Q3,low,high,Q1-Q3,Q1-Q3,,,,,,
1,2810920691,2018-12-22,6088.1,2,1,181,45,112,92,0.9,3,119.4,5.6,12492,5098.91122278057,8.5367823101918,,,,,62.3,,1171.01,1,980.745393634841,6.88831288830049,0,60.31,0,12492,0,3,,12492,0,,,1,4511,5769,12492,14639,14639,2147,,0,0,,,,0,0,8,0,12492,"","","","","","","",,,,,,,,,,,,"","",,,,,,,,,,,,0,0,0,0,0,0,0,0,0,0,0,,0.93,86.68,2,021709CJB,384.508,2.37,42,334.8,42,193.144,8,13395,13395,62.3,0,0,0,0,0,8,0,0,0,0,1,1,0,0,0,0,0,202,68.5,1,1,0,0,0,0,1,,,,,6,1,,0,1,0,0,0,0,0,,1,1,0,2,2,,,0,1,52,30.2674503798579,0,,0,0,0,,0,0,0,0,0,,0,,,,0,0,0,,,0,113.6,0,25.1256281407035,3.22388836669175,1,0,0,0,98,0,1,,17179,,,,52.0297063549038,1,Q3,low,low,Q1-Q3,Q1-Q3,,,,,,
1,2810921122,2018-06-30,20000,3,1,137,47,97,137,0.96,7.9,176,6.7,11943,11363.6363636364,9.33817374348607,1.89718719689622,0.640372366577803,0,,19.48,,869.32,1,493.931818181818,6.20239748778744,0,61.89,0,11943,0,3,,11943,0,,,1,4601,5726,11943,13967,13967,2024,,0,0,,,,0,0,8,0,11943,"","","","","","","",,,,,,,,,,,,"","",,,,,,,,,,,,0,0,0,0,0,0,0,0,0,0,0,,3.75,98.25,2,012709CJB,211.112,1.71,16,204.4,16,121.027,8,13240,13240,19.48,0,0,0,0,0,8,0,0,0,0,0,0,0,0,0,0,0,218,73.5,0,0,0,0,0,0,1,,,,,8,1,,0,1,0,0,0,0,0,,1,1,0,2,0,,,0,0,66,28.3718351693263,0,0,0,0,0,,0,0,0,0,0,,0,,,,0,0,0,1,7366,1,70.6,1,44.8863636363636,3.80413404341696,2,1,0,0,82,1,1,,17031,,,,138.580931263858,1,Q4,high,high,Q4,Q4,,,,,,
1,2810921376,2018-06-28,20000,3,1,153,48,77,108,1.81,41.2,150.9,6,11564,13253.8104705103,9.49204037275042,1.81708945260347,0.597236019134247,0,,47.22,,1129.97,1,748.820410868125,6.61849918289569,0,50.14,2,11564,1,2,2,11564,0,,,1,4392,5649,11564,13631,13631,2067,11564,1,1,-1173,10391,,0,0,7,0,11564,C10AA05,10 MG,C10,C10A,C10AA,C10AA05,"",,,,,,1,1,1,,,1,"","",,,,,,,,,,,,0,0,0,0,0,1,1,1,0,0,1,,9.44,29.27,2,012109CJB,343.834,13.37,11,157.7,11,111.776,8,12945,12945,47.22,0,0,0,0,0,8,0,0,0,0,0,0,0,1,0,0,0,155,65.75,0,0,0,0,0,0,1,,,,,5,6,,0,1,0,0,0,1,0,,1,1,0,2,0,,,0,0,82,25.2084298932148,0,0,0,1,0,141,0,1,0,1,1,485,0,,1,3,1,1,1,,,0,89.6,1,273.028495692512,5.60957616956381,2,0,0,1,34,1,1,14719,,485,2,,389.817955015008,1,Q4,high,high,Q4,Q4,MI,,,,,
1,2810921388,2018-06-28,20000,3,1,166,53,57,219,0.73,3,109.3,8.8,11300,18298.2616651418,9.81456134334173,3.33333333333333,1.20397280432594,0,,107.32,,1342.12,1,1227.92314730101,7.11307952311755,0,60.9,0,11300,0,3,,11300,0,,,1,4294,5643,11300,13395,13395,2095,,0,0,,,,0,0,8,0,11300,"","","","","","","",,,,,,,,,,,,"","",,,,,,,,,,,,0,0,0,0,0,0,0,0,0,0,0,,3.68,173,2,011509CJB,300.194,4.66,7,190.5,7,157.685,8,12742,12742,107.32,0,0,0,0,0,8,0,0,0,0,0,0,0,0,0,0,0,200,69.25,0,0,0,0,0,0,1,,,,,3,1,,0,1,0,0,0,0,0,,1,1,0,2,0,,,0,0,58,29.3221663220034,0,0,0,0,0,,0,0,0,0,0,,0,,,,0,0,0,,,0,101.6,0,27.4473924977127,3.31227117246775,1,1,0,0,102,1,1,,16535,,,,179.394722207273,1,Q4,high,high,Q4,Q4,,,,,,
1,2810921862,2018-02-03,193.9,2,1,188,62,62,111,0.75,3,37.2,6.1,12545,521.236559139785,6.2562039869576,1.45248337895972,0.373274766621465,1,,28.6,,326.12,1,876.666666666667,6.7761268365037,0,68.13,0,12545,0,3,,12545,0,,,2,4651,5778,12545,14630,14630,2085,15361,1,0,2435,14980,,0,0,8,0,12545,M01AE02,220 MG,M01,M01A,M01AE,M01AE02,"",,1,,,,,,,,,,"","",,,,,,,,,,,,0,1,0,0,0,0,0,0,0,0,0,,11.16,124.3,2,021909CJB,453.796,2.83,45,153.8,45,100.544,8,13376,13376,28.6,0,0,0,0,0,0,0,0,0,0,0,0,0,0,0,0,0,199,62.5,0,0,0,0,0,0,1,,,,,8,1,,0,1,0,0,0,0,0,0,1,1,0,2,0,,,0,0,53,35.8177791555583,0,0,0,0,0,,0,0,0,0,0,,0,,1,2,0,0,0,,,0,113.6,0,80.6451612903226,4.39005880637115,2,0,0,0,91,0,0,,17157,,,,5.72787427626137,1,Q1,low,low,Q1-Q3,Q1-Q3,,,,,,
1,2810923947,2018-02-10,1623.2,2,1,219,85,76,93,0.79,3,44.7,5.9,12301,3631.31991051454,8.19735147288017,2.318359375,0.84085976957016,0,,22.92,,502.63,1,1124.451901566,7.02505099731071,0,72,0,12301,0,3,,12301,0,,,2,4254,5637,12301,14233,14233,1932,,0,0,,,,0,0,8,0,12301,"","","","","","","",,,,,,,,,,,,"","",,,,,,,,,,,,0,0,0,0,0,0,0,0,0,0,0,,1.85,35.38,2,021909bCJ,,,47,214.4,47,126.595,8,13078,13078,22.92,0,0,0,0,0,2,0,0,0,0,0,0,0,0,0,0,0,179,62.75,0,0,0,0,0,0,1,,,,,5,1,,0,1,0,0,0,0,0,1,1,1,0,2,0,,,0,0,54,31.9617965945032,0,0,0,0,0,,0,0,0,0,0,,0,,,,0,0,0,,,0,118.8,0,67.1140939597315,4.20639406603072,2,0,0,0,85,0,0,,16859,,,,42.7214107119358,1,Q2,low,low,Q1-Q3,Q1-Q3,,,,,,
1,2810924346,2018-12-17,3978.9,2,1,136,31,83,102,1.77,44.8,93.8,5.6,11677,4241.89765458422,8.35276600814433,1.91525423728814,0.649850374806621,0,,25.58,,346.84,1,369.765458422175,5.91286890848487,0,74.5,0,11677,0,3,,11677,0,,,1,4474,5671,11677,13778,13778,2101,11751,1,0,74,11751,,0,0,8,0,11677,C10AX06,1000 IU,C10,C10A,C10AX,C10AX06,"",,,,1,,1,,,,,,"","",,,,,,,,,,,,0,0,0,1,0,1,0,0,0,0,0,,6.3,43.57,2,020609CJB,440.004,2.07,29,215.9,29,158,8,12790,12790,25.58,1,0,0,0,0,8,0,0,0,0,0,0,0,0,0,0,0,229,73.25,0,0,0,0,0,0,1,,,,,8,6,,0,1,1,0,0,0,0,,1,1,0,2,0,,,0,0,68,30.0072251532405,0,0,1,0,1,,0,0,0,0,0,,0,,1,1,0,0,1,,,0,88.4,1,477.611940298508,6.1687985623909,3,0,1,0,39,0,1,,16576,,,,108.766606527801,1,Q3,low,high,Q4,Q1-Q3,,,,,,
1,2810924436,2017-12-24,1599.7,2,1,228,46,96,102,1.12,3,50.7,5.2,12245,3155.22682445759,8.05681566603851,,,,,37.54,,485.41,1,957.41617357002,6.86423817003696,0,64.1,0,12245,0,3,,12245,0,,,1,4624,5729,12245,14252,14252,2007,,0,0,,,,0,0,8,0,12245,"","","","","","","",,,,,,,,,,,,"","",,,,,,,,,,,,0,0,0,0,0,0,0,0,0,0,0,,2.9,65.08,2,020709CJB,313.148,1.1,31,225.5,31,207.615,8,13329,13329,37.54,0,0,0,0,0,8,0,0,0,0,0,0,0,0,0,0,0,214,72,0,0,0,0,0,0,1,,,,,7,1,,0,1,0,0,0,0,0,,1,1,0,2,0,,,0,0,46,29.0238080476161,0,,0,0,0,,0,0,0,0,0,,0,,,,0,0,0,,,0,162.8,0,59.1715976331361,4.08044165705311,2,0,0,0,78,0,0,,17115,,,,40.4516259545845,1,Q2,low,low,Q1-Q3,Q1-Q3,,,,,,
1,2810926350,2018-06-28,20000,3,1,148,32,180,125,0.9,5.8,175.5,6,12419,11396.0113960114,9.3410186956183,1.40663507109005,0.341200377817159,1,,57.6,,2379.01,1,1355.56125356125,7.21197085682312,0,63.41,0,12419,0,3,,12419,0,,,1,4728,5804,12419,14553,14553,2134,,0,0,,,,0,0,8,0,12419,C10AX06,10 MG,C10,C10A,C10AX,C10AX06,"",,,,,,1,1,,,,,"","",,,,,,,,,,,,0,0,0,0,0,1,1,0,0,0,0,,0.38,83.02,2,011609CJB,372.854,1.23,8,139.5,8,158.562,8,13848,13848,57.6,0,0,0,0,0,8,0,0,0,0,0,0,0,0,0,0,0,164,66,0,0,0,0,0,0,1,,,,,5,6,,0,1,0,0,0,0,0,,1,1,0,2,0,,,0,0,67,26.4704661640728,0,0,0,1,0,,0,0,0,0,0,,0,,,,0,0,1,,,0,80,1,33.0484330484331,3.49797415362859,2,0,0,1,88,1,1,,17641,,,,129.50012950013,1,Q4,high,high,Q4,Q4,,,,,,
1,2810927004,2018-12-08,5193.2,2,1,239,58,96,96,1.12,3,93.6,5.2,12126,5548.2905982906,8.62124515899064,1.8380187416332,0.608688220635154,0,,44.46,,1244.61,1,1329.71153846154,7.19271730931733,0,70.46,0,12126,0,3,,12126,0,,,1,4649,5727,12126,14163,14163,2037,,0,0,,,,0,0,8,0,12126,"","","","","","","",,,,,,,,,,,,"","",,,,,,,,,,,,0,0,0,0,0,0,0,0,0,0,0,,0.92,101.3,2,020309CJB,358.914,0.96,23,309.3,23,272.491,8,13327,13327,44.46,0,0,0,0,0,8,0,0,0,0,0,0,0,0,0,0,0,177,67.5,0,0,0,0,0,0,1,,,,,8,1,,0,1,0,0,0,0,0,,1,1,0,2,0,,,0,0,57,27.3131212929093,0,0,0,0,0,,0,0,0,0,0,,0,,,,0,0,1,,,0,161.8,0,32.0512820512821,3.4673371841667,2,0,0,0,73,0,1,,17115,,,,76.0039807985014,1,Q3,low,high,Q1-Q3,Q1-Q3,,,,,,
1,2810927063,2017-11-18,2927.1,2,1,145,59,82,98,1,9.9,142.1,5.6,12536,2059.88740323716,7.63040660166705,1.18771929824561,0.172034912083679,1,,26.44,,1290.09,1,907.874736101337,6.81110641324898,0,60.44,0,12536,0,3,,12536,0,,,1,4508,5798,12536,14533,14533,1997,14666,1,0,1997,14533,,0,0,8,0,12536,M01AE01,200 MG,M01,M01A,M01AE,M01AE01,"",,1,1,,,1,1,,,,,"","",,,,,,,,,,,,0,1,1,0,0,1,1,0,0,0,0,,1.28,39.51,2,012909CJB,466.332,1.38,19,82,19,80.1,8,13786,13786,26.44,0,0,0,0,0,8,0,0,0,0,0,0,0,0,0,0,0,253,72.25,0,0,0,0,0,0,1,,,,,8,1,,0,1,0,0,0,0,0,,1,1,0,2,0,,,0,0,63,34.0761429119271,0,0,0,1,0,,0,0,0,0,0,,0,,2,1,0,0,1,,,0,69.6,1,69.6692470091485,4.24375900101963,2,0,0,1,80,0,0,,17577,,,,25.7485925404645,1,Q1,low,low,Q1-Q3,Q1-Q3,,,,,,
1,2810927403,2018-01-01,3157.7,2,0,164,50,51,109,0.69,3,62.5,5.8,12319,5052.32,8.5276028227154,1.859375,0.620240409751857,0,,33.3,,2323.15,1,3717.04,8.22068293160604,0,65.42,0,12319,0,3,,12319,0,,,1,,6225,12319,14286,14286,1967,,0,0,,,,0,0,8,0,12319,"","","","","","","",,,,,,,,,,,,"","",,,,,,,,,,,,0,0,0,0,0,0,0,0,0,0,0,,0.69,47.75,2,021009CJB,247.34,0.55,34,334,34,191.653,8,13368,13368,33.3,0,0,0,0,0,8,0,0,0,0,0,0,0,0,0,0,0,158,65.75,0,0,0,0,0,0,1,,,,,4,1,,0,1,0,0,0,0,0,,1,1,0,2,0,,,0,0,53,25.6963349879222,0,,0,0,0,,0,0,0,0,0,,0,,,,0,0,0,,,0,103.8,0,48,3.87120101090789,2,0,0,0,108,0,1,,17153,,,,46.7807407407407,1,Q3,low,low,Q1-Q3,Q1-Q3,,,,,,
1,2810927750,2017-09-13,2913.7,2,0,217,51,105,90,1.13,3,102,5.2,11429,2856.56862745098,7.95737640288939,2.35873388042204,0.858124983727951,0,,59.08,,667.23,1,654.14705882353,6.48333218676628,0,64.16,0,11429,0,3,,11429,0,,,1,4633,5591,11429,13522,13522,2093,,0,0,,,,0,0,8,0,11429,"","","","","","","",,,,,,,,,,,,"","",,,,,,,,,,,,0,0,0,0,0,0,0,0,0,0,0,,0.83,44.29,2,011409CJB,283.658,1.26,5,211.8,5,180.845,8,12901,12901,59.08,0,0,0,0,0,8,0,0,0,0,0,0,0,0,0,0,0,199,73.25,,,,,,,1,,,,,4,1,,0,1,0,0,0,0,0,,1,1,0,2,0,,,0,0,57,26.0761476222483,0,,0,0,0,,0,0,0,0,0,,0,,,,0,0,0,,,0,145,0,29.4117647058824,3.38139475436598,1,0,0,0,72,0,0,15814,16014,15814,28,4385,39.6745642701525,0,Q2,low,low,Q1-Q3,Q1-Q3,Death,12.0054757015743,1,1,1,0
1,2810927797,2018-01-13,1086.7,2,1,164,38,129,123,0.77,3,32.8,5.4,12684,3313.10975609756,8.1056425306668,,,,,33.7,,359.9,1,1097.25609756098,7.00056788568298,0,,,,,,,12684,0,,,1,4599,5792,12684,,,,13161,1,0,435,13119,,0,0,,0,12684,"","","","","","","",,,,,,,,,,,,"","",,,,,,,,,,,,0,0,0,0,0,0,0,0,0,0,0,,2.09,86.62,2,021309CJB,287.828,1.89,39,297.2,39,213.073,8,13640,13640,33.7,0,0,0,0,0,8,0,0,0,0,0,0,0,1,0,0,0,195,70.5,0,0,0,0,0,0,1,,,,,6,6,,0,1,0,0,0,1,0,,1,1,0,2,0,,,0,0,71,27.5843014338813,0,,0,0,0,,0,0,0,0,0,,0,,1,1,0,0,1,,,0,100.2,0,91.4634146341463,4.51593905226015,2,0,0,0,91,0,0,13355,15841,13355,27,671,36.4077995175556,0,Q2,low,low,Q1-Q3,Q1-Q3,,1.83709787816564,0,0,0,0
1,2810928851,2018-02-08,1500.4,2,1,225,44,315,99,0.54,3,76.1,5.8,12261,1971.61629434954,7.58660893932818,0.907350689127106,-0.0972262562671448,1,,33.08,,661.75,1,869.57950065703,6.76800976222766,0,49.81,1,12261,1,2,,12261,0,,,2,4240,5638,12261,14298,14298,2037,,0,0,,,,0,0,7,0,12261,"","","","","","","",,,,,,,,,,,,"","",,,,,,,,,,,,0,0,0,0,0,0,0,0,0,0,0,,5.54,46.92,2,021909CJB,297.034,1.08,46,252,46,176.605,8,13064,13064,33.08,0,0,0,0,0,0,1,1,1,0,0,0,0,0,0,0,0,191,67.25,0,0,0,0,0,0,1,,,,,6,1,,0,1,0,0,0,0,0,0,1,1,2,2,0,,,0,0,43,29.6930221698644,1,0,0,0,0,,0,0,0,0,0,,0,,,,0,0,0,,,0,118,0,39.4218134034166,3.67431930278261,2,0,0,0,116,0,0,,16845,,,,16.9966921926685,1,Q1,low,low,Q1-Q3,Q1-Q3,,,,,,
1,2810930123,2017-08-30,1069.4,2,1,218,54,171,106,0.73,3,32.3,5.5,11687,3310.83591331269,8.10495597827411,1.44615384615385,0.368907512374367,1,,39.2,,282.86,1,875.727554179567,6.77505503135183,0,72.51,0,11687,0,3,,11687,0,,,1,4575,5582,11687,14023,14023,2336,,0,0,,,,0,0,8,0,11687,C03AA03,25 MG,C03,C03A,C03AA,C03AA03,"",,,,,,,,1,,,,"","",,,,,,,,,,,,0,0,0,0,0,0,0,1,0,0,0,,0.65,32.68,2,011209CJB,290.864,0.66,3,224.3,3,200.546,8,13220,13220,39.2,1,0,0,0,0,8,0,0,0,0,0,0,0,0,0,0,0,181,70,0,0,0,0,0,0,1,,,,,7,6,,0,1,1,0,0,0,0,,1,1,0,2,0,,,0,0,58,25.9709662276467,0,0,1,0,1,,0,0,0,0,0,,0,,,,0,0,1,,,0,129.8,0,92.8792569659443,4.53130033742164,2,0,0,0,102,0,0,15095,,15095,27,3408,32.4591756207127,0,Q2,low,low,Q1-Q3,Q1-Q3,,9.3305954825462,1,0,0,0
1,2810930366,2018-12-08,4371.3,2,1,193,79,81,99,0.71,4.7,184,5.6,11462,2375.70652173913,7.77305015506703,1.01619937694704,0.0160695670568977,1,,69.52,,1153.7,1,627.010869565218,6.44096387631235,0,68.41,0,11462,0,3,,11462,0,,,2,4241,5644,11462,13559,13559,2097,,0,0,,,,0,0,8,0,11462,"","","","","","","",,,,,,,,,,,,"","",,,,,,,,,,,,0,0,0,0,0,0,0,0,0,0,0,,0.42,82.81,2,020509CJB,327.116,0.67,29,178.5,29,107.508,8,12580,12580,69.52,0,0,0,0,0,2,0,0,0,0,0,0,0,0,0,0,0,105,59.5,0,0,0,0,0,0,1,,,,,3,1,,0,1,0,0,0,0,0,1,1,1,0,2,0,,,0,0,65,20.8526368609831,0,0,0,0,0,,0,0,0,0,0,,0,,,,0,0,0,,,0,97.8,1,25.5434782608696,3.24038203008916,1,0,0,0,89,0,0,,16085,,,,26.6933317049341,1,Q1,low,low,Q1-Q3,Q1-Q3,,,,,,
7,2810930639,2017-08-13,437.6,2,1,182,46,97,94,0.9,3,61,5.7,3254,717.377049180328,6.57560157292255,3.12409638554217,1.13914508474802,0,1.5,49.84,48.78,796.48,2,1305.70491803279,7.17449834099401,0,64.45,0,3254,0,3,,3254,0,,,2,3254,5118,,,5118,1864,,0,0,,,,0,0,8,0,3254,"","","","","","","",,,,,,,,,,,,"","",,,,,,,,,,,,0,0,0,0,0,0,0,0,0,0,0,,9.98,114.9,2,010509CJB,342.184,7.07,3,197.5,3,102.574,3,,,49.84,0,0,0,0,0,,1,1,1,0,0,0,,,,,0,187,63,0,0,0,0,0,0,,1,,,,8,1,,0,0,0,0,,,0,,2,2,2,,0,,,0,0,56,33.1257805372754,1,0,0,0,0,,0,0,0,0,0,,0,,,,0,0,0,,,0,116.6,0,49.1803278688525,3.89549370347694,2,0,0,0,83,0,0,,7797,,,,8.64309697807624,1,Q1,low,low,Q1-Q3,Q1-Q3,,,,,,
1,2810931460,2017-12-24,1612.4,2,1,199,86,78,98,0.69,19.7,64.9,5.4,12383,2484.437596302,7.81780159352106,3.56740442655936,1.27183827997758,0,,37.54,,1238.32,1,1908.04314329738,7.55383346354367,0,71.39,0,12383,0,3,,12383,0,,,2,4545,5713,12383,14364,14364,1981,,0,0,,,,0,0,8,0,12383,M01AE01,37.5 / 25 MG,C03,C03A,C03AA,C03AA03,"",,1,,1,,,,1,,,,C03AA03,"",,,,,,,,1,,,,0,1,0,1,0,0,0,1,0,0,0,,4.22,60.04,2,020909CJB,258.616,2.81,32,177.6,32,104.87,8,13456,13456,37.54,1,0,0,0,0,2,0,0,0,0,0,0,0,0,0,0,0,135,60,0,0,0,0,0,0,1,,,,,5,0,,0,1,1,0,0,0,0,1,1,1,0,2,0,,,0,0,70,26.3655527311055,0,0,1,0,1,,0,0,0,0,0,,0,,,,0,0,0,,,0,97.4,1,303.543913713405,5.71552629101604,3,0,0,0,88,0,0,,17242,,,,28.2322454125228,1,Q1,low,low,Q1-Q3,Q1-Q3,,,,,,
1,2810932164,2017-11-21,3796.1,2,1,193,81,74,105,0.82,3,65.7,5.1,11252,5777.9299847793,8.66180076339986,1.29848783694938,0.261200385075929,1,,33.44,,1101.23,1,1676.14916286149,7.42425427640252,0,75.53,0,11252,0,3,,11252,0,,,1,,5631,11252,,,,,0,0,,,,0,0,8,0,11252,C10AA02,20 MG,C10,C10A,C10AA,C10AA02,"",,,,,1,1,1,,,,,"","",,,,,,,,,,,,0,0,0,0,1,1,1,0,0,0,0,,0.16,50.19,2,012909CJB,452.716,1.47,19,119.8,19,72.098,8,12513,12513,33.44,1,0,0,0,0,8,0,0,0,0,0,0,0,0,0,0,0,150,71.25,1,1,0,0,0,0,1,,,,,6,7,,0,1,1,0,0,0,0,,1,1,0,2,0,,,0,1,73,20.7743351774792,0,0,1,1,1,,0,0,0,0,0,,0,,,,0,0,0,,,0,97.2,0,45.662100456621,3.82126864215968,2,0,0,1,88,0,1,11745,,11745,27,493,65.6582952815829,0,Q3,high,high,Q1-Q3,Q1-Q3,,1.34976043805613,0,0,0,0
1,2810932302,2017-10-25,1443,2,1,261,59,127,95,0.83,3.2,124.3,5.6,12417,1160.9010458568,7.0569517462453,,,,,44.4,,1195.25,1,961.584875301689,6.86858283497764,0,66.66,0,12417,0,3,,12417,0,,,2,5316,6516,12417,14516,14516,2099,,0,0,,,,0,0,8,0,12417,"","","","","","","",,,,,,,,,,,,"","",,,,,,,,,,,,0,0,0,0,0,0,0,0,0,0,0,,0.43,56.51,2,020209CJB,371.26,0.92,21,188.1,21,129.629,8,13645,13645,44.4,0,0,0,0,0,0,0,0,0,0,0,0,0,0,0,0,0,154,63.25,0,0,0,0,0,0,1,,,,,7,1,,0,1,0,0,0,0,0,0,1,1,0,2,0,,,0,0,49,27.0648281458103,0,0,0,0,0,,0,0,0,0,0,,0,,,,0,0,0,,,0,176.6,0,25.7441673370877,3.24820809027115,1,0,0,0,83,0,0,,17433,,,,13.9867595886361,1,Q1,low,low,Q1-Q3,Q1-Q3,,,,,,
1,2810932877,2017-11-23,1500.7,2,1,123,31,139,96,0.99,3,116.7,5.5,12341,1285.94687232219,7.15925059159753,2.39756097560976,0.874451960448813,0,,37.82,,1724.73,1,1477.9177377892,7.29838944217111,0,57.86,0,12341,0,3,,12341,0,,,1,4587,5771,12341,14337,14337,1996,,0,0,,,,0,0,8,0,12341,C10AA05,10 MG,C10,C10A,C10AA,C10AA05,"",,,,,,1,1,,,,,"","",,,,,,,,,,,,0,0,0,0,0,1,1,0,0,0,0,,6.71,118,2,013009CJB,360.248,1.88,21,110.6,21,78.719,8,13573,13573,37.82,0,0,0,0,0,8,0,0,0,0,0,0,0,0,0,0,0,243,68.5,0,0,0,0,0,0,1,,,,,8,1,,0,1,0,0,0,0,0,,1,1,0,2,0,,,0,0,62,36.4108437737894,0,0,0,1,0,,0,0,0,0,0,,0,,,,0,0,0,,,0,64.2,0,25.706940874036,3.24676102835774,1,0,0,1,81,0,0,,17361,,,,15.8758873126197,1,Q1,low,low,Q1-Q3,Q1-Q3,,,,,,
1,2810934024,2017-12-24,4891.3,2,1,229,54,156,99,0.76,8.9,91.9,5.7,12722,5322.41566920566,8.57968255243463,2.49692832764505,0.915061307499643,0,,31.24,,634.81,1,690.76169749728,6.5377948981477,0,64.64,0,12722,0,3,,12722,0,,,2,4490,5805,12722,14725,14725,2003,,0,0,,,,0,0,8,0,12722,M01AB05,50 MG,M01,M01A,M01AB,M01AB05,"",,1,,,,,,,,,,"","",,,,,,,,,,,,0,1,0,0,0,0,0,0,0,0,0,,2.27,109.2,2,020709CJB,407.268,1.66,31,208.6,31,130.534,8,13808,13808,31.24,0,0,0,0,0,0,0,0,0,0,0,0,0,0,0,0,0,234,63.5,0,0,0,0,0,0,1,,,,,6,1,,0,1,0,0,0,0,0,0,1,1,0,2,0,,,0,0,50,40.8013017650439,0,0,0,0,0,,0,0,0,0,0,,0,,,,0,0,0,,,0,143.8,1,96.8443960826986,4.57310552635859,2,0,0,0,91,0,1,,17594,,,,58.4880842769853,1,Q3,low,low,Q1-Q3,Q1-Q3,,,,,,
1,2810935263,2018-12-06,4617.1,2,1,221,38,302,101,0.77,3,118.9,5.6,12225,3883.17914213625,8.26440946364978,4.2015503875969,1.43545359707797,0,,57.82,,1149.95,1,967.157275021026,6.87436112444258,0,63.06,0,12225,0,3,,12225,0,,,1,4564,5786,12225,14381,14381,2156,,0,0,,,,0,0,8,0,12225,M01AE01,200 MG,M01,M01A,M01AE,M01AE01,"",,1,,,,,,,,,,"","",,,,,,,,,,,,0,1,0,0,0,0,0,0,0,0,0,,1.05,87.54,2,012209CJB,361.464,1.36,12,126.6,12,155.57,8,13597,13597,57.82,0,0,0,0,0,8,0,0,0,0,0,0,0,0,0,0,0,202,68.25,0,0,0,0,0,0,1,,,,,7,1,,0,1,0,0,0,0,0,,1,1,0,2,0,,,0,0,54,30.4895960594964,0,0,0,0,0,,0,0,0,0,0,,0,,,,0,0,0,,,0,122.6,0,25.2312867956266,3.22808476395351,1,0,0,0,103,0,0,,17389,,,,37.7007683702548,1,Q2,low,low,Q1-Q3,Q1-Q3,,,,,,
1,2810935492,2017-10-28,1452.7,2,1,255,38,194,97,0.92,3,147.4,5.4,11631,985.549525101764,6.89319937911169,1.40384615384615,0.339215722566964,1,,71.6,,1285.91,1,872.394843962008,6.77124212413349,0,63.68,0,11631,0,3,,11631,0,,,1,4393,5657,11631,,,,,0,0,,,,0,0,8,0,11631,M01AE02,150 MG,M01,M01A,M01AE,M01AE02,"",,1,,,,,,,,,,"","",,,,,,,,,,,,0,1,0,0,0,0,0,0,0,0,0,,1.16,112.4,2,012309CJB,329.91,0.71,13,318.4,13,232.641,8,12981,12981,71.6,0,0,0,0,0,8,0,0,0,0,0,0,0,0,0,0,0,208,71,0,0,0,0,0,0,1,,,,,8,1,,0,1,0,0,0,0,0,,1,1,0,2,0,,,0,0,61,29.0103020198106,0,0,0,0,0,,0,0,0,0,0,,0,,,,0,0,0,,,0,178.2,0,20.3527815468114,3.01321758789501,1,0,0,0,89,0,0,12672,,12672,27,1041,11.0735901696827,0,Q1,low,low,Q1-Q3,Q1-Q3,,2.85010266940452,0,0,0,0
1,2810937295,2017-09-06,730.2,2,1,169,51,97,141,1.08,3.3,143.4,6.4,12236,509.205020920502,6.23285072704411,1.18325326012354,0.168267645028434,1,,57.84,,1619.85,1,1129.60251046025,7.02962108916945,0,62.04,0,12236,0,3,,12236,0,,,1,4517,5782,12236,14818,14818,2582,,0,0,,,,0,0,8,0,12236,C10AA05,20 MG,C10,C10A,C10AA,C10AA05,"",,,,,,1,1,,,,,"","",,,,,,,,,,,,0,0,0,0,0,1,1,0,0,0,0,,0.83,145,2,011309CJB,461.782,4.73,4,232.4,4,191.858,8,13742,13742,57.84,0,0,0,0,0,8,0,0,0,0,0,0,0,0,0,0,0,202,67.25,0,0,0,0,0,0,1,,,,,3,6,,0,0,0,0,0,0,0,,1,1,0,,0,,,0,0,70,31.4030915094901,0,0,0,1,0,,0,0,0,0,0,,0,,,,0,0,0,,,0,98.6,0,23.0125523012552,3.13603981928905,1,1,0,1,69,0,0,16656,,16656,28,4420,7.37978291189134,0,Q1,low,low,Q1-Q3,Q1-Q3,Death,12.1013004791239,1,1,1,0
1,2810937821,2017-10-28,1010.8,2,1,196,65,95,90,0.66,5.4,110.6,5.3,12405,913.924050632911,6.8177474724139,3.4802110817942,1.24709294763489,0,,23.84,,1233.23,1,1115.03616636528,7.01664211957022,0,69.73,0,12405,0,3,,12405,0,,,2,4537,6274,12405,14595,14595,2190,,0,0,,,,0,0,8,0,12405,M01AE02,220 MG,M01,M01A,M01AE,M01AE02,"",,1,,,,,,,,,,"","",,,,,,,,,,,,0,1,0,0,0,0,0,0,0,0,0,,1.97,45.52,2,012309CJB,502.288,1,14,182.5,14,118.15,8,13750,13750,23.84,0,0,0,0,0,2,0,0,0,0,0,0,0,0,0,0,0,147,61.75,0,0,0,0,0,0,1,,,,,7,8,,0,1,0,0,0,0,0,1,1,1,0,2,0,,,0,0,64,27.1049757789004,0,0,0,0,0,,0,0,0,0,0,,0,,,,0,0,1,,,0,112,1,48.8245931283906,3.88823414346413,2,0,0,0,93,0,0,,17542,,,,9.82714032938615,1,Q1,low,low,Q1-Q3,Q1-Q3,,,,,,
1,2810939420,2017-11-13,1287.4,2,1,172,53,130,117,0.92,3,103.3,5.4,11985,1246.27299128751,7.12791276948101,,,,,35.74,,813.17,1,787.192642787996,6.66847299964253,0,65.74,0,11985,0,3,,11985,0,,,1,4619,5771,11985,13968,13968,1983,,0,0,,,,0,0,8,0,11985,"","","","","","","",,,,,,,,,,,,"","",,,,,,,,,,,,0,0,0,0,0,0,0,0,0,0,0,,0.38,85.01,2,012709CJB,339.152,1.2,17,306.5,17,215.56,8,13275,13275,35.74,0,0,0,0,0,8,0,0,0,0,0,0,0,0,0,0,0,163,72,0,0,0,0,0,0,1,,,,,7,6,,0,1,0,0,0,0,0,,1,1,0,2,0,,,0,0,68,22.1069192138384,0,0,0,0,0,,0,0,0,0,0,,0,,,,0,0,0,,,0,93,0,29.0416263310745,3.36873019152465,1,0,0,0,85,0,0,,17066,,,,14.6620351916178,1,Q1,low,low,Q1-Q3,Q1-Q3,,,,,,
1,2810939529,2018-01-26,245.2,2,1,205,55,51,106,0.76,3,32.4,5.2,11782,756.79012345679,6.62908596725186,5.72050209205021,1.74405657986987,0,,57.18,,301.46,1,930.432098765432,6.83564910057219,0,70,0,11782,0,3,,11782,0,,,2,4321,5687,11782,13643,13643,1861,,0,0,,,,0,0,8,0,11782,C10AX06,2400 MG,C10,C10A,C10AX,C10AX06,"",,,,,,1,,,,,,"","",,,,,,,,,,,,0,0,0,0,0,1,0,0,0,0,0,,12.65,58.67,2,021409CJB,400.456,4.4,41,204,41,157.828,8,12715,12715,57.18,0,0,0,0,0,2,0,0,0,0,0,0,0,0,0,0,0,139,62,0,0,0,0,0,0,1,,,,,3,1,,0,1,0,0,0,0,0,1,1,1,0,2,0,,,0,0,66,25.4235992342952,0,0,0,0,0,,0,0,0,0,0,,0,,,,0,0,0,,,0,139.8,0,92.5925925925926,4.52820914485196,2,0,1,0,82,0,0,,16499,,,,9.22914784703402,1,Q1,low,low,Q1-Q3,Q1-Q3,,,,,,
1,2810939738,2018-06-30,20000,3,1,168,47,88,49,0.79,1291.3,145.7,7.4,12606,13726.8359643102,9.52710802532306,2.08125677139762,0.732971928265704,0,,43.38,,1799.43,1,1235.02402196294,7.11884569985505,0,63.68,0,12606,0,3,2,12606,0,,,2,4601,6676,12606,,,,,0,0,,,,0,0,8,0,12606,A10AC01,40 U,A10,A10A,A10AC,A10AC01,"",,,,,,,,,1,,,"","",,,,,,,,,,,,0,0,0,0,0,0,0,0,1,0,0,,0.82,196.5,2,021009CJB,382.318,2.62,33,157.7,33,115.406,8,13662,13662,43.38,2,0,0,0,1,2,1,0,0,54,0,0,0,0,1,0,0,209,61.5,0,0,0,0,0,0,1,,,,,4,10,,0,1,1,1,0,0,0,1,1,1,1,2,0,,,1,0,58,38.8509521813809,0,1,0,0,1,141,0,1,0,1,1,12892,0,,,,0,0,0,,,0,103.4,1,8862.7316403569,9.08961030763358,3,1,0,0,83,1,1,15801,,7601,30,,165.383565835063,1,Q4,high,high,Q4,Q4,IC,,,,,
1,2810940178,2018-12-15,6909.2,2,1,221,73,147,92,0.87,53.9,131.7,5.8,11734,5246.1655277145,8.56525271305799,3.33762057877814,1.2052581515466,0,,25.62,,1758.29,1,1335.07213363705,7.19674060206157,0,,0,11734,,,2,11734,1,1599,13333,2,4213,5663,11734,13836,13836,2102,,0,0,,,,0,1,,1,11734,C10AA01,10/40 MG,C10,C10A,C10AA,C10AA01,"",,,,1,,1,1,1,,,1,"","",,,,,,,,,,,,0,0,0,1,0,1,1,1,0,0,1,,0.52,123.1,2,021209CJB,825.928,17.7,38,155.5,38,102.974,8,12711,12711,25.62,1,0,0,0,0,2,0,0,0,0,0,0,0,0,0,0,0,157,58,0,0,0,0,0,0,1,,,,,7,7,,0,1,1,0,0,0,0,1,1,1,0,2,0,,,0,0,67,32.8132523090254,0,0,1,1,1,,0,0,0,0,1,14651,0,,,,0,0,0,2,11652,1,118.6,1,409.263477600608,6.01435914814785,3,0,0,1,69,0,1,15259,,9916,7,,76.0313844596305,1,Q3,low,high,Q1-Q3,Q1-Q3,Coronary Insufficiency,,,,,
1,2810940207,2017-08-23,2003.6,2,1,223,89,41,90,0.59,3,71.5,5.3,12084,2802.23776223776,7.93817357777159,2.80497646267653,1.03139514773679,0,,24.78,,1108.01,1,1549.66433566434,7.34579362882539,0,74.56,0,12084,0,3,,12084,0,,,2,4565,5781,12084,,,,,0,0,,,,0,0,8,0,12084,C10AD02,1000 MG,C10,C10A,C10AD,C10AD02,"",,,,,1,1,,1,,,,"","",,,,,,,,,,,,0,0,0,0,1,1,0,1,0,0,0,,0.71,47.62,2,010909CJB,227.994,0.94,1,176.5,1,139.289,8,13692,13692,24.78,1,0,0,0,0,2,0,0,0,0,0,0,0,0,0,0,0,139,61.75,0,0,0,0,0,0,1,,,,,4,7,,0,1,1,0,0,0,0,1,1,1,0,2,0,,,0,0,76,25.6298750562392,0,0,1,1,1,,0,0,0,0,0,,0,,,,0,0,0,,,0,125.8,0,41.958041958042,3.73667011795029,2,0,1,0,89,0,0,16384,,16384,28,4300,31.4858175532333,0,Q2,low,low,Q1-Q3,Q1-Q3,Death,11.772758384668,1,1,0,0
1,2810940301,2017-10-28,4204.8,2,1,224,88,82,92,1,3.3,126,5.3,12449,3337.14285714286,8.11287028788685,3.04140969162996,1.11232112228782,0,,44,,902.48,1,716.253968253968,6.57403480833328,0,63.17,0,12449,0,3,,12449,0,,,2,4545,5783,12449,14461,14461,2012,,0,0,,,,0,0,8,0,12449,M01AX05,TAB,M01,M01A,M01AX,M01AX25,"",,1,,,,1,,,,,,M01AX25,"",,1,,,,,,,,,,0,1,0,0,0,1,0,0,0,0,0,,0.53,67.69,2,012309CJB,379.224,1.86,14,235,14,143.453,8,13792,13792,44,0,0,0,0,0,2,1,0,0,57,0,0,0,0,0,0,0,155,66.25,0,0,0,0,0,0,1,,,,,3,5,,0,1,0,0,0,0,0,1,1,1,1,2,0,,,0,0,62,24.8293611574763,0,0,0,0,0,,0,0,0,0,0,,0,,,,0,0,0,,,0,119.6,0,26.1904761904762,3.26539584050309,1,0,1,0,60,0,0,,17584,,,,55.6190476190476,1,Q2,low,low,Q1-Q3,Q1-Q3,,,,,,
1,2810941692,2018-06-28,6975.1,2,1,207,75,44,88,0.63,3,77.9,5.4,12026,8953.91527599487,9.09984617661575,2.80796460176991,1.03245987987681,0,,53,,1547.36,1,1986.34146341463,7.59404976508004,0,62.26,0,12026,0,3,,12026,0,,,2,4812,5839,12026,,,,,0,0,,,,0,0,8,0,12026,M01AE01,200 MG,M01,M01A,M01AE,M01AE01,"",,1,,,,,,,,,,"","",,,,,,,,,,,,0,1,0,0,0,0,0,0,0,0,0,,0.65,31.72,2,021309CJB,221.884,2.01,40,278.4,40,156.337,8,12974,12974,53,0,0,0,0,0,2,1,1,1,0,0,0,0,0,0,0,0,112,63.25,0,0,0,0,0,0,1,,,,,3,1,,0,0,0,0,0,0,0,1,1,1,2,,0,,,0,0,54,19.6835113787711,1,0,0,0,0,,0,0,0,0,0,,0,,,,0,0,0,,,0,123.2,0,38.5109114249037,3.65094161477354,2,0,0,0,102,1,1,12427,,12427,28,401,87.7834830979889,0,Q4,high,high,Q4,Q4,Death,1.09787816563997,0,0,0,0
1,2810941810,2017-10-25,2244.2,2,1,213,64,102,95,0.91,3,58.5,5.2,12607,3836.23931623932,8.25224782098105,,,,,29.88,,650.18,1,1111.4188034188,7.01339267938077,0,,,12607,,,,12607,0,,,1,4517,5798,12607,14735,14735,2128,,0,0,,,,0,0,,0,12607,"","","","","","","",,,,,,,,,,,,"","",,,,,,,,,,,,0,0,0,0,0,0,0,0,0,0,0,,9.17,51.2,2,020209CJB,569.016,2.44,21,233.5,21,135.631,8,13831,13831,29.88,0,0,0,0,0,8,0,0,0,0,0,0,0,0,0,0,0,196,69.5,0,0,0,0,0,0,1,,,,,3,7,,0,1,0,0,0,0,0,,1,1,0,2,0,,,0,0,64,28.5293629952717,0,0,0,0,0,,0,0,0,0,0,,0,,,,0,0,0,,,0,128.6,0,51.2820512820513,3.93734081341244,2,0,0,0,89,0,0,,17619,,,,43.1038125420148,1,Q2,low,low,Q1-Q3,Q1-Q3,,,,,,
7,2810941923,2018-11-24,7640,2,1,258,48,124,113,0.9,38.6,188.8,5.5,4418,4046.61016949153,8.30563481443726,1.95902547065338,0.6724471407428,0,,37.06,,1347.96,1,713.96186440678,6.57082954971817,0,75.92,0,4418,0,3,,4418,0,,,2,4418,6581,,,6581,2163,,0,0,,,,0,0,8,0,4418,C10AX09,1,C10,C10A,C10AA,C10AA01,"",,,,,,1,,,,,,C10AA01,"",,,,,,1,1,,,,,0,0,0,0,0,1,1,0,0,0,0,,2.21,84.54,2,010809CJB,272.454,2.24,,,,,,,,37.06,2,0,0,0,0,,0,0,0,0,0,0,,,,,0,152,61.5,0,0,0,0,0,0,,,,,,1,1,,0,0,1,0,,,0,,,,0,,0,,,0,0,62,28.2552379500952,0,0,0,1,1,,0,0,0,0,0,,0,,,,0,0,0,,,0,185.2,1,204.449152542373,5.32031930174152,2,0,0,1,69,0,0,,8827,,,,58.6465241955294,1,Q2,low,low,Q1-Q3,Q1-Q3,,,,,,
1,2810942441,2018-06-30,20000,3,1,194,36,121,107,0.97,3,162.5,5.6,12133,12307.6923076923,9.41797973675443,1.16367076631977,0.151579462496226,1,,48.52,,1394.01,1,857.852307692308,6.75443194911419,0,63.91,0,12133,0,3,,12133,0,,,1,4596,5709,12133,14657,14657,2524,,0,0,,,,0,0,8,0,12133,"","","","","","","",,,,,,,,,,,,"","",,,,,,,,,,,,0,0,0,0,0,0,0,0,0,0,0,,0.59,38.57,2,020409bCJ,300.92,1.68,27,157.1,27,176.682,8,13268,13268,48.52,0,0,0,0,0,8,0,0,0,0,0,0,0,0,0,0,0,228,72.25,0,0,0,0,0,0,1,,,,,3,2,,0,1,0,0,0,0,0,,1,1,0,2,0,,,0,0,52,29.3728083655503,0,0,0,0,0,,0,0,0,0,0,,0,,,,0,0,0,,,0,133.8,0,18.4615384615385,2.91568956588045,1,0,0,0,89,1,1,,17055,,,,138.28867761452,1,Q4,high,high,Q4,Q4,,,,,,
1,2810943543,2018-06-30,20000,3,1,205,47,182,97,0.61,4.2,51.2,5.6,11434,39062.5,10.5729182064788,3.00978260869565,1.10186785312788,0,,35.38,,964,1,1882.8125,7.54052194855318,0,65.49,0,11434,0,3,12,11434,0,,,2,,5648,11434,13488,13488,2054,10974,1,1,-582,10852,,0,0,8,0,11434,C07AA12,80 MG,C07,C07A,C07AA,C07AA12,"",,,,1,,,,1,,,1,"","",,,,,,,,,,,,0,0,0,1,0,0,0,1,0,0,1,,6.85,58.89,2,020509CJB,378.21,2.47,28,283,28,201.822,8,12559,12559,35.38,1,0,0,0,0,2,0,0,0,0,0,0,0,1,0,0,0,144,65.75,0,0,0,0,0,0,1,,,,,3,6,,0,1,1,0,0,1,0,1,1,1,0,2,0,,,0,0,72,23.4194445459544,0,0,1,0,1,,0,0,0,0,0,,1,13985,1,1,1,0,0,,,0,121.6,1,82.03125,4.407100272226,2,0,0,0,91,1,1,,16345,9817,6,4911,429.258241758242,0,Q4,high,high,Q4,Q4,Angina,13.4455852156057,1,1,1,0
1,2810944781,2017-09-30,4540.3,2,1,255,58,131,90,0.92,3,130.5,5.5,11308,3479.15708812261,8.15454532737275,,,,,29.2,,734.83,1,563.088122605364,6.33343613916893,0,73,0,11308,0,3,,11308,0,,,2,4285,5657,11308,,,,,0,0,,,,0,0,8,0,11308,"","","","","","","",,,,,,,,,,,,"","",,,,,,,,,,,,0,0,0,0,0,0,0,0,0,0,0,,0.38,31.84,2,011609CJB,534.872,0.77,9,282.8,9,240.844,8,12729,12729,29.2,0,0,0,0,0,2,0,0,0,0,0,0,0,0,0,0,0,129,62.5,0,0,0,0,0,0,1,,,,,8,8,,0,0,0,0,0,0,0,1,1,1,0,,0,,,0,0,60,23.2185603571207,0,0,0,0,0,,0,0,0,0,0,,0,,,,0,0,0,,,0,170.8,0,22.9885057471264,3.1349943408875,1,0,0,0,68,0,0,,16521,,,,51.1640748253324,1,Q2,low,low,Q1-Q3,Q1-Q3,,,,,,
1,2810945122,2018-06-28,20000,3,1,125,31,116,94,1.41,59,212,6.4,11357,9433.96226415094,9.15207146385221,0.861693210393965,-0.148855976082806,1,,24.7,,1249.84,1,589.547169811321,6.37935473341973,0,63.2,0,11357,0,3,40,11357,1,-721,10636,1,4330,5701,11357,,,,11357,1,1,-4334,7023,,1,0,6,1,11357,C10AA01,2.5 / 500 MG,A10,A10B,A10BA,A10BA02,"",,,,1,1,1,1,1,,1,1,A10BA02,"",,,,,,,,,,1,,0,0,0,1,1,1,1,1,0,1,1,,1.96,146.5,2,011409CJB,383.962,3.42,5,140.3,5,137.66,8,12840,12840,24.7,1,0,0,0,1,8,0,0,0,0,0,0,0,1,0,0,0,273,70,0,0,0,0,0,0,1,,,,,4,6,,0,1,1,1,0,1,0,,1,1,0,2,0,,,0,0,73,39.1716783433567,0,1,1,1,1,,0,0,0,0,0,,0,,1,3,1,1,1,,,0,70.8,1,278.301886792453,5.62870644821584,2,1,0,1,49,1,1,,15991,10636,40,4634,192.529842125529,0,Q4,high,high,Q4,Q4,CHF,12.6872005475702,1,1,1,0
7,2810945210,2017-08-10,242.7,2,1,176,38,161,134,0.68,3,129.4,6.5,3153,187.557959814529,5.23408791665385,2.27027027027027,0.819898886199089,0,1.4,36.18,36.92,908.49,2,702.078825347759,6.55404568454229,0,67.94,0,3153,0,3,,3153,0,,,1,3153,4900,,,4900,1747,,0,0,,,,0,0,8,0,3153,A10BG02,8 MG,A10,A10B,A10BG,A10BG02,"",,,,,,,,,,1,,"","",,,,,,,,,,,,0,0,0,0,0,0,0,0,0,1,0,,0.25,25.65,2,122308CJB,317.85,0.5,1,173.3,1,158.467,3,,,36.18,0,0,0,0,1,,0,0,0,0,0,0,,,,,0,165,64.75,0,0,0,0,0,0,,,1,,,7,1,,0,1,0,1,,,0,,2,3,0,2,0,,,0,0,49,27.670054296594,0,1,0,0,0,,0,0,0,0,0,,0,,,,0,0,0,,,0,105.8,0,23.1839258114374,3.14345918558345,1,1,0,0,112,0,0,,7799,,,,1.67462464120115,1,Q1,low,low,Q1-Q3,Q1-Q3,,,,,,
1,2810945368,2018-01-26,3020.7,2,1,196,30,369,282,0.67,223.1,70.5,11.3,12126,4284.68085106383,8.36280134775955,1.48653198653199,0.396445881241315,1,,95.56,,1130.91,1,1604.12765957447,7.38033537352287,0,,,12126,,,1,12126,1,4626,16752,1,,5729,12126,,,,,0,0,,,,0,1,,1,12126,C10AA05,10 MG,C10,C10A,C10AA,C10AA05,"",,,,,1,1,1,,,1,,"","",,,,,,,,,,,,0,0,0,0,1,1,1,0,0,1,0,,7.05,101.9,2,021409CJB,316.042,2.54,41,229.2,41,162.873,8,13059,13059,95.56,1,0,0,0,1,8,1,1,1,0,0,0,0,0,0,0,0,274,71.75,1,1,0,0,0,0,1,,,,,4,7,,0,1,1,1,0,0,0,,1,1,2,2,0,,,0,1,49,37.4207394118876,1,1,1,1,1,,0,0,0,0,1,16752,0,,,,0,0,0,,,0,92.2,1,3164.5390070922,8.0597626706024,3,1,0,1,113,0,1,,12126,16752,1,4626,37.9175296554321,0,Q3,low,low,Q1-Q3,Q1-Q3,MI,12.6652977412731,1,1,1,0
1,2810946666,2018-07-06,20000,3,1,191,,441,110,0.71,25.1,367.8,5.7,12347,5437.73790103317,8.601118426354,1.18035303146585,0.165813572940744,1,,29.16,,1587.16,1,431.52800435019,6.06733240841801,0,68.87,0,12347,0,3,,12347,0,,,2,4703,6481,12347,13811,13811,1464,,0,0,,,,0,0,8,0,12347,C09AA03,20 MG,C09,C09A,C09AA,C09AA03,"",,,,,1,,,1,,,,"","",,,,,,,,,,,,0,0,0,0,1,0,0,1,0,0,0,,0.64,143.5,2,021909bCJ,226.032,1.16,48,275.1,48,167.526,8,13089,13089,29.16,1,0,0,0,0,2,0,0,0,0,0,0,0,0,0,0,0,171,62.25,0,0,0,0,0,0,1,,,,,5,8,,0,1,1,0,0,0,0,1,1,1,0,2,0,,,0,0,70,31.0258016364487,0,0,1,0,1,,0,0,0,0,0,,0,,,,0,0,0,,,0,,1,68.2436106579663,4.22308381294965,2,0,0,0,86,0,1,,16870,,,,63.2295104771299,1,Q3,low,low,Q1-Q3,Q1-Q3,,,,,,
1,2810947743,2017-12-14,722.2,2,1,237,67,134,86,0.97,3,25.5,5.1,12455,2832.1568627451,7.94879384266707,1.77625178826896,0.574505407195144,0,,37.08,,140.46,1,550.823529411765,6.31141448455459,0,66.52,0,12455,0,3,,12455,0,,,2,4615,5793,12455,14465,14465,2010,,0,0,,,,0,0,8,0,12455,"","","","","","","",,,,,,,,,,,,"","",,,,,,,,,,,,0,0,0,0,0,0,0,0,0,0,0,,5,39.72,2,020309bCJ,465.144,2.19,24,195.3,24,134.621,8,13643,13643,37.08,0,0,0,0,0,2,0,0,0,0,0,0,0,0,0,0,0,140,59.5,0,0,0,0,0,0,1,,,,,4,0,,0,1,0,0,0,0,0,1,1,1,0,2,0,,,0,0,64,27.8035158146441,0,0,0,0,0,,0,0,0,0,0,,0,,,,0,0,0,,,0,143.2,0,117.647058823529,4.76768911548587,2,0,0,0,62,0,0,,17431,,,,45.6799493991145,1,Q2,low,low,Q1-Q3,Q1-Q3,,,,,,
7,2810949832,2017-08-22,4083.1,2,1,161,54,89,106,0.59,8.3,33.5,5.8,4003,12188.3582089552,9.40823652997198,,,,,50.44,,582.24,1,1738.02985074627,7.46050748102092,0,66.5,0,4003,0,3,,4003,0,,,2,4003,6035,,,6035,2032,,0,0,,,,0,0,8,0,4003,C10AX06,1 TAB,C10,C10A,C10AX,C10AX06,"",,,,,,1,,,,,,"","",,,,,,,,,,,,0,0,0,0,0,1,0,0,0,0,0,,3.78,90.44,2,010809CJB,365.89,1.14,5,235.9,5,113.015,3,,,50.44,0,0,0,0,0,,0,0,0,0,0,0,,,,,0,138,59.25,0,0,0,0,0,0,1,,,,,2,1,,1,0,0,0,,,0,,1,1,0,1,0,,,0,0,59,27.6380876427832,0,0,0,0,0,,0,0,0,0,0,,0,,,,0,0,0,,,0,89.2,1,247.761194029851,5.51246535495367,2,0,1,0,100,1,1,,8419,,,,121.883582089552,1,Q4,high,high,Q4,Q4,,,,,,
1,2810949905,2018-01-14,2767.7,2,1,211,44,348,120,0.82,3,61.6,5.5,12480,4493.01948051948,8.41028024480959,2.64933333333333,0.974308036021461,0,,30.8,,1071.7,1,1739.77272727273,7.46150976716757,0,61.1,0,12480,0,3,,12480,0,,,1,4492,5709,12480,14496,14496,2016,,0,0,,,,0,0,8,0,12480,M01AE01,200 MG,M01,M01A,M01AE,M01AE01,"",,1,,,,1,1,,,,,"","",,,,,,,,,,,,0,1,0,0,0,1,1,0,0,0,0,,1.4,58.11,2,021309CJB,238.534,0.79,40,216.4,40,152.798,8,13432,13432,30.8,0,0,0,0,0,8,0,0,0,0,0,0,0,0,0,0,0,221,69.75,0,0,0,0,0,0,1,,,,,3,1,,0,1,0,0,0,0,0,,1,1,0,2,0,,,0,0,51,31.9381283923858,0,0,0,1,0,,0,0,0,0,0,,0,,,,0,0,0,,,0,97.4,0,48.7012987012987,3.88570569711077,2,0,0,1,102,0,1,,17216,,,,44.0492105933282,1,Q3,low,low,Q1-Q3,Q1-Q3,,,,,,
1,2810200061,2018-01-06,233.5,2,1,137,39,128,105,1.17,3,41.7,5.4,12239,559.952038369305,6.32785113429229,0.986059479553903,-0.0140386021077467,1,,45.08,,331.32,1,794.532374100719,6.6777537329134,1,56.22,0,12239,0,3,,12239,0,,,1,4598,5706,12239,14191,14191,1952,,0,0,,,,0,0,4,0,12239,C10AX06,TABLET,C10,C10A,C10AX,C10AX06,325 MG,1,,,1,1,1,1,,,,,"","",,,,,,,,,,,,1,0,0,1,1,1,1,0,0,0,0,,0.58,121.5,2,021109CJB,393.918,0.98,35,249.6,35,177.186,8,13274,13274,45.08,1,1,1,325,0,8,0,0,0,0,0,0,0,0,0,0,0,195,67,,,,,,,1,,,,,3,1,,0,1,1,0,0,0,0,,1,1,0,2,0,2275,2,0,0,63,30.5415179776673,0,0,1,1,1,141,0,1,0,1,0,,0,,,,0,0,1,,,0,72.4,0,71.9424460431655,4.27586643884549,2,0,0,1,66,0,0,,17059,10650,6,4820,8.48412179347431,0,Q1,low,low,Q1-Q3,Q1-Q3,Angina,13.1964407939767,1,1,1,0
7,2810202549,2018-11-24,7292.3,2,1,156,48,105,107,0.88,27.7,180.9,5.7,4197,4031.12216694306,8.30180006951554,0.805810397553517,-0.215906802915836,1,0.2,44.08,44.2,1232.71,2,681.4317302377,6.52419607038528,1,71.73,0,4197,0,3,,4197,0,,,1,4197,6168,,,6168,1971,,0,0,,,,0,0,4,0,4197,C10AX09,10 MG,C10,C10A,C10AA,C10AA01,81 MG,1,,,,1,1,,,,,,C10AA01,"",,,,,,1,1,,,,,1,0,0,0,1,1,1,0,0,0,0,,0.48,144.5,2,010609CJB,347.934,2.35,4,216.9,4,129.248,3,,,44.08,1,3,2,81,0,,0,0,0,0,0,0,,,,,0,181,68,0,0,0,0,0,0,1,,,,,3,2,,1,0,1,0,,,0,,1,1,0,1,0,243,1,0,0,64,27.5211363571516,0,0,1,1,1,,0,0,0,0,0,,0,,,,0,0,1,,,0,87,1,153.123272526258,5.03124329977418,2,0,0,1,91,1,1,,8692,6076,30,4495,44.2980457905831,0,Q4,high,high,Q4,Q4,IC,12.3066392881588,1,1,1,0
1,2810202797,2017-09-27,3441.2,2,1,135,42,110,123,0.9,9.5,205.8,6,11844,1672.10884353742,7.42184088933534,1.89805825242718,0.640831391195785,0,,62.24,,1103.12,1,536.015549076774,6.28416317012163,1,65.01,0,11844,0,3,14,11844,0,,,2,4605,5711,11844,14220,14220,2376,15033,1,0,311,12155,,0,0,4,0,11844,C10AX06,TABLET,C10,C10A,C10AX,C10AX06,325 MG,1,,,1,,1,1,,,,,"","",,,,,,,,,,,,1,0,0,1,0,1,1,0,0,0,0,,2.02,143,2,011609CJB,275.794,2.87,8,190.6,8,142.938,8,13273,13273,62.24,2,1,1,325,0,2,0,0,0,0,0,0,0,0,1,1,0,174,61,0,0,0,0,0,0,1,,,,,2,6,,0,1,1,0,1,0,0,1,1,1,0,2,0,2275,2,1,0,80,32.8772278076671,0,0,1,1,1,140,0,1,1,0,1,9561,1,15033,1,1,0,0,0,,,0,71,1,46.1613216715258,3.83214225418868,2,0,0,1,60,0,1,15035,,6404,30,,27.8684807256236,1,Q3,high,high,Q4,Q1-Q3,IC,,,,,
1,2810202985,2017-10-22,1525.1,2,1,208,64,164,100,0.94,8.9,165.7,5.1,11495,920.398310199155,6.82480652221771,1.71565217391304,0.53979328466532,0,,19.98,,1537.27,1,927.742908871454,6.83275465655009,1,61.97,0,11495,0,3,,11495,0,,,2,4351,5691,11495,13601,13601,2106,,0,0,,,,0,0,4,0,11495,C10AX06,550 MG,C10,C10A,C10AX,C10AX06,81 MG,1,,,1,,1,,1,,,,"","",,,,,,,,,,,,1,0,0,1,0,1,0,1,0,0,0,,2.38,39.88,2,012109CJB,363.268,1.22,11,87.2,11,61.104,8,12876,12876,19.98,1,1,1,81,0,2,0,0,0,0,0,0,0,0,0,0,0,164,63.5,0,0,0,0,0,0,1,,,,,6,2,,0,1,1,0,0,0,0,1,1,1,0,2,0,567,1,0,0,62,28.5957841430222,0,0,1,0,1,,0,0,0,0,0,,0,,,,0,0,1,,,0,111.2,1,53.7115268557635,3.98362763128771,2,0,1,0,65,0,0,,16653,,,,14.1599740030639,1,Q2,low,low,Q1-Q3,Q1-Q3,,,,,,
1,2810203126,2017-10-29,2583,2,1,206,45,315,105,0.84,7,160.6,5.4,12534,1608.34371108344,7.38296017757127,,,,,42.96,,3026.39,1,1884.42714819427,7.54137915353291,1,,0,12534,,,,12534,0,,,1,5316,5826,12534,14760,14760,2226,,0,0,,,,0,0,,0,12534,C10AA01,40 MG,C10,C10A,C10AA,C10AA01,81 MG,1,,,1,,1,1,,,,,"","",,,,,,,,,,,,1,0,0,1,0,1,1,0,0,0,0,,0.66,67.84,2,012609CJB,393.138,2.09,15,208.8,15,132.249,8,13850,13850,42.96,0,1,1,81,0,8,0,0,0,0,0,0,0,0,0,0,0,156,65,0,0,0,0,0,0,1,,,,,2,7,,0,0,0,0,0,0,0,,1,1,0,,0,567,1,0,0,69,25.9599288429346,0,0,0,1,0,141,0,1,0,1,0,,0,,,,0,0,0,,,0,98,1,43.5865504358655,3.77474862652479,2,0,0,1,89,0,1,16562,,12284,6,,18.0712776526229,1,Q3,high,high,Q1-Q3,Q1-Q3,Angina,,,,,
1,2810203175,2017-12-16,1602,2,1,173,52,140,107,1.13,3,158.2,5.7,12299,1012.64222503161,6.92031825828284,2.70152761457109,0.993817396189807,0,,21.34,,1366.99,1,864.089759797725,6.76167665206278,1,71.17,0,12299,0,3,,12299,0,,,1,4517,5754,12299,14339,14339,2040,15263,1,0,2964,15263,,0,0,4,0,12299,C10AX09,10 MG,C10,C10A,C10AA,C10AA01,81 MG,1,,,,,1,,,,,,C10AA01,"",,,,,,1,1,,,,,1,0,0,0,0,1,1,0,0,0,0,,2.31,53.48,2,020509CJB,487.854,1.53,28,156.3,28,142.033,8,13427,13427,21.34,2,1,1,81,0,8,0,0,0,0,0,0,0,0,0,0,0,162,69,0,0,0,0,0,0,1,,,,,8,6,,0,1,1,0,0,0,0,,1,1,0,2,0,567,1,0,0,62,23.9233748788859,0,0,0,1,1,,0,0,0,0,0,,0,,1,1,0,0,0,,,0,93,0,18.9633375474083,2.94250751231669,1,0,0,1,69,0,0,15290,,15290,28,2991,14.6759742758204,0,Q2,low,low,Q1-Q3,Q1-Q3,Death,8.18891170431212,1,0,0,0
1,2810205265,2018-12-15,5366.9,2,1,122,43,59,107,0.99,4.3,168.1,5.6,11711,3192.68292682927,8.06861688519368,1.59784560143627,0.468656222798902,1,,68.54,,1401.09,1,833.486020226056,6.72561692967593,1,68.92,0,11711,0,3,12,11711,0,,,1,4305,5691,11711,13692,13692,1981,9445,1,1,-4345,7366,,0,0,4,0,11711,C10AX09,25 MG,C03,C03A,C03AA,C03AA03,81 MG,1,,,1,1,1,1,,,,1,C03AA03,"",,,,,,,,1,,,,1,0,0,1,1,1,1,1,0,0,1,,4.39,66.29,2,020909CJB,346.806,3.63,32,183.2,32,154.475,8,12784,12784,68.54,1,1,1,81,0,8,0,0,0,0,0,0,0,1,0,0,0,181,66,0,0,0,0,0,0,1,,,,,8,6,,0,1,1,0,0,1,0,,1,1,0,2,0,567,1,0,0,77,29.2143559493731,0,0,1,1,1,141,1,1,0,1,0,,1,9340,1,6,1,0,0,,,0,67.2,1,25.58001189768,3.24181126126708,1,0,0,1,73,1,1,,16570,9340,12,4859,43.735382559305,0,Q4,high,high,Q4,Q4,TIA,13.3032169746749,1,1,1,0
1,2810206373,2018-01-06,3749.9,2,1,161,56,67,106,1.14,5.9,135.8,5.6,11699,2761.34020618557,7.92347142280572,5.50538687561215,1.70572704483741,0,,72.84,,1705.7,1,1256.0382916053,7.13571783351032,1,56.46,0,11699,0,3,41,11699,1,942,12641,1,4327,5624,11699,,,,10249,1,1,-1981,9718,,0,1,4,1,11699,C10AA05,10 MG,C10,C10A,C10AA,C10AA05,81 MG,1,,,1,,1,1,,,,1,"","",,,,,,,,,,,,1,0,0,1,0,1,1,0,0,0,1,,3.64,107.8,2,021109CJB,387.622,16.99,35,369.4,35,187.952,8,12728,12728,72.84,1,1,1,81,0,8,0,0,0,0,0,0,0,1,1,0,0,165,70.25,0,0,0,0,0,0,1,,,,,5,8,,0,1,1,0,0,1,0,,1,1,0,2,0,567,1,1,0,82,23.5069833496261,0,0,1,1,1,143,1,0,0,0,0,,0,,1,4,1,0,1,,,0,91.6,1,43.4462444771723,3.77152441476922,2,0,0,1,60,1,1,12644,,5722,30,,46.0223367697595,1,Q4,high,high,Q4,Q4,IC,,,,,
1,2810206390,2018-01-26,3867.8,2,1,190,40,155,105,0.77,81.3,104.3,7,11900,3708.34132310642,8.21833997290956,2.76698113207547,1.01775688187134,0,,51.72,,2089.17,1,2003.03930968361,7.60242096087694,1,,0,11900,,,,11900,0,,,2,,,11900,,,,9148,1,1,-2752,9148,,0,0,,0,11900,M01AX25,5/500 MG,A10,A10B,A10BA,A10BA02,81 MG,1,1,,,,1,1,,,1,,A10BA02,"",,,,,,,,,,1,,1,1,0,0,0,1,1,0,0,1,0,,0.59,118.5,2,021409CJB,308.51,0.81,41,206.2,41,133.45,8,12834,12834,51.72,0,1,1,81,1,2,0,0,0,0,0,0,0,1,0,0,0,179,60,1,1,0,0,0,0,1,,,,,3,0,,0,1,0,1,0,1,0,1,1,1,0,2,0,567,1,0,1,77,34.9587699175398,0,1,0,1,0,,0,0,0,0,0,,0,,1,1,1,0,0,,,0,119,1,779.482262703739,6.65862993352918,3,1,0,1,74,1,1,13309,15392,1438,6,3492,50.1127205825193,0,Q4,high,high,Q4,Q4,Angina,9.5605749486653,1,0,0,0
1,2810206722,2017-09-02,259.8,2,1,117,46,138,96,0.92,3,20.1,5.2,11049,1292.53731343284,7.16436247515956,,,,,51.52,,260.57,1,1296.36815920398,7.16732191003086,1,67.23,0,11049,0,3,,11049,0,,,1,4225,5644,11049,,,,10634,1,1,-415,10634,,0,0,4,0,11049,C10AA01,20 MG,C10,C10A,C10AA,C10AA01,81 MG,1,,,,,1,1,1,,,1,"","",,,,,,,,,,,,1,0,0,0,0,1,1,1,0,0,1,,11.4,46.73,2,011209CJB,329.156,8.37,,,,,,,,51.52,1,1,1,81,0,8,0,0,0,0,0,0,0,1,0,0,0,206,65.25,0,0,0,0,0,0,1,,,,,4,6,,0,1,1,0,0,1,0,,1,1,0,2,0,567,1,0,0,76,34.018236883085,0,0,1,1,1,,0,0,0,0,0,,0,,1,1,1,0,1,2,11805,0,43.4,0,149.253731343284,5.00564775258522,2,0,0,1,81,0,1,11862,,11862,27,813,15.9572507831214,0,Q3,low,low,Q1-Q3,Q1-Q3,,2.2258726899384,0,0,0,0
1,2810207177,2018-01-14,586.4,2,1,132,40,81,120,0.95,3,111.4,6.1,11742,526.391382405745,6.26604500906735,2.8583850931677,1.0502568126168,0,,23.5,,669.05,1,600.583482944345,6.39790165424591,1,67.9,0,11742,0,3,,11742,0,,,1,4314,5651,11742,13674,13674,1932,,0,0,,,,0,0,4,0,11742,C10AA05,20 MG,C10,C10A,C10AA,C10AA05,325 MG,1,,,,1,1,1,,,,,"","",,,,,,,,,,,,1,0,0,0,1,1,1,0,0,0,0,,0.46,49.57,2,021409CJB,280.244,0.89,40,189.2,40,142.852,8,12687,12687,23.5,1,1,1,325,0,8,0,0,0,0,0,0,0,0,0,0,0,177,69.75,0,0,0,0,0,0,1,,,,,6,1,,0,1,1,0,0,0,0,,1,1,0,2,0,2275,2,0,0,58,25.5794059975217,0,0,1,1,1,,0,0,0,0,0,,0,,,,0,0,0,,,0,75.8,0,26.9299820466786,3.29324024015706,1,0,0,1,88,0,0,,16471,,,,5.98172025461074,1,Q1,low,low,Q1-Q3,Q1-Q3,,,,,,
1,2810207233,2018-01-14,156.3,1,1,159,82,66,110,0.83,3,21.5,5.8,12315,726.976744186047,6.58889448828191,3.32921275211451,1.2027358652665,0,,42.04,,205.29,1,954.837209302326,6.86154086448699,1,69.02,0,12315,0,3,,12315,0,,,2,4508,5721,12315,14273,14273,1958,,0,0,,,,0,0,4,0,12315,C10AA05,10 MG,C10,C10A,C10AA,C10AA05,81 MG,1,,,,,1,1,,,,,"","",,,,,,,,,,,,1,0,0,0,0,1,1,0,0,0,0,,0.14,51.43,2,021309CJB,290.054,0.58,40,125.7,40,101.011,8,13268,13268,42.04,0,1,1,81,0,2,0,0,0,0,0,0,0,0,0,0,0,145,68.75,0,0,0,0,0,0,1,,,,,8,6,,0,1,0,0,0,0,0,1,1,1,0,2,0,567,1,0,0,59,21.5689105758377,0,0,0,1,0,,0,0,0,0,0,,0,,,,0,0,0,,,0,63.8,0,139.53488372093,4.93831463251663,2,0,0,1,77,0,0,,17052,,,,9.4412564180006,1,Q1,low,low,Q1-Q3,Q1-Q3,,,,,,
1,2810207609,2018-01-08,3222.6,2,1,177,55,165,168,1.02,7.8,78.4,6.1,12293,4110.45918367347,8.3212900247712,2.37637185280826,0.865574892962153,0,,44.9,,842.14,1,1074.15816326531,6.97929252983645,1,63.66,0,12293,0,3,,12293,0,,,2,4593,5707,12293,14424,14424,2131,,0,0,,,,0,0,4,0,12293,M01AX05,750 + 600 MG,M01,M01A,M01AX,M01AX25,81 MG,1,1,,,1,1,1,1,,1,,M01AX25,"",,1,,,,,,,,,,1,1,0,0,1,1,1,1,0,1,0,,1.63,63.87,2,021109bCJ,293.86,2.5,36,180.8,36,105.47,8,13310,13310,44.9,1,1,1,81,1,2,0,0,0,0,0,0,0,0,0,0,0,104,63,0,0,0,0,0,0,1,,,,,4,8,,0,1,1,1,0,0,0,1,1,1,0,2,0,567,1,0,0,76,18.4228939886451,0,1,1,1,1,,0,0,0,0,0,,0,,,,0,0,1,,,0,89,1,99.4897959183673,4.60005508532132,2,1,0,1,53,1,1,16728,,16728,27,4435,77.5558336542164,0,Q4,high,high,Q4,Q4,,12.1423682409309,1,1,1,0
7,2810207621,2017-08-12,745,2,1,190,100,52,114,0.72,3.1,66,6.6,4158,1128.78787878788,7.02889966234123,3.20053475935829,1.16331790814344,0,1.1,38.2,38.8,619.7,2,938.939393939394,6.84475093392973,1,66.27,0,4158,0,3,12,4158,1,2565,6723,2,4158,6496,,,6496,2338,,0,0,,,,0,1,4,1,4158,C10AX09,80 MG,C10,C10A,C10AA,C10AA01,81 MG,1,,,1,1,1,,1,,1,,C10AA01,"",,,,,1,1,1,,,,,1,0,0,1,1,1,1,1,0,1,0,,2.32,77.94,2,123008CJB,303.638,1.53,3,255.3,3,147.158,3,,,38.2,1,1,1,81,1,,0,0,0,0,0,0,,,,,0,219,63.25,0,0,0,0,0,0,,1,,,,,6,,0,1,1,1,,,0,,2,2,0,2,0,567,1,0,0,72,38.4882945709899,0,1,1,1,1,,0,0,0,0,0,,1,1473,,,0,0,0,,,0,79.6,0,46.969696969697,3.84950264844681,2,1,0,1,97,0,0,,8743,1473,12,4585,11.6369884411122,0,Q2,low,low,Q1-Q3,Q1-Q3,TIA,12.5530458590007,1,1,1,0
1,2810208211,2017-10-22,1101.1,2,1,213,81,79,91,1.01,3,111.4,5.6,11929,988.420107719928,6.89610781761445,5.42454394693201,1.6909338308112,0,,26.92,,1041.67,1,935.071813285458,6.84062333199218,1,68.38,0,11929,0,3,14,11929,0,,,2,4641,5720,11929,14091,14091,2162,,0,0,,,,0,0,4,0,11929,B01AC06,81 MG,B01,B01A,B01AC,B01AC06,81 MG,1,,,,,,,,,,,"","",,,,,,,,,,,,1,0,0,0,0,0,0,0,0,0,0,,1.71,49.01,2,012109CJB,754.722,1.33,10,164.2,10,109.604,8,13323,13323,26.92,1,1,1,81,0,2,0,0,0,0,0,0,0,0,0,0,0,123,62,1,1,0,0,0,0,1,,,,,6,6,,0,1,1,0,0,0,0,1,1,1,0,2,0,567,1,0,1,74,22.4971417684771,0,0,0,0,1,,0,0,0,0,0,,1,14099,,,0,0,1,,,0,116.2,0,26.9299820466786,3.29324024015706,1,0,0,0,55,0,0,,17115,14099,14,5186,17.9712746858169,1,Q2,low,high,Q1-Q3,Q1-Q3,Intracerebral Hemmorhage,14.1984941820671,1,1,1,0
1,2810208298,2018-01-13,1556.3,2,1,156,28,381,117,1,7.1,148.8,5.3,11718,1045.90053763441,6.95263355180006,2.6474358974359,0.973591585711496,0,,47.1,,967.06,1,649.905913978495,6.47682760468733,1,60.66,0,11718,0,3,12,11718,0,,,1,4298,5645,11718,13736,13736,2018,,0,0,,,,0,0,4,0,11718,C09CA03,160 MG,C09,C09C,C09CA,C09CA03,82 MG,1,,,1,1,,,1,,,,"","",,,,,,,,,,,,1,0,0,1,1,0,0,1,0,0,0,,1.26,163,2,021309CJB,358.786,2.39,39,323.8,39,144.186,8,12694,12694,47.1,1,1,1,81,0,8,0,0,0,0,0,0,0,0,0,0,0,217,72.5,0,0,0,0,0,0,1,,,,,8,1,,0,1,1,0,0,0,0,,1,1,0,2,0,567,1,0,0,74,29.0261431890284,0,0,1,0,1,,0,0,0,0,0,,1,5595,,,0,0,1,,,0,51.8,1,47.7150537634409,3.86524694063042,2,0,0,0,74,0,0,,16478,3517,11,4760,14.1337910491136,0,Q2,low,low,Q1-Q3,Q1-Q3,Atherothrombotic Infarction of Brain,13.0321697467488,1,1,1,0
1,2810209189,2017-09-07,754.1,2,1,193,71,63,88,0.74,8.9,82.4,5.8,11237,915.169902912621,6.81910973428127,2.72995780590717,1.00428615336577,0,,39.52,,1420.31,1,1723.67718446602,7.452215185701,1,63.16,0,11237,0,3,,11237,0,,,2,4326,5687,11237,13435,13435,2198,,0,0,,,,0,0,4,0,11237,M01AX25,600 MG,M01,M01A,M01AX,M01AX25,160 MG,1,1,,,,,,,,,,"","",,,,,,,,,,,,1,1,0,0,0,0,0,0,0,0,0,,0.54,39.73,2,011309CJB,676.364,18.38,4,124.2,4,81.129,8,12728,12728,39.52,0,1,1,160,0,2,0,0,0,0,0,0,0,0,0,0,0,199,65.75,0,0,0,0,0,0,1,,,,,8,8,,0,1,0,0,0,0,0,1,1,1,0,2,0,1120,2,0,0,60,32.3643712822564,0,0,0,0,0,,0,0,0,0,0,,0,,,,0,0,0,,,0,109.4,1,108.009708737864,4.68222111880481,2,0,0,0,88,0,0,,16521,,,,10.3996579876434,1,Q2,low,low,Q1-Q3,Q1-Q3,,,,,,
1,2810210600,2018-12-22,6209,2,1,187,39,122,109,0.93,6.4,208.1,5.4,12855,2983.66170110524,8.0009065839534,3.02235099337748,1.10603500316088,0,,57.82,,1764.19,1,847.760691975012,6.74259839310553,1,65.97,0,12855,0,3,,12855,0,,,2,4934,6391,12855,,,,,0,0,,,,0,0,4,0,12855,C10AX06,1200 MG,C10,C10A,C10AX,C10AX06,325 MG,1,,,,,1,,,,,,"","",,,,,,,,,,,,1,0,0,0,0,1,0,0,0,0,0,,73.83,53.55,2,022109CJB,284.504,16.53,50,225.5,50,144.624,8,13482,13482,57.82,0,1,1,325,0,2,1,1,1,0,0,0,0,0,0,0,0,136,64.75,0,0,0,0,0,0,1,,,,,5,5,,0,1,0,0,0,0,0,1,1,1,2,2,0,2275,2,0,0,65,22.8068326323442,1,0,0,0,0,,0,0,0,0,0,,0,,,,0,0,0,,,0,123.6,1,30.7544449783758,3.42603453594817,2,0,1,0,64,1,1,,17262,,,,46.6197140797693,1,Q4,high,high,Q4,Q4,,,,,,
1,2810211007,2018-12-17,805.1,2,1,163,52,82,108,1.48,102.4,97.9,5.8,12195,822.369765066394,6.71219012975756,1.44392884764114,0.367367764769865,1,,25.64,,832.8,1,850.663942798774,6.74601715375239,1,66.8,0,12195,0,3,,12195,0,,,1,4613,5728,12195,14092,14092,1897,15438,1,0,1833,14028,,0,0,4,0,12195,C10AC02,1 G,C10,C10A,C10AC,C10AC02,81 MG,1,,,1,1,1,1,,,,,"","",,,,,,,,,,,,1,0,0,1,1,1,1,0,0,0,0,,3,128.5,2,020509CJB,410.238,2.16,28,198.9,28,131.687,8,13322,13322,25.64,1,1,1,81,0,8,0,0,0,0,0,0,0,0,0,0,0,249,68,0,0,0,0,0,0,1,,,,,7,7,,0,1,1,0,0,0,0,,1,1,0,2,0,567,1,0,0,64,37.8605688007224,0,0,1,1,1,140,0,1,1,0,0,,0,,1,2,0,0,0,,,0,94.6,1,1045.96527068437,6.95269544205108,3,0,0,1,49,0,0,,17108,9208,6,4913,16.7830564299264,0,Q1,low,low,Q1-Q3,Q1-Q3,Angina,13.45106091718,1,1,1,0
1,2810211463,2018-12-06,5338,2,1,198,72,158,104,0.91,15.8,203.2,5.4,12438,2626.96850393701,7.87358580024823,1.62089752176825,0.482980021611542,1,,31.36,,2261.23,1,1112.81003937008,7.01464366228859,1,68.77,0,12438,0,3,,12438,0,,,2,4542,5812,12438,14482,14482,2044,,0,0,,,,0,0,4,0,12438,M01AE01,200 MG,M01,M01A,M01AE,M01AE01,81 MG,1,1,,1,1,,,1,,,,"","",,,,,,,,,,,,1,1,0,1,1,0,0,1,0,0,0,,2.97,35.19,2,012209CJB,372.908,2.15,12,104.9,12,70.202,8,13813,13813,31.36,1,1,1,81,0,2,0,0,0,0,0,0,0,0,0,0,0,147,62.25,0,0,0,0,0,0,1,,,,,3,0,,0,0,1,0,0,0,0,1,1,1,0,,0,567,1,0,0,68,26.6713031611576,0,0,1,0,1,,0,0,0,0,0,,0,,,,0,0,0,,,0,94.4,1,77.755905511811,4.35357450331073,2,0,0,0,65,1,1,,17605,,,,40.4149000605694,1,Q4,high,high,Q4,Q4,,,,,,
1,2810212241,2018-02-03,1644,2,1,159,58,71,100,0.71,3,87,5.6,12244,1889.65517241379,7.54414964294963,2.60537727666956,0.957577492614966,0,,48.66,,716.53,1,823.597701149425,6.71368218392757,1,68.69,0,12244,0,3,17,12244,0,,,2,,6258,12244,,,,,0,0,,,,0,0,4,0,12244,M01AE01,5 MG,C10,C10A,C10AA,C10AA01,81 MG,1,1,,1,,1,,,,,,C10AA01,"",,,,,,1,1,,,,,1,1,0,1,0,1,1,0,0,0,0,,2.08,49.07,2,021809bCJ,,,45,159.6,45,120.169,8,13083,13083,48.66,1,1,1,81,0,2,0,0,0,0,0,0,0,0,0,0,0,150,61.5,0,0,0,0,0,0,1,,,,,4,0,,0,0,1,0,0,0,0,1,1,1,0,,0,567,1,0,0,81,27.8834585033834,0,0,1,1,1,,0,0,0,0,0,,1,13531,,,0,0,0,,,0,86.8,0,34.4827586206897,3.54045944899566,2,0,0,1,80,1,1,14700,,13531,17,,23.6206896551724,1,Q4,high,high,Q4,Q4,CVA,,,,,
1,2810213877,2017-09-02,754.3,2,1,188,45,120,133,0.66,3,78.1,6.5,11396,965.813060179257,6.87297029600204,0.7856093979442,-0.241295559253506,1,,29.26,,1149.43,1,1471.74135723432,7.29420157544969,1,65.39,0,11396,0,3,,11396,0,,,2,4390,5688,11396,13540,13540,2144,,0,0,,,,0,0,4,0,11396,"","","","","","","",,,,,,,,,,,,"","",,,,,,,,,,,,0,0,0,0,0,0,0,0,0,0,0,,1.18,141.7,2,011209CJB,335.21,2.26,3,184.7,3,132.659,8,12924,12924,29.26,1,1,1,81,0,2,0,0,0,0,0,0,0,0,0,0,0,191,61.25,0,0,0,0,0,0,1,,,,,3,1,,0,0,1,0,0,0,0,1,1,1,0,,0,567,1,0,0,56,35.7953648851904,0,0,1,0,1,,0,0,0,0,0,,0,,,,0,0,0,,,0,119,0,38.4122919334187,3.64837751080461,2,1,0,0,99,0,0,,16717,,,,9.75568747655815,1,Q2,low,low,Q1-Q3,Q1-Q3,,,,,,
1,2810213936,2017-12-24,775.5,2,1,150,42,202,100,0.66,3,36.4,5.6,12641,2130.49450549451,7.66410939396199,2.44182389937107,0.892745259808565,0,,48.54,,428.53,1,1177.28021978022,7.07096215860114,1,69.19,0,12641,0,3,,12641,0,,,2,4516,5795,12641,14686,14686,2045,,0,0,,,,0,0,4,0,12641,C10AA05,10 MG,C10,C10A,C10AA,C10AA05,81 MG,1,,,,1,1,1,,,,,"","",,,,,,,,,,,,1,0,0,0,1,1,1,0,0,0,0,,4.05,154.1,2,020709CJB,797.664,3.09,31,198.6,31,131.84,8,13728,13728,48.54,1,1,1,81,0,2,0,0,0,0,0,0,0,0,0,0,0,161,60.5,0,0,0,0,0,0,1,,,,,3,2,,0,1,1,0,0,0,0,1,1,1,0,2,0,567,1,0,0,66,30.925785504327,0,0,1,1,1,,0,0,0,0,0,,0,,,,0,0,0,,,0,67.6,0,82.4175824175824,4.41179879300755,2,0,0,1,92,1,1,,17514,,,,23.1575489727664,1,Q4,high,high,Q1-Q3,Q4,,,,,,
1,2810214122,2017-09-13,1024.1,2,1,246,62,90,93,0.76,7.8,112.9,5.4,11957,907.085916740478,6.81023717191387,1.24379811804962,0.218169696621396,1,,12.08,,1575.79,1,1395.73959255979,7.24117972764093,1,68.2,0,11957,0,3,12,11957,0,,,2,,5288,11957,14092,14092,2135,,0,0,,,,0,0,4,0,11957,B01AC06,325 MG,B01,B01A,B01AC,B01AC06,325 MG,1,,,,,,,,,,,"","",,,,,,,,,,,,1,0,0,0,0,0,0,0,0,0,0,,1.62,56.21,2,011409CJB,357.314,4.71,5,295.4,5,251.856,8,13435,13435,12.08,0,1,1,325,0,2,0,0,0,0,0,0,0,0,0,0,0,144,62.5,0,0,0,0,0,0,1,,,,,7,6,,0,1,0,0,0,0,0,1,1,1,0,2,0,2275,2,0,0,59,25.9183929567859,0,0,0,0,0,,0,0,0,0,0,,1,15777,,,0,0,0,,,0,166,1,69.0876882196634,4.23537654152207,2,0,0,0,86,0,0,,17228,15777,12,5271,10.547510659773,1,Q2,low,low,Q1-Q3,Q1-Q3,TIA,14.4312114989733,1,1,1,0
1,2810214504,2017-12-31,1001.3,2,0,250,34,263,96,0.92,10,48.2,5.1,12589,2077.38589211618,7.63886559964529,,,,,41.8,,489.11,1,1014.7510373444,6.92239857798446,1,,,,,,15,12589,1,1745,14334,2,4552,5784,12589,,,,14610,1,0,425,13014,,0,1,,1,12589,C07AB02,50 MG,C07,C07A,C07AB,C07AB02,"",,,,1,,,,1,,,,"","",,,,,,,,,,,,0,0,0,1,0,0,0,1,0,0,0,,3.25,107.4,2,020909CJB,369.732,3.18,32,170.1,32,153.722,8,13659,13659,41.8,1,1,1,81,0,2,0,0,0,0,0,0,0,0,0,0,0,166,61,0,0,0,0,0,0,,,,,,,,,,,1,0,0,0,0,1,1,1,0,,0,567,1,0,0,85,31.3656311268548,0,0,1,0,1,,0,0,0,0,0,,1,0,1,1,0,0,0,,,0,163.4,1,207.46887966805,5.33498135091963,2,0,0,0,57,1,1,14859,15290,0,10,2701,36.4453665283541,0,Q4,high,high,Q4,Q4,CVA,7.39493497604381,1,0,0,0
1,2810214521,2017-09-07,1627.2,2,1,163,30,95,87,0.9,5.5,121.4,5.5,12105,1340.36243822076,7.20069533265699,1.8955223880597,0.639494467067625,0,,37.04,,1629.35,1,1342.1334431631,7.20201574862627,1,60.68,0,12105,0,3,,12105,0,,,1,4524,5918,12105,,,,,0,0,,,,0,0,4,0,12105,M01AE02,220 MG,M01,M01A,M01AE,M01AE02,81 MG,1,1,,,,1,1,,,,,"","",,,,,,,,,,,,1,1,0,0,0,1,1,0,0,0,0,,12.06,87.29,2,011309CJB,282.442,11.75,5,232.7,5,164.873,8,13595,13595,37.04,,1,1,81,0,8,0,0,0,0,0,0,0,0,0,0,0,245,69.75,0,0,0,0,0,0,1,,,,,6,6,,0,1,,0,0,0,0,,1,1,0,2,0,567,1,0,0,68,35.4065224259481,0,0,0,1,0,,0,0,0,0,0,,0,,,,0,0,0,,,0,114,1,45.3047775947282,3.81341249259516,2,0,0,1,87,0,1,13817,,13083,11,,15.4064648071351,1,Q3,high,low,Q1-Q3,Q1-Q3,Atherothrombotic Infarction of Brain,,,,,
1,2810214746,2018-02-03,1041.2,2,1,174,48,167,97,0.88,3,99.6,5.2,11970,1045.38152610442,6.95213719451795,0.867894315452362,-0.141685328125986,1,,41.36,,1135.11,1,1139.6686746988,7.03849286291652,1,62.75,0,11970,0,3,1,11970,0,,,1,4384,5853,11970,14025,14025,2055,,0,0,,,,0,0,4,0,11970,C10AX09,10 MG,C10,C10A,C10AX,C10AX09,81 MG,1,,,1,1,1,1,,,,,"","",,,,,,,,,,,,1,0,0,1,1,1,1,0,0,0,0,,0.25,108.9,2,021809bCJ,257.72,1,45,173.9,45,169.47,8,12810,12810,41.36,1,1,1,81,0,8,0,0,0,0,0,0,0,0,0,1,0,159,69.25,0,0,0,0,0,0,1,,,,,4,1,,0,1,1,0,1,0,0,,1,1,0,2,0,567,1,0,0,59,23.3111222259927,0,0,1,1,1,140,0,1,1,0,1,11593,0,,,,0,0,1,,,0,92.6,0,30.1204819277108,3.40520540305969,2,0,0,1,94,0,0,,16591,11593,1,4621,11.1210800649406,0,Q2,low,low,Q1-Q3,Q1-Q3,MI,12.6516084873374,1,1,1,0
1,2810215079,2018-01-01,1366.5,2,1,156,33,182,175,0.96,4.1,71.8,7.9,11578,1903.20334261838,7.55129371530204,0.789699570815451,-0.236102695956715,1,,55.88,,696.45,1,969.986072423398,6.87728171306795,1,61.05,0,11578,0,3,,11578,0,,,1,3945,5642,11578,13436,13436,1858,,0,0,,,,0,0,4,0,11578,C10AA05,10 MG,C10,C10A,C10AA,C10AA05,81 MG,1,,,,1,1,1,,,,1,"","",,,,,,,,,,,,1,0,0,0,1,1,1,0,0,0,1,,4.8,68.44,2,021009CJB,391.49,2.17,34,291,34,188.066,8,12616,12616,55.88,1,1,1,81,1,8,0,0,0,0,0,0,0,0,0,0,0,219,66.25,0,0,0,0,0,0,1,,,,,7,7,,0,1,1,1,0,0,0,,1,1,0,2,0,567,1,0,0,63,35.0814844741117,0,0,1,1,1,143,1,0,0,0,0,,0,,,,0,0,0,,,0,86.6,1,57.1030640668524,4.04485777663822,2,1,0,1,84,1,1,,16401,,,,22.6571826502189,1,Q4,high,high,Q1-Q3,Q4,,,,,,
1,2810215624,2017-11-13,1487,2,1,254,56,120,105,0.98,7.2,162.2,5.6,11661,916.769420468557,6.82085599076693,2.03220973782772,0.709123741824582,0,,50.7,,1039.01,1,640.57336621455,6.46236365999877,1,61.72,0,11661,0,3,,11661,0,,,1,4351,5689,11661,13751,13751,2090,,0,0,,,,0,0,4,0,11661,M01AX05,1500 MG/1200 MG,M01,M01A,M01AX,M01AX25,81 MG,1,1,,,,,,,,,,M01AX25,"",,1,,,,,,,,,,1,1,0,0,0,0,0,0,0,0,0,,11.24,81.58,2,012909CJB,379.106,3.17,18,235.1,18,180.883,8,12928,12928,50.7,0,1,1,81,0,8,0,0,0,0,0,0,0,0,0,0,0,167,65,0,0,0,0,0,0,1,,,,,8,7,,0,0,0,0,0,0,0,,1,1,0,,0,567,1,0,0,62,27.7904366459621,0,0,0,0,0,,0,0,0,0,0,,0,,,,0,0,0,,,0,174,1,44.3896424167694,3.79300616332283,2,0,0,0,82,0,0,,16719,,,,11.1801148837629,1,Q2,low,low,Q1-Q3,Q1-Q3,,,,,,
1,2810215744,2018-02-01,2376.4,2,1,144,44,114,94,0.71,3,97.4,5.4,12841,2439.83572895277,7.79968599182119,2.69266055045872,0.990529757039008,0,,45.74,,1026.55,1,1053.95277207392,6.96030291981838,1,70.81,0,12841,0,3,,12841,0,,,2,4510,5984,12841,15077,15077,2236,,0,0,,,,0,0,4,0,12841,C10AX09,20 MG,C10,C10A,C10AA,C10AA01,"",,,,,,1,,,,,,C10AA01,"",,,,,,1,1,,,,,0,0,0,0,0,1,1,0,0,0,0,,0.48,55.74,2,021809bCJ,266.836,0.91,44,88.3,44,119.703,8,13698,13698,45.74,0,1,1,81,0,2,0,0,0,0,0,0,0,0,0,0,0,114,63.25,0,0,0,0,0,0,1,,,,,6,0,,0,1,0,0,0,0,0,1,1,1,0,2,0,567,1,0,0,60,20.035002653392,0,0,0,1,0,,0,0,0,0,0,,0,,,,0,0,0,,,0,77.2,0,30.8008213552361,3.42754135700176,2,0,0,1,93,1,1,,17479,,,,26.2347927844384,1,Q4,high,high,Q4,Q4,,,,,,
1,2810216128,2017-12-14,673.4,2,1,252,48,111,89,0.97,3,94.6,5.3,12445,711.839323467231,6.56785221665723,3.25681818181818,1.18075070091587,0,,34.54,,538.69,1,569.439746300212,6.34465297623673,1,67.33,0,12445,0,3,41,12445,1,3304,15749,2,4593,5797,12445,14447,14447,2002,,0,0,,,,0,1,4,1,12445,C10AA05,40 MG,C10,C10A,C10AA,C10AA05,325 MG,1,,,,1,1,1,,,,,"","",,,,,,,,,,,,1,0,0,0,1,1,1,0,0,0,0,,6.17,40.36,2,020309bCJ,375.296,3.78,24,232.1,24,182.845,8,13628,13628,34.54,1,1,1,325,0,2,0,0,0,0,0,0,0,0,0,0,2,120,60.75,0,0,0,0,0,0,1,,,,,7,0,,0,1,1,0,0,0,1,1,1,1,0,2,0,2275,2,1,0,77,22.8609510716964,0,0,1,1,1,,0,0,0,0,0,,0,,,,0,0,0,,,0,181.8,0,31.7124735729387,3.45671009159241,2,0,0,1,56,0,0,,17416,15749,41,4971,12.7114164904863,0,Q1,low,low,Q1-Q3,Q1-Q3,CHF,13.6098562628337,1,1,1,0
1,2810216864,2017-10-29,601.5,2,1,194,87,90,105,0.9,3.4,70.2,5.9,11347,856.837606837607,6.75324841037106,0.963978714695047,-0.0366860648072224,1,,55.58,,664.27,1,946.253561253561,6.85251056828863,1,61.98,0,11347,0,3,,11347,0,,,2,4327,5637,11347,13507,13507,2160,,0,0,,,,0,0,4,0,11347,"","","","","","","",,,,,,,,,,,,"","",,,,,,,,,,,,0,0,0,0,0,0,0,0,0,0,0,,0.38,64.2,2,012609CJB,447.782,1.12,15,230.7,15,111.338,8,12660,12660,55.58,0,4,2,325,0,2,0,0,0,0,0,0,0,0,0,0,2,132,64.25,0,0,0,0,0,0,1,,,,,3,6,,0,0,0,0,0,0,1,1,1,1,0,,0,1300,2,1,0,73,22.4819138793299,0,0,0,0,0,,0,0,0,0,0,,0,,,,0,0,1,,,0,89,0,48.4330484330484,3.88018239957249,2,0,0,0,63,0,0,,16451,,,,13.6005969339303,1,Q2,low,low,Q1-Q3,Q1-Q3,,,,,,
1,2810217343,2017-10-25,1161,2,1,177,53,151,119,0.77,7.2,58.9,7,12071,1971.13752122241,7.58636607702844,1.33666410453497,0.290177035841778,1,,48.46,,483.32,1,820.577249575552,6.71000805548966,1,65.88,0,12071,0,3,,12071,0,,,2,4566,5719,12071,14317,14317,2246,,0,0,,,,0,0,4,0,12071,C10AA05,10 MG,C10,C10A,C10AA,C10AA05,81 MG,1,,,,,1,1,,,1,,"","",,,,,,,,,,,,1,0,0,0,0,1,1,0,0,1,0,,0.77,83.98,2,020209CJB,442.16,2.62,22,222.5,22,123.065,8,13293,13293,48.46,1,1,1,81,1,2,0,0,0,0,0,0,0,0,0,0,0,175,64,0,0,0,0,0,0,1,,,,,3,6,,0,1,1,1,0,0,0,1,1,1,0,2,0,567,1,0,0,72,30.0388784371319,0,1,1,1,1,,0,0,0,0,0,,0,,,,0,0,0,,,0,93.8,1,122.241086587436,4.80599521434661,2,1,0,1,77,1,1,,17081,,,,25.599188587304,1,Q4,high,high,Q4,Q4,,,,,,
1,2810219056,2017-10-30,4493.2,2,1,129,67,59,105,0.91,8.5,158.6,5.6,12224,2833.03909205549,7.94910529855476,2.02995391705069,0.708013091835775,0,,42.16,,1015.96,1,640.580075662043,6.46237413407201,1,61.74,0,12224,0,3,,12224,0,,,2,4573,5790,12224,14323,14323,2099,,0,0,,,,0,0,4,0,12224,C10AX06,1000 MG,C10,C10A,C10AX,C10AX06,325 MG,1,,,,,1,1,,,,,"","",,,,,,,,,,,,1,0,0,0,0,1,1,0,0,0,0,,1.21,64.41,2,012309CJB,469.514,2.24,14,161.5,14,78.824,8,13561,13561,42.16,0,4,3,325,0,2,0,0,0,0,0,0,0,0,0,0,0,136,59.5,0,0,0,0,0,0,1,,,,,6,6,,0,1,0,0,0,0,0,1,1,1,0,2,0,298.850574712644,1,0,0,63,27.0091296485114,0,0,0,1,0,,0,0,0,0,0,,0,,,,0,0,0,,,0,50.2,1,53.59394703657,3.98143613327766,2,0,0,1,67,1,1,,17353,,,,42.284165553067,1,Q4,high,high,Q4,Q4,,,,,,
1,2810219441,2018-01-10,2821.5,2,1,192,66,105,91,0.86,12.1,159.6,5.9,12056,1767.85714285714,7.47752343838158,,,,,32.8,,1168.13,1,731.911027568922,6.59565895953688,1,71.85,0,12056,0,3,,12056,0,,,2,4723,5641,12056,14528,14528,2472,,0,0,,,,0,0,4,0,12056,C10AA07,5 MG,C10,C10A,C10AA,C10AA07,325 MG,1,,,1,,1,1,,,,,"","",,,,,,,,,,,,1,0,0,1,0,1,1,0,0,0,0,,5.07,157,2,021209CJB,205.41,2.01,38,152,38,98.582,8,13047,13047,32.8,1,1,1,325,0,2,0,0,0,0,0,0,0,0,0,1,0,162,60.75,1,1,0,0,0,0,1,,,,,3,0,,0,1,1,0,1,0,0,1,1,1,0,2,0,2275,2,0,1,48,30.8622839467901,0,0,1,1,1,140,0,1,1,0,0,,0,,,,0,0,0,,,0,105,1,75.8145363408521,4.32829004656912,2,0,0,1,80,1,1,,15864,,,,22.0982142857143,1,Q4,high,high,Q1-Q3,Q4,,,,,,
7,2810219586,2017-08-10,2942.6,2,1,174,42,72,119,1.02,9.7,225.4,5.7,4350,1305.50133096717,7.17434240764626,1.8532055122828,0.616916849023235,0,1.3,55.46,56.52,1269.38,2,563.167701863354,6.33357745565564,1,69.34,0,4350,0,3,,4350,0,,,1,4350,6035,,,6035,1685,,0,0,,,,0,0,4,0,4350,C10AA01,40 MG,C10,C10A,C10AA,C10AA01,81 MG,1,,,,1,1,1,,,,,"","",,,,,,,,,,,,1,0,0,0,1,1,1,0,0,0,0,,0.81,67.88,2,122308CJB,,,1,170.1,1,188.847,3,,,55.46,1,1,1,81,0,,0,0,0,0,0,0,,,,,0,178,68,0,0,0,0,0,0,,1,,,,4,1,,0,1,1,0,,,0,,2,2,0,2,0,567,1,0,0,70,27.0649849258176,0,0,1,1,1,,0,0,0,0,0,,0,,,,0,0,0,,,0,117.6,1,43.0346051464064,3.7620045628858,2,0,0,1,86,0,1,,9009,,,,15.180248034502,1,Q3,high,low,Q1-Q3,Q1-Q3,,,,,,
1,2810219713,2017-10-30,4415.9,2,1,152,86,80,58,1.21,3.7,185.4,7.1,12333,2381.82308522114,7.77562147562933,1.77245831091985,0.572367459215164,0,,22.92,,1835.34,1,989.935275080906,6.8976395622852,1,68.33,0,12333,0,3,,12333,0,,,1,4589,5784,12333,14433,14433,2100,,0,0,,,,0,0,4,0,12333,C10AA05,40 MG,C10,C10A,C10AA,C10AA05,325 MG,1,,,,1,1,1,,,1,,"","",,,,,,,,,,,,1,0,0,0,1,1,1,0,0,1,0,,0.14,60.07,2,012609CJB,323.37,0.64,16,144.1,16,96.424,8,13642,13642,22.92,1,3,2,325,1,8,0,0,0,0,0,0,0,0,0,0,0,172,65.5,0,0,0,0,0,0,1,,,,,4,6,,0,1,1,1,0,0,0,,1,1,0,2,0,975,2,0,0,66,28.1871690134616,0,1,1,1,1,,0,0,0,0,0,,0,,,,0,0,1,,,0,50,0,19.9568500539374,2.99357244550056,1,1,0,1,62,1,1,15580,,15580,21,3247,38.4165013745346,0,Q4,high,high,Q4,Q4,CHD Death,8.88980150581793,1,0,0,0
1,2810220197,2018-01-14,651.8,2,1,188,53,80,108,0.85,3,52.1,5.3,12299,1251.0556621881,7.13174300363223,1.16094822208359,0.149237104032698,1,,52.7,,638.4,1,1225.3358925144,7.11097028336437,1,60.66,0,12299,0,3,,12299,0,,,2,4579,5728,12299,14518,14518,2219,,0,0,,,,0,0,4,0,12299,C09CA01,100 MG,C09,C09C,C09CA,C09CA01,81 MG,1,,,1,1,,,,,,,"","",,,,,,,,,,,,1,0,0,1,1,0,0,0,0,0,0,,1.26,137.4,2,021409CJB,350.426,1.31,40,271.9,40,183.112,8,13240,13240,52.7,1,1,1,81,0,2,0,0,0,0,0,0,0,0,0,0,0,145,62.5,0,0,0,0,0,0,1,,,,,7,0,,0,1,1,0,0,0,0,1,1,1,0,2,0,567,1,0,0,68,26.0983817967636,0,0,1,0,1,,0,0,0,0,0,,0,,,,0,0,1,,,0,119,0,57.5815738963532,4.05320261889093,2,0,0,0,70,0,1,14842,,14842,28,2543,17.8722237455443,0,Q3,low,high,Q1-Q3,Q1-Q3,Death,6.96235455167693,1,0,0,0
1,2810220693,2017-11-23,2578.8,2,1,107,42,110,98,1.32,867.4,158.1,7.4,12001,1631.11954459203,7.39702189520913,1.63809523809524,0.49353412665593,1,,64.34,,1449.44,1,916.786843769766,6.82087499569364,1,60.75,0,12001,0,3,12,12001,1,-558,11443,1,4587,5714,12001,,,,14144,1,0,2143,14144,,1,0,2,1,12001,C10AX09,10 MG,C10,C10A,C10AX,C10AX09,81 MG,1,,,1,1,1,1,1,1,,,"","",,,,,,,,,,,,1,0,0,1,1,1,1,1,1,0,0,,3.15,205.9,2,013009CJB,502.174,4.36,20,141.9,20,58.627,8,13243,13243,64.34,1,1,1,81,1,8,1,0,0,79,0,0,1,0,0,0,0,209,65.25,0,0,0,0,0,0,1,,,,,5,7,,0,1,1,1,0,0,0,,1,1,1,2,0,567,1,0,0,81,34.5136480998289,0,1,1,1,1,141,0,1,0,1,1,2925,1,11013,1,1,0,0,0,,,0,43,1,5486.40101201771,8.61002776616798,3,1,0,1,50,0,1,14169,,2925,2,,32.6223908918406,1,Q3,high,high,Q4,Q1-Q3,MI,,,,,
1,2810220947,2018-01-08,1627.6,2,1,189,39,282,203,1.25,29.2,75.9,6.8,11733,2144.40052700922,7.67061531771404,1.37003405221339,0.314835595161352,1,,51.76,,839.76,1,1106.40316205534,7.00886963831405,1,,0,11733,,,1,11733,1,3725,15458,1,4506,5675,11733,13804,13804,2071,14703,1,0,2970,14703,,0,1,,1,11733,C10AA05,10 MG,C10,C10A,C10AA,C10AA05,81 MG,1,,,,1,1,1,1,,1,,"","",,,,,,,,,,,,1,0,0,0,1,1,1,1,0,1,0,,1.67,128.1,2,021109bCJ,471.582,3.04,36,190.3,36,157.447,8,12750,12750,51.76,1,1,1,81,1,8,0,0,0,0,0,0,0,0,0,0,0,201,66,0,0,0,0,0,0,1,,,,,6,6,,0,1,1,1,0,0,0,,1,1,0,2,0,567,1,0,0,76,32.442461579138,0,1,1,1,1,,0,0,0,0,1,15448,0,,1,1,0,0,0,,,0,93.6,1,384.716732542819,5.95250730385479,3,1,0,1,56,1,1,16111,,15448,1,,38.2928665537361,1,Q4,high,high,Q4,Q4,MI,,,,,
1,2810221405,2017-08-23,1176.5,2,1,139,28,168,102,1.2,3,95.9,5.5,12140,1226.79874869656,7.11216341226612,1.91554357592093,0.65000143401019,0,,48.46,,1106.74,1,1154.05630865485,7.05103824020593,1,63.76,0,12140,0,3,,12140,0,,,1,4543,5783,12140,14373,14373,2233,,0,0,,,,0,0,4,0,12140,C10AD02,500 MG,C10,C10A,C10AD,C10AD02,325 MG,1,,,1,1,1,1,1,,,,"","",,,,,,,,,,,,1,0,0,1,1,1,1,1,0,0,0,,5.17,72.79,2,010909CJB,318.628,5.23,1,196.6,1,166.821,8,13735,13735,48.46,1,1,1,325,0,8,0,0,0,0,0,0,1,0,0,0,0,160,64.75,0,0,0,0,0,0,1,,,,,7,6,,0,1,1,0,0,0,0,,1,1,0,2,0,2275,2,0,0,77,26.8315678027579,0,0,1,1,1,141,0,1,0,1,0,,0,,,,0,0,0,,,0,77.4,0,31.2825860271116,3.44306158576085,2,0,0,1,58,0,1,17094,,9074,7,,21.1517025637338,1,Q3,low,high,Q1-Q3,Q1-Q3,Coronary Insufficiency,,,,,
1,2810221673,2017-12-16,626,2,1,115,41,172,133,0.93,3,55.4,6.2,11665,1129.96389891697,7.02994096333495,1.01854395604396,0.018374113381301,1,,48.42,,948.16,1,1711.48014440433,7.44511385662005,1,76.57,0,11665,0,3,,11665,0,,,1,4313,5658,11665,13883,13883,2218,,0,0,,,,0,0,4,0,11665,C10AB05,145 MG,C10,C10A,C10AB,C10AB05,"",,,,,1,1,1,1,1,,,"","",,,,,,,,,,,,0,0,0,0,1,1,1,1,1,0,0,,4,350.6,2,020509CJB,295.602,2.79,28,159,28,110.595,8,12797,12797,48.42,1,1,1,325,1,8,0,0,0,0,0,0,0,0,0,0,0,215,68.5,0,0,0,0,0,0,1,,,,,6,6,,0,1,1,1,0,0,0,,1,1,0,2,0,2275,2,0,0,67,32.215355602324,0,1,1,1,1,141,1,1,0,1,0,,0,,,,0,0,1,,,0,39.6,0,54.1516245487365,3.99178797389701,2,1,0,1,85,0,0,,16123,11693,11,4458,13.2936929284349,0,Q2,low,low,Q1-Q3,Q1-Q3,Atherothrombotic Infarction of Brain,12.2053388090349,1,1,1,0
1,2810221859,2018-02-17,191,2,1,230,78,59,89,0.74,3,20.4,5.5,12144,936.274509803922,6.84190871318455,,,,,44.86,,177.39,1,869.558823529412,6.76798598363877,1,60.77,0,12144,0,3,,12144,0,,,2,,,12144,,,,,0,0,,,,0,0,4,0,12144,M01AX05,81 MG,M01,M01A,M01AX,M01AX05,81 MG,1,1,,,,,,,,,,"","",,,,,,,,,,,,1,1,0,0,0,0,0,0,0,0,0,,0.31,58.74,2,022009CJB,314.628,1.14,49,304.6,49,170.875,8,12838,12838,44.86,0,1,1,81,0,2,0,0,0,0,0,0,0,0,0,0,0,130,64,1,1,1,1,1,1,1,,,,,4,1,,0,1,0,0,0,0,0,1,1,1,0,2,0,567,1,0,1,68,22.3145954104408,0,0,0,0,0,,0,0,0,0,0,,0,,,,0,0,1,,,0,140.2,0,147.058823529412,4.99083266680008,2,0,0,0,83,0,0,14504,,14504,28,2360,11.2804157807701,0,Q2,low,low,Q1-Q3,Q1-Q3,Death,6.46132785763176,1,0,0,0
1,2810222030,2018-02-17,746,2,1,167,70,54,88,0.89,10.5,51.9,4.9,13055,1437.3795761079,7.27057699602001,2.9921875,1.09600472526103,0,,33.28,,425.46,1,819.768786127168,6.70902233236021,1,67.47,0,13055,0,3,,13055,0,,,2,5337,,13055,15275,15275,2220,,0,0,,,,0,0,4,0,13055,M01AB01,25 MG,M01,M01A,M01AB,M01AB01,81 MG,1,1,,,,,,,,,,"","",,,,,,,,,,,,1,1,0,0,0,0,0,0,0,0,0,,0.31,43.44,2,022009CJB,352.496,0.99,48,219.2,48,95.753,8,13754,13754,33.28,0,1,1,81,0,2,0,0,0,0,0,0,0,0,0,0,0,132,69.5,0,0,0,0,0,0,1,,,,,7,0,,0,1,0,0,0,0,0,1,1,1,0,2,0,567,1,0,0,56,19.2136526294687,0,0,0,0,0,,0,0,0,0,0,,0,,,,0,0,0,,,0,86.2,1,202.312138728324,5.30981174597377,2,0,0,0,72,0,1,,17535,,,,19.9636052237208,1,Q3,high,high,Q1-Q3,Q1-Q3,,,,,,
1,2810222036,2017-11-18,445.6,2,1,175,56,64,98,0.79,3,53.8,5.6,11685,828.252788104089,6.71931840743343,3.27265625,1.18560196403337,0,,47.9,,1097.28,1,2039.55390334573,7.62048638809491,1,66.51,0,11685,0,3,,11685,0,,,2,4406,5735,11685,13829,13829,2144,,0,0,,,,0,0,4,0,11685,C10AA05,10 MG,C10,C10A,C10AA,C10AA05,81 MG,1,,,,,1,1,,,,,"","",,,,,,,,,,,,1,0,0,0,0,1,1,0,0,0,0,,0.63,48.14,2,013009CJB,190.718,1.54,20,234.8,20,111.605,8,12931,12931,47.9,0,1,1,81,0,2,0,0,0,0,0,0,0,0,0,0,0,151,63.5,0,0,0,0,0,0,1,,,,,4,2,,0,1,0,0,0,0,0,1,1,1,0,2,0,567,1,0,0,59,26.3290451560753,0,0,0,1,0,,0,0,0,0,0,,0,,,,0,0,0,2,12756,0,106.2,0,55.7620817843866,4.02109410048251,2,0,0,1,82,0,0,,16719,,,,10.1006437573669,1,Q1,low,low,Q1-Q3,Q1-Q3,,,,,,
1,2810222194,2018-01-08,871.6,2,1,117,45,65,96,1.16,3,128.9,5.3,12657,676.183087664857,6.51646387911342,2.34965719882468,0.854269444675029,0,,28.5,,926.52,1,718.789759503491,6.57756890815167,1,63.29,0,12657,0,3,,12657,0,,,1,4609,5841,12657,,,,,0,0,,,,0,0,4,0,12657,M01AB01,25 MG,M01,M01A,M01AB,M01AB01,81 MG,1,1,,,,1,1,,,,,"","",,,,,,,,,,,,1,1,0,0,0,1,1,0,0,0,0,,2.62,66.02,2,021109bCJ,344.376,1.36,37,193.2,37,131.678,8,13660,13660,28.5,0,1,1,81,0,8,0,0,0,0,,,0,0,0,0,0,276,74.25,0,0,0,0,0,0,1,,,,,7,7,,0,1,0,0,0,0,0,,1,1,0,2,,567,1,0,0,62,35.1983073112152,0,0,0,1,0,,0,0,0,0,0,,0,,,,0,0,1,,,0,59,0,23.2738557020946,3.14733065770511,1,0,0,1,67,0,0,,17445,,,,10.0922848905202,1,Q1,low,low,Q1-Q3,Q1-Q3,,,,,,
1,2810222462,2017-11-23,1525.3,2,1,171,45,137,84,0.82,3,126.8,5.7,12412,1202.91798107256,7.09250553499085,3.02286902286902,1.1062063879877,0,,62.66,,1824.26,1,1438.69085173502,7.27148884832048,1,67.86,0,12412,0,3,,12412,0,,,2,4560,5798,12412,14680,14680,2268,,0,0,,,,0,0,4,0,12412,C10AX06,50 MG,C10,C10A,C10AX,C10AX06,81 MG,1,,,,,1,,1,,,,"","",,,,,,,,,,,,1,0,0,0,0,1,0,1,0,0,0,,2.55,74.47,2,013009CJB,401.588,5.48,20,319.4,20,127.41,8,13657,13657,62.66,1,1,1,81,0,2,1,1,1,0,0,0,0,0,0,0,0,206,65.75,0,0,0,0,0,0,1,,,,,7,0,,0,1,1,0,0,0,0,1,1,1,2,2,0,567,1,0,0,69,33.5028165032403,1,0,1,0,1,,0,0,0,0,0,,0,,,,0,0,0,,,0,98.6,0,23.6593059936909,3.16375652564712,1,0,1,0,73,0,1,,17445,,,,16.4783285078432,1,Q3,low,low,Q1-Q3,Q1-Q3,,,,,,
1,2810222757,2017-09-17,1110.7,2,1,197,49,99,145,0.57,3,96.6,6.8,11143,1149.79296066253,7.04733717094269,1.7935368043088,0.584189538721269,0,,45.74,,646.18,1,668.923395445135,6.50566954751082,1,73.63,0,11143,0,3,1,11143,0,,,2,,5614,11143,,,,,0,0,,,,0,0,4,0,11143,M01AX25,300 MG,M01,M01A,M01AX,M01AX25,"",,1,,,,,,,,,,"","",,,,,,,,,,,,0,1,0,0,0,0,0,0,0,0,0,,4.41,80.98,2,011509CJB,360.616,2.84,7,186.9,7,177.091,8,12594,12594,45.74,0,1,1,400,0,2,0,0,0,0,0,0,0,0,0,0,0,270,66,0,0,0,0,0,0,1,,,,,3,1,,0,0,0,0,0,0,0,1,1,1,0,,0,2800,2,0,0,60,43.5794260018272,0,0,0,0,0,140,0,1,1,0,1,14060,0,,,,0,0,0,,,0,128.2,0,31.055900621118,3.43578882643177,2,1,0,0,101,0,1,,16387,14060,1,5244,11.384088719431,1,Q3,low,low,Q1-Q3,Q1-Q3,MI,14.3572895277207,1,1,1,0
1,2810223251,2017-12-31,735.3,2,1,151,59,144,98,1.08,3,86.4,5.5,11970,851.041666666667,6.74646108938026,1.78135593220339,0.577374833977186,0,,29.34,,879.74,1,1018.21759259259,6.92580891944959,1,58.2,1,11970,0,3,,11970,0,,,1,4266,5628,11970,13993,13993,2023,,0,0,,,,0,0,4,0,11970,M01AX05,1500/1200/500 M,M01,M01A,M01AX,M01AX25,81 MG,1,1,,,1,1,1,,,,,M01AX25,"",,1,,,,,,,,,,1,1,0,0,1,1,1,0,0,0,0,,0.33,83.62,2,020909CJB,360.1,0.74,32,53.4,32,47.452,8,13036,13036,29.34,1,1,1,81,0,8,0,0,0,0,0,0,0,0,0,0,0,159,69,0,0,0,0,0,0,1,,,,,7,3,,0,1,1,0,0,0,0,,1,1,0,2,0,567,1,0,0,57,23.4803494181658,0,0,1,1,1,,0,0,0,0,0,,0,,,,0,0,1,,,0,63.2,0,34.7222222222222,3.54737989184024,2,0,0,1,76,0,0,,16822,10876,7,4852,11.1979166666667,0,Q1,low,low,Q1-Q3,Q1-Q3,Coronary Insufficiency,13.284052019165,1,1,1,0
1,2810223413,2018-02-03,2190.6,2,1,144,71,94,112,0.97,3,111.4,6,12163,1966.42728904847,7.58397361638455,1.00655737704918,0.00653597097978545,1,,27.22,,1498.87,1,1345.48473967684,7.20450962835373,1,80.91,0,12163,0,3,,12163,0,,,2,4833,5933,12163,,,,,0,0,,,,0,0,4,0,12163,M01AX25,10 MG,M01,M01A,M01AX,M01AX25,"",,1,,,,1,,1,,,,"","",,,,,,,,,,,,0,1,0,0,0,1,0,1,0,0,0,,12.01,83.49,2,021809bCJ,235.406,2.68,45,210.7,45,131.249,8,12999,12999,27.22,1,1,1,,0,2,0,0,0,0,0,0,0,0,0,1,0,129,64.25,1,1,1,,1,,1,,,,,4,6,,0,1,1,0,1,0,0,1,1,1,0,2,0,,1,0,1,74,21.9709612911633,0,0,1,1,1,140,0,1,1,0,0,,0,,,,0,0,0,,,0,54.2,0,26.9299820466786,3.29324024015706,1,0,1,0,58,1,1,15334,12644,9937,6,481,33.9039187766978,0,Q4,high,high,Q4,Q4,Angina,1.31690622861054,0,0,0,0
1,2810223557,2017-12-31,2465.9,2,1,193,88,42,99,1.02,4.6,151.4,5.1,12768,1628.73183619551,7.39555697638639,1.65246098439376,0.502265682415819,1,,34.92,,1365.5,1,901.915455746367,6.8045207858985,1,68.65,0,12768,0,3,,12768,0,,,1,4591,5823,12768,14945,14945,2177,,0,0,,,,0,0,4,0,12768,B01AC06,81 MG,B01,B01A,B01AC,B01AC06,81 MG,1,,,,,,,,,,,"","",,,,,,,,,,,,1,0,0,0,0,0,0,0,0,0,0,,2.02,50,2,020909CJB,534.178,1.67,33,251.8,33,146.511,8,13827,13827,34.92,0,1,1,81,0,8,0,0,0,0,0,0,0,0,0,0,0,173,67.5,0,0,0,0,0,0,1,,,,,3,6,,0,1,0,0,0,0,0,,1,1,0,2,0,567,1,0,0,64,26.6958756139735,0,0,0,0,0,,0,0,0,0,0,,0,,,,0,0,0,,,0,96.6,1,30.3830911492734,3.41388624147384,2,0,0,0,77,0,1,,17612,,,,21.1523615090326,1,Q3,high,high,Q1-Q3,Q1-Q3,,,,,,
1,2810224086,2018-02-17,931.6,2,1,138,64,91,93,0.78,3,126.1,5.6,12699,738.77874702617,6.6049984810274,4.77683315621679,1.56377780732034,0,,38.02,,1053.58,1,835.511498810468,6.72804411073005,1,,0,12699,,,,12699,0,,,2,,,12699,14031,14031,1332,,0,0,,,,0,0,,0,12699,M01AX25,10 MG,M01,M01A,M01AX,M01AX25,162 MG,1,1,,,,1,1,,,,,"","",,,,,,,,,,,,1,1,0,0,0,1,1,0,0,0,0,,0.47,78.96,2,022009CJB,650.898,3.24,48,85.1,48,64.476,8,13397,13397,38.02,0,2,1,160,0,2,1,1,1,0,0,0,0,0,0,0,0,167,67.5,0,0,0,0,0,0,1,,,,,8,6,,0,1,0,0,0,0,0,1,1,1,2,2,0,2240,2,0,0,68,25.7700070955698,1,0,0,1,0,,0,0,0,0,0,,0,,,,0,0,0,,,0,55.8,0,23.7906423473434,3.16929232467937,1,0,0,1,78,0,0,,17178,,,,9.47152239777141,1,Q1,low,low,Q1-Q3,Q1-Q3,,,,,,
1,2810224308,2017-10-22,1798.9,2,1,228,54,202,93,0.82,3,112.9,6,12161,1593.3569530558,7.37359836080112,0.756756756756757,-0.278713402469021,1,,35.18,,2083.49,1,1845.42958370239,7.52046736606743,1,58.07,0,12161,0,3,,12161,0,,,1,4587,5778,12161,14267,14267,2106,,0,0,,,,0,0,4,0,12161,B01AC06,325 MG,B01,B01A,B01AC,B01AC06,325 MG,1,,,,,,,,,,,"","",,,,,,,,,,,,1,0,0,0,0,0,0,0,0,0,0,,2.37,41.15,2,012109CJB,462.474,2.86,11,220.1,11,132.03,8,13547,13547,35.18,0,1,1,325,0,8,1,1,1,0,0,0,0,0,0,0,0,130,67.75,0,0,1,1,0,0,1,,,,,6,6,,0,1,0,0,0,0,0,,1,1,2,2,0,2275,2,0,1,68,19.9127098598691,1,0,0,0,0,,0,0,0,0,0,,0,,,,0,0,0,,,0,133.6,0,26.5721877767936,3.27986509649463,1,0,0,0,91,0,1,15646,11862,15646,28,3485,17.5094170665473,0,Q3,high,low,Q1-Q3,Q1-Q3,Death,9.54140999315537,1,0,0,0
7,2810224754,2017-08-12,1087.3,2,1,177,46,76,113,0.9,24.5,94.3,5.6,3471,1153.02226935313,7.05014183435238,1.27751196172249,0.244914406435439,1,3.3,44.52,42.48,760.8,2,806.7868504772,6.69305950757986,1,55.39,0,3471,0,3,,3471,0,,,1,3471,,,,,,4813,1,0,1342,4813,,0,0,4,0,3471,C07AB03,50 MG,C07,C07A,C07AB,C07AB03,81 MG,1,,,1,,,,,,,,"","",,,,,,,,,,,,1,0,0,1,0,0,0,0,0,0,0,,0.9,54.71,2,122908CJB,,,2,238,2,172.718,3,,,44.52,1,1,1,81,0,,0,0,0,0,0,0,,,,,0,159,68,0,0,0,0,0,0,,,1,,,7,6,,0,1,1,0,,,0,,2,3,0,2,0,567,1,0,0,76,24.1760258607023,0,0,1,0,1,,0,0,0,0,0,,0,,1,1,0,0,1,,,0,115.8,1,259.809119830329,5.55994720689341,2,0,0,0,83,0,1,4813,,4813,27,1342,13.8918345705196,0,Q3,low,low,Q1-Q3,Q1-Q3,,3.67419575633128,0,0,0,0
1,2810224848,2017-08-30,269.7,2,1,202,47,162,116,0.62,3,47.5,6,11776,567.789473684211,6.34175070509318,2.57601351351351,0.946243054157506,0,,43.6,,347.83,1,732.273684210526,6.59615432961704,1,75.5,0,11776,0,3,,11776,0,,,2,4559,5834,11776,13974,13974,2198,,0,0,,,,0,0,4,0,11776,C10AA03,10 MG,C10,C10A,C10AA,C10AA03,81 MG,1,,,1,1,1,1,,,,,"","",,,,,,,,,,,,1,0,0,1,1,1,1,0,0,0,0,,0.98,58.17,2,011209CJB,320.636,0.8,3,178.9,3,134.817,8,13309,13309,43.6,1,1,1,81,0,2,0,0,0,0,0,0,0,0,0,0,0,164,62.25,0,0,0,0,0,0,1,,,,,7,1,,0,0,1,0,0,0,0,1,1,1,0,,0,567,1,0,0,57,29.7557395811555,0,0,1,1,1,,0,0,0,0,0,,0,,,,0,0,0,,,0,122.6,0,63.1578947368421,4.14563785660965,2,0,0,1,100,0,0,,17102,,,,5.67789473684211,1,Q1,low,low,Q1-Q3,Q1-Q3,,,,,,
1,2810225516,2018-01-28,1356.3,2,1,175,47,84,92,1.23,35.1,117.5,5.2,11874,1154.29787234043,7.05124753537255,2.0929203539823,0.738560389219647,0,,30.04,,761.89,1,648.417021276596,6.47453404071468,1,64.33,0,11874,0,3,40,11874,1,4027,15901,1,4695,5845,11874,13802,13802,1928,,0,0,,,,0,1,4,1,11874,M01AX05,1500 + 1200 MG,M01,M01A,M01AX,M01AX25,325 MG,1,1,,,1,,,1,,,,M01AX25,"",,1,,,,,,,,,,1,1,0,0,1,0,0,1,0,0,0,,0.21,73.87,2,021809CJB,517.586,1.29,43,219.3,43,149.912,8,12773,12773,30.04,1,1,1,325,0,8,0,0,0,0,0,0,0,0,0,0,0,198,70.25,1,0,0,0,0,0,1,,,,,8,6,,0,1,1,0,0,0,0,,1,1,0,2,0,2275,2,0,1,77,28.2083800195513,0,0,1,0,1,,0,0,0,0,0,,0,,,,0,0,1,,,0,111.2,1,298.723404255319,5.69951807586974,2,0,0,0,56,0,1,16532,,15901,40,,20.612462006079,1,Q3,low,high,Q1-Q3,Q1-Q3,CHF,,,,,
1,2810225772,2017-11-18,549,2,1,196,37,188,113,0.98,3.5,102.7,5.8,12001,534.566699123661,6.28145651056311,0.973548016101208,-0.0268081322211477,1,,39.46,,641.96,1,625.08276533593,6.43788406550653,1,60.12,0,12001,0,3,,12001,0,,,1,4640,5728,12001,13993,13993,1992,,0,0,,,,0,0,4,0,12001,C10AX06,1000 MG,C10,C10A,C10AX,C10AX06,81 MG,1,,,,1,1,,,,,,"","",,,,,,,,,,,,1,0,0,0,1,1,0,0,0,0,0,,0.57,42.4,2,012909CJB,334.958,3.3,19,285.9,19,155.799,8,13254,13254,39.46,1,1,1,81,1,8,0,0,0,0,0,0,0,0,0,0,0,244,74,0,0,0,0,0,0,1,,,,,7,1,,0,1,1,1,0,0,0,,1,1,0,2,0,567,1,0,0,60,31.3279516259544,0,0,1,0,1,140,0,1,1,0,0,,0,,,,0,0,0,,,0,121.4,0,34.0798442064265,3.52870613054299,2,0,1,0,83,0,0,,17010,12114,6,5009,6.44056264004411,0,Q1,low,low,Q1-Q3,Q1-Q3,Angina,13.7138945927447,1,1,1,0
7,2810226889,2017-08-22,3690,2,1,139,50,52,74,0.97,3.8,82.9,7.9,3377,4451.14595898673,8.40091686088142,,,,,32.28,,677.06,1,816.718938480096,6.70529501912451,1,52.19,1,3377,1,2,,3377,0,,,1,3377,5339,,,5339,1962,,0,0,,,,0,0,3,0,3377,C07AB03,325 MG,C07,C07A,C07AB,C07AB03,325 MG,1,,,1,,,,,1,1,,"","",,,,,,,,,,,,1,0,0,1,0,0,0,0,1,1,0,,0.89,31.68,2,010809CJB,183.862,1.13,5,139.8,5,102.288,3,,,32.28,1,1,1,325,1,,0,0,0,0,0,0,,,,,0,215,68.5,0,0,0,0,0,0,,1,,,,8,7,,1,0,1,1,,,0,,2,2,0,1,0,2275,2,0,0,69,32.215355602324,0,1,1,0,1,,0,0,0,0,0,,0,,,,0,0,0,,,0,78.6,0,45.8383594692401,3.82512128357323,2,1,0,0,92,1,1,,6291,,,,48.382021293334,1,Q4,high,high,Q4,Q4,,,,,,
1,2810228014,2017-12-24,871.2,2,0,222,108,55,110,0.85,3,61.2,5.3,12529,1423.52941176471,7.26089456808856,2.29932410685549,0.832615213163288,0,,33.78,,1964.58,1,3210.09803921569,8.07405675746941,1,68.21,0,12529,0,3,,12529,0,,,2,4590,5786,12529,14614,14614,2085,,0,0,,,,0,0,4,0,12529,C10AX09,10 MG,C10,C10A,C10AX,C10AX09,81 MG,1,,,1,,1,,,,,,"","",,,,,,,,,,,,1,0,0,1,0,1,0,0,0,0,0,,0.49,112.8,2,020709CJB,339.086,0.9,31,242.2,31,156.113,8,13619,13619,33.78,0,2,1,81,0,2,0,0,0,0,0,0,0,0,0,0,0,123,63.25,0,0,0,0,0,0,1,,,,,8,6,,0,1,0,0,0,0,0,1,1,1,0,2,0,1134,2,0,0,72,21.6167133891861,0,0,0,1,0,,0,0,0,0,0,,0,,,,0,0,0,,,0,103,0,49.0196078431373,3.89222037813197,2,0,1,0,68,0,1,16381,13390,16381,29,3852,20.9342560553633,0,Q3,high,high,Q1-Q3,Q1-Q3,Death,10.5462012320329,1,1,0,0
1,2810228298,2017-12-02,176.4,2,1,223,66,110,97,1.24,3,14.7,5.4,12252,1200,7.09007683577609,3.82329317269076,1.34111213832666,0,,32.28,,87.32,1,594.013605442177,6.38690222388514,1,81.35,0,12252,0,3,,12252,0,,,2,4483,5715,12252,14310,14310,2058,,0,0,,,,0,0,4,0,12252,M01AE01,200 MG,M01,M01A,M01AE,M01AE01,"",,1,,,1,,,1,,,,"","",,,,,,,,,,,,0,1,0,0,1,0,0,1,0,0,0,,3.1,53.98,2,020409CJB,365.008,1.88,25,252.6,25,144.224,8,13419,13419,32.28,1,3,1,250,0,2,0,0,0,0,0,0,0,0,0,0,2,166,64.25,0,0,0,0,0,0,1,,,,,4,0,,0,1,1,0,0,0,1,1,1,1,0,2,0,5250,2,1,0,60,28.2727098785512,0,0,1,0,1,,0,0,0,0,0,,0,,,,0,0,0,,,0,135,0,204.081632653061,5.31852007386556,2,0,0,0,47,0,1,,17207,,,,25.531914893617,1,Q3,low,high,Q4,Q1-Q3,,,,,,
1,2810228506,2017-09-23,966.7,2,1,144,57,65,103,0.98,3,112.5,5.8,12420,859.288888888889,6.75610517381418,2.31752104055088,0.840498097403015,0,,30.12,,1868.81,1,1661.16444444444,7.41527410799061,1,55.84,0,12420,0,3,,12420,0,,,1,4543,5928,12420,14471,14471,2051,15760,1,0,3340,15760,,0,0,4,0,12420,C10AA05,10 MG,C10,C10A,C10AA,C10AA05,81 MG,1,,,,1,1,1,,,,,"","",,,,,,,,,,,,1,0,0,0,1,1,1,0,0,0,0,,0.3,45.72,2,011509CJB,414.308,1.02,7,181.3,7,137.994,8,13861,13861,30.12,1,1,1,81,0,8,0,0,0,0,0,0,0,0,0,0,0,167,70,0,0,0,0,0,0,1,,,,,3,6,,0,1,1,0,0,0,0,,1,1,0,2,0,567,1,0,0,78,23.9621622100387,0,0,1,1,1,,0,0,0,0,0,,0,,1,1,0,0,0,,,0,74,0,26.6666666666667,3.28341434600577,1,0,0,1,74,0,0,15778,16728,15778,28,3358,11.612012012012,0,Q2,low,low,Q1-Q3,Q1-Q3,Death,9.1937029431896,1,0,0,0
1,2810228923,2017-10-07,199.7,2,1,197,47,83,94,1,3,39.8,5.1,11681,501.758793969849,6.21811951411947,3.82692307692308,1.34206110614307,0,,45.88,,189.06,1,475.025125628141,6.16336769869494,1,69.24,0,11681,0,3,,11681,0,,,1,4239,5633,11681,13815,13815,2134,,0,0,,,,0,0,4,0,11681,B01AC06,81 MG,B01,B01A,B01AC,B01AC06,81 MG,1,,,,,,,,,,,"","",,,,,,,,,,,,1,0,0,0,0,0,0,0,0,0,0,,1.26,32.72,2,012009CJB,,,10,220.1,10,192.61,8,13088,13088,45.88,0,1,1,81,0,8,0,0,0,0,0,0,0,0,0,0,0,145,69.25,0,0,0,0,0,0,1,,,,,8,1,,0,1,0,0,0,0,0,,1,1,0,2,0,567,1,0,0,68,21.2585705834525,0,0,0,0,0,,0,0,0,0,0,,0,,,,0,0,0,,,0,133.4,0,75.3768844221106,4.32250065535986,2,0,0,0,77,0,0,,16880,,,,6.51634797363441,1,Q1,low,low,Q1-Q3,Q1-Q3,,,,,,
1,2810229289,2018-01-10,441,2,1,163,54,90,86,0.8,3,85.3,5.6,11942,516.998827667057,6.2480406069373,,,,,35.42,,1277.1,1,1497.18640093787,7.31134289299267,1,49.64,2,11942,1,2,1,11942,0,,,1,4370,5693,11942,13565,13565,1623,,0,0,,,,0,0,3,0,11942,C10AX09,40 MG,C10,C10A,C10AA,C10AA01,81 MG,1,,,1,1,1,,,,,,C10AA01,"",,,,,,1,1,,,,,1,0,0,1,1,1,1,0,0,0,0,,0.59,32.26,2,021209CJB,377.758,2.19,38,150,38,120.779,8,12932,12932,35.42,1,2,1,81,0,8,0,0,0,0,0,0,0,0,0,1,0,138,65.25,0,0,0,0,0,0,1,,,,,4,6,,0,1,1,0,1,0,0,,1,1,0,2,0,1134,2,0,0,61,22.788915970222,0,0,1,1,1,140,0,1,1,0,1,6947,0,,,,0,0,0,,,0,91,0,35.1699882766706,3.56019311315261,2,0,0,1,96,0,0,,16716,6947,1,4774,5.38540445486518,0,Q1,low,low,Q1-Q3,Q1-Q3,MI,13.0704996577687,1,1,1,0
1,2810229337,2017-10-22,650.5,2,1,147,105,48,146,1.43,3,58.1,6.1,11887,1119.62134251291,7.02074582008279,1.37041420118343,0.315113030775767,1,,25.08,,1308.26,1,2251.73838209983,7.7194578111523,1,61.43,0,11887,0,3,,11887,0,,,1,4594,5705,11887,13953,13953,2066,,0,0,,,,0,0,4,0,11887,C10AA05,20 MG,C10,C10A,C10AA,C10AA05,81 MG,1,,,1,,1,1,1,,1,,"","",,,,,,,,,,,,1,0,0,1,0,1,1,1,0,1,0,,0.24,119.4,2,012109CJB,274.39,2.73,11,161.4,11,77.576,8,13267,13267,25.08,1,1,1,81,1,8,0,0,0,0,0,0,0,0,0,0,0,217,66.75,0,0,0,0,0,0,1,,,,,2,6,,0,1,1,1,0,0,0,,1,1,0,2,0,567,1,0,0,73,34.2422904262549,0,1,1,1,1,,0,0,0,0,0,,0,,,,0,0,0,2,13453,0,32.4,0,51.6351118760757,3.94420190379238,2,1,0,1,48,0,0,14136,,14136,28,2249,23.3254446356856,0,Q2,low,high,Q1-Q3,Q1-Q3,Death,6.1574264202601,1,0,0,0
1,2810229386,2017-08-29,1324.9,2,1,169,67,104,89,0.56,10.5,126.9,5.5,12222,1044.05043341214,6.95086307514183,,,,,32.86,,877.7,1,691.646966115051,6.53907566086582,1,63.65,0,12222,0,3,,12222,0,,,2,4532,5834,12222,14738,14738,2516,,0,0,,,,0,0,4,0,12222,M01AX05,TABLET,M01,M01A,M01AX,M01AX25,81 MG,1,1,,,,,,,,,,M01AX25,"",,1,,,,,,,,,,1,1,0,0,0,0,0,0,0,0,0,,2.54,54.59,2,010909CJB,347.402,1.57,2,202.2,2,113.282,8,13784,13784,32.86,0,1,1,81,0,2,0,0,0,0,0,0,0,0,0,0,0,190,64.25,0,0,0,0,0,0,1,,,,,3,6,,0,0,0,0,0,0,0,1,1,1,0,,0,567,1,0,0,63,32.3603305838839,0,0,0,0,0,,0,0,0,0,0,,0,,,,0,0,1,,,0,81.2,1,82.74231678487,4.41573116142527,2,0,0,0,99,0,0,,17578,,,,10.54596397386,1,Q2,low,low,Q1-Q3,Q1-Q3,,,,,,
1,2810229467,2017-11-26,156.3,1,1,147,70,52,95,0.79,3,16.1,5.7,11740,970.807453416149,6.87812815142511,1.22200099552016,0.200489675413687,1,,45.56,,92.02,1,571.552795031056,6.348356858725,1,68.78,0,11740,0,3,,11740,0,,,2,4358,5702,11740,13749,13749,2009,,0,0,,,,0,0,4,0,11740,C10AA05,40 MG,C10,C10A,C10AA,C10AA05,81 MG,1,,,,,1,1,,,,,"","",,,,,,,,,,,,1,0,0,0,0,1,1,0,0,0,0,,0.27,13.55,2,020309bCJ,411.508,0.83,25,167.4,25,97.258,8,12915,12915,45.56,0,1,1,81,0,2,0,0,0,0,0,0,0,0,0,0,0,127,61.25,0,0,0,0,0,0,1,,,,,8,7,,0,1,0,0,0,0,0,1,1,1,0,2,0,567,1,0,0,61,23.8011064943413,0,0,0,1,0,,0,0,0,0,0,,0,,,,0,0,0,,,0,66.6,0,186.335403726708,5.22754829565983,2,0,0,1,81,0,0,,16703,,,,11.9852772026685,1,Q2,low,low,Q1-Q3,Q1-Q3,,,,,,
7,2810229564,2017-08-10,4544.8,2,1,129,40,116,135,0.96,20.4,213.9,6.3,4137,2124.7311827957,7.66140057114265,1.76892950391645,0.57037456357321,0,1.7,41.42,40.42,1231.22,2,575.605423094904,6.35542239660695,1,,0,4137,,,,4137,0,,,2,4137,,,,,,,0,0,,,,0,0,,0,4137,C10AX06,1200 MG,C10,C10A,C10AX,C10AX06,81 MG,1,,,,1,1,1,,,,,"","",,,,,,,,,,,,1,0,0,0,1,1,1,0,0,0,0,,5.18,127.8,2,122908CJB,307.1,2.72,2,122.2,2,90.656,3,,,41.42,1,1,1,81,0,,1,1,0,72,0,0,,,,,0,214,61.75,0,0,0,0,0,0,,1,,,,8,7,,0,1,1,0,,,0,,2,2,1,2,0,567,1,0,0,72,39.4589443311884,1,0,1,1,1,,0,0,0,0,0,,0,,,,0,0,0,,,0,65.8,1,95.3716690042076,4.55778156374395,2,1,0,1,68,1,1,,8755,,,,31.2460468058191,1,Q4,high,high,Q4,Q4,,,,,,
7,2810229748,2018-11-24,5176.6,2,1,130,51,84,90,0.8,5.1,64.3,6.7,4129,8050.69984447901,8.99351430383615,1.37426035502959,0.317915662770874,1,2.7,34.18,35.52,728.66,2,1133.21928460342,7.03281778564021,1,62.47,0,4129,0,3,,4129,0,,,2,4129,5775,,,5775,1646,,0,0,,,,0,0,4,0,4129,C10AX06,100-25,C03,C03A,C03AA,C03AA03,160 MG,1,,1,1,1,1,1,1,,1,,C03AA03,"",,,,,,,,1,,,,1,0,1,1,1,1,1,1,0,1,0,,0.3,60.89,2,010509CJB,403.806,1.39,4,130.7,4,88.579,3,,,34.18,1,3,2,160,1,,0,0,0,0,0,0,,,,,0,183,62,0,0,0,0,0,0,,1,,,,7,1,,1,0,1,1,,,0,,2,2,0,1,0,480,1,0,0,59,33.4713572652952,0,1,1,1,1,,0,0,0,0,0,,0,,,,0,0,0,,,0,62.2,1,79.3157076205288,4.37343618746884,2,1,0,1,94,1,1,,8657,,,,85.6457430263724,1,Q4,high,high,Q4,Q4,,,,,,
1,2810230019,2018-01-10,2745.1,2,1,206,56,111,102,1.24,3,149.3,6,12242,1838.64701942398,7.51678526459552,,,,,35.88,,842.78,1,564.487608841259,6.33591843266901,1,70.06,0,12242,0,3,,12242,0,,,1,4649,5722,12242,14280,14280,2038,,0,0,,,,0,0,4,0,12242,C10AX06,1000 MG,C10,C10A,C10AX,C10AX06,81 MG,1,,,,1,1,,,,,,"","",,,,,,,,,,,,1,0,0,0,1,1,0,0,0,0,0,,4.11,62.89,2,021209CJB,392.988,1.19,37,227.2,37,172.557,8,13232,13232,35.88,1,1,1,81,0,8,0,0,0,0,0,0,0,0,0,0,0,170,70.75,0,0,0,0,0,0,1,,,,,8,1,,0,1,1,0,0,0,0,,1,1,0,2,0,567,1,0,0,65,23.8782033083551,0,0,1,0,1,,0,0,0,0,0,,0,,,,0,0,0,,,0,127.8,0,20.0937709310114,3.0004098631051,1,0,1,0,61,1,1,,17017,,,,30.1417544167865,1,Q4,high,high,Q4,Q4,,,,,,
1,2810230911,2018-01-01,650.1,2,1,222,124,58,94,0.67,3,50.4,5.3,12562,1289.88095238095,7.16230520812119,4.71709233791749,1.55119257967073,0,,29.48,,972.29,1,1929.14682539683,7.564833124782,1,76.94,0,12562,0,3,,12562,0,,,2,4420,6168,12562,14659,14659,2097,15988,1,0,3395,15957,,0,0,4,0,12562,M01AX05,"",M01,M01A,M01AX,M01AX25,81 MG,1,1,,,,,,,,,,M01AX25,"",,1,,,,,,,,,,1,1,0,0,0,0,0,0,0,0,0,,2.08,57.12,2,021009CJB,383.218,1.46,34,126.2,34,50.44,8,13604,13604,29.48,0,4,2,81,0,2,0,0,0,0,0,0,0,0,0,0,0,174,64.75,0,0,0,0,0,0,1,,,,,6,8,,0,1,0,0,0,0,0,1,1,1,0,2,0,324,1,0,0,76,29.1793299854992,0,0,0,0,0,,0,0,0,0,0,,0,,1,4,0,0,1,,,0,86.4,0,59.5238095238095,4.08637639257292,2,0,0,0,85,0,1,,17389,,,,15.1750700280112,1,Q3,low,low,Q1-Q3,Q1-Q3,,,,,,
1,2810231180,2017-09-06,1023.1,2,1,188,66,43,90,0.7,3,113.3,5.5,11267,903.000882612533,6.80572353083903,1.74228571428571,0.555197880070695,0,,30.28,,1055.94,1,931.985878199471,6.83731766242431,1,59.68,0,11267,0,3,,11267,0,,,2,4300,5656,11267,13392,13392,2125,,0,0,,,,0,0,4,0,11267,C10AX06,1000 MG,C10,C10A,C10AX,C10AX06,81 MG,1,,,,,1,,,,,,"","",,,,,,,,,,,,1,0,0,0,0,1,0,0,0,0,0,,1.29,22.14,2,011309CJB,383.782,1.04,4,162.7,4,118.178,8,12777,12777,30.28,0,1,1,81,0,2,0,0,0,0,0,0,0,0,0,0,0,126,63.5,0,0,0,0,0,0,1,,,,,3,8,,0,0,0,0,0,0,0,1,1,1,0,,0,567,1,0,0,74,21.969931719639,0,0,0,0,0,,0,0,0,0,0,,0,,,,0,0,0,,,0,113.4,0,26.4783759929391,3.27632839961629,1,0,1,0,85,0,0,16042,,16042,27,4775,10.6235397954416,0,Q2,low,low,Q1-Q3,Q1-Q3,,13.0732375085558,1,1,1,0
7,2810231402,2017-08-13,1472.6,2,1,164,36,68,100,0.96,3,81.9,5.7,3653,1798.0463980464,7.49445602006368,1.859410430839,0.620259464811453,0,1.4,39.78,40.58,689.87,2,842.332112332112,6.73617436917267,1,66.33,0,3653,0,3,13,3653,0,,,1,3653,,,,,,168,1,1,-4828,-1175,,0,0,4,0,3653,B01AC06,81 MG,B01,B01A,B01AC,B01AC06,81 MG,1,,,,,,,,,,,"","",,,,,,,,,,,,1,0,0,0,0,0,0,0,0,0,0,,1.13,68.13,2,010509CJB,365.552,1.74,3,257.3,3,196.735,3,,,39.78,1,1,1,81,0,,0,0,0,0,0,0,,,,,0,163,66.25,0,0,0,0,0,0,1,,,,,2,3,,1,0,1,0,,,0,,1,1,0,1,0,567,1,0,0,66,26.1108765720558,0,0,1,0,1,,0,0,0,0,0,,1,-989,3,1,1,0,0,,,0,114.4,0,36.6300366300366,3.60086857679122,2,0,0,0,82,1,1,,7096,-989,13,3443,21.9273950981268,0,Q4,high,high,Q1-Q3,Q4,Cancer Death,9.42642026009582,1,0,0,0
1,2810231480,2017-12-16,288.9,2,1,221,76,89,105,0.84,3,43.2,5.7,11434,668.75,6.50541029821022,1.77202643171806,0.57212376839109,0,,38.58,,252.7,1,584.953703703704,6.37153270513218,1,65.24,0,11434,0,3,,11434,0,,,2,4342,5651,11434,,,,,0,0,,,,0,0,4,0,11434,B01AC06,81 MG,B01,B01A,B01AC,B01AC06,81 MG,1,,,,,,,,,,,"","",,,,,,,,,,,,1,0,0,0,0,0,0,0,0,0,0,,2.33,45.42,2,020409bCJ,317.488,2.8,27,217.2,27,133.726,8,12580,12580,38.58,0,1,1,81,0,2,0,0,0,0,0,0,0,0,0,0,0,120,64,0,0,0,0,0,0,1,,,,,3,0,,0,1,0,0,0,0,0,1,1,1,0,2,0,567,1,0,0,72,20.5980880711761,0,0,0,0,0,,0,0,0,0,0,,0,,,,0,0,0,,,0,127.2,0,69.4444444444445,4.24052707240018,2,0,0,0,69,0,0,,16367,,,,9.69202898550724,1,Q1,low,low,Q1-Q3,Q1-Q3,,,,,,
1,2810231661,2017-12-31,448.5,2,1,222,66,78,95,0.74,3,58.9,5.6,12349,761.460101867572,6.6352377768294,1.7772397094431,0.575061435653483,0,,24.82,,464.35,1,788.370118845501,6.66996767355257,1,,0,12349,,,,12349,0,,,2,,5369,12349,14379,14379,2030,,0,0,,,,0,0,,0,12349,B01AC06,81 MG,B01,B01A,B01AC,B01AC06,81 MG,1,,,,,,,,,,,"","",,,,,,,,,,,,1,0,0,0,0,0,0,0,0,0,0,,4.92,40.11,2,020909CJB,468.514,1.03,33,188.7,33,122.432,8,13415,13415,24.82,0,1,1,81,0,2,0,0,0,0,0,0,0,0,0,0,0,121,60.5,0,0,0,0,0,0,1,,,,,3,2,,0,1,0,0,0,0,0,1,1,1,0,2,0,567,1,0,0,69,23.2423605343079,0,0,0,0,0,,0,0,0,0,0,,0,,,,0,0,0,,,0,140.4,0,50.9337860780985,3.93052647699271,2,0,0,0,83,0,0,,17200,,,,9.17421809479003,1,Q1,low,low,Q1-Q3,Q1-Q3,,,,,,
1,2810231840,2018-01-06,421.1,2,1,207,44,109,94,0.89,3,50.1,5.1,12567,840.518962075848,6.73401951306516,1.55913978494624,0.444134249267318,1,,37.88,,425.23,1,848.7624750499,6.7437793769091,1,,0,12567,,,,12567,0,,,1,,5525,12567,14732,14732,2165,,0,0,,,,0,0,,0,12567,C10AX06,1000 MG,C10,C10A,C10AX,C10AX06,81 MG,1,,,,,1,,,,,,"","",,,,,,,,,,,,1,0,0,0,0,1,0,0,0,0,0,,0.69,50.49,2,021109CJB,497.986,1.22,35,208.3,35,199.441,8,13592,13592,37.88,0,1,1,81,0,8,0,0,0,0,0,0,0,0,0,0,0,242,75.25,0,0,0,0,0,0,1,,,,,7,1,,0,1,0,0,0,0,0,,1,1,0,2,0,567,1,0,0,53,30.0474741411509,0,0,0,0,0,,0,0,0,0,0,,0,,,,0,0,0,,,0,141.2,0,59.8802395209581,4.09234655955943,2,0,1,0,98,0,0,,17377,,,,8.57672410281478,1,Q1,low,low,Q1-Q3,Q1-Q3,,,,,,
1,2810233297,2017-10-30,916.6,2,1,191,70,92,99,0.71,4.7,48.2,5.9,11694,1901.65975103734,7.55048233700656,3.25649622799665,1.18065184070383,0,,34.4,,1116.09,1,2315.53941908714,7.74739794978244,1,66.45,0,11694,0,3,41,11694,1,3111,14805,2,4400,5622,11694,13883,13883,2189,,0,0,,,,0,1,4,1,11694,M01AX05,TAB,M01,M01A,M01AX,M01AX25,81 MG,1,1,,,,1,,,,,,M01AX25,"",,1,,,,,,,,,,1,1,0,0,0,1,0,0,0,0,0,,2,59.55,2,012709CJB,491.548,1.48,16,162.4,16,98.949,8,13003,13003,34.4,0,4,2,81,0,2,0,0,0,0,0,0,0,0,0,0,0,158,68.25,0,0,0,0,0,0,1,,,,,8,2,,0,1,0,0,0,0,0,1,1,1,0,2,0,324,1,0,0,68,23.848297907923,0,0,0,0,0,,0,0,0,0,0,,0,,,,0,0,1,,,0,102.6,1,97.5103734439834,4.5799587666416,2,0,1,0,88,1,1,,16794,14805,41,5100,21.6097698981516,1,Q4,high,high,Q1-Q3,Q4,CHF,13.9630390143737,1,1,1,0
1,2810233594,2017-09-06,1284.8,2,1,153,31,154,96,0.76,10.8,71.1,5.3,11530,1807.0323488045,7.49944119237139,1.78368469294225,0.57868127691288,0,,34.3,,648.49,1,912.081575246132,6.81572943261604,1,65.13,0,11530,0,3,,11530,0,,,2,4267,5754,11530,13680,13680,2150,,0,0,,,,0,0,4,0,11530,C03DB02,10 MG,C09,C09A,C09AA,C09AA07,"",,,,,,,,1,,,,C09AA07,"",,,,,1,,,,,,,0,0,0,0,1,0,0,1,0,0,0,,3.33,147.6,2,011309CJB,306.466,1.81,4,113.6,4,129.963,8,13029,13029,34.3,1,2,1,81,0,0,0,0,0,0,0,0,0,0,0,0,0,173,62.75,0,0,0,0,0,0,1,,,,,6,2,,0,1,1,0,0,0,0,0,1,1,0,2,0,1134,2,0,0,52,30.8904514572573,0,0,1,0,1,,0,0,0,0,0,,0,,,,0,0,0,,,0,91.2,1,151.898734177215,5.02321407630312,2,0,0,0,90,1,1,,15890,,,,20.0781372089389,1,Q4,high,high,Q1-Q3,Q4,,,,,,
7,2810234224,2017-08-10,2833.2,2,1,264,40,1136,130,0.71,6.7,170.1,7.1,3836,1665.60846560847,7.41794578046574,,,,1.2,68.86,67.66,949.94,2,558.459729570841,6.32518251129158,1,43.38,3,3836,1,2,41,3836,1,588,4424,2,3836,6272,,,6272,2436,,0,0,,,,0,1,3,1,3836,C10AA01,40 MG,C10,C10A,C10AA,C10AA01,81 MG,1,,,1,,1,1,,,1,,"","",,,,,,,,,,,,1,0,0,1,0,1,1,0,0,1,0,,3.12,157.8,2,122208CJB,419.526,1.97,1,216.7,1,100.554,3,,,68.86,1,1,1,81,1,,0,0,0,0,0,0,,,,,0,134,55.75,1,1,0,0,0,0,,,1,,,7,0,,0,0,1,1,,,0,,2,3,0,,0,567,1,0,1,54,30.3124240345285,0,1,1,1,1,,0,0,0,0,0,,0,,,,0,0,0,,,0,-3.19999999999999,1,39.3885949441505,3.67347630597724,2,1,0,1,97,0,1,,8505,4424,41,4669,17.1712212949326,0,Q3,high,low,Q1-Q3,Q1-Q3,CHF,12.7830253251198,1,1,1,0
1,2810234266,2017-10-07,3294.2,2,1,188,63,128,91,0.85,40,133.4,5.4,12256,2469.41529235382,7.81173667785514,2.61782178217822,0.962342591136272,0,,32.34,,866.24,1,649.355322338831,6.4759800589325,1,69.2,0,12256,0,3,,12256,0,,,2,4606,5806,12256,14312,14312,2056,,0,0,,,,0,0,4,0,12256,C09AA03,5 MG,C09,C09A,C09AA,C09AA03,81 MG,1,,,1,1,,,1,,,,"","",,,,,,,,,,,,1,0,0,1,1,0,0,1,0,0,0,,1.95,43.61,2,012009CJB,377.186,2.85,10,188.2,10,131.763,8,13655,13655,32.34,1,3,2,81,0,2,0,0,0,0,0,0,0,0,0,0,0,162,63,0,0,0,0,0,0,1,,,,,3,6,,0,1,1,0,0,0,0,1,1,1,0,2,0,243,1,0,0,75,28.6972002515434,0,0,1,0,1,,0,0,0,0,0,,0,,,,0,0,1,,,0,99.4,1,299.850074962519,5.70328259961455,2,0,0,0,67,1,1,,17447,,,,36.8569446619974,1,Q4,high,high,Q4,Q4,,,,,,
1,2810234386,2017-11-21,1250.5,2,1,130,33,201,139,1.07,328.3,126.7,6.2,12106,986.977111286503,6.89464684897867,1.0512070226774,0.0499390493550754,1,,28.74,,1591.77,1,1256.32991318074,7.13594998226638,1,75.11,0,12106,0,3,,12106,0,,,1,4523,5715,12106,,,,14063,1,0,1957,14063,,0,0,4,0,12106,M01AX05,1500 MG / 1500,M01,M01A,M01AX,M01AX05,81 MG,1,1,,1,1,1,1,1,,,,"","",,,,,,,,,,,,1,1,0,1,1,1,1,1,0,0,0,,1.76,239.9,2,012709bCJ,354.632,0.34,17,165.9,17,132.306,8,13388,13388,28.74,1,1,1,81,1,8,0,0,0,0,0,0,0,0,0,0,0,221,70.5,0,0,0,0,0,0,1,,,,,3,6,,0,1,1,1,0,0,0,,1,1,0,2,0,567,1,0,0,74,31.2622082917321,0,0,1,1,1,141,0,1,0,1,0,,0,,1,1,0,0,1,1,12152,0,56.8,1,2591.16022099448,7.85986101616259,3,1,0,1,68,0,0,14067,,8743,6,,14.5143692836251,1,Q2,low,low,Q1-Q3,Q1-Q3,Angina,,,,,
1,2810234696,2018-01-13,1319,2,1,150,70,56,92,1.04,24.8,148,5.2,11980,891.216216216216,6.79258706494129,3.82623169107856,1.34188042618366,0,,40.02,,1142.57,1,772.006756756757,6.64899330226207,1,68.93,0,11980,0,3,,11980,0,,,2,4432,5652,11980,13981,13981,2001,,0,0,,,,0,0,4,0,11980,C10AA05,20 MG,C10,C10A,C10AA,C10AA05,81 MG,1,,,1,1,1,1,,,,,"","",,,,,,,,,,,,1,0,0,1,1,1,1,0,0,0,0,,1.45,31.46,2,021309CJB,374.858,1.68,39,228.6,39,156.695,8,12954,12954,40.02,1,1,1,81,0,1,0,0,0,0,0,0,0,0,0,0,0,139,66,0,0,0,0,0,0,1,,,,,4,1,,0,1,1,0,0,0,0,0,1,1,0,2,0,567,1,0,0,76,22.4353341268666,0,0,1,1,1,,0,0,0,0,0,,0,,,,0,0,1,,,0,68.8,1,167.567567567568,5.12138665838896,2,0,0,1,52,0,0,,16681,,,,17.1387733887734,1,Q2,low,low,Q1-Q3,Q1-Q3,,,,,,
7,2810235588,2017-08-13,1380.3,2,1,164,84,53,112,0.67,3,55.6,6.3,4555,2482.55395683453,7.81704313056109,2.61137440758294,0.959876675676848,0,0,39.94,39.96,1545.99,2,2780.55755395683,7.9304067455527,1,62.23,0,4555,0,3,,4555,0,,,2,4555,,,,,,,0,0,,,,0,0,4,0,4555,M01AE02,500 MG,M01,M01A,M01AE,M01AE02,325 MG,1,1,,1,,1,1,1,,1,1,"","",,,,,,,,,,,,1,1,0,1,0,1,1,1,0,1,1,,12.99,97.59,2,123008CJB,,,3,235.2,3,120.941,3,,,39.94,1,1,1,325,1,,0,0,0,0,0,0,,,,,0,194,58.5,1,1,1,1,1,1,,1,,,,3,10,,0,1,1,1,,,0,,2,2,0,2,0,2275,2,0,1,68,39.856174386905,0,1,1,1,1,141,0,1,0,1,0,,0,,,,0,0,0,2,6250,0,69.4,0,53.9568345323741,3.98818436639371,2,1,0,1,105,1,1,6479,,825,6,,23.6433710174717,1,Q4,high,high,Q4,Q4,Angina,,,,,
1,2810235756,2017-12-23,538.2,2,1,172,28,266,220,1.07,10.6,123.4,7.2,12754,436.14262560778,6.07796931280961,1.00251677852349,0.00251361674031612,1,,60.02,,1220.79,1,989.294975688817,6.89699254366351,1,62.94,0,12754,0,3,,12754,0,,,1,4539,5870,12754,,,,,0,0,,,,0,0,4,0,12754,C10AB04,20 / 25 MG,C03,C03A,C03AA,C03AA03,325 MG,1,,,,1,1,,,1,1,,C03AA03,"",,,,,,,,1,,,,1,0,0,0,1,1,0,1,1,1,0,,2.15,295.2,2,020709CJB,305.292,2.04,30,185.3,30,149.073,8,13848,13848,60.02,1,1,1,325,1,8,0,0,0,0,0,0,0,0,0,1,0,300,71.25,0,0,0,0,0,0,1,,,,,7,7,,0,1,1,1,1,0,0,,1,1,0,2,0,2275,2,0,0,66,41.5486703549585,0,1,1,1,1,140,0,1,1,0,0,,0,,,,0,0,0,,,0,90.8,1,85.8995137763371,4.45317816862887,2,1,1,0,72,0,0,13819,,13819,27,1065,6.05753646677472,0,Q1,low,low,Q1-Q3,Q1-Q3,,2.91581108829569,0,0,0,0
1,2810236640,2017-08-29,1122,2,1,166,60,172,160,0.89,5.2,57,6.3,11510,1968.42105263158,7.58498700423618,1.15498763396538,0.144089637392957,1,,56,,540.37,1,948.017543859649,6.85437300826485,1,62.93,0,11510,0,3,,11510,0,,,2,4284,5642,11510,14112,14112,2602,,0,0,,,,0,0,4,0,11510,M01AX05,37.5/25,C03,C03A,C03AA,C03AA03,81 MG,1,1,,,,,,1,,,,C03AA03,"",,,,,,,,1,,,,1,1,0,0,0,0,0,1,0,0,0,,12.03,120.9,2,011209CJB,363.282,3.7,2,134.8,2,85.997,8,13062,13062,56,1,1,1,81,2,2,0,0,0,0,0,0,0,0,0,0,0,273,61.75,0,0,0,0,0,0,1,,,,,2,2,,0,0,1,1,0,0,0,1,1,1,0,,0,567,1,0,0,75,50.337812160815,0,0,1,0,1,,0,0,0,0,0,,0,,,,0,0,0,,,0,71.6,1,91.2280701754386,4.51336263673497,2,1,0,0,63,1,1,16753,,16753,28,5243,31.2447786131997,,Q4,high,high,Q4,Q4,Death,14.3545516769336,1,1,1,0
1,2810236715,2017-11-26,222.9,2,1,178,68,59,89,0.73,3.4,53.9,5.4,12482,413.543599257885,6.02476294846496,2.35811423390753,0.857862246195149,0,,40.9,,643.12,1,1193.17254174397,7.08437104009285,1,52.46,0,12482,1,2,,12482,0,,,1,4483,5791,12482,14470,14470,1988,,0,0,,,,0,0,3,0,12482,C09AA03,5 MG,C09,C09A,C09AA,C09AA03,325 MG,1,,,,1,,,,,,,"","",,,,,,,,,,,,1,0,0,0,1,0,0,0,0,0,0,,4.89,36.05,2,020309CJB,563.434,9.29,23,144.5,23,102.793,8,13678,13678,40.9,1,1,1,325,0,8,0,0,0,0,0,0,0,0,0,0,0,209,70.5,0,0,0,0,0,0,1,,,,,6,7,,0,1,1,0,0,0,0,,1,1,0,2,0,2275,2,0,0,65,29.5647128188779,0,0,1,0,1,,0,0,0,0,0,,0,,,,0,0,1,,,0,98.2,0,63.0797773654917,4.1444002326893,2,0,0,0,97,0,0,,17466,,,,4.26333607482356,1,Q1,low,low,Q1-Q3,Q1-Q3,,,,,,
1,2810237682,2017-11-13,1405.9,2,1,157,51,76,98,0.54,42.6,54.4,5.8,11391,2584.375,7.85723897821206,4.18421052631579,1.43131804249385,0,,49.78,,1033.67,1,1900.12867647059,7.54967688731954,1,71,0,11391,0,3,41,11391,1,2064,13455,1,4335,5660,11391,13501,13501,2110,13501,1,0,1503,12894,,0,1,4,1,11391,C10AA05,10 MG,C10,C10A,C10AA,C10AA05,81 MG,1,,,,,1,1,,,,,"","",,,,,,,,,,,,1,0,0,0,0,1,1,0,0,0,0,,0.54,34.15,2,012709CJB,344.346,2.01,16,156.9,16,135.526,8,12690,12690,49.78,0,1,1,81,0,8,0,0,0,0,0,0,0,0,0,0,1,115,66.25,0,0,0,0,0,0,1,,,,,3,5,,0,1,0,0,0,0,1,,1,1,0,2,0,567,1,1,0,85,18.4217840845792,0,0,0,1,0,140,0,1,1,0,0,,0,,1,3,0,0,1,,,0,90.8,1,783.088235294118,6.66324537839557,3,0,0,1,96,1,1,13556,,7578,7,,26.9205729166667,1,Q4,high,high,Q4,Q4,Coronary Insufficiency,,,,,
7,2810238990,2017-08-13,4253.5,2,1,166,52,168,117,0.74,6.4,278.5,5.7,4283,1527.28904847397,7.33124957903669,1.80490103675778,0.590505763000763,0,1.7,36.6,37.48,1836.6,2,659.461400359066,6.49142344180017,1,61.89,0,4283,0,3,,4283,0,,,1,4283,6603,,,6603,2320,,0,0,,,,0,0,4,0,4283,C10AX09,40 MG,C10,C10A,C10AA,C10AA01,81 MG,1,,,,1,1,,,,,,C10AA01,"",,,,,,1,1,,,,,1,0,0,0,1,1,1,0,0,0,0,,0.16,47.56,2,010509CJB,403.688,1.44,4,245.8,4,146.106,3,,,36.6,1,1,1,81,0,,1,0,0,50,0,0,,,,,0,147,65.5,0,0,0,0,0,0,1,,,,,4,1,,1,0,1,0,,,0,,1,1,1,1,0,567,1,0,0,59,24.0901967731329,0,0,1,1,1,,0,0,0,0,0,,0,,,,0,0,0,,,0,80.4,1,22.9802513464991,3.13463520998042,1,0,0,1,101,0,1,,8813,,,,15.121673747267,1,Q3,high,low,Q1-Q3,Q1-Q3,,,,,,
1,2810239511,2018-02-08,2074,2,1,196,65,67,100,0.93,3,69.2,5.6,12091,2997.1098265896,8.00540371215394,3.86648250460405,1.35234518019031,0,,25.22,,744.53,1,1075.91040462428,6.98092247017703,1,61.14,0,12091,0,3,2,12091,1,1895,13986,2,4327,5680,12091,14021,14021,1930,,0,0,,,,0,1,4,1,12091,C07AB02,25 MG,C07,C07A,C07AB,C07AB02,"",1,,,1,,,,,,,,"","",,,,,,,,,,,,1,0,0,1,0,0,0,0,0,0,0,,0.57,41.9,2,021909CJB,,,46,147.7,46,93.809,8,12901,12901,25.22,1,3,2,81,0,2,0,0,0,0,0,0,0,0,0,0,0,140,62.25,0,0,0,0,0,0,1,,,,,6,6,,0,1,1,0,0,0,0,1,1,1,0,2,0,243,1,0,0,62,25.4012411058644,0,0,1,0,1,,0,0,0,0,1,13986,0,,,,0,0,0,,,0,117.6,0,43.3526011560694,3.76936670502662,2,0,0,0,66,1,1,,16682,13986,2,4591,45.4107549483272,0,Q4,high,high,Q4,Q4,MI,12.5694729637235,1,1,1,0
1,2810239708,2018-01-10,1418.5,2,1,157,83,54,102,0.89,8.6,152.6,5.7,11894,929.554390563565,6.83470532138664,1.92117117117117,0.652934985059454,0,,35.64,,1105.22,1,724.259501965924,6.58514975629543,1,66.54,0,11894,0,3,41,11894,1,4157,16051,1,4341,5685,11894,13861,13861,1967,14021,1,0,2127,14021,,0,1,4,1,11894,C10AA05,10 MG,C10,C10A,C10AA,C10AA05,81 MG,1,,,,1,1,1,,,,,"","",,,,,,,,,,,,1,0,0,0,1,1,1,0,0,0,0,,0.89,56.77,2,021209CJB,443.948,1.54,38,143.6,38,82.177,8,12877,12877,35.64,1,1,1,81,0,8,0,0,0,0,0,0,0,0,0,0,0,162,67.25,0,0,0,0,0,0,1,,,,,7,8,,0,1,1,0,0,0,0,,1,1,0,2,0,567,1,0,0,81,25.1846575472148,0,0,1,1,1,,0,0,0,0,0,,0,,1,1,0,0,0,,,0,63.2,1,56.3564875491481,4.03169736339124,2,0,0,1,80,0,0,16079,,16051,41,,11.6194298820446,1,Q2,low,low,Q1-Q3,Q1-Q3,CHF,,,,,
1,2810239920,2017-10-22,256.6,2,1,188,43,150,122,0.81,3,24.2,5.7,12457,1060.3305785124,6.96633600500699,2.26533742331288,0.817723720604727,0,,38,,817.98,1,3380.0826446281,8.12565543925154,1,64.11,0,12457,0,3,,12457,0,,,1,4531,5804,12457,14623,14623,2166,,0,0,,,,0,0,4,0,12457,M01AE02,375 MG,M01,M01A,M01AE,M01AE02,325 MG,1,1,,1,,,,1,,,,"","",,,,,,,,,,,,1,1,0,1,0,0,0,1,0,0,0,,1.51,115.6,2,012109CJB,242.456,1.06,11,205,11,178.168,8,13842,13842,38,1,1,1,325,0,8,0,0,0,0,0,0,0,0,0,1,0,175,67.75,0,0,0,0,0,0,1,,,,,5,7,,0,1,1,0,1,0,0,,1,1,0,2,0,2275,2,0,0,60,26.8055709652085,0,0,1,0,1,140,0,1,1,0,0,,0,,,,0,0,0,,,0,115,0,123.96694214876,4.82001493448761,2,0,0,0,97,0,0,,17634,9795,6,5177,10.9312430774474,1,Q2,low,low,Q1-Q3,Q1-Q3,Angina,14.1738535249829,1,1,1,0
1,2810241781,2018-01-06,1207.6,2,1,215,77,65,100,0.87,5.3,108.5,5.4,11495,1112.99539170507,7.01481021084026,,,,,39.16,,977.9,1,901.290322580645,6.80382742832581,1,60.31,0,11495,0,3,15,11495,0,,,2,4232,5632,11495,13646,13646,2151,,0,0,,,,0,0,4,0,11495,M01AX05,TABLET,M01,M01A,M01AX,M01AX25,81 MG,1,1,,,,,,,,,,M01AX25,"",,1,,,,,,,,,,1,1,0,0,0,0,0,0,0,0,0,,1.75,41.99,2,021109CJB,333.294,1.2,35,274.4,35,142.776,8,12526,12526,39.16,0,1,1,81,0,2,0,0,0,0,0,0,0,0,0,0,0,144,62,0,0,0,0,0,0,1,,,,,7,6,,0,1,0,0,0,0,0,1,1,1,0,2,0,567,1,0,0,67,26.3381171923634,0,0,0,0,0,,0,0,0,0,0,,1,2953,,,0,0,0,,,0,125,1,48.8479262672811,3.8887119265597,2,0,0,0,69,0,0,,16311,2953,15,4816,16.1303679957256,0,Q2,low,low,Q1-Q3,Q1-Q3,Subarachnoid Hemmorhage,13.1854893908282,1,1,1,0
1,2810242282,2017-11-13,446,2,1,182,38,257,101,0.62,3,41.2,5.8,11530,1082.52427184466,6.98705088165267,2.46090534979424,0.900529310610083,0,,43.7,,779.15,1,1891.14077669903,7.54493551152423,1,59.72,0,11530,0,3,,11530,0,,,2,4348,5657,11530,14108,14108,2578,,0,0,,,,0,0,4,0,11530,M01AX05,TAB,M01,M01A,M01AX,M01AX25,81 MG,1,1,,1,,1,1,,,,,M01AX25,"",,1,,,,,,,,,,1,1,0,1,0,1,1,0,0,0,0,,1.23,140.3,2,012909CJB,465.822,2.12,18,223.4,18,156.39,8,12793,12793,43.7,1,2,1,81,0,2,0,0,0,0,0,0,0,0,0,0,0,198,62,0,0,0,0,0,0,1,,,,,7,0,,0,1,1,0,0,0,0,1,1,1,0,2,0,1134,2,0,0,65,36.2149111394997,0,0,1,1,1,,0,0,0,0,0,,0,,,,0,0,1,,,0,92.6,0,72.8155339805825,4.28792931129477,2,0,0,1,95,0,0,,16584,,,,11.3949923352069,1,Q2,low,low,Q1-Q3,Q1-Q3,,,,,,
1,2810242292,2017-10-25,2056.2,2,1,163,37,251,108,0.63,13.5,109.3,5.4,12208,1881.24428179323,7.53968868891422,1.05963302752294,0.0579226477327045,1,,44.12,,958.33,1,876.788655077768,6.77626597710202,1,69.99,0,12208,0,3,,12208,0,,,2,4584,5784,12208,14328,14328,2120,,0,0,,,,0,0,4,0,12208,C10AX06,500 MG,C10,C10A,C10AX,C10AX06,81 MG,1,,,1,,1,1,,,,,"","",,,,,,,,,,,,1,0,0,1,0,1,1,0,0,0,0,,1.8,81.17,2,012209CJB,393.704,20.14,13,133.3,13,127.476,8,13568,13568,44.12,1,1,1,81,0,2,0,0,0,0,0,0,0,0,0,0,0,150,63.25,0,0,0,0,0,0,1,,,,,6,0,,0,1,1,0,0,0,0,1,1,1,0,2,0,567,1,0,0,71,26.3618455965685,0,0,1,1,1,,0,0,0,0,0,,0,,,,0,0,0,,,0,75.8,1,123.513266239707,4.81634856924403,2,0,0,1,90,1,1,,17360,,,,20.902714242147,1,Q4,high,high,Q1-Q3,Q4,,,,,,
1,2810243014,2017-11-13,2190.7,2,1,163,47,141,112,0.99,21,228.1,5.6,12065,960.412099956159,6.8673624631392,1.41324200913242,0.34588636230815,1,,22.58,,1719.23,1,753.71766768961,6.62501785185053,1,71.81,0,12065,0,3,,12065,0,,,1,4674,5717,12065,14186,14186,2121,,0,0,,,,0,0,4,0,12065,C10AA01,40 MG,C10,C10A,C10AA,C10AA01,81 MG,1,,,,,1,1,,,,,"","",,,,,,,,,,,,1,0,0,0,0,1,1,0,0,0,0,,3.11,323.2,2,012709bCJ,433.708,0.25,17,194.3,17,142.938,8,13348,13348,22.58,0,1,1,81,0,8,0,0,0,0,0,0,0,0,0,0,0,253,75.75,0,0,0,0,0,0,1,,,,,4,6,,0,1,0,0,0,0,0,,1,1,0,2,0,567,1,0,0,63,30.9999404431708,0,0,0,1,0,,0,0,0,0,0,,0,,,,0,0,0,,,0,87.8,1,92.0648838228847,4.52249358741522,2,0,0,1,81,0,0,,17139,12677,11,5074,11.8569395056316,1,Q2,low,low,Q1-Q3,Q1-Q3,Atherothrombotic Infarction of Brain,13.8918548939083,1,1,1,0
1,2810243026,2018-02-22,564.3,2,1,198,65,95,93,1,3,65.9,,12786,856.297420333839,6.75261776945472,2.31123287671233,0.837781095022128,0,,35.5,,524.93,1,796.555386949924,6.68029666484824,1,71.53,0,12786,0,3,,12786,0,,,1,,5905,12786,,,,6953,1,1,-5890,6896,,0,0,4,0,12786,B01AC06,81 MG,B01,B01A,B01AC,B01AC06,81 MG,1,,,,,,,,,,,"","",,,,,,,,,,,,1,0,0,0,0,0,0,0,0,0,0,,0.4,62.32,2,022109CJB,409.134,0.98,50,315.3,50,184.503,8,13378,13378,35.5,0,1,1,81,0,8,0,0,0,0,0,0,0,0,0,0,0,204,70.5,0,0,0,0,0,0,1,,,,,8,1,,0,1,0,0,0,0,0,,1,1,0,2,0,567,1,0,0,56,28.857423038522,0,0,0,0,0,,0,0,0,0,0,,0,,1,6,1,0,0,,,0,114,0,45.5235204855842,3.81822912614179,2,0,0,0,84,0,0,,17158,,,,10.1940169087362,1,Q2,low,low,Q1-Q3,Q1-Q3,,,,,,
7,2810243993,2017-08-12,2309.6,2,1,209,67,162,101,1.21,4.8,194.6,5.8,4585,1186.84480986639,7.07905364458491,2.70488322717622,0.995058742115691,0,3.2,28.98,27.7,1487.24,2,764.254881808839,6.63890134846247,1,68.98,0,4585,0,3,,4585,0,,,2,4585,,,,,,,0,0,,,,0,0,4,0,4585,C10AX06,37.5/25,C03,C03A,C03AA,C03AA03,81 MG,1,,,,,1,,1,,,,C03AA03,"",,,,,,,,1,,,,1,0,0,0,0,1,0,1,0,0,0,,5.12,56.42,2,122208CJB,267.604,18.14,1,188.2,1,135.707,3,,,28.98,1,1,1,81,0,,0,0,0,0,0,0,,,,,0,148,68.25,0,0,0,0,0,0,,1,,,,8,8,,0,1,1,0,,,0,,2,2,0,2,0,567,1,0,0,71,22.3389119643835,0,0,1,0,1,,0,0,0,0,0,,0,,,,0,0,0,,,0,109.6,1,24.6659815005139,3.20542502714408,1,0,1,0,52,0,1,5422,,5422,27,837,22.8239386512768,0,Q3,low,high,Q1-Q3,Q1-Q3,,2.29158110882957,0,0,0,0
1,2810245027,2018-01-13,877.3,2,1,138,32,195,101,1.14,3.1,110.7,5.6,11593,792.502258355917,6.67519535540784,1.60428305400372,0.47267696145912,1,,44.82,,1183.37,1,1068.98825654923,6.97446792551029,1,41.8,3,11593,1,2,41,11593,1,4272,15865,1,4237,5648,11593,13595,13595,2002,,0,0,,,,0,1,3,1,11593,C10AA05,10 MG,C10,C10A,C10AA,C10AA05,81 MG,1,,,,,1,1,,,,,"","",,,,,,,,,,,,1,0,0,0,0,1,1,0,0,0,0,,0.88,128.6,2,021309CJB,239.928,3.31,39,189,39,162.696,8,12568,12568,44.82,0,1,1,81,0,8,0,0,0,0,0,0,0,0,0,0,0,184,66.5,0,0,0,0,0,0,1,,,,,2,8,,0,0,0,0,0,0,0,,1,1,0,,0,567,1,0,0,72,29.253655658083,0,0,0,1,0,,0,0,0,0,0,,0,,,,0,0,1,,,0,67,0,28.003613369467,3.33233355075865,1,0,0,1,64,0,0,,16352,15865,41,4759,12.3828477868112,0,Q1,low,low,Q1-Q3,Q1-Q3,CHF,13.0294318959617,1,1,1,0
1,2810245191,2018-02-03,1149,2,1,187,33,245,95,1.02,6.9,149.6,5.5,12389,768.048128342246,6.64385239829647,1.52360203340595,0.421077290227588,1,,43.62,,879.03,1,587.586898395722,6.37602414724332,1,73.72,0,12389,0,3,,12389,0,,,1,4600,5719,12389,13894,13894,1505,,0,0,,,,0,0,4,0,12389,C10AA05,10 MG,C10,C10A,C10AA,C10AA05,325 MG,1,,,,1,1,1,,,,,"","",,,,,,,,,,,,1,0,0,0,1,1,1,0,0,0,0,,1.63,343.2,2,021809bCJ,339.728,5.28,45,228.4,45,179.282,8,13229,13229,43.62,1,1,1,325,0,8,0,0,0,0,0,0,0,0,0,0,0,194,69.5,0,0,0,0,0,0,1,,,,,5,1,,0,0,1,0,0,0,0,,1,1,0,,0,2275,2,0,0,64,28.2382470463404,0,0,1,1,1,141,0,1,0,1,0,,0,,,,0,0,0,,,0,105,1,46.1229946524064,3.83131162504497,2,0,0,1,77,0,0,,17010,15332,6,4621,9.97465101743177,0,Q1,low,low,Q1-Q3,Q1-Q3,Angina,12.6516084873374,1,1,1,0
1,2810245938,2017-09-30,865,2,1,157,41,145,122,1.11,6.8,119,5.5,11286,726.890756302521,6.58877619980844,1.56430155210643,0.44743943179019,1,,48.38,,959.01,1,805.890756302521,6.69194819523431,1,58.7,0,11286,0,3,,11286,0,,,1,4315,5639,11286,13403,13403,2117,,0,0,,,,0,0,4,0,11286,C10AA05,40 MG,C10,C10A,C10AA,C10AA05,81 MG,1,,,,,1,1,1,,,,"","",,,,,,,,,,,,1,0,0,0,0,1,1,1,0,0,0,,1.63,84.7,2,011609CJB,817.134,18.66,9,212.7,9,163.344,8,12703,12703,48.38,1,1,1,81,0,8,0,0,0,0,1,1,0,0,0,0,0,177,68,0,0,0,0,0,0,1,,,,,3,1,,0,1,1,0,0,0,0,,1,1,0,2,2,567,1,0,0,64,26.9129344487063,0,0,1,1,1,,0,0,0,0,0,,0,,,,0,0,0,,,0,87,1,57.1428571428572,4.04555439805267,2,0,0,1,70,0,0,,16495,,,,10.3841536614646,1,Q1,low,low,Q1-Q3,Q1-Q3,,,,,,
1,2810246570,2017-12-24,362.6,2,1,220,60,136,96,0.71,3,37.1,5.3,11930,977.358490566038,6.88485351469545,1.1436205744823,0.134199172282059,1,,20.34,,310.37,1,836.576819407008,6.72931835052837,1,63.45,0,11930,0,3,,11930,0,,,2,4711,6056,11930,14079,14079,2149,,0,0,,,,0,0,4,0,11930,C10AA03,20 MG,C10,C10A,C10AA,C10AA03,81 MG,1,,,,1,1,1,,,,,"","",,,,,,,,,,,,1,0,0,0,1,1,1,0,0,0,0,,2.06,86.81,2,020709CJB,270.794,0.72,32,177,32,157.352,8,13008,13008,20.34,1,1,1,81,0,2,0,0,0,0,0,0,0,0,0,0,0,175,66.5,0,0,0,0,0,0,1,,,,,8,1,,0,1,1,0,0,0,0,1,1,1,0,2,0,567,1,0,0,59,27.8227703269811,0,0,1,1,1,,0,0,0,0,0,,0,,,,0,0,0,,,0,132.8,0,80.8625336927224,4.39275059803686,2,0,0,1,93,0,0,,16794,,,,10.5092310813552,1,Q2,low,low,Q1-Q3,Q1-Q3,,,,,,
1,2810246754,2018-02-03,3779,2,,,,,,,31.3,94.9,,12341,3982.08640674394,8.2895611837217,,,,,,,2341.14,,2466.95468914647,7.81073974957774,1,61.73,0,12341,0,3,,12341,0,,,2,4755,5664,12341,14242,14242,1901,,0,0,,,,0,0,4,0,12341,C09CA07,40 MG,C09,C09C,C09CA,C09CA07,325 MG,1,,,1,1,,,,,1,,"","",,,,,,,,,,,,1,0,0,1,1,0,0,0,0,1,0,,,,,"",,,,,,,,,,,1,1,1,325,1,2,0,0,0,0,0,0,0,0,0,0,0,173,61.75,0,0,0,0,0,0,1,,,,,5,7,,0,1,1,1,0,0,0,1,1,1,0,2,0,2275,2,0,0,71,31.8990531275495,0,1,1,0,1,,0,0,0,0,0,,0,,,,0,0,0,,,0,,1,329.820864067439,5.79854967091236,3,1,0,0,,1,1,,16948,7010,6,4607,,0,Q4,high,,,Q4,Angina,12.6132785763176,1,1,1,0
1,2810247311,2017-12-02,377.3,2,1,241,57,140,99,0.67,3.6,41.3,6,11529,913.559322033898,6.81734831299137,,,,,36.42,,247.8,1,600,6.39692965521615,1,76.59,0,11529,0,3,,11529,0,,,2,4369,5662,11529,13812,13812,2283,,0,0,,,,0,0,4,0,11529,C10AX09,160/12.5,C03,C03A,C03AA,C03AA03,"",,,,,1,1,1,,,,,C03AA03,"",,,,,,,,1,,,,0,0,0,0,1,1,1,1,0,0,0,,0.45,88.71,2,020409CJB,186.834,1.34,26,80.1,26,109.08,8,12691,12691,36.42,1,6,2,500,0,2,0,0,0,0,0,0,0,0,0,0,0,161,61.25,0,0,0,0,0,0,1,,,,,8,6,,0,1,1,0,0,0,0,1,1,1,0,2,0,3000,2,0,0,69,30.1730562644799,0,0,1,1,1,,0,0,0,0,0,,0,,,,0,0,1,1,13569,0,156,0,87.1670702179177,4.46782662447721,2,0,0,1,90,0,0,,16478,,,,10.15065913371,1,Q2,low,low,Q1-Q3,Q1-Q3,,,,,,
1,2810247357,2017-12-14,992.4,2,1,170,49,165,132,1,3,71.8,6.7,12116,1382.17270194986,7.23141196175156,1.81229773462783,0.594595506831449,0,,51.8,,621.27,1,865.278551532033,6.76305147998552,1,67.77,0,12116,0,3,,12116,0,,,2,4577,5704,12116,14073,14073,1957,15018,1,0,2786,14902,,0,0,4,0,12116,M01AX25,400 MG,M01,M01A,M01AX,M01AX25,325 MG,1,1,,1,1,1,1,1,,,,"","",,,,,,,,,,,,1,1,0,1,1,1,1,1,0,0,0,,3.27,160,2,020309bCJ,373.61,6.11,24,94.5,24,81.196,8,13299,13299,51.8,1,1,1,81,1,2,0,0,0,0,0,0,0,0,0,0,0,217,59.25,0,0,0,0,0,0,1,,,,,3,2,,0,1,1,1,0,0,0,1,1,1,0,2,0,567,1,0,0,76,43.4598914382895,0,0,1,1,1,,0,0,0,0,0,,0,,1,1,0,0,0,,,0,88,0,41.7827298050139,3.73248309159607,2,1,0,1,55,0,1,16909,,16909,26,4793,25.1304127627247,0,Q3,high,high,Q4,Q1-Q3,,13.1225188227242,1,1,1,0
1,2810247907,2017-08-29,1077.7,2,1,160,68,71,95,0.93,277,45.8,6.1,12231,2353.05676855895,7.76347051447074,1.83161833489242,0.605199912065411,0,,47.12,,515.23,1,1124.95633187773,7.02549949777647,1,67.99,0,12231,0,3,,12231,0,,,1,5316,6238,12231,14427,14427,2196,12906,1,0,675,12906,,0,0,4,0,12231,C10AX06,500 MG,C10,C10A,C10AX,C10AX06,325 MG,1,,,,1,1,1,,,,,"","",,,,,,,,,,,,1,0,0,0,1,1,1,0,0,0,0,,3.31,55.71,2,010909CJB,,,2,221,2,137.918,8,13790,13790,47.12,1,1,1,325,0,8,1,1,1,0,0,0,0,0,0,0,0,190,64.25,0,0,0,0,0,0,1,,,,,3,6,,0,1,1,0,0,0,0,,1,1,2,2,0,2275,2,0,0,78,32.3603305838839,1,0,1,1,1,140,0,1,1,0,0,,0,,2,1,0,0,0,,,0,77.8,1,6048.03493449782,8.70748869404934,3,0,0,1,78,1,1,,17564,,,,30.1673944687045,1,Q4,high,high,Q4,Q4,,,,,,
1,2810247945,2017-10-25,680.5,2,1,272,60,146,102,0.66,4.7,20.5,5.8,11957,3319.51219512195,8.10757312193525,2.60955710955711,0.959180517110793,0,,58.84,,473.84,1,2311.41463414634,7.74561501181244,1,81.98,0,11957,0,3,,11957,0,,,2,4601,5740,11957,14058,14058,2101,,0,0,,,,0,0,4,0,11957,C10AX06,1000 MG,C10,C10A,C10AX,C10AX06,81 MG,1,,,1,,1,,,,,,"","",,,,,,,,,,,,1,0,0,1,0,1,0,0,0,0,0,,4.57,32.57,2,012209CJB,330.32,2.84,12,235.6,12,184.046,8,13331,13331,58.84,1,1,1,81,0,2,0,0,0,0,0,0,0,0,0,0,0,155,61.25,,,,,,,1,,,,,3,6,,0,1,1,0,0,0,0,1,1,1,0,2,0,567,1,0,0,85,29.0485945403378,0,0,1,0,1,,0,0,0,0,0,,0,,,,0,0,1,,,0,182.8,1,229.268292682927,5.43489290155379,2,0,1,0,81,1,1,16212,14700,16212,28,4255,40.9816320385426,0,Q4,high,high,Q4,Q4,Death,11.6495550992471,1,1,0,0
1,2810248924,2018-02-03,1008.3,2,1,142,70,135,109,0.81,3,82.2,5.9,11868,1226.64233576642,7.11203590732513,2.01631205673759,0.701270128278786,0,,22.26,,1495.08,1,1818.83211678832,7.50594988002473,1,65.78,0,11868,0,3,13,11868,0,,,2,4319,5642,11868,14182,14182,2314,14182,1,0,1010,12878,,0,0,4,0,11868,M01AX05,20/12.5 MG,M01,M01A,M01AX,M01AX25,81 MG,1,1,,1,1,1,1,,,,,M01AX25,"",,1,,,,,,1,,,,1,1,0,1,1,1,1,1,0,0,0,,0.65,59.01,2,021909CJB,301.784,1.67,46,205.6,46,103.079,8,12684,12684,22.26,1,1,1,81,0,2,0,0,0,0,0,0,0,0,0,0,0,153,62.25,0,0,0,0,0,0,1,,,,,5,0,,0,1,1,0,0,0,0,1,1,1,0,2,0,567,1,0,0,78,27.7599277799804,0,0,1,1,1,,0,0,0,0,0,,1,16055,1,3,0,0,0,,,0,45,0,36.4963503649635,3.59721226558811,2,0,0,1,70,0,1,,16465,16055,13,4597,17.5234619395203,0,Q3,low,low,Q1-Q3,Q1-Q3,Cancer Death,12.5859000684463,1,1,1,0
1,2810249735,2018-01-08,3459,2,1,176,66,125,104,0.95,11.6,139.4,5.7,12420,2481.34863701578,7.81655749659884,2.59132189707366,0.952168130479864,0,,37.22,,1996.13,1,1431.94404591105,7.26678827267272,1,73.82,0,12420,0,3,,12420,0,,,2,4517,5706,12420,14483,14483,2063,,0,0,,,,0,0,4,0,12420,C07AB03,37.5/ 25MG,C03,C03A,C03AA,C03AA03,81 MG,1,,,1,,,,1,,,,C03AA03,"",,,,,,,,1,,,,1,0,0,1,0,0,0,1,0,0,0,,4.53,52.86,2,021109bCJ,335.772,1.88,36,175.5,36,96.667,8,13436,13436,37.22,1,1,1,81,0,2,1,0,0,72,0,0,0,0,0,0,0,150,61,,,,,,,1,,,,,7,8,,0,1,1,0,0,0,0,1,1,1,1,2,0,567,1,0,0,73,28.3424377652303,0,0,1,0,1,,0,0,0,0,0,,0,,,,0,0,0,,,0,85,1,83.2137733142037,4.42141287876803,2,0,0,0,59,1,1,,17221,,,,42.0567565595895,1,Q4,high,high,Q4,Q4,,,,,,
1,2810250887,2017-12-23,175.6,2,1,189,69,66,99,1.94,3.9,41.7,5.7,12589,421.103117505995,6.04287773838435,2.34901158827539,0.853994638944893,0,,37.78,,342.2,1,820.623501199041,6.71006441864143,1,64.17,0,12589,0,3,,12589,0,,,2,4586,5881,12589,,,,,0,0,,,,0,0,4,0,12589,C09CA08,40 MG,C09,C09C,C09CA,C09CA08,81 MG,1,,,1,1,,,,,,,"","",,,,,,,,,,,,1,0,0,1,1,0,0,0,0,0,0,,2.71,37.89,2,020609CJB,358.384,2.38,30,224.9,30,152.96,8,13686,13686,37.78,1,1,1,81,0,2,0,0,0,0,0,0,0,0,0,0,0,144,59.5,0,0,0,0,0,0,1,,,,,3,0,,0,1,1,0,0,0,0,1,1,1,0,2,0,567,1,0,0,88,28.5979019807768,0,0,1,0,1,,0,0,0,0,0,,0,,,,0,0,1,,,0,106.8,1,93.5251798561151,4.53823070331298,2,0,0,0,23,0,0,16430,,16430,26,3841,18.3088311959128,0,Q1,low,high,Q1-Q3,Q1-Q3,,10.5160848733744,1,1,0,0
1,2810250910,2018-01-14,564.4,2,1,219,47,306,93,0.97,3,94.5,5.4,11724,597.248677248677,6.39233357146705,2.52353616532721,0.925661158111064,0,,37.38,,852.01,1,901.597883597884,6.80416861533803,1,56.62,0,11724,0,3,,11724,0,,,1,3996,5654,11724,13751,13751,2027,,0,0,,,,0,0,4,0,11724,M01AX05,20/125,M01,M01A,M01AX,M01AX25,"",,1,,1,1,1,1,,,,,M01AX25,"",,1,,,,,,1,,,,0,1,0,1,1,1,1,1,0,0,0,,0.19,207.4,2,021309CJB,334.476,0.85,40,201.4,40,157.924,8,12676,12676,37.38,1,1,1,81,0,8,0,0,0,0,0,0,0,0,0,0,0,213,71.5,0,0,0,0,0,0,1,,,,,5,8,,0,1,1,0,0,0,0,,1,1,0,2,0,567,1,0,0,66,29.2936259988614,0,0,1,1,1,,0,0,0,0,0,,0,,,,0,0,0,,,0,110.8,0,31.7460317460318,3.45776773315055,2,0,0,1,81,0,0,,16460,,,,7.37344045986021,1,Q1,low,low,Q1-Q3,Q1-Q3,,,,,,
1,2810251933,2017-10-25,2051.4,2,1,150,36,129,101,0.96,7,133.6,5.3,12070,1535.47904191617,7.33659769075886,,,,,54.08,,925.76,1,692.934131736527,6.54093494667332,1,64.59,0,12070,0,3,,12070,0,,,1,4624,5769,12070,14231,14231,2161,,0,0,,,,0,0,4,0,12070,C10AA05,20 MG,C10,C10A,C10AA,C10AA05,162 MG,1,,,1,,1,1,,,,,"","",,,,,,,,,,,,1,0,0,1,0,1,1,0,0,0,0,,0.33,84.34,2,020209CJB,204.79,1.73,22,146.9,22,120.341,8,13292,13292,54.08,1,1,1,160,0,8,0,0,0,0,0,0,0,0,0,0,0,192,66.75,0,0,0,0,0,0,1,,,,,3,6,,0,1,1,0,0,0,0,,1,1,0,2,0,1120,2,0,0,79,30.2973260914329,0,0,1,1,1,141,0,1,0,1,0,,0,,,,0,0,1,,,0,88.2,1,52.3952095808383,3.95881516693491,2,0,0,1,75,0,1,,17080,12551,6,5010,20.4730538922156,0,Q3,high,high,Q1-Q3,Q1-Q3,Angina,13.7166324435318,1,1,1,0
1,2810252344,2017-10-30,1386.5,2,1,201,49,133,97,1.02,18.2,169.8,5.3,12512,816.548881036514,6.70508677716668,3.35506519558676,1.21047120260049,0,,41.44,,1127.07,1,663.763250883392,6.49792553602301,1,79.14,0,12512,0,3,,12512,0,,,2,4502,5818,12512,14518,14518,2006,,0,0,,,,0,0,4,0,12512,C09AA03,50 MG,C09,C09A,C09AA,C09AA03,81 MG,1,,,,1,,,1,,,,"","",,,,,,,,,,,,1,0,0,0,1,0,0,1,0,0,0,,7.06,77.48,2,012309CJB,322.748,4.23,14,214.9,14,142.09,8,13849,13849,41.44,1,1,1,81,0,2,0,0,0,0,0,0,0,0,0,0,0,152,59,0,0,0,0,0,0,1,,,,,3,6,,0,1,1,0,0,0,0,1,1,1,0,2,0,567,1,0,0,70,30.7004808206686,0,0,1,0,1,,0,0,0,0,0,,0,,,,0,0,0,,,0,125.4,1,107.18492343934,4.67455559918764,2,0,0,0,56,0,0,,17641,,,,14.5812300185092,1,Q1,low,low,Q1-Q3,Q1-Q3,,,,,,
7,2810252467,2017-08-10,1233.8,2,1,157,52,82,122,0.81,3,113.7,6,4661,1085.13632365875,6.98946090200714,2.26080363912055,0.815720342607369,0,0.1,49.34,49.42,1406.79,2,1237.28232189974,7.1206725774752,1,78.17,0,4661,0,3,,4661,0,,,2,4661,6677,,,6677,2016,,0,0,,,,0,0,4,0,4661,C10AX06,100/25,C03,C03B,C03BA,C03BA04,81 MG,1,,,1,,1,1,,,,,C03BA04,"",,,,,,,,1,,,,1,0,0,1,0,1,1,1,0,0,0,,3.69,173.3,2,122908CJB,286.31,3.18,2,137.6,2,93.704,3,,,49.34,1,1,1,81,0,,0,0,0,0,0,0,,,,,0,216,69.5,0,0,0,0,0,0,,1,,,,8,7,,0,1,1,0,,,0,,2,2,0,2,0,567,1,0,0,67,31.4405224845852,0,0,1,1,1,,0,0,0,0,0,,0,,,,0,0,0,,,0,88.6,0,26.3852242744063,3.27280416689376,1,0,0,1,87,0,0,,9267,,,,12.4728313064224,1,Q2,low,low,Q1-Q3,Q1-Q3,,,,,,
1,2810252989,2017-12-24,834.5,2,1,230,87,85,97,0.52,12.7,58.9,5.6,11704,1416.80814940577,7.25616183843244,,,,,31.52,,908.47,1,1542.39388794567,7.34109096115761,1,75.78,0,11704,0,3,,11704,0,,,2,4307,5707,11704,13800,13800,2096,13433,1,0,1729,13433,,0,0,4,0,11704,B01AC06,81 MG,B01,B01A,B01AC,B01AC06,81 MG,1,,,,,,,,,,,"","",,,,,,,,,,,,1,0,0,0,0,0,0,0,0,0,0,,1.33,35.11,2,020709CJB,284.954,0.65,31,222.4,31,158.114,8,12790,12790,31.52,0,1,1,81,0,2,0,0,0,0,0,0,0,0,0,0,0,126,60.25,0,0,0,0,0,0,1,,,,,7,0,,0,1,0,0,0,0,0,1,1,1,0,2,0,567,1,0,0,74,24.4040583809547,0,0,0,0,0,,0,0,0,0,0,,0,,1,1,0,0,1,,,0,126,1,215.619694397284,5.37351618178914,2,0,0,0,94,0,1,,16576,,,,15.072427121338,1,Q3,high,low,Q1-Q3,Q1-Q3,,,,,,
7,2810253793,2017-08-16,1924,2,1,223,60,135,97,0.58,7,95.5,5.8,3862,2014.65968586387,7.60820556972706,2.94219154443486,1.07915472693781,0,1.9,40.86,41.96,1199.56,2,1256.08376963351,7.13575404037217,1,65.48,0,3862,0,3,,3862,0,,,2,3862,5858,,,5858,1996,,0,0,,,,0,0,4,0,3862,C10AA01,40 MG,C10,C10A,C10AA,C10AA01,81 MG,1,,,,1,1,1,,,,,"","",,,,,,,,,,,,1,0,0,0,1,1,1,0,0,0,0,,6.66,85.06,2,010609CJB,445.086,5.86,,,,,,,,40.86,1,1,1,81,0,,0,0,0,0,0,0,,,,,0,173,56.5,0,0,0,0,0,0,,,,,,4,1,,1,0,1,0,,,0,,,,0,1,0,567,1,0,0,58,38.1026182993708,0,0,1,1,1,,0,0,0,0,0,,0,,,,0,0,0,,,0,136,1,73.2984293193717,4.29453918055077,2,0,0,1,102,1,1,,8342,,,,19.751565547685,1,Q4,high,high,Q1-Q3,Q4,,,,,,
1,2810254435,2018-01-08,1477.9,2,1,206,73,99,107,0.85,34.5,113.3,5.5,12552,1304.41306266549,7.17350845817466,3.04352441613588,1.11301619130701,0,,35.56,,1629.82,1,1438.49955869373,7.27135587620931,1,74.84,0,12552,0,3,,12552,0,,,1,4362,5936,12552,,,,,0,0,,,,0,0,4,0,12552,C10AA05,20 MG,C10,C10A,C10AA,C10AA05,81 MG,1,,,,,1,1,,,,,"","",,,,,,,,,,,,1,0,0,0,0,1,1,0,0,0,0,,4.68,130.7,2,021109CJB,295.55,4.22,36,198.7,36,142.347,8,13569,13569,35.56,0,1,1,81,0,8,0,0,0,0,0,0,0,0,0,0,0,227,69.75,0,0,0,0,0,0,1,,,,,8,1,,0,1,0,0,0,0,0,,1,1,0,2,0,567,1,0,0,58,32.8052269007764,0,0,0,1,0,,0,0,0,0,0,,0,,,,0,0,1,,,0,113.2,1,304.5013239188,5.71867543498549,3,0,0,1,96,0,1,13853,,13853,27,1301,13.5876360694322,0,Q3,high,low,Q1-Q3,Q1-Q3,,3.56194387405886,0,0,0,0
1,2810255204,2017-10-07,2476.6,2,1,212,53,115,97,1.21,3,67.2,5.6,11539,3685.41666666667,8.21213886923999,,,,,41.84,,776.88,1,1156.07142857143,7.05278283674509,1,75.17,0,11539,0,3,,11539,0,,,1,4474,5680,11539,13682,13682,2143,,0,0,,,,0,0,4,0,11539,M01AE01,400 MG,M01,M01A,M01AE,M01AE01,325 MG,1,1,,,1,,,,,,,"","",,,,,,,,,,,,1,1,0,0,1,0,0,0,0,0,0,,2.03,28.23,2,012009CJB,563.676,1.24,10,186.2,10,131.678,8,12939,12939,41.84,1,1,1,325,0,8,0,0,0,0,0,0,0,0,0,0,0,162,69,0,0,0,0,0,0,1,,,,,6,7,,0,1,1,0,0,0,0,,1,1,0,2,0,2275,2,0,0,70,23.9233748788859,0,0,1,0,1,,0,0,0,0,0,,0,,,,0,0,0,,,0,136,0,44.6428571428571,3.79869432012114,2,0,0,0,60,1,1,,16731,,,,61.4236111111111,1,Q4,high,high,Q4,Q4,,,,,,
1,2810255445,2018-02-03,1462.1,2,0,164,82,68,98,1.28,3,63.1,5.8,11864,2317.11568938193,7.74807845386432,,,,,70,,1389.59,1,2202.2028526149,7.69721343502644,1,67.12,0,11864,0,3,,11864,0,,,2,4024,,11864,,,,,0,0,,,,0,0,4,0,11864,C10AA05,10 MG,C10,C10A,C10AA,C10AA05,81 MG,1,,,,1,1,1,1,,,,"","",,,,,,,,,,,,1,0,0,0,1,1,1,1,0,0,0,,10.47,96.19,2,021909CJB,694.676,5.3,46,229,46,105.965,8,12679,12679,70,1,1,1,81,0,2,1,1,1,0,0,0,0,0,0,0,0,126,63,0,0,0,0,0,0,,,,,,,,,,,1,0,0,0,0,1,1,1,2,,0,567,1,0,0,68,22.3200446400893,1,0,1,1,1,,0,0,0,0,0,,0,,,,0,0,1,,,0,68.4,0,47.5435816164818,3.86164679810308,2,0,0,1,43,1,1,13382,,13382,28,1518,53.8864113809752,0,Q4,high,high,Q4,Q4,Death,4.15605749486653,1,0,0,0
1,2810255563,2017-12-31,1421.9,2,1,124,41,89,143,1.42,41.8,112.4,5.7,12298,1265.03558718861,7.14285553293083,2.56984478935698,0.943845503837073,0,,42.32,,1026.16,1,912.953736654804,6.8166852075201,1,80.39,0,12298,0,3,12,12298,1,1843,14141,1,5037,6124,12298,14207,14207,1909,15251,1,0,1635,13933,,0,1,4,1,12298,C10AX09,10 MG,C10,C10A,C10AX,C10AX09,325 MG,1,,1,1,1,1,1,1,,,,"","",,,,,,,,,,,,1,0,1,1,1,1,1,1,0,0,0,,4.81,197.8,2,020909CJB,504.038,4.39,32,144.7,32,138.384,8,13367,13367,42.32,1,1,1,325,2,8,0,0,0,0,0,0,0,0,0,0,0,286,70.25,0,0,0,0,0,0,1,,,,,4,1,,0,1,1,1,0,0,0,,1,1,0,2,0,2275,2,0,0,66,40.7454378060185,0,0,1,1,1,,0,0,0,0,0,,1,14767,1,1,0,0,0,3,12861,0,65.2,1,371.886120996441,5.91858768105326,3,1,0,1,51,0,1,,17153,14141,41,4855,24.8046193566395,0,Q3,low,high,Q4,Q1-Q3,CHF,13.2922655715264,1,1,1,0
1,2810255798,2018-02-17,272.2,2,1,117,50,114,78,1.06,3,16.3,5.8,11988,1669.93865030675,7.42054216839274,,,,,44.9,,332.76,1,2041.47239263804,7.62142658759106,1,57.44,0,11988,0,3,,11988,0,,,2,4323,5649,11988,,,,14108,1,0,2120,14108,,0,0,4,0,11988,C10AX09,20/25 MG,C03,C03A,C03AA,C03AA03,325 MG,1,,,1,1,1,,,,1,,C03AA03,"",,,,,,,,1,,,,1,0,0,1,1,1,0,1,0,1,0,,1.75,79.38,2,022009CJB,358.374,5.82,48,223.6,48,128.829,8,12705,12705,44.9,1,1,1,325,1,2,0,0,0,0,0,0,0,0,0,1,0,200,59,0,0,0,0,0,0,,,,,1,2,2,,0,0,1,1,1,0,0,1,2,3,0,,0,2275,2,0,0,68,40.3953695008798,0,1,1,1,1,140,0,1,1,0,0,,0,,1,1,0,0,0,,,0,44.2,0,184.049079754601,5.21520245983753,2,1,1,0,54,0,1,14108,,11767,6,,30.9247898204953,1,Q3,high,high,Q4,Q1-Q3,Angina,,,,,
1,2810256450,2018-01-01,458.3,2,1,187,39,255,156,1.04,117.7,40.7,7.6,11707,1126.04422604423,7.02646608505462,,,,,54.36,,1194.7,1,2935.38083538084,7.98459248036272,1,70.77,0,11707,0,3,2,11707,1,1881,13588,2,4285,5725,11707,13748,13748,2041,,0,0,,,,0,1,4,1,11707,C10AX06,1200 MG,C10,C10A,C10AX,C10AX06,"",,,,1,1,1,1,1,,,,"","",,,,,,,,,,,,0,0,0,1,1,1,1,1,0,0,0,,1.28,143.6,2,021009CJB,416.476,2.64,34,150,34,123.809,8,12756,12756,54.36,1,1,1,81,1,2,0,0,0,0,0,0,0,0,0,0,0,164,62,0,0,0,0,0,0,1,,,,,3,6,,0,1,1,1,0,0,0,1,1,1,0,2,0,567,1,0,0,78,29.9961890246361,0,0,1,1,1,141,0,1,1,1,1,13584,0,,,,0,0,1,,,0,97,1,2891.89189189189,7.96966620079982,3,1,0,1,51,0,0,16306,,11347,11,,22.0792985498868,1,Q2,low,high,Q1-Q3,Q1-Q3,Atherothrombotic Infarction of Brain,,,,,
1,2810256805,2018-02-17,1127.1,2,1,204,65,68,103,0.99,3,110.3,5.2,12232,1021.84950135993,6.92936950097667,0.872947277441659,-0.135880117358371,1,,41.88,,1688.49,1,1530.81595648232,7.33355617712037,1,63.62,0,12232,0,3,,12232,0,,,1,4410,5687,12232,,,,,0,0,,,,0,0,4,0,12232,C10AA02,20 MG,C10,C10A,C10AA,C10AA02,325 MG,1,,,,,1,1,,,,,"","",,,,,,,,,,,,1,0,0,0,0,1,1,0,0,0,0,,2.95,50.61,2,022009CJB,355.198,2.97,49,399.1,49,201.394,8,12908,12908,41.88,0,2,1,325,0,8,0,0,0,0,0,0,0,0,0,0,0,179,69.5,0,0,0,0,0,0,1,,,,,4,2,,0,1,0,0,0,0,0,,1,1,0,2,0,4550,2,0,0,77,26.0548774293553,0,0,0,1,0,,0,0,0,0,0,,0,,,,0,0,0,,,0,125.4,0,27.1985494106981,3.30316364139079,1,0,0,1,73,0,0,,16688,,,,13.9979383747935,1,Q2,low,low,Q1-Q3,Q1-Q3,,,,,,
1,2810256956,2017-12-02,606.6,2,1,163,40,192,131,0.9,12.9,41.1,5.9,12545,1475.91240875912,7.29703165974038,1.44207317073171,0.366081780107789,1,,39.78,,386.52,1,940.43795620438,6.84634567761701,1,68.94,0,12545,0,3,,12545,0,,,1,4614,5819,12545,,,,,0,0,,,,0,0,4,0,12545,M01AX05,"",M01,M01A,M01AX,M01AX25,81 MG,1,1,,,1,1,,1,,,,M01AX25,"",,1,,,,,,,,,,1,1,0,0,1,1,0,1,0,0,0,,0.84,185.7,2,020409CJB,284.346,1.13,25,206,25,156.647,8,13713,13713,39.78,0,1,1,81,0,8,0,0,0,0,0,0,0,0,0,0,0,212,68,0,0,0,0,0,0,1,,,,,3,6,,0,1,0,0,0,0,0,,1,1,0,2,0,567,1,0,0,63,32.234701147603,0,0,1,1,1,,0,0,0,0,0,,0,,,,0,0,0,,,0,84.6,1,313.868613138686,5.74897446884758,3,1,1,0,91,0,1,,17501,,,,16.2188176786717,1,Q3,high,low,Q1-Q3,Q1-Q3,,,,,,
1,2810257316,2018-01-28,285.4,2,1,273,82,148,92,0.87,3,30,5.8,12539,951.333333333333,6.85786450936867,,,,,35.72,,330.19,1,1100.63333333333,7.00364105067742,1,81.58,0,12539,0,3,,12539,0,,,2,,5744,12539,14772,14772,2233,,0,0,,,,0,0,4,0,12539,M01AE01,200 MG,M01,M01A,M01AE,M01AE01,"",,1,,,,,,,,,,"","",,,,,,,,,,,,0,1,0,0,0,0,0,0,0,0,0,,1.65,97.48,2,021809CJB,362.896,1.09,43,189.9,43,142.109,8,13426,13426,35.72,0,2,2,500,0,2,0,0,0,0,0,0,0,0,0,0,0,163,61.25,0,0,0,0,0,0,1,,,,,8,2,,0,1,0,0,0,0,0,1,1,1,0,2,0,1000,2,0,0,59,30.5478768391939,0,0,0,0,0,,0,0,0,0,0,,0,,,,0,0,0,,,0,161.4,0,100,4.60517018598809,2,0,0,0,73,0,0,,17207,,,,13.0319634703196,1,Q2,low,low,Q1-Q3,Q1-Q3,,,,,,
7,2810257612,2018-11-26,4434.7,2,1,135,45,111,181,0.71,11.8,80.5,7.4,4599,5508.94409937888,8.61412825027636,3.46629213483146,1.2430854736133,0,,42.94,,1353.51,1,1681.37888198758,7.42736949884332,1,73.73,0,4599,0,3,,4599,0,,,1,4599,,,,,,,0,0,,,,0,0,4,0,4599,C10AX09,40 MG,C10,C10A,C10AA,C10AA01,81 MG,1,,,,1,1,,1,,1,,C10AA01,"",,,,,,1,1,1,,,,1,0,0,0,1,1,1,1,0,1,0,,2.89,106.8,2,010809CJB,194.806,1.95,5,139.4,5,83.482,3,,,42.94,1,1,1,81,1,,1,0,0,53,0,0,,,,,0,195,65,0,0,0,0,0,0,,1,,,,1,3,,1,0,1,1,,,0,,2,2,1,1,0,567,1,0,0,59,32.4499110536683,0,1,1,1,1,,0,0,0,0,0,,0,,,,0,0,0,,,0,67.8,1,146.583850931677,4.98759762602924,2,1,0,1,119,1,1,,5479,,,,46.2936478939402,1,Q4,high,high,Q4,Q4,,,,,,
1,2810258405,2017-09-27,2312.6,2,1,240,67,84,93,1.04,3,198.9,5.3,12013,1162.69482151835,7.05849571182303,2.83234244946492,1.0411040899423,0,,31.42,,2354.21,1,1183.61488185018,7.07632849382499,1,63.59,0,12013,0,3,,12013,0,,,1,,5328,12013,14139,14139,2126,,0,0,,,,0,0,4,0,12013,"","","","","","","",,,,,,,,,,,,"","",,,,,,,,,,,,0,0,0,0,0,0,0,0,0,0,0,,2.19,56.2,2,011609CJB,448.036,1.4,8,234,8,166.488,8,13441,13441,31.42,1,1,1,325,0,8,0,0,0,0,0,0,0,0,0,0,0,214,69.25,0,0,0,0,0,0,1,,,,,7,6,,0,0,1,0,0,0,0,,1,1,0,,0,2275,2,0,0,57,31.3747179645437,0,0,0,0,1,,0,0,0,0,0,,0,,,,0,0,0,,,0,156.2,0,15.0829562594268,2.71356538179032,1,0,0,0,79,0,1,,17234,,,,14.7176559685867,1,Q3,low,low,Q1-Q3,Q1-Q3,,,,,,
1,2810260070,2017-10-25,962.9,2,1,157,73,95,106,0.79,3,142.2,5.5,12595,677.144866385373,6.51788523286519,1.32202111613876,0.279161714175427,1,,36.5,,2011.35,1,1414.45147679325,7.25449708601271,1,64.96,0,12595,0,3,,12595,0,,,2,4575,5847,12595,14818,14818,2223,,0,0,,,,0,0,4,0,12595,M01AX05,TAB,M01,M01A,M01AX,M01AX25,81 MG,1,1,,,,1,1,,,,,M01AX25,"",,1,,,,,,,,,,1,1,0,0,0,1,1,0,0,0,0,,1.23,118.5,2,020209CJB,399.654,6.54,21,220.3,21,117.788,8,13820,13820,36.5,0,1,1,81,0,2,0,0,0,0,0,0,1,0,0,0,0,124,58.5,0,0,0,0,0,0,1,,,,,4,6,,0,0,0,0,0,0,0,1,1,1,0,,0,567,1,0,0,62,25.4750805359599,0,0,0,1,0,,0,0,0,0,0,,0,,,,0,0,0,,,0,65,0,21.0970464135021,3.04913305028111,1,0,0,1,80,0,0,,17608,,,,8.46431082981716,1,Q1,low,low,Q1-Q3,Q1-Q3,,,,,,
1,2810260211,2018-11-26,5711,2,1,115,30,151,111,0.98,3,147.8,5.7,12418,3864.00541271989,8.25945959613885,1.59984928409947,0.469909427371049,1,,35.92,,1780.07,1,1204.37753721245,7.09371814582958,1,66.39,0,12418,0,3,,12418,0,,,1,4536,5819,12418,14507,14507,2089,,0,0,,,,0,0,4,0,12418,C10AX06,10 MG,C10,C10A,C10AX,C10AX06,81 MG,1,,,,1,1,1,,,,,"","",,,,,,,,,,,,1,0,0,0,1,1,1,0,0,0,0,,2.15,63.08,2,011509CJB,457.238,6.21,7,140.1,7,105.946,8,13862,13862,35.92,1,1,1,81,0,8,0,0,0,0,0,0,0,0,0,0,0,162,68.5,0,0,0,0,0,0,1,,,,,6,1,,0,0,1,0,0,0,0,,1,1,0,,0,567,1,0,0,62,24.2738958491929,0,0,1,1,1,,0,0,0,0,0,,0,,,,0,0,0,,,0,54.8,0,20.297699594046,3.01050755913615,1,0,0,1,82,1,1,,17655,,,,47.1220172282914,1,Q4,high,high,Q4,Q4,,,,,,
1,2810260292,2018-02-22,1830.8,2,1,163,43,131,102,0.8,4.5,196.7,5.5,11995,930.757498729029,6.83599876937257,2.6950453593859,0.991415035160288,0,,44.88,,1035.82,1,526.598881545501,6.26643912314332,1,72.32,0,11995,0,3,,11995,0,,,1,,,11995,13303,13303,1308,13184,1,0,940,12935,,0,0,4,0,11995,C10AX09,20 MG,C10,C10A,C10AA,C10AA01,81 MG,1,,,,,1,,,,,,C10AA01,"",,,,,,1,1,,,,,1,0,0,0,0,1,1,0,0,0,0,,1.57,46.62,2,022009CJB,133.674,1.81,49,179.2,49,146.377,8,12657,12657,44.88,0,1,1,81,0,8,0,0,0,0,0,0,0,0,0,0,0,215,71.5,0,0,0,0,0,0,1,,,,,8,1,,0,0,0,0,0,0,0,,1,1,0,,0,567,1,0,0,62,29.5686835199775,0,0,0,1,0,,0,0,0,0,0,,0,,1,6,0,0,0,,,0,93.8,1,22.8774783934926,3.1301529503634,1,0,0,1,96,0,0,,16437,,,,9.69539061176072,1,Q2,low,low,Q1-Q3,Q1-Q3,,,,,,
1,2810260638,2017-09-02,1795.2,2,1,220,99,76,98,0.54,3,87.3,5.7,11545,2056.35738831615,7.62869143847091,2.27803738317757,0.82331427541605,0,,39.8,,1146.94,1,1313.79152348225,7.18067252852878,1,67.46,0,11545,0,3,,11545,0,,,2,4258,5645,11545,13784,13784,2239,,0,0,,,,0,0,4,0,11545,C10AX06,TABLET,C10,C10A,C10AX,C10AX06,162 MG,1,,,,,1,,,,,,"","",,,,,,,,,,,,1,0,0,0,0,1,0,0,0,0,0,,0.41,65.87,2,011209CJB,374.446,1.07,3,234.9,3,129.915,8,13070,13070,39.8,0,4,2,160,0,2,0,0,0,0,0,0,0,0,0,0,0,120,63,0,0,0,0,0,0,1,,,,,3,0,,0,1,0,0,0,0,0,1,1,1,0,2,0,640,2,0,0,69,21.2571853715136,0,0,0,0,0,,0,0,0,0,0,,0,,,,0,0,0,,,0,105.8,0,34.3642611683849,3.53701710480469,2,0,1,0,96,1,1,,16863,,,,21.4203894616266,1,Q4,high,high,Q1-Q3,Q4,,,,,,
1,2810260666,2017-12-23,230.2,2,1,183,71,120,107,0.75,3,40.3,5.4,12264,571.2158808933,6.34776721332324,2.56822810590631,0.943216208170399,0,,36.74,,391.62,1,971.761786600496,6.87911069891064,1,57.64,0,12264,0,3,,12264,0,,,2,4614,5732,12264,,,,,0,0,,,,0,0,4,0,12264,C10AX06,10 MG,C10,C10A,C10AX,C10AX06,81 MG,1,,,,,1,1,,,,,"","",,,,,,,,,,,,1,0,0,0,0,1,1,0,0,0,0,,0.44,69.78,2,020609CJB,376.152,5.19,30,205.8,30,121.913,8,13364,13364,36.74,0,1,1,81,0,2,0,0,0,0,0,0,0,0,0,0,0,133,61.75,0,0,0,0,0,0,1,,,,,4,6,,0,1,0,0,0,0,0,1,1,1,0,2,0,567,1,0,0,70,24.5235495142432,0,0,0,1,0,,0,0,0,0,0,,0,,,,0,0,1,,,0,88,0,74.4416873449132,4.31001609869761,2,0,0,1,81,0,0,,17150,,,,7.05204791226297,1,Q1,low,low,Q1-Q3,Q1-Q3,,,,,,
1,2810261287,2017-09-15,1137,2,1,178,63,104,101,0.94,3,82.6,5.3,11495,1376.51331719128,7.2273089992117,1.85354838709677,0.617101849065997,0,,31.4,,809.21,1,979.673123486683,6.88721896856272,1,60.3,0,11495,0,3,,11495,0,,,2,4397,5648,11495,13790,13790,2295,,0,0,,,,0,0,4,0,11495,C10AX06,75/50 MG,C03,C03A,C03AA,C03AA03,81 MG,1,,,,,1,1,1,,,,C03AA03,"",,,,,,,,1,,,,1,0,0,0,0,1,1,1,0,0,0,,0.56,59.25,2,022109CJB,221.422,1.02,6,165.6,6,124.571,8,12958,12958,31.4,1,1,1,81,0,2,0,0,0,0,0,0,0,0,0,0,0,174,62.25,0,0,0,0,0,0,1,,,,,6,7,,0,1,1,0,0,0,0,1,1,1,0,2,0,567,1,0,0,64,31.5701139458601,0,0,1,1,1,,0,0,0,0,0,,0,,,,0,0,0,,,0,94.2,0,36.319612590799,3.59235788712331,2,0,0,1,64,0,1,,16751,,,,21.5080205811138,1,Q3,high,high,Q1-Q3,Q1-Q3,,,,,,
1,2810261289,2018-02-01,787.2,2,1,143,43,110,114,0.95,3,65.4,4.7,12690,1203.66972477064,7.09313027326298,,,,,55.22,,1615.74,1,2470.5504587156,7.81219626257251,1,70.7,0,12690,0,3,,12690,0,,,1,4635,5805,12690,14751,14751,2061,,0,0,,,,0,0,4,0,12690,C10AA05,10 MG,C10,C10A,C10AA,C10AA05,375 MG,1,,,1,,1,1,,,,,"","",,,,,,,,,,,,1,0,0,1,0,1,1,0,0,0,0,,2.76,146,2,021809bCJ,386.186,5.61,44,294,44,247.131,8,13544,13544,55.22,1,1,1,325,0,8,0,0,0,0,1,1,0,0,0,0,0,242,65.25,0,0,0,0,0,0,1,,,,,7,1,,0,1,1,0,0,0,0,,1,1,0,2,2,2275,2,0,0,63,39.9631714840124,0,0,1,1,1,141,0,1,0,1,0,,0,,,,0,0,0,,,0,78,0,45.8715596330275,3.82584530918709,2,0,0,1,85,0,1,,17325,11762,6,4635,14.1608202914193,0,Q3,low,low,Q1-Q3,Q1-Q3,Angina,12.6899383983573,1,1,1,0
1,2810261435,2017-08-29,1904.1,2,1,198,38,195,106,1.07,7.6,99.3,5.7,12172,1917.52265861027,7.5587893499175,1.60721649484536,0.474503797560348,1,,38.28,,453.84,1,457.039274924471,6.12476932795528,1,63.52,0,12172,0,3,,12172,0,,,1,4531,5783,12172,14373,14373,2201,14981,1,0,2747,14919,,0,0,4,0,12172,C07AB02,25 MG,C07,C07A,C07AB,C07AB02,81 MG,1,,,1,,,,1,,,,"","",,,,,,,,,,,,1,0,0,1,0,0,0,1,0,0,0,,9.04,58.28,2,010909CJB,455.066,6.42,2,187.4,2,156.78,8,13734,13734,38.28,1,1,1,81,0,8,0,0,0,0,0,0,0,0,0,0,0,248,69.5,0,0,1,1,0,0,1,,,,,3,6,,0,1,1,0,0,0,0,,1,1,0,2,0,567,1,0,1,72,36.0983776674867,0,0,1,0,1,,0,0,0,0,0,,0,,2,1,0,0,1,,,0,121,1,76.5357502517623,4.3377579552233,2,0,0,0,69,1,1,,17528,,,,27.7901834581199,1,Q4,high,high,Q4,Q4,,,,,,
1,2810262427,2018-02-01,993.9,2,1,162,50,206,123,0.99,11.4,119.3,6.3,11843,833.109807208717,6.72516545485818,,,,,71.62,,1233.45,1,1033.90611902766,6.94109925696924,1,71.83,0,11843,0,3,,11843,0,,,1,4258,5671,11843,,,,,0,0,,,,0,0,4,0,11843,C10AA05,40 MG,C10,C10A,C10AA,C10AA05,"",,,,,1,1,1,,,1,,"","",,,,,,,,,,,,0,0,0,0,1,1,1,0,0,1,0,,0.65,109.7,2,021809CJB,260.876,1.7,43,196.1,43,142.376,8,12725,12725,71.62,1,1,1,81,1,8,0,0,0,0,0,0,0,0,0,0,0,218,70.75,0,0,0,0,0,0,1,,,,,7,2,,0,1,1,1,0,0,0,,1,1,0,2,0,567,1,0,0,59,30.6202842424789,0,1,1,1,1,,0,0,0,0,0,,0,,,,0,0,0,,,0,70.8,1,95.5574182732607,4.55972730527872,2,1,0,1,83,0,0,,16506,,,,10.0374675567315,1,Q1,low,low,Q1-Q3,Q1-Q3,,,,,,
1,2810262436,2017-12-16,679.1,2,1,173,35,255,122,0.85,6.2,56.5,5.7,12695,1201.94690265487,7.09169793995544,0.937015503875969,-0.0650554505882137,1,,51.78,,1125.53,1,1992.08849557522,7.59693886264733,1,38.67,3,12695,1,2,1,12695,1,-98,12597,1,4809,5859,12695,,,,12695,1,1,-5093,7602,,1,0,1,1,12695,C10AA05,20 MG,C10,C10A,C10AA,C10AA05,81 MG,1,,,1,1,1,1,1,,,1,"","",,,,,,,,,,,,1,0,0,1,1,1,1,1,0,0,1,,10.9,108.4,2,020409bCJ,325.502,8.1,27,187.9,27,178.053,8,13835,13835,51.78,1,1,1,81,0,8,0,0,0,0,0,0,0,1,0,1,1,200,72.75,0,0,0,0,0,0,1,,,,,3,8,,0,1,1,0,1,1,1,,1,1,0,2,0,567,1,1,0,73,26.5686576648953,0,0,1,1,1,141,0,1,1,1,1,7593,0,,1,3,1,1,1,,,0,87,1,109.734513274336,4.69806393288079,2,0,0,1,86,0,1,14127,14859,7593,1,2164,13.9761267750566,0,Q3,low,low,Q1-Q3,Q1-Q3,MI,5.92470910335387,1,0,0,0
7,2810262912,2017-08-10,4565,2,1,169,35,90,103,0.74,65,201.9,5.7,4383,2261.02030708271,7.72357145369837,1.54795821462488,0.436936781666833,1,2,38.6,39.7,1777.95,2,880.609212481427,6.78061395486292,1,70.13,0,4383,0,3,,4383,0,,,1,4383,6426,,,6426,2043,,0,0,,,,0,0,4,0,4383,B01AC06,325 MG,B01,B01A,B01AC,B01AC06,325 MG,1,,,,,,,,,,,"","",,,,,,,,,,,,1,0,0,0,0,0,0,0,0,0,0,,0.5,126.6,2,122308CJB,411.662,1.21,2,130.1,2,146.673,3,,,38.6,0,4,1,325,0,,0,0,0,0,0,0,,,,,0,207,72.5,0,0,0,0,0,0,,1,,,1,7,1,,0,0,0,0,,,0,,2,2,0,,0,9100,2,0,0,58,27.6885329038197,0,0,0,0,0,,0,0,0,0,0,,0,,,,0,0,0,,,0,116,1,321.941555225359,5.77437002355898,3,0,0,0,118,1,1,,9008,,,,19.1611890430738,1,Q4,high,high,Q1-Q3,Q4,,,,,,
1,2810262931,2017-12-02,549.1,2,1,223,47,191,148,1.16,3,52.2,5.8,11593,1051.91570881226,6.95836826538433,1.16967509025271,0.156726009604991,1,,63.86,,536.57,1,1027.91187739464,6.93528471996198,1,80.06,0,11593,0,3,,11593,0,,,1,4301,5659,11593,13651,13651,2058,,0,0,,,,0,0,4,0,11593,M01AE02,500 MG,M01,M01A,M01AE,M01AE02,81 MG,1,1,1,,1,1,,1,,1,,"","",,,,,,,,,,,,1,1,1,0,1,1,0,1,0,1,0,,0.54,111.1,2,020409CJB,361.354,0.28,25,219.3,25,147.968,8,12760,12760,63.86,1,1,1,81,1,8,0,0,0,0,0,0,0,0,0,0,0,240,67.75,0,0,0,0,0,0,1,,,,,6,1,,0,1,1,1,0,0,0,,1,1,0,2,0,567,1,0,0,59,36.761925895143,0,1,1,0,1,,0,0,0,0,0,,0,,,,0,0,1,,,0,137.8,0,57.4712643678161,4.05128507276165,2,1,1,0,69,0,0,,16548,,,,15.2451552001777,1,Q2,low,low,Q1-Q3,Q1-Q3,,,,,,
1,2810263206,2018-01-08,583.9,2,1,142,46,101,118,0.97,3,155,6,12636,376.709677419355,5.93147480435834,2.4219001610306,0.884552422576306,0,,23.92,,1133.61,1,731.361290322581,6.59490757886018,1,67.8,0,12636,0,3,,12636,0,,,1,5242,6730,12636,14643,14643,2007,,0,0,,,,0,0,4,0,12636,M01AE01,200 MG,M01,M01A,M01AE,M01AE01,325 MG,1,1,,,1,1,1,,,1,,"","",,,,,,,,,,,,1,1,0,0,1,1,1,0,0,1,0,,0.4,55.85,2,021109bCJ,223.274,1.15,36,128.3,36,97.429,8,13645,13645,23.92,1,1,1,325,1,8,0,0,0,0,0,0,0,0,0,0,0,188,69.75,0,0,0,0,0,0,1,,,,,8,5,,0,1,1,1,0,0,0,,1,1,0,2,0,2275,2,0,0,59,27.1690865962377,0,1,1,1,1,141,0,1,0,1,0,,0,,,,0,0,0,1,15074,0,75.8,0,19.3548387096774,2.962942450731,1,1,0,1,85,0,0,15288,13817,15288,27,2652,4.43187855787476,0,Q1,low,low,Q1-Q3,Q1-Q3,,7.26078028747433,1,0,0,0
1,2810265363,2017-11-13,954.2,2,1,194,62,97,101,0.93,3.5,112.7,6.1,12404,846.672582076309,6.74131405802437,,,,,38.38,,950.25,1,843.167701863354,6.73716587281172,1,,0,12404,,,13,12404,0,,,1,4585,5797,12404,14622,14622,2218,,0,0,,,,0,0,,0,12404,C10AA01,40 MG,C10,C10A,C10AA,C10AA01,"",,,,,1,1,1,1,,,,"","",,,,,,,,,,,,0,0,0,0,1,1,1,1,0,0,0,,1.22,40.05,2,012909CJB,273.986,1.65,18,305.2,18,182.502,8,13667,13667,38.38,1,1,1,81,0,8,0,0,0,0,0,0,0,0,0,0,0,158,63.75,0,0,0,0,0,0,1,,,,,2,6,,0,1,1,0,0,0,0,,1,1,0,2,0,567,1,0,0,79,27.3339453253301,0,0,1,1,1,,0,0,0,0,0,,1,15914,,,0,0,1,,,0,112.6,0,31.055900621118,3.43578882643177,2,0,0,1,78,0,0,,17458,15914,13,5054,10.854776693286,1,Q1,low,low,Q1-Q3,Q1-Q3,Cancer Death,13.8370978781656,1,1,1,0
1,2810266283,2017-12-31,172.9,2,1,195,85,66,86,0.77,3,13.1,5.7,12595,1319.84732824427,7.18527134847023,2.14036885245902,0.760978175143473,0,,39.08,,140.98,1,1076.18320610687,6.98117599212672,1,63.62,0,12595,0,3,,12595,0,,,2,4594,5800,12595,,,,,0,0,,,,0,0,4,0,12595,C10AA05,20 MG,C10,C10A,C10AA,C10AA05,325 MG,1,,,,,1,1,,,,,"","",,,,,,,,,,,,1,0,0,0,0,1,1,0,0,0,0,,0.33,31.01,2,021009CJB,445.502,0.75,33,184.8,33,130.935,8,13653,13653,39.08,0,1,1,325,0,2,0,0,0,0,0,0,0,0,0,0,0,133,64.5,0,0,0,0,0,0,1,,,,,7,6,,0,1,0,0,0,0,0,1,1,1,0,2,0,2275,2,0,0,68,22.4769730231727,0,0,0,1,0,,0,0,0,0,0,,0,,,,0,0,0,3,7561,1,96.8,0,229.007633587786,5.43375533744314,2,0,0,1,79,0,1,14504,,14504,28,1909,16.7069282056237,0,Q3,high,low,Q1-Q3,Q1-Q3,Death,5.22655715263518,1,0,0,0
1,2810266299,2018-12-22,6329.8,2,1,129,36,186,124,1.02,556.2,206.9,6.2,12785,3059.3523441276,8.02595852029905,1.04366347177849,0.0427370924563548,1,,30.72,,2039.12,1,985.558240695988,6.89320822245793,1,,,12785,,,1,12785,0,,,1,4551,5778,12785,,,,12785,1,1,-1706,11079,,0,0,,0,12785,C10AA05,40 MG,C10,C10A,C10AA,C10AA05,81 MG,1,,,1,1,1,1,,,,1,"","",,,,,,,,,,,,1,0,0,1,1,1,1,0,0,0,1,,6.5,646.1,2,021909CJB,,,46,189.5,46,157.495,8,13587,13587,30.72,1,1,1,81,0,8,0,0,0,0,0,0,0,1,0,0,0,339,68.5,0,0,0,0,0,0,1,,,,,4,6,,0,1,1,0,0,1,0,,1,1,0,2,0,567,1,0,0,63,50.7953746473852,0,0,1,1,1,141,0,1,0,1,1,11074,0,,1,3,1,1,0,,,0,55.8,1,2688.25519574674,7.8966476360305,3,0,0,1,78,1,1,15418,,11074,1,,39.2224659503538,1,Q4,high,high,Q4,Q4,MI,,,,,
1,2810266697,2017-11-26,437.8,2,1,149,39,111,137,1.41,304.7,67.7,5.8,11493,646.676514032496,6.47184619115862,1.48126463700234,0.392896207373051,1,,47.94,,522.98,1,772.496307237814,6.6496272284858,1,59.46,0,11493,0,3,,11493,0,,,1,,5686,11493,13495,13495,2002,,0,0,,,,0,0,4,0,11493,C10AA05,10 MG,C10,C10A,C10AA,C10AA05,325 MG,1,,,,,1,1,,1,1,,"","",,,,,,,,,,,,1,0,0,0,0,1,1,0,1,1,0,,3.57,98.39,2,020309bCJ,325.542,6.06,25,168.2,25,150.655,8,12672,12672,47.94,0,1,1,325,1,8,0,0,0,0,0,0,0,0,0,0,0,223,68,0,0,0,0,0,0,1,,,,,4,7,,0,1,0,1,0,0,0,,1,1,0,2,0,2275,2,0,0,63,33.9072563958277,0,1,0,1,0,,0,0,0,0,0,,0,,,,0,0,0,,,0,87.8,1,4500.73855243722,8.41199678505557,3,1,0,1,53,0,0,,16460,,,,12.2014436609905,1,Q1,low,low,Q1-Q3,Q1-Q3,,,,,,
1,2810266931,2017-08-26,4221,2,1,147,31,93,103,1.13,16.5,109.1,5.2,11358,3868.92758936755,8.26073263893157,1.68261199696279,0.520347346123893,0,,25.74,,1219.51,1,1117.79101741522,7.01910971085342,1,57.71,0,11358,0,3,1,11358,0,,,1,4365,5689,11358,13849,13849,2491,13564,1,0,2206,13564,,0,0,4,0,11358,C10AD02,500 MG,C10,C10A,C10AD,C10AD02,81 MG,1,,,1,,1,,,,,,"","",,,,,,,,,,,,1,0,0,1,0,1,0,0,0,0,0,,12.37,93.58,2,010909CJB,318.406,4.63,2,203.3,2,106.742,8,12939,12939,25.74,1,1,1,81,0,8,0,0,0,0,0,0,0,0,0,0,0,188,67.75,0,0,1,1,0,0,1,,,,,4,6,,0,1,1,0,0,0,0,,1,1,0,2,0,567,1,0,1,77,28.7968419511954,0,0,1,1,1,,0,0,0,0,1,5435,0,,1,1,0,0,1,,,0,97.4,1,151.237396883593,5.01885076704965,2,0,1,0,62,1,1,14620,,5435,1,,62.4020578930251,1,Q4,high,high,Q4,Q4,MI,,,,,
1,2810266956,2018-01-10,2368.8,2,1,179,68,80,93,0.78,3.1,84.4,5.5,12686,2806.63507109005,7.93974156117356,2.4974958263773,0.915288560418973,0,,27.94,,805.62,1,954.526066350711,6.86121495169885,1,74.68,0,12686,0,3,,12686,0,,,2,5291,6253,12686,14359,14359,1673,,0,0,,,,0,0,4,0,12686,M01AB05,50 MG,M01,M01A,M01AB,M01AB05,"",,1,,,1,,,,,,,"","",,,,,,,,,,,,0,1,0,0,1,0,0,0,0,0,0,,0.64,58.19,2,021209CJB,532.852,1.32,38,203.9,38,117.092,8,13667,13667,27.94,1,3,2,81,0,2,0,0,0,0,0,0,0,0,0,0,0,133,62.75,0,0,0,0,0,0,1,,,,,4,0,,0,1,1,0,0,0,0,1,1,1,0,2,0,243,1,0,0,75,23.7481505422845,0,0,1,0,1,,0,0,0,0,0,,0,,,,0,0,0,,,0,95,0,36.7298578199052,3.60358998887133,2,0,0,0,74,1,1,15853,,15853,27,3167,37.9275009606763,0,Q4,high,high,Q4,Q4,,8.67077344284737,1,0,0,0
1,2810267497,2017-09-27,660.3,2,1,176,39,184,111,1.35,7.5,53.6,6.1,12008,1231.90298507463,7.11631539511186,2.80392156862745,1.03101899753558,0,,35.58,,477.73,1,891.287313432836,6.79266683725644,1,64.69,0,12008,0,3,,12008,0,,,2,4531,5706,12008,14078,14078,2070,,0,0,,,,0,0,4,0,12008,C10AA05,20 MG,C10,C10A,C10AA,C10AA05,81 MG,1,,,1,1,1,1,1,,,,"","",,,,,,,,,,,,1,0,0,1,1,1,1,1,0,0,0,,0.9,79.42,2,011609CJB,358.902,2.72,8,181,8,104.017,8,13441,13441,35.58,1,1,1,81,0,2,0,0,0,0,0,0,0,0,0,0,0,195,64.25,0,0,0,0,0,0,1,,,,,7,8,,0,1,1,0,0,0,0,1,1,1,0,2,0,567,1,0,0,72,33.2119182308282,0,0,1,1,1,,0,0,0,0,0,,0,,,,0,0,1,,,0,100.2,1,139.925373134328,4.94110923144765,2,0,0,1,39,0,1,,17234,,,,31.5872560275545,1,Q3,low,high,Q4,Q1-Q3,,,,,,
1,2810267918,2017-09-13,1328.7,2,1,169,55,77,105,1.08,3,111.2,5.8,11179,1194.87410071942,7.08579610376887,1.93032786885246,0.657689868723216,0,,22.6,,957.27,1,860.854316546763,6.75792528749435,1,61.58,0,11179,0,3,,11179,0,,,1,4307,5645,11179,13328,13328,2149,,0,0,,,,0,0,4,0,11179,C10AA05,10 MG,C10,C10A,C10AA,C10AA05,81 MG,1,,,,,1,1,,,,,"","",,,,,,,,,,,,1,0,0,0,0,1,1,0,0,0,0,,0.77,52.82,2,011409CJB,537.882,2.05,5,161.8,5,145.034,8,12657,12657,22.6,0,1,1,81,0,8,0,0,0,0,0,0,0,0,0,0,0,178,67,0,0,0,0,0,0,1,,,,,3,1,,0,1,0,0,0,0,0,,1,1,0,2,0,567,1,0,0,60,27.8789241026912,0,0,0,1,0,,0,0,0,0,0,,0,,,,0,0,1,,,0,98.6,0,26.9784172661871,3.29503718583376,1,0,0,1,74,0,1,,16450,,,,16.1469473070193,1,Q3,low,low,Q1-Q3,Q1-Q3,,,,,,
1,2810270481,2017-11-23,548.8,2,1,221,60,136,98,0.98,3,58,6,11713,946.206896551724,6.85246125185335,,,,,46.1,,787.96,1,1358.55172413793,7.21417450258983,1,73.38,0,11713,0,3,,11713,0,,,2,4406,5671,11713,13699,13699,1986,,0,0,,,,0,0,4,0,11713,M01AX05,500 MG,M01,M01A,M01AX,M01AX05,81 MG,1,1,,,,1,,1,,,,"","",,,,,,,,,,,,1,1,0,0,0,1,0,1,0,0,0,,1.33,73.42,2,020209CJB,425.504,1.63,21,249.4,21,209.758,8,12943,12943,46.1,0,1,1,81,0,2,0,0,0,0,0,0,0,0,0,0,0,153,61,0,0,0,0,0,0,1,,,,,3,7,,0,1,0,0,0,0,0,1,1,1,0,2,0,567,1,0,0,76,28.9092865205349,0,0,0,1,0,,0,0,0,0,0,,0,,,,0,0,0,,,0,133.8,0,51.7241379310345,3.94592455710383,2,0,1,0,56,0,0,,16683,,,,16.8965517241379,1,Q2,low,low,Q1-Q3,Q1-Q3,,,,,,
1,2810271968,2018-01-06,1142.8,2,1,97,28,130,111,0.67,14.5,93.9,6.1,11553,1217.03940362087,7.10417647013049,2.17697594501718,0.777936732589701,0,,60.76,,1642.29,1,1748.97763578275,7.46678668807736,1,27.42,4,11553,1,1,41,11553,1,951,12504,2,4488,5707,11553,,,,13472,1,0,1919,13472,,0,1,3,1,11553,C10AX06,1000 MG,C10,C10A,C10AX,C10AX06,81 MG,1,,,,1,1,1,1,,1,,"","",,,,,,,,,,,,1,0,0,0,1,1,1,1,0,1,0,,1.13,75.69,2,021109CJB,540.984,2.74,36,179.4,36,123.008,8,12575,12575,60.76,1,1,1,81,1,2,0,0,0,0,0,0,0,0,0,0,2,119,66,0,0,0,0,1,1,1,,,,,3,,,0,0,1,1,0,0,1,1,1,1,0,,0,567,1,1,1,68,19.2072284971016,0,1,1,1,1,140,0,1,1,0,0,,0,,1,7,0,0,0,,,0,43,1,154.419595314164,5.03967354219445,2,1,0,1,90,0,1,13513,,12504,41,,13.5226600402319,1,Q3,low,low,Q1-Q3,Q1-Q3,CHF,,,,,
1,2810272388,2017-09-30,344.2,2,1,191,55,101,96,0.81,3,56.1,5.6,11553,613.547237076649,6.41925725723688,2.74550614947966,1.0099654475739,0,,47.62,,312.05,1,556.238859180036,6.32119780483949,1,67.85,0,11553,0,3,,11553,0,,,2,4830,5918,11553,13672,13672,2119,,0,0,,,,0,0,4,0,11553,B01AC06,81 MG,B01,B01A,B01AC,B01AC06,81 MG,1,,,,,,,,,,,"","",,,,,,,,,,,,1,0,0,0,0,0,0,0,0,0,0,,1.78,28.27,2,011609CJB,658.978,3.02,8,105.3,8,96.572,8,12979,12979,47.62,0,1,1,81,0,2,0,0,0,0,0,0,0,0,0,0,0,159,68.25,0,0,0,0,0,0,1,,,,,8,2,,0,1,0,0,0,0,0,1,1,1,0,2,0,567,1,0,0,58,23.9992365022769,0,0,0,0,0,,0,0,0,0,0,,0,,,,0,0,1,,,0,115.8,0,53.475935828877,3.9792317551216,2,0,0,0,80,0,0,,16772,,,,7.66934046345811,1,Q1,low,low,Q1-Q3,Q1-Q3,,,,,,
1,2810273394,2017-08-26,1202.3,2,1,148,51,182,99,0.93,3,45.4,5.8,12035,2648.23788546256,7.88164974892165,3.38851913477538,1.22039299255326,0,,54.88,,296.12,1,652.246696035242,6.48042285851569,1,72.36,0,12035,0,3,41,12035,1,4114,16149,2,4570,5789,12035,14790,14790,2755,,0,0,,,,0,1,4,1,12035,C10AX06,1000 MG,C10,C10A,C10AX,C10AX06,81 MG,1,,,1,,1,1,1,,,,"","",,,,,,,,,,,,1,0,0,1,0,1,1,1,0,0,0,,2.39,104.5,2,010909CJB,330.208,1.74,1,128,1,83.415,8,13622,13622,54.88,1,1,1,81,0,2,0,0,0,0,0,0,0,0,0,0,0,203,65.5,0,0,0,0,0,0,1,,,,,3,6,,0,1,1,0,0,0,0,1,1,1,0,2,0,567,1,0,0,70,33.2674145914692,0,0,1,1,1,,0,0,0,0,0,,0,,,,0,0,0,,,0,60.6,0,66.079295154185,4.19085546260294,2,0,0,1,62,1,1,,17416,16149,41,5381,42.7135142816541,1,Q4,high,high,Q4,Q4,CHF,14.7323750855578,1,1,1,0
1,2810273988,2018-12-22,4820.8,2,1,218,54,181,87,0.87,3.3,155.5,5.1,12317,3100.19292604502,8.03921962274484,2.77358490566038,1.02014067322661,0,,49.98,,852.62,1,548.308681672026,6.30683841608371,1,65.33,0,12317,0,3,,12317,0,,,1,4294,5652,12317,14515,14515,2198,,0,0,,,,0,0,4,0,12317,B01AC06,"",B01,B01A,B01AC,B01AC06,"",1,,,,,,,,,,,"","",,,,,,,,,,,,1,0,0,0,0,0,0,0,0,0,0,,1.55,36.61,2,021909bCJ,160.788,1.35,47,202.6,47,166.879,8,13078,13078,49.98,0,2,1,,0,8,0,0,0,0,0,0,0,0,0,0,0,138,65,0,0,0,0,0,0,1,,,,,7,1,,0,1,0,0,0,0,0,,1,1,0,2,0,,1,0,0,45,22.9645524379806,0,0,0,0,0,,0,0,0,0,0,,0,,,,0,0,0,,,0,127.8,0,21.2218649517685,3.05503201583528,1,0,0,0,104,1,1,,16859,,,,29.8095473658175,1,Q4,high,high,Q4,Q4,,,,,,
1,2810274036,2017-11-26,1822.9,2,1,245,47,149,128,1.79,157.3,191.1,5.6,11551,953.898482469911,6.86055725328074,2.09227614490772,0.738252537925288,0,,53.02,,856.12,1,447.995813710099,6.10478388797423,1,68.37,0,11551,0,3,1,11551,0,,,1,4336,5632,11551,13895,13895,2344,,0,0,,,,0,0,4,0,11551,C07AB03,100 MG,C07,C07A,C07AB,C07AB03,81 MG,1,,1,1,,,,1,,,,"","",,,,,,,,,,,,1,0,1,1,0,0,0,1,0,0,0,,15.25,65.71,2,020309bCJ,284.696,17.34,24,228.7,24,186.103,8,12733,12733,53.02,1,1,1,81,0,8,0,0,0,0,0,0,0,0,0,0,0,192,67.25,0,0,0,0,0,0,1,,,,,4,6,,0,1,1,0,0,0,0,,1,1,0,2,0,567,1,0,0,81,29.8484830189212,0,0,1,0,1,140,0,1,1,0,1,13564,0,,,,0,0,1,,,0,168.2,1,823.12925170068,6.71311323780014,3,1,0,0,35,0,0,14619,,13564,1,,27.2542423562832,1,Q2,low,high,Q4,Q1-Q3,MI,,,,,
1,2810274711,2018-12-17,1003.6,2,1,191,67,90,97,0.82,3,110.2,5.8,12516,910.70780399274,6.81422210376154,,,,,23.3,,1269.63,1,1152.11433756806,7.04935408769191,1,63.7,0,12516,0,3,,12516,0,,,2,4566,,12516,14736,14736,2220,,0,0,,,,0,0,4,0,12516,M01AE02,220 MG,M01,M01A,M01AE,M01AE02,81 MG,1,1,,,,1,1,,,,,"","",,,,,,,,,,,,1,1,0,0,0,1,1,0,0,0,0,,1.13,41.37,2,020509CJB,356.936,1.29,28,181.1,28,118.826,8,13638,13638,23.3,0,1,1,81,0,2,0,0,0,0,0,0,0,0,0,0,0,139,62.25,0,0,0,0,0,0,1,,,,,4,8,,0,1,0,0,0,0,0,1,1,1,0,2,0,567,1,0,0,84,25.219803669394,0,0,0,1,0,,0,0,0,0,0,,0,,,,0,0,0,,,0,106,0,27.2232304900182,3.30407067093143,1,0,0,1,66,0,0,,17424,,,,13.7986030907991,1,Q2,low,low,Q1-Q3,Q1-Q3,,,,,,
1,2810274734,2017-12-31,452.9,2,1,200,106,46,112,0.82,3,63.7,5.5,12350,710.989010989011,6.56665697397214,1.59250203748981,0.465306387891817,1,,38.16,,446.92,1,701.60125588697,6.55336523108911,1,76.51,0,12350,0,3,,12350,0,,,2,4508,5798,12350,14546,14546,2196,,0,0,,,,0,0,4,0,12350,C10AA03,40 MG,C10,C10A,C10AA,C10AA03,325 MG,1,,,,1,1,1,1,,,,"","",,,,,,,,,,,,1,0,0,0,1,1,1,1,0,0,0,,0.65,58.37,2,020909CJB,451.088,1.18,32,204.5,32,111.376,8,13420,13420,38.16,1,1,1,325,0,2,0,0,0,0,0,0,0,0,0,0,0,134,66.25,0,0,0,0,0,0,1,,,,,7,0,,0,1,1,0,0,0,0,1,1,1,0,2,0,2275,2,0,0,71,21.4653831942053,0,0,1,1,1,,0,0,0,0,0,,0,,,,0,0,1,,,0,84.8,0,47.0957613814757,3.85218300507213,2,0,0,1,72,0,0,,17206,,,,9.87484737484737,1,Q1,low,low,Q1-Q3,Q1-Q3,,,,,,
1,2810274842,2018-01-10,1375.5,2,1,221,39,222,125,1.04,6.2,64.4,6.1,11578,2135.86956521739,7.66662913324241,1.45504731861199,0.375038421477456,1,,63.74,,629.64,1,977.701863354037,6.8852047803644,1,76.82,0,11578,0,3,1,11578,0,,,2,4272,5656,11578,13761,13761,2183,,0,0,,,,0,0,4,0,11578,C10AX06,10 MG,C10,C10A,C10AX,C10AX06,325 MG,1,,,1,1,1,1,1,,,,"","",,,,,,,,,,,,1,0,0,1,1,1,1,1,0,0,0,,5.21,307.9,2,021209CJB,567.05,2.07,38,170,38,138.432,8,12568,12568,63.74,1,1,1,325,0,2,0,0,0,0,0,0,0,0,0,0,0,189,62,0,0,0,0,0,0,1,,,,,3,6,,0,1,1,0,0,0,0,1,1,1,0,2,0,2275,2,0,0,78,34.568778814977,0,0,1,1,1,,0,0,0,0,1,15701,0,,,,0,0,0,,,0,137.6,1,96.2732919254658,4.56719093792288,2,0,0,1,51,1,1,15703,,15701,1,,41.8797953964194,1,Q4,high,high,Q4,Q4,MI,,,,,
1,2810275427,2017-09-15,1283,2,1,203,71,93,98,1.08,6.2,94.6,5.4,11825,1356.23678646934,7.2124690745459,1.79327976625274,0.584046214940172,0,,53.46,,726.37,1,767.832980972516,6.64357223680502,1,64.33,0,11825,0,3,,11825,0,,,1,4557,5705,11825,13968,13968,2143,,0,0,,,,0,0,4,0,11825,C10AA01,20 MG,C10,C10A,C10AA,C10AA01,81 MG,1,,,,,1,1,,,,,"","",,,,,,,,,,,,1,0,0,0,0,1,1,0,0,0,0,,2.15,56.41,2,011409CJB,473.506,2.36,6,210.3,6,146.93,8,13290,13290,53.46,0,1,1,81,0,8,0,0,0,0,0,0,0,0,0,0,0,209,66.5,0,0,0,0,0,0,1,,,,,3,6,,0,1,0,0,0,0,0,,1,1,0,2,0,567,1,0,0,67,33.228337133366,0,0,0,1,0,,0,0,0,0,0,,0,,,,0,0,0,,,0,113.4,1,65.53911205074,4.18264709497535,2,0,0,1,71,0,1,,17083,,,,19.1019265699908,1,Q3,high,high,Q1-Q3,Q1-Q3,,,,,,
1,2810275475,2017-10-25,503.1,2,1,210,98,64,98,0.82,3,64.6,5.3,11528,778.792569659443,6.65774473269681,1.66277472527473,0.508487728181427,1,,50.5,,1101.57,1,1705.21671826625,7.44144748912768,1,60.74,0,11528,0,3,,11528,0,,,2,4346,5684,11528,13518,13518,1990,,0,0,,,,0,0,4,0,11528,B01AC06,325 MG,B01,B01A,B01AC,B01AC06,325 MG,1,,,,,,,,,,,"","",,,,,,,,,,,,1,0,0,0,0,0,0,0,0,0,0,,0.42,33.37,2,012209CJB,268.688,1.59,13,228,13,133.23,8,12889,12889,50.5,0,1,1,325,0,2,1,1,1,0,0,0,0,0,0,0,0,105,65,0,0,0,0,0,0,1,,,,,4,0,,0,1,0,0,0,0,0,1,1,1,2,2,0,2275,2,0,0,60,17.4730290288983,1,0,0,0,0,,0,0,0,0,0,,0,,,,0,0,0,,,0,99.2,0,46.4396284829721,3.83815315686169,2,0,0,0,78,0,0,,16681,,,,9.98452012383901,1,Q1,low,low,Q1-Q3,Q1-Q3,,,,,,
1,2810275549,2017-11-26,1345.5,2,1,268,49,312,169,0.86,14.2,107.8,7,12427,1248.14471243043,7.12941349768016,1.90833333333333,0.646230260772194,0,,41.06,,660.94,1,613.116883116883,6.41855559168665,1,,0,12427,,,2,12427,1,3301,15728,2,4587,5803,12427,,,,,0,0,,,,0,1,,1,12427,M01AE01,800 MG,M01,M01A,M01AE,M01AE01,325 MG,1,1,,1,1,,,1,,1,,"","",,,,,,,,,,,,1,1,0,1,1,0,0,1,0,1,0,,4.69,61.92,2,020309bCJ,355.59,4.03,24,170.6,24,155.59,8,13608,13608,41.06,1,1,1,325,1,2,0,0,0,0,0,0,0,0,0,0,0,225,63.5,0,0,0,0,0,0,1,,,,,3,6,,0,1,1,1,0,0,0,1,1,1,0,2,0,2275,2,0,0,62,39.2320209279268,0,1,1,0,1,140,0,1,1,0,1,13148,0,,,,0,0,0,,,0,156.6,1,131.725417439703,4.88071958511446,2,1,0,0,72,0,1,,17396,13148,2,4969,17.3353432282004,0,Q3,low,low,Q1-Q3,Q1-Q3,MI,13.6043805612594,1,1,1,0
1,2810276350,2018-01-08,323.9,2,1,152,51,101,102,1.27,3,35.4,5.9,12254,914.971751412429,6.81889319202565,3.93188163037409,1.36911809765429,0,,34.64,,103.14,1,291.35593220339,5.67454565447118,1,56.99,0,12254,0,3,,12254,0,,,1,4596,5709,12254,14598,14598,2344,14598,1,0,2067,14321,,0,0,4,0,12254,C10AA05,40 MG,C10,C10A,C10AA,C10AA05,162 MG,1,,,1,1,1,1,,,,,"","",,,,,,,,,,,,1,0,0,1,1,1,1,0,0,0,0,,0.94,41.61,2,021109bCJ,376.572,1.24,36,144.6,36,101.345,8,13270,13270,34.64,1,1,1,160,0,8,0,0,0,0,0,0,0,0,0,0,0,192,73.25,0,0,0,0,0,0,1,,,,,8,6,,0,1,1,0,0,0,0,,1,1,0,2,0,1120,2,0,0,72,25.1588961983501,0,0,1,1,1,141,0,1,1,1,0,,0,,1,3,0,0,0,,,0,80.8,0,84.7457627118644,4.43965574751052,2,0,0,1,56,0,0,,17055,6911,6,4801,16.338781275222,0,Q2,low,low,Q1-Q3,Q1-Q3,Angina,13.1444216290212,1,1,1,0
7,2810277112,2017-08-13,2769.3,2,1,195,49,110,195,0.93,36.1,221.2,7,4347,1251.94394213382,7.13245277600413,2.78868729989328,1.02557098328219,0,1.4,31.9,32.52,1813.89,2,820.0226039783,6.70933190570556,1,76.18,0,4347,0,3,,4347,0,,,2,4347,6794,,,6794,2447,,0,0,,,,0,0,4,0,4347,M01AC06,80 MG,C10,C10A,C10AA,C10AA01,81 MG,1,1,,1,1,1,,1,,1,,C10AA01,"",,,,,,1,1,,,,,1,1,0,1,1,1,1,1,0,1,0,,6.39,119.4,2,123008CJB,273.496,2.78,3,199.2,3,135.441,3,,,31.9,1,1,1,81,1,,0,0,0,0,0,0,,,,,0,208,58.5,0,0,0,0,0,0,,1,,,,8,1,,0,1,1,1,,,0,,2,2,0,2,0,567,1,0,0,57,42.732393157094,0,1,1,1,1,,0,0,0,0,0,,0,,,,0,0,0,,,0,124,1,163.200723327306,5.09498087467279,2,1,0,1,79,0,1,,8902,,,,15.8473916725799,1,Q3,low,low,Q1-Q3,Q1-Q3,,,,,,
1,2810277869,2017-08-26,404.3,2,1,145,40,105,95,0.56,3,25,5.5,11505,1617.2,7.38845153776662,,,,,48.8,,371.95,1,1487.8,7.30505379775724,1,46.74,0,11505,1,2,41,11505,1,3743,15248,2,4251,,11505,,,,,0,0,,,,0,1,3,1,11505,M01AX05,TABLET,M01,M01A,M01AX,M01AX05,"",,1,,,,1,1,,,,,"","",,,,,,,,,,,,0,1,0,0,0,1,1,0,0,0,0,,1.12,68.62,2,010909CJB,559.504,1.1,1,171.3,1,121.865,8,13090,13090,48.8,0,1,1,81,0,2,0,0,0,0,0,0,0,0,0,0,0,121,61.25,0,0,0,0,0,0,1,,,,,4,6,,0,1,0,0,0,0,0,1,1,1,0,2,0,567,1,0,0,63,22.6766447701992,0,0,0,1,0,,0,0,0,0,0,,0,,,,0,0,1,1,12130,0,84,0,120,4.78749174278205,2,0,0,1,99,0,1,15564,,15248,41,,16.3353535353535,1,Q3,high,low,Q1-Q3,Q1-Q3,CHF,,,,,
1,2810278309,2017-12-14,1600,2,1,200,96,42,99,0.57,5.5,152.2,5.4,12400,1051.24835742444,6.95773364878838,2.50419463087248,0.917967178201407,0,,39.46,,3242.36,1,2130.3285151117,7.66403147925768,1,68.21,0,12400,0,3,,12400,0,,,2,4565,5769,12400,14630,14630,2230,,0,0,,,,0,0,4,0,12400,B01AC06,81 MG,B01,B01A,B01AC,B01AC06,81 MG,1,,,,,,,,,,,"","",,,,,,,,,,,,1,0,0,0,0,0,0,0,0,0,0,,1.48,46.18,2,020409bCJ,185.288,2.82,26,146,26,93.18,8,13553,13553,39.46,0,1,1,81,0,2,0,0,0,0,0,0,0,0,0,0,0,147,59.5,0,0,0,0,0,0,1,,,,,3,0,,0,1,0,0,0,0,0,1,1,1,0,2,0,567,1,0,0,66,29.1936916053763,0,0,0,0,0,,0,0,0,0,0,,0,,,,0,0,0,,,0,95.6,1,36.1366622864652,3.58730792579298,2,0,0,0,97,0,0,,17151,,,,10.8376119322107,1,Q2,low,low,Q1-Q3,Q1-Q3,,,,,,
1,2810278451,2018-01-13,892.8,2,1,190,46,136,105,1.33,22.7,91.6,5.6,11734,974.672489082969,6.88210150593505,1.43064985451018,0.35812878475696,1,,40.54,,491.2,1,536.244541484716,6.28459029114094,1,58.51,0,11734,0,3,,11734,0,,,1,4213,5663,11734,13836,13836,2102,,0,0,,,,0,0,4,0,11734,C10AX09,40 MG,C10,C10A,C10AA,C10AA01,81 MG,1,,,,,1,,1,,,,C10AA01,"",,,,,,1,1,,,,,1,0,0,0,0,1,1,1,0,0,0,,1.53,97.32,2,021209CJB,353.982,1.13,38,226,38,179.501,8,12711,12711,40.54,1,1,1,81,0,8,0,0,0,0,0,0,0,0,0,0,0,190,65.75,0,0,0,0,0,0,1,,,,,5,6,,0,1,1,0,0,0,0,,1,1,0,2,0,567,1,0,0,70,30.9006559981343,0,0,1,1,1,,0,0,0,0,0,,0,,,,0,0,0,,,0,116.8,1,247.816593886463,5.51268893178941,2,0,0,1,54,0,0,,16495,,,,18.0494905385735,1,Q2,low,high,Q1-Q3,Q1-Q3,,,,,,
1,2810279427,2017-11-21,806.8,2,1,152,38,62,98,1.05,3.1,132.9,5.5,12032,607.072987208427,6.40864902634895,2.04282800815772,0.71433512636787,0,,30.6,,1259.06,1,947.373965387509,6.85369391004822,1,68.57,0,12032,0,3,,12032,0,,,1,4867,,12032,14114,14114,2082,,0,0,,,,0,0,4,0,12032,C10AA05,10 MG,C10,C10A,C10AA,C10AA05,"",,,,,,1,1,,,,,"","",,,,,,,,,,,,0,0,0,0,0,1,1,0,0,0,0,,3.71,65.63,2,012909CJB,376.382,2.38,19,191.4,19,110.395,8,13292,13292,30.6,0,1,1,81,0,8,0,0,0,0,1,1,0,0,0,0,0,201,69,0,0,0,0,0,0,1,,,,,7,1,,0,1,0,0,0,0,0,,1,1,0,2,2,567,1,0,0,58,29.6827058682473,0,0,0,1,0,,0,0,0,0,0,,0,,,,0,0,0,,,0,101.6,0,23.3258088788563,3.14956042475404,1,0,0,1,78,0,0,,17083,,,,7.78298701549266,1,Q1,low,low,Q1-Q3,Q1-Q3,,,,,,
1,2810280678,2018-06-28,20000,3,1,163,51,174,82,0.77,90,131.3,5.2,11575,15232.2924600152,9.63117295721547,2.66075650118203,0.978610481300509,0,,15.58,,1905.26,1,1451.07387661843,7.28005916586683,1,67.84,0,11575,0,3,,11575,0,,,1,4637,5863,11575,,,,,0,0,,,,0,0,4,0,11575,C10AA05,10 MG,C10,C10A,C10AA,C10AA05,85 MG,1,,,,1,1,1,,,,,"","",,,,,,,,,,,,1,0,0,0,1,1,1,0,0,0,0,,13.49,66.39,2,011409CJB,,,,,,,,,,15.58,2,1,1,81,0,8,1,0,1,0,0,0,0,0,1,0,1,171,71.5,0,0,0,0,0,0,1,,,,,4,3,,0,0,1,0,0,0,1,,1,1,2,,0,567,1,1,0,50,23.5174180554239,0,0,0,0,1,,0,0,0,0,0,,0,,,,0,0,0,,,0,77.2,1,685.453160700685,6.53008016800365,3,0,0,1,106,1,1,14286,,10527,30,,143.700872264295,1,Q4,high,high,Q4,Q4,IC,,,,,
1,2810280777,2017-10-28,1331.8,2,1,165,44,169,110,1.1,3.5,163.2,5.5,12138,816.053921568627,6.70448043313461,1.70916334661355,0.536003979796233,0,,31.3,,1170.4,1,717.156862745098,6.575294593164,1,73.06,0,12138,0,3,,12138,0,,,1,4524,5747,12138,14199,14199,2061,,0,0,,,,0,0,4,0,12138,C10AA01,10 MG,C10,C10A,C10AA,C10AA01,81 MG,1,,,1,,1,1,,,,,"","",,,,,,,,,,,,1,0,0,1,0,1,1,0,0,0,0,,1.19,122.2,2,012309CJB,214.664,1.22,13,222.9,13,175.186,8,13485,13485,31.3,1,1,1,81,0,8,0,0,0,0,0,0,0,0,0,0,0,161,66.25,0,0,0,0,0,0,1,,,,,4,7,,0,1,1,0,0,0,0,,1,1,0,2,0,567,1,0,0,75,25.7904977184109,0,0,1,1,1,,0,0,0,0,0,,0,,,,0,0,1,,,0,87.2,0,21.4460784313726,3.0655418049475,1,0,0,1,65,0,0,,17277,,,,12.5546757164404,1,Q1,low,low,Q1-Q3,Q1-Q3,,,,,,
7,2810280954,2017-08-22,769.8,2,1,117,57,56,88,0.98,29.3,137.4,5.2,4863,560.262008733624,6.32840454704949,1.94229508196721,0.663870305786232,0,,31.8,,1243.7,1,905.167394468704,6.80811989285954,1,64.23,0,4863,0,3,,4863,0,,,1,4863,,,,,,,0,0,,,,0,0,4,0,4863,C10AA05,5 MG,C03,C03A,C03AA,C03AA03,81 MG,1,,,,1,1,1,1,,,,C03AA03,"",,,,,,,,1,,,,1,0,0,0,1,1,1,1,0,0,0,,0.15,51.2,2,010809CJB,203.104,1.29,5,24.4,5,99.096,3,,,31.8,1,1,1,81,0,,0,0,0,0,0,0,,,,,0,156,65.25,1,0,0,0,0,0,,1,,,,6,6,,0,0,1,0,,,0,,2,2,0,,0,567,1,0,1,89,25.7613832706857,0,0,1,1,1,,0,0,0,0,0,,0,,,,0,0,1,,,0,48.8,1,213.245997088792,5.36244641521691,2,0,0,1,79,0,0,5669,,5669,29,806,7.09192416118512,0,Q1,low,low,Q1-Q3,Q1-Q3,Death,2.20670773442847,0,0,0,0
1,2810281572,2017-11-23,2918.9,2,1,190,78,104,150,0.69,19.1,165.7,6.9,11474,1761.55703077852,7.47395337351522,1.66853146853147,0.511943879403909,0,,41.98,,1395.14,1,841.967410983706,6.73574130919841,1,67.58,0,11474,0,3,,11474,0,,,2,4315,5798,11474,13590,13590,2116,,0,0,,,,0,0,4,0,11474,C10AA05,10 MG,C10,C10A,C10AA,C10AA05,81 MG,1,,,,,1,1,1,,1,,"","",,,,,,,,,,,,1,0,0,0,0,1,1,1,0,1,0,,0.54,41.3,2,013009CJB,471.902,1.16,20,207.6,20,94.19,8,12718,12718,41.98,1,1,1,81,1,2,0,0,0,0,0,0,0,0,0,0,0,145,64.25,0,0,0,0,0,0,1,,,,,3,6,,0,1,1,1,0,0,0,1,1,1,0,2,0,567,1,0,0,77,24.6960417613851,0,1,1,1,1,,0,0,0,0,0,,0,,,,0,0,1,,,0,91.2,1,115.268557634279,4.7472646896022,2,1,0,1,84,1,1,,16506,,,,20.9709170330776,1,Q4,high,high,Q1-Q3,Q4,,,,,,
1,2810282747,2017-09-15,156.3,1,1,229,59,231,98,0.77,3,27.5,5.6,12337,568.363636363637,6.342761418743,1.01972281449893,0.0195308398740829,1,,16.82,,516.1,1,1876.72727272727,7.53728472647025,1,64.24,0,12337,0,3,,12337,0,,,2,4492,5801,12337,14444,14444,2107,,0,0,,,,0,0,4,0,12337,M01AE01,200 MG,M01,M01A,M01AE,M01AE01,81 MG,1,1,,1,1,1,,1,,,,"","",,,,,,,,,,,,1,1,0,1,1,1,0,1,0,0,0,,5.67,83.08,2,011409CJB,573.47,2.79,6,203.6,6,139.194,8,13801,13801,16.82,1,1,1,81,0,2,1,1,1,56,0,0,0,0,0,0,0,207,65.25,0,0,0,0,0,0,1,,,,,4,10,,0,1,1,0,0,0,0,1,1,1,2,2,0,567,1,0,0,56,34.1833739553329,1,0,1,1,1,,0,0,0,0,0,,0,,,,0,0,0,,,0,123.8,0,109.090909090909,4.69218156297772,2,0,1,0,86,0,0,,17594,,,,6.60887949260042,1,Q1,low,low,Q1-Q3,Q1-Q3,,,,,,
1,2810284147,2017-10-30,2266.5,2,1,159,69,131,99,0.97,86,155.3,5.3,12259,1459.43335479717,7.28580352621435,4.33798283261803,1.46740945495518,0,,34.32,,1324.91,1,853.129426915647,6.7489112674185,1,71.84,0,12259,0,3,1,12259,0,,,1,4566,5768,12259,,,,,0,0,,,,0,0,4,0,12259,C10AA03,20 MG,C10,C10A,C10AA,C10AA03,81 MG,1,,1,1,1,1,1,,,,,"","",,,,,,,,,,,,1,0,1,1,1,1,1,0,0,0,0,,1.67,57.63,2,012609CJB,405.494,2.95,15,170.8,15,122.465,8,13570,13570,34.32,1,1,1,81,0,8,0,0,0,0,0,0,0,0,0,0,1,198,68,0,0,0,0,0,0,1,,,,,2,6,,0,0,1,0,0,0,1,,1,1,0,,0,567,1,1,0,76,30.1059944680443,0,0,1,1,1,140,0,1,1,0,1,9838,0,,,,0,0,0,,,0,63.8,1,553.766902768835,6.316743845081,3,0,0,1,76,0,1,13880,,5150,7,,19.2030704578575,1,Q3,high,high,Q1-Q3,Q1-Q3,Coronary Insufficiency,,,,,
1,2810284601,2017-12-24,545.3,2,1,154,62,118,106,0.74,3,56.3,5.5,11889,968.561278863233,6.87581175277446,1.63851351351351,0.493789436613423,1,,46.9,,1492.37,1,2650.7460035524,7.88259639013803,1,65.21,0,11889,0,3,,11889,0,,,2,4390,5733,11889,13859,13859,1970,,0,0,,,,0,0,4,0,11889,C10AA03,40 MG,C10,C10A,C10AA,C10AA03,81 MG,1,,,,1,1,1,1,,,,"","",,,,,,,,,,,,1,0,0,0,1,1,1,1,0,0,0,,1.39,57.59,2,020909CJB,576.964,1.49,32,206.6,32,114.582,8,12965,12965,46.9,1,1,1,81,0,2,0,0,0,0,0,0,0,0,0,0,0,123,61.75,0,0,0,0,0,0,1,,,,,3,6,,0,1,1,0,0,0,0,1,1,1,0,2,0,567,1,0,0,62,22.6796736109167,0,0,1,1,1,,0,0,0,0,0,,0,,,,0,0,0,,,0,68.4,0,53.2859680284192,3.9756730325046,2,0,0,1,87,0,0,,16751,,,,11.1328882627958,1,Q2,low,low,Q1-Q3,Q1-Q3,,,,,,
7,2810285404,2017-08-12,1158.4,2,1,116,53,51,129,1.12,9,71,7.3,3290,1631.54929577465,7.39728533057823,3.23994252873563,1.17555559160236,0,0.3,46.02,45.82,1168.83,2,1646.23943661972,7.40624883640499,1,62.27,0,3290,0,3,,3290,0,,,1,3290,5068,,,5068,1778,,0,0,,,,0,0,4,0,3290,C10AX06,3000 MG,C10,C10A,C10AX,C10AX06,81 MG,1,,,,1,1,,,1,1,,"","",,,,,,,,,,,,1,0,0,0,1,1,0,0,1,1,0,,0.74,109.3,2,122908CJB,403.82,3.61,2,183.6,2,111.872,3,,,46.02,1,1,1,81,1,,1,0,0,49,0,0,,,,,0,278,69.5,0,0,0,0,0,0,,,1,,,7,2,,0,1,1,1,,,0,,2,3,1,2,0,567,1,0,0,51,40.4651169014568,0,1,1,1,1,,0,0,0,0,0,,0,,,,0,0,0,,,0,52.8,1,126.760563380282,4.84229997927704,2,1,1,0,76,0,1,,7888,,,,21.4677538917717,1,Q3,high,high,Q1-Q3,Q1-Q3,,,,,,
1,2810287400,2017-09-27,730.7,2,1,181,77,56,88,0.82,3,47.3,5.5,11823,1544.82029598309,7.34266286928738,2.33464257659073,0.847858807280244,0,,45.3,,639.08,1,1351.12050739958,7.20868953264958,1,67.78,0,11823,0,3,,11823,0,,,2,4588,5881,11823,13983,13983,2160,,0,0,,,,0,0,4,0,11823,B01AC06,325,B01,B01A,B01AC,B01AC06,325,1,,,,,,,,,,,"","",,,,,,,,,,,,1,0,0,0,0,0,0,0,0,0,0,,1.01,20.21,2,011609CJB,592.158,1.6,8,159.7,8,99.859,8,13253,13253,45.3,0,1,1,325,0,2,0,0,0,0,0,0,0,0,0,0,0,143,63.75,0,0,0,0,0,0,1,,,,,8,1,,0,1,0,0,0,0,0,1,1,1,0,2,0,2275,2,0,0,60,24.7389505159633,0,0,0,0,0,,0,0,0,0,0,,0,,,,0,0,0,,,0,92.8,0,63.4249471458774,4.14985727215236,2,0,0,0,78,0,1,,17046,,,,19.8053884100396,1,Q3,high,high,Q1-Q3,Q1-Q3,,,,,,
1,2810287624,2018-01-08,778.8,2,1,248,91,51,96,0.67,3,102.3,5.6,12404,761.290322580645,6.63501478652856,3.35283993115318,1.20980772735057,0,,14.84,,749.22,1,732.375366568915,6.59629317838562,1,66.74,0,12404,0,3,,12404,0,,,2,,,12404,14357,14357,1953,,0,0,,,,0,0,4,0,12404,"","","","","","","",,,,,,,,,,,,"","",,,,,,,,,,,,0,0,0,0,0,0,0,0,0,0,0,,0.33,32.23,2,021109bCJ,312.698,0.38,37,258.6,37,142.414,8,13410,13410,14.84,0,1,1,81,0,2,0,0,0,0,0,0,0,0,0,0,0,133,69.25,0,0,0,0,0,0,1,,,,,8,2,,0,1,0,0,0,0,0,1,1,1,0,2,0,567,1,0,0,62,19.4992406041323,0,0,0,0,0,,0,0,0,0,0,,0,,,,0,0,0,,,0,146.8,0,29.3255131964809,3.37845789469267,1,0,0,0,94,0,0,,17195,,,,8.09883321894303,1,Q1,low,low,Q1-Q3,Q1-Q3,,,,,,
1,2810287821,2017-10-29,1208.7,2,1,220,60,96,100,0.59,3,112.5,5.6,12280,1074.4,6.97951764520903,3.74116161616162,1.31939615575914,0,,18.96,,1305.39,1,1160.34666666667,7.05647409002819,1,64.16,0,12280,0,3,,12280,0,,,2,4573,5805,12280,14476,14476,2196,,0,0,,,,0,0,4,0,12280,B01AC06,325 MG,B01,B01A,B01AC,B01AC06,325 MG,1,,,,,,,,,,,"","",,,,,,,,,,,,1,0,0,0,0,0,0,0,0,0,0,,3.52,86.12,2,012609CJB,463.926,1.59,15,236.7,15,165.659,8,13597,13597,18.96,0,4,1,325,0,2,0,0,0,0,0,0,0,0,0,0,0,188,63.5,0,0,0,0,0,0,1,,,,,6,1,,0,1,0,0,0,0,0,1,1,1,0,2,0,9100,2,0,0,65,32.7805330420011,0,0,0,0,0,,0,0,0,0,0,,0,,,,0,0,0,,,0,140.8,0,26.6666666666667,3.28341434600577,1,0,0,0,96,0,0,,17388,,,,11.1916666666667,1,Q2,low,low,Q1-Q3,Q1-Q3,,,,,,
1,2810287879,2017-09-27,2063.4,2,1,198,47,163,118,0.89,3.6,114.8,5.5,12007,1797.38675958188,7.4940890887689,1.85342333654773,0.617034381300711,0,,54.82,,750.61,1,653.841463414634,6.48286491138999,1,65.66,0,12007,0,3,,12007,0,,,1,4524,5700,12007,14226,14226,2219,,0,0,,,,0,0,4,0,12007,C10AX06,20 MG,C10,C10A,C10AX,C10AX06,81 MG,1,,,,1,1,,1,,,,"","",,,,,,,,,,,,1,0,0,0,1,1,0,1,0,0,0,,3.24,59.97,2,011609CJB,406.438,1.17,8,171.4,8,138.623,8,13441,13441,54.82,1,1,1,81,0,8,0,0,0,0,0,0,0,0,0,0,0,206,70.25,0,0,0,0,0,0,1,,,,,3,6,,0,1,1,0,0,0,0,,1,1,0,2,0,567,1,0,0,71,29.3481125455938,0,0,1,0,1,,0,0,0,0,0,,0,,,,0,0,0,,,0,118.4,0,31.3588850174216,3.44549764055874,2,0,1,0,86,1,1,,17234,,,,20.8998460416498,1,Q4,high,high,Q1-Q3,Q4,,,,,,
1,2810289067,2018-02-10,1097.6,2,1,191,82,82,96,0.81,6.7,107.6,5.6,12143,1020.07434944238,6.92763079523203,,,,,37.18,,806.26,1,749.312267657993,6.61915580939425,1,62.77,0,12143,0,3,,12143,0,,,2,,5548,12143,14109,14109,1966,14410,1,0,2267,14410,,0,0,4,0,12143,M01AX25,600 MG,M01,M01A,M01AX,M01AX25,81 MG,1,1,,,,1,,,,,,"","",,,,,,,,,,,,1,1,0,0,0,1,0,0,0,0,0,,0.68,41.51,2,021909bCJ,374.35,1.14,48,285.6,48,143.929,8,12882,12882,37.18,0,1,1,81,0,2,0,0,0,0,0,0,0,0,0,0,0,131,62.5,0,0,0,0,0,0,1,,,,,4,8,,0,1,0,0,0,0,0,1,1,1,0,2,0,567,1,0,0,78,23.5785380370761,0,0,0,0,0,,0,0,0,0,0,,0,,1,1,0,0,0,,,0,92.6,1,62.2676579925651,4.13144215765137,2,0,1,0,70,0,0,,16663,,,,14.5724907063197,1,Q2,low,low,Q1-Q3,Q1-Q3,,,,,,
1,2810289341,2017-12-02,669,2,1,203,50,101,113,1.1,3,121.7,5.7,12260,549.712407559573,6.30939524612284,1.62413314840499,0.484974226312768,1,,38.14,,920.51,1,756.376335250616,6.62853905026979,1,,0,12260,,,,12260,0,,,1,4419,6574,12260,14560,14560,2300,13624,1,0,1300,13560,,0,0,,0,12260,M01AX25,1200 MG,M01,M01A,M01AX,M01AX25,81 MG,1,1,,,1,1,,1,,,,"","",,,,,,,,,,,,1,1,0,0,1,1,0,1,0,0,0,,0.89,55.41,2,020409CJB,358.052,1.15,26,219,26,153.017,8,13419,13419,38.14,1,6,3,81,0,8,0,0,0,0,0,0,0,0,0,0,0,161,66.75,0,0,0,0,0,0,1,,,,,7,6,,0,1,1,0,0,0,0,,1,1,0,2,0,111.724137931035,1,0,0,67,25.4055703162536,0,0,1,1,1,,0,0,0,0,0,,0,,3,2,0,0,0,,,0,132.8,0,24.6507806080526,3.20480856765677,1,0,1,0,69,0,0,,17206,9768,11,4946,7.96684648637062,0,Q1,low,low,Q1-Q3,Q1-Q3,Atherothrombotic Infarction of Brain,13.5414099931554,1,1,1,0
1,2810289358,2017-11-21,1319.1,2,1,140,48,81,125,1.23,51.4,126.3,6.4,11652,1044.41805225653,6.95121512148652,2.2009484291642,0.788888371631112,0,,33.04,,2131.6,1,1687.72763262074,7.43113830705427,1,41.61,4,11652,1,2,41,11652,1,-597,11055,1,4424,5679,11652,,,,12618,1,0,548,12200,,1,0,1,1,11652,"","","","","","","",,,,,,,,,,,,"","",,,,,,,,,,,,0,0,0,0,0,0,0,0,0,0,0,,0.38,105.2,2,012909CJB,348.152,2.66,51,301.2,19,172.214,8,12914,12925,33.04,0,1,1,81,1,8,0,0,0,0,0,0,1,0,0,0,0,204,68.75,0,0,0,0,0,0,1,,,,,3,6,,0,1,0,1,0,0,0,,1,1,0,2,0,567,1,0,0,80,30.3452259135923,0,0,0,1,0,,0,0,0,0,0,,0,,2,1,0,0,1,,,0,75.8,1,406.967537608868,6.00873342208681,3,0,0,0,55,0,0,12687,,11055,41,,18.9894191319369,1,Q2,low,high,Q1-Q3,Q1-Q3,CHF,,,,,
1,2810289880,2018-01-13,268,2,1,120,48,75,104,1.3,3,14.7,5.7,12271,1823.12925170068,7.50830967271426,2.49559918754232,0.914528855698389,0,,29.92,,274.97,1,1870.54421768708,7.53398469301004,1,,4,12271,,,1,12271,1,-2553,9718,1,4543,5698,12271,,,,12174,1,1,-5443,6828,,1,0,,1,12271,C10AX09,10 MG,C10,C10A,C10AX,C10AX09,75 MG,1,,,1,1,1,1,1,,,1,"","",,,,,,,,,,,,1,0,0,1,1,1,1,1,0,0,1,,3.18,71.38,2,021209CJB,386.862,4.15,38,179.7,38,135.603,8,13248,13248,29.92,1,1,1,81,0,8,0,0,0,0,0,0,1,1,0,1,0,143,63.75,1,1,0,0,0,0,1,,,,,3,6,,0,1,1,0,1,1,0,,1,1,0,2,0,567,1,0,1,77,24.7389505159633,0,0,1,1,1,141,0,1,1,1,1,0,0,,1,1,1,0,1,,,0,57,0,204.081632653061,5.31852007386556,2,0,0,1,53,1,1,13513,,0,1,,34.3986651264279,1,Q4,high,high,Q4,Q4,MI,,,,,
1,2810290902,2017-11-13,762.2,2,1,254,47,253,103,1.02,3,90.8,5.4,12511,839.427312775331,6.7327198888206,1.70031545741325,0.530813797031717,0,,26.22,,1570.51,1,1729.63656387665,7.45566658673819,1,64.39,0,12511,0,3,,12511,0,,,1,,,12511,14703,14703,2192,,0,0,,,,0,0,4,0,12511,B01AC06,500 MG,B01,B01A,B01AC,B01AC06,500 MG,1,,,,,,,,,,,"","",,,,,,,,,,,,1,0,0,0,0,0,0,0,0,0,0,,1.37,66.3,2,012709bCJ,375.184,0.83,18,173.8,18,128.905,8,13780,13780,26.22,0,4,3,500,0,8,0,0,0,0,0,0,0,0,0,0,0,182,71,0,0,0,0,0,0,1,,,,,7,1,,0,0,0,0,0,0,0,,1,1,0,,0,459.770114942529,1,0,0,55,25.3840142673342,0,0,0,0,0,,0,0,0,0,0,,0,,,,0,0,0,,,0,156.4,0,33.0396475770925,3.497708282043,2,0,0,0,82,0,0,,17571,,,,10.2369184484796,1,Q1,low,low,Q1-Q3,Q1-Q3,,,,,,
1,2810291067,2017-12-14,512.1,2,1,152,39,104,117,0.97,4.2,172.2,5.5,12212,297.386759581882,5.69503351246297,1.05711318795431,0.0555417853123425,1,,57.48,,1267.55,1,736.091753774681,6.60135477641351,1,,0,12212,,,,12212,0,,,1,4646,5756,12212,14556,14556,2344,,0,0,,,,0,0,,0,12212,C09AA03,40 MG,C09,C09A,C09AA,C09AA03,325 MG,1,,,,1,,,1,,,,"","",,,,,,,,,,,,1,0,0,0,1,0,0,1,0,0,0,,7.24,175.3,2,020409bCJ,327.19,4.3,26,289.2,26,195.859,8,13366,13366,57.48,1,1,1,325,0,8,0,0,0,0,0,0,0,0,0,0,0,279,71,0,0,0,0,0,0,1,,,,,7,6,,0,1,1,0,0,0,0,,1,1,0,2,0,2275,2,0,0,64,38.9128570361882,0,0,1,0,1,,0,0,0,0,0,,0,,,,0,0,0,,,0,92.2,1,24.390243902439,3.19418321227783,1,0,0,0,82,0,0,,17153,,,,3.62666779977904,1,Q1,low,low,Q1-Q3,Q1-Q3,,,,,,
1,2810292257,2018-01-13,1866.6,2,1,215,55,205,95,0.78,28.4,179.4,5.5,12264,1040.46822742475,6.94742610949504,2.24302430243024,0.807825090267714,0,,42.2,,1401.33,1,781.120401337793,6.66072930100233,1,51.8,1,12264,1,2,,12264,0,,,2,4581,5765,12264,14294,14294,2030,,0,0,,,,0,0,3,0,12264,C10AX06,1200 MG,C10,C10A,C10AX,C10AX06,81 MG,1,,,,,1,,1,,,,"","",,,,,,,,,,,,1,0,0,0,0,1,0,1,0,0,0,,0.44,128.1,2,021209CJB,439.792,0.76,38,181.9,38,166.564,8,13241,13241,42.2,1,1,1,81,0,2,0,0,0,0,0,0,0,0,0,0,0,154,64.5,0,0,0,0,0,0,1,,,,,3,1,,0,1,1,0,0,0,0,1,1,1,0,2,0,567,1,0,0,69,26.0259687636736,0,0,1,0,1,,0,0,0,0,0,,0,,,,0,0,0,,,0,119,1,158.305462653289,5.0645264745246,2,0,1,0,78,0,0,,17025,,,,13.3393362490352,1,Q2,low,low,Q1-Q3,Q1-Q3,,,,,,
7,2810293695,2017-08-16,256.2,2,1,172,30,160,103,1.62,3,35.8,6.1,3338,715.642458100559,6.57318068204407,2.11353711790393,0.748362903162392,0,4.2,84.5,89.68,224.79,2,627.905027932961,6.44238892562577,1,73.48,0,3338,0,3,,3338,0,,,1,3338,,,,,,,0,0,,,,0,0,4,0,3338,C10AB04,600 MG,C10,C10A,C10AB,C10AB04,81 MG,1,,,1,1,1,1,1,,1,,"","",,,,,,,,,,,,1,0,0,1,1,1,1,1,0,1,0,,1.84,119,2,010509CJB,388.428,2.87,4,131.5,4,127.238,3,,,84.5,1,1,1,81,1,,0,0,0,0,0,0,,,,,0,164,64.5,1,1,0,0,0,0,1,,,,,7,7,,0,1,1,1,,,0,,1,1,0,2,0,567,1,0,1,70,27.7159667353407,0,1,1,1,1,,0,0,0,0,0,,0,,,,0,0,0,,,0,110,0,83.7988826815643,4.42841967424359,2,1,0,1,42,0,0,,7539,,,,17.0391061452514,1,Q1,low,low,Q1-Q3,Q1-Q3,,,,,,
1,2810293945,2018-02-17,531.2,2,1,195,66,99,103,0.53,3,66,5.6,12393,804.848484848485,6.69065404212389,2.65931558935361,0.978068792451511,0,,25.6,,857.66,1,1299.48484848485,7.1697231945175,1,77.32,0,12393,0,3,12,12393,0,,,2,,,12393,14535,14535,2142,,0,0,,,,0,0,4,0,12393,C09AA03,20 MG,C09,C09A,C09AA,C09AA03,325 MG,1,,,,1,,,,,,,"","",,,,,,,,,,,,1,0,0,0,1,0,0,0,0,0,0,,3.54,39.45,2,022009CJB,338.628,1.5,48,174.4,48,112.853,8,13103,13103,25.6,1,1,1,325,0,2,0,0,0,0,0,0,0,0,0,0,0,124,60,0,0,0,0,0,0,1,,,,,4,8,,0,1,1,0,0,0,0,1,1,1,0,2,0,2275,2,0,0,75,24.2172484344969,0,0,1,0,1,,0,0,0,0,0,,1,9113,,,0,0,1,,,0,109.2,0,45.4545454545455,3.81671282562382,2,0,0,0,93,0,0,16783,14842,9113,12,2449,8.65428478331704,0,Q1,low,low,Q1-Q3,Q1-Q3,TIA,6.70499657768652,1,0,0,0
1,2810294210,2018-06-30,20000,3,1,195,37,103,96,0.65,4.3,122.3,5.7,11725,16353.2297628782,9.70218069583109,2.04296455424275,0.714401965828268,0,,60.18,,1753.17,1,1433.49959116926,7.26787400012579,1,74.26,0,11725,0,3,,11725,0,,,2,,5686,11725,13733,13733,2008,,0,0,,,,0,0,4,0,11725,"","","","","","","",,,,,,,,,,,,"","",,,,,,,,,,,,0,0,0,0,0,0,0,0,0,0,0,,0.42,40.98,2,020309bCJ,519.85,1.31,24,174.1,24,149.002,8,12914,12914,60.18,0,1,1,500,0,2,1,1,1,0,0,0,0,0,0,0,0,153,67.25,0,0,0,0,0,0,1,,,,,6,1,,0,1,0,0,0,0,0,1,1,1,2,2,0,3500,2,0,0,57,23.7855099057029,1,0,0,0,0,,0,0,0,0,0,,0,,,,0,0,0,,,0,137.4,1,35.1594439901881,3.55989325898853,2,0,0,0,99,1,1,,16702,,,,165.184139018971,1,Q4,high,high,Q4,Q4,,,,,,
1,2810294600,2017-11-23,2069.6,2,1,174,46,126,97,1.17,3.4,124.9,5.6,11672,1657.00560448359,7.41276739972838,1.67136563876652,0.513641040019511,0,,47.28,,1848.32,1,1479.83987189752,7.29968916624086,1,66.65,0,11672,0,3,1,11672,0,,,1,4370,5677,11672,13785,13785,2113,,0,0,,,,0,0,4,0,11672,C10AA01,40 MG,C10,C10A,C10AA,C10AA01,81 MG,1,,,1,,1,1,,,,,"","",,,,,,,,,,,,1,0,0,1,0,1,1,0,0,0,0,,2.9,33.89,2,013009CJB,378.232,1.94,20,226.1,20,139.985,8,12914,12914,47.28,1,1,1,81,0,8,0,0,0,0,0,0,0,0,0,1,0,144,65.25,0,0,1,1,1,1,1,,,,,4,6,,0,1,1,0,1,0,0,,1,1,0,2,0,567,1,0,1,83,23.7797384037099,0,0,1,1,1,140,0,1,1,0,1,14695,0,,,,0,0,1,,,0,102.8,0,27.2217774219375,3.30401729347272,1,0,0,1,57,0,1,,16272,11200,6,4600,29.0702737628699,0,Q3,high,high,Q4,Q1-Q3,Angina,12.5941136208077,1,1,1,0
1,2810295110,2017-08-29,1326.9,2,1,183,72,62,108,0.96,3,109.7,5.7,11901,1209.57155879672,7.0980214922493,1.24902723735409,0.222365038234796,1,,38.02,,2325.37,1,2119.75387420237,7.65905526385192,1,70.5,0,11901,0,3,,11901,0,,,1,4565,5715,11901,,,,,0,0,,,,0,0,4,0,11901,C10AA05,10 MG,C10,C10A,C10AA,C10AA05,325 MG,1,,,1,1,1,1,,,,,"","",,,,,,,,,,,,1,0,0,1,1,1,1,0,0,0,0,,0.61,27.39,2,010909CJB,,,2,167.3,2,129.906,8,13462,13462,38.02,1,1,1,325,0,8,0,0,0,0,0,0,0,0,0,0,0,174,67.75,0,0,0,0,0,0,1,,,,,8,8,,0,1,1,0,0,0,0,,1,1,0,2,0,2275,2,0,0,77,26.6523962739787,0,0,1,1,1,,0,0,0,0,0,,0,,,,0,0,0,,,0,98.6,0,27.3473108477666,3.30861820036906,1,0,0,1,76,0,1,13070,,13070,27,1169,15.9154152473252,0,Q3,low,low,Q1-Q3,Q1-Q3,,3.20054757015743,0,0,0,0
1,2810296053,2018-02-10,2474.9,2,1,158,66,55,108,0.96,5.7,153.9,5.3,12070,1608.12215724496,7.38282241528938,1.03751465416178,0.0368280975162504,1,,28.74,,1784.92,1,1159.79207277453,7.05599602042547,1,69.24,0,12070,0,3,,12070,0,,,1,,,12070,13953,13953,1883,,0,0,,,,0,0,4,0,12070,C10AA05,10 MG,C10,C10A,C10AA,C10AA05,81 MG,1,,,,,1,1,1,,,,"","",,,,,,,,,,,,1,0,0,0,0,1,1,1,0,0,0,,0.76,64.29,2,021909bCJ,367.06,1.11,47,127.1,47,109.49,8,12838,12838,28.74,0,1,1,81,0,8,0,0,0,0,0,0,0,0,0,0,0,199,70,0,0,0,0,0,0,1,,,,,8,1,,0,1,0,0,0,0,0,,1,1,0,2,0,567,1,0,0,64,28.5537142502856,0,0,1,1,1,,0,0,0,0,0,,0,,,,0,0,0,,,0,81,1,37.037037037037,3.61191841297781,2,0,0,1,83,0,1,,16619,,,,19.3749657499393,1,Q3,high,high,Q1-Q3,Q1-Q3,,,,,,
1,2810296302,2017-11-13,1272.8,2,1,173,33,245,116,0.9,10.3,201.9,5.6,11270,630.411094601288,6.44637213769288,1.73802816901408,0.552751234429972,0,,67.22,,1577.06,1,781.109460128777,6.66071529383311,1,65.71,0,11270,0,3,,11270,0,,,1,4228,5690,11270,13261,13261,1991,,0,0,,,,0,0,4,0,11270,C10AD02,400 MG,C10,C10A,C10AD,C10AD02,"",,,,,,1,,,,,,"","",,,,,,,,,,,,0,0,0,0,0,1,0,0,0,0,0,,0.79,161.4,2,012709CJB,349.266,0.76,17,225.4,17,160.729,8,12561,12561,67.22,0,1,1,325,0,8,0,0,0,0,0,0,0,0,0,0,0,211,68.5,1,1,0,0,0,0,1,,,,,3,6,,0,1,0,0,0,0,0,,1,1,0,2,0,2275,2,0,1,69,31.6160001492575,0,0,0,0,0,,0,0,0,0,0,,0,,,,0,0,1,,,0,91,1,51.0153541357108,3.93212664889894,2,0,1,0,87,0,0,,16352,,,,7.24610453564699,1,Q1,low,low,Q1-Q3,Q1-Q3,,,,,,
1,2810296566,2017-11-13,1400.5,2,1,233,73,165,93,0.61,3,97.5,5.3,11278,1436.41025641026,7.26990240268445,1.19843805466809,0.181019087839475,1,,28.2,,2721.88,1,2791.6717948718,7.93439590499247,1,77.75,0,11278,0,3,,11278,0,,,2,4257,5673,11278,13307,13307,2029,,0,0,,,,0,0,4,0,11278,C10AA03,20 MG,C10,C10A,C10AA,C10AA03,81 MG,1,,,,,1,1,,,,,"","",,,,,,,,,,,,1,0,0,0,0,1,1,0,0,0,0,,2.75,49.47,2,012709CJB,412.722,1.12,16,207.7,16,171.852,8,12576,12576,28.2,0,1,1,81,2,2,1,0,0,61,0,0,0,0,0,0,0,154,65,0,0,0,0,0,0,1,,,,,4,8,,0,1,0,1,0,0,0,1,1,1,1,2,0,567,1,0,0,62,25.6271092423842,0,0,0,1,0,,0,0,0,0,0,,0,,,,0,0,0,,,0,127,0,30.7692307692308,3.42651518964645,2,0,0,1,97,0,1,,16367,,,,14.8083531588686,1,Q3,high,low,Q1-Q3,Q1-Q3,,,,,,
1,2810297023,2018-02-01,277.3,2,1,183,64,101,99,0.77,3,38.5,5.8,11983,720.25974025974,6.57961189731609,,,,,52,,266.28,1,691.636363636364,6.53906033142686,1,63.65,0,11983,0,3,,11983,0,,,2,,5727,11983,14035,14035,2052,,0,0,,,,0,0,4,0,11983,C10AX06,1000 MG,C10,C10A,C10AX,C10AX06,81 MG,1,,,,,1,1,,,,,"","",,,,,,,,,,,,1,0,0,0,0,1,1,0,0,0,0,,0.33,45.69,2,021809CJB,403.65,0.88,44,163.9,44,101.321,8,12858,12858,52,0,1,1,81,0,2,0,0,0,0,0,0,0,0,0,0,0,127,61,0,0,0,0,0,0,1,,,,,3,0,,0,1,0,0,0,0,0,1,1,1,0,2,0,567,1,0,0,69,23.996597307895,0,0,0,1,0,,0,0,0,0,0,,0,,,,0,0,1,,,0,98.8,0,77.9220779220779,4.35570932635651,2,0,0,1,79,0,0,,16639,,,,9.11721190202203,1,Q1,low,low,Q1-Q3,Q1-Q3,,,,,,
1,2810299263,2017-10-25,1639.5,2,1,124,38,88,90,0.74,3,99.4,5.9,11754,1649.39637826962,7.40816466861027,1.5868603916614,0.461757467707077,1,,23.16,,1698.07,1,1708.3199195171,7.44326566331768,1,,0,11754,,,2,11754,0,,,2,4386,5649,11754,13874,13874,2120,,0,0,,,,0,0,,0,11754,C10AA05,40 MG,C10,C10A,C10AA,C10AA05,325 MG,1,,,1,1,1,1,,,,,"","",,,,,,,,,,,,1,0,0,1,1,1,1,0,0,0,0,,1.3,58.64,2,020209CJB,588.714,5.43,21,188.4,21,116.387,8,12978,12978,23.16,0,1,1,325,0,2,1,1,1,0,0,0,0,0,0,0,0,180,64,0,0,0,0,0,0,1,,,,,4,6,,0,1,0,0,0,0,0,1,1,1,2,2,0,2275,2,0,0,62,30.8971321067642,1,0,0,1,0,140,0,1,1,0,1,10616,0,,,,0,0,0,1,14385,0,68.4,0,30.1810865191147,3.40721545398772,2,0,0,1,87,0,1,14435,13294,10616,2,1540,18.9585790605703,0,Q3,high,high,Q1-Q3,Q1-Q3,MI,4.21629021218344,1,0,0,0
7,2810299562,2017-08-19,1890.5,2,1,284,50,398,319,0.78,3,28.6,14,4354,6610.13986013986,8.79636009149327,1.4578729281768,0.376978474902659,1,3.2,55.04,52.6,202.94,2,709.58041958042,6.56467383701322,1,66.74,0,4354,0,3,,4354,0,,,2,4354,6154,,,6154,1800,,0,0,,,,0,0,4,0,4354,B01AC06,81 MG,B01,B01A,B01AC,B01AC06,81 MG,1,,,,,,,,,,,"","",,,,,,,,,,,,1,0,0,0,0,0,0,0,0,0,0,,4.02,51.87,2,010609CJB,406.386,1.84,4,211.1,4,134.421,3,,,55.04,0,1,1,81,1,,0,0,0,0,0,0,,,,,2,140,60.75,0,0,0,0,0,0,1,,,,,2,0,,1,0,0,1,,,1,,1,1,0,1,0,567,1,1,0,59,26.6711095836458,0,0,0,0,0,,0,0,0,0,0,,0,,,,0,0,0,,,0,154.4,0,104.895104895105,4.65296084982444,2,1,0,0,83,1,1,,8825,,,,79.6402392787935,1,Q4,high,high,Q4,Q4,,,,,,
1,2810300275,2018-02-08,2522.2,2,1,202,63,105,119,1.11,15.8,105.9,6.2,11944,2381.68083097262,7.7755617489025,4.27491408934708,1.45276400612763,0,,44.58,,1411.16,1,1332.54013220019,7.19484227356034,1,64.82,0,11944,0,3,,11944,0,,,2,4019,5177,11944,14405,14405,2461,,0,0,,,,0,0,4,0,11944,M01AE01,200 MG,M01,M01A,M01AE,M01AE01,81 MG,1,1,,,1,,,,,,,"","",,,,,,,,,,,,1,1,0,0,1,0,0,0,0,0,0,,3.12,55.04,2,021909CJB,403.21,2.65,46,236.4,46,127.343,8,12747,12747,44.58,1,1,1,81,0,2,0,0,0,0,0,0,0,0,0,0,0,163,61,0,0,0,0,0,0,1,,,,,7,6,,0,1,1,0,0,0,0,1,1,1,0,2,0,567,1,0,0,82,30.7987823715502,0,0,1,0,1,,0,0,0,0,0,,0,,,,0,0,0,,,0,118,1,149.197355996223,5.0052699664077,2,0,0,0,46,1,1,,15936,,,,51.7756702385351,1,Q4,high,high,Q4,Q4,,,,,,
1,2810300845,2017-09-07,828.6,2,1,175,67,95,103,0.96,6.9,64.4,5.8,11613,1286.64596273292,7.15979408252109,2.9341935483871,1.07643264495713,0,,36.12,,960.9,1,1492.08074534162,7.30792689816101,1,73.95,0,11613,0,3,,11613,0,,,2,4290,5684,11613,13714,13714,2101,,0,0,,,,0,0,4,0,11613,C10AA05,10 MG,C10,C10A,C10AA,C10AA05,81 MG,1,,,,1,1,1,1,,,,"","",,,,,,,,,,,,1,0,0,0,1,1,1,1,0,0,0,,0.33,97.19,2,011309CJB,581.952,2.17,4,228.6,4,154.246,8,13105,13105,36.12,1,1,1,81,0,2,0,0,0,0,0,0,0,0,0,0,1,147,64.75,0,0,0,0,0,0,1,,,,,8,0,,0,1,1,0,0,0,1,1,1,1,0,2,0,567,1,1,0,68,24.6515029187838,0,0,1,1,1,,0,0,0,0,0,,0,,,,0,0,1,,,0,89,1,107.142857142857,4.67416305747504,2,0,0,1,61,0,1,,16898,,,,21.0925567661134,1,Q3,low,high,Q1-Q3,Q1-Q3,,,,,,
1,2810301582,2018-02-01,2707.2,2,1,235,73,93,115,0.68,3,112.1,5.7,11832,2414.9866190901,7.78944902532188,,,,,48.44,,1129.09,1,1007.21677074041,6.91494613344577,1,80.38,0,11832,0,3,,11832,0,,,2,4463,5646,11832,,,,,0,0,,,,0,0,4,0,11832,C10AX06,160/12.5 MG,C03,C03A,C03AA,C03AA03,81 MG,1,,,1,1,1,,,,,,C03AA03,"",,,,,,,,1,,,,1,0,0,1,1,1,0,1,0,0,0,,1.8,71.89,2,021809CJB,405.65,1.5,44,139,44,126.762,8,12705,12705,48.44,1,1,1,81,0,2,0,0,0,0,0,0,0,0,0,0,0,193,62.75,0,0,0,0,0,0,1,,,,,8,1,,0,1,1,0,0,0,0,1,1,1,0,2,0,567,1,0,0,66,34.4616019147436,0,0,1,0,1,,0,0,0,0,0,,0,,,,0,0,0,,,0,143.4,0,26.7618198037467,3.28697623757213,1,0,1,0,91,1,1,,14960,,,,26.5383144954956,1,Q4,high,high,Q4,Q4,,,,,,
1,2810303055,2018-12-17,1395.7,2,1,167,63,82,94,0.72,5.5,135.2,5.3,11848,1032.3224852071,6.93956638289383,2.65736766809728,0.977336034358104,0,,24.96,,956.79,1,707.684911242604,6.56199895401596,1,65.61,0,11848,0,3,,11848,0,,,2,4847,,11848,14416,14416,2568,,0,0,,,,0,0,4,0,11848,B01AC06,81 MG,B01,B01A,B01AC,B01AC06,81 MG,1,,,,,,,,,,,"","",,,,,,,,,,,,1,0,0,0,0,0,0,0,0,0,0,,0.62,43.25,2,020509CJB,239.954,2.2,28,181.6,28,108.29,8,12973,12973,24.96,0,1,1,81,0,2,0,0,0,0,0,0,0,0,0,0,0,139,65.25,0,0,0,0,0,0,1,,,,,6,1,,0,1,0,0,0,0,0,1,1,1,0,2,0,567,1,0,0,50,22.9540530424699,0,0,0,0,0,,0,0,0,0,0,,0,,,,0,0,0,,,0,87.6,1,40.6804733727811,3.7057482076117,2,0,0,0,98,0,0,,16759,,,,10.5339029102765,1,Q2,low,low,Q1-Q3,Q1-Q3,,,,,,
1,2810303236,2018-02-10,254.8,2,1,190,59,151,110,1.35,7.6,47.5,5.5,11872,536.421052631579,6.28491939864551,4.12427983539095,1.41689141918508,0,,19.24,,146,1,307.368421052632,5.72804709665583,1,66.59,0,11872,0,3,1,11872,1,1577,13449,2,4544,5636,11872,,,,,0,0,,,,0,1,4,1,11872,M01AX05,1500 MG,M01,M01A,M01AX,M01AX25,81 MG,1,1,,1,,1,,1,,,,M01AX25,"",,1,,,,1,1,,,,,1,1,0,1,0,1,1,1,0,0,0,,0.2,56.8,2,021909CJB,259.084,0.99,46,147.4,46,100.04,8,12660,12660,19.24,1,1,1,81,0,2,0,0,0,0,0,0,0,0,0,0,0,136,63.25,0,0,0,0,0,0,1,,,,,3,0,,0,1,1,0,0,0,0,1,1,1,0,2,0,567,1,0,0,79,23.9014066742221,0,0,1,1,1,140,0,1,1,0,1,13449,0,,,,0,0,1,,,0,100.8,1,160,5.07517381523383,2,0,0,1,37,0,0,13862,17094,5090,6,5222,14.49786628734,1,Q1,low,low,Q1-Q3,Q1-Q3,Angina,14.2970568104038,1,1,1,0
7,2810304094,2017-08-16,1575.1,2,1,218,83,56,82,0.73,3,64.6,4.7,4502,2438.23529411765,7.79902981650723,,,,2.4,31.74,32.84,755.28,2,1169.16408668731,7.0640443166238,1,75,0,4502,0,3,,4502,0,,,2,4502,6126,,,6126,1624,,0,0,,,,0,0,4,0,4502,B01AC06,81 MG,B01,B01A,B01AC,B01AC06,81 MG,1,,,,,,,,,,,"","",,,,,,,,,,,,1,0,0,0,0,0,0,0,0,0,0,,3.85,53.89,2,010609CJB,398.996,1.36,4,211,4,117.626,3,,,31.74,0,4,3,81,0,,0,0,0,0,0,0,,,,,0,226,64,0,0,0,0,0,0,1,,,,,,,,1,0,0,0,,,0,,1,1,0,1,0,74.4827586206897,1,0,0,58,38.7930658673817,0,0,0,0,0,,0,0,0,0,0,,0,,,,0,0,0,,,0,123.8,0,46.4396284829721,3.83815315686169,2,0,0,0,91,1,1,,9002,,,,26.7937944408533,1,Q4,high,high,Q4,Q4,,,,,,
1,2810304168,2018-01-08,1016.3,2,1,134,67,53,120,1.11,13.5,245.6,5.5,12758,413.802931596091,6.02538984985883,2.45724907063197,0.899042460249847,0,,28.28,,1481.63,1,603.269543973941,6.40236410178215,1,61.15,0,12758,0,3,2,12758,0,,,1,4690,5846,12758,14968,14968,2210,,0,0,,,,0,0,4,0,12758,M01AB01,75 MG,M01,M01A,M01AB,M01AB01,81 MG,1,1,,1,1,1,1,,,1,,"","",,,,,,,,,,,,1,1,0,1,1,1,1,0,0,1,0,,0.41,61.66,2,021109bCJ,386.032,1.32,37,233,37,139.442,8,13764,13764,28.28,1,4,2,81,0,8,0,0,0,0,0,0,0,0,0,1,0,185,70.5,0,0,0,0,0,0,1,,,,,7,1,,0,1,1,0,1,0,0,,1,1,0,2,0,324,1,0,0,70,26.1697218731694,0,1,1,1,1,140,0,1,1,0,1,11886,0,,,,0,0,1,,,0,56.4,1,54.9674267100977,4.00674076815353,2,1,0,1,67,0,0,,16723,11886,2,3965,6.17616315815062,0,Q1,low,low,Q1-Q3,Q1-Q3,MI,10.8555783709788,1,1,0,0
1,2810304213,2017-09-17,555.4,2,1,192,39,143,137,0.7,3,48.5,6.5,12306,1145.15463917526,7.04329496291735,2.12527798369162,0.753902609675614,0,,26.92,,319.42,1,658.59793814433,6.49011323927282,1,67.39,0,12306,0,3,,12306,0,,,2,4696,5782,12306,14470,14470,2164,,0,0,,,,0,0,4,0,12306,M01AC06,7.5 MG,M01,M01A,M01AC,M01AC06,81 MG,1,1,,1,,,,,,1,,"","",,,,,,,,,,,,1,1,0,1,0,0,0,0,0,1,0,,4.7,136.3,2,011509CJB,295.924,2.25,7,222.5,7,183.898,8,13756,13756,26.92,1,1,1,81,1,2,0,0,0,0,0,0,0,0,0,0,0,150,61.25,0,0,0,0,0,0,1,,,,,7,1,,0,1,1,1,0,0,0,1,1,1,0,2,0,567,1,0,0,56,28.1115431035527,0,1,1,0,1,,0,0,0,0,0,,0,,,,0,0,0,,,0,124.4,0,61.8556701030928,4.12480376970681,2,1,0,0,97,0,0,,17549,9305,11,5243,11.8057179296418,1,Q2,low,low,Q1-Q3,Q1-Q3,Atherothrombotic Infarction of Brain,14.3545516769336,1,1,1,0
1,2810304537,2017-10-25,1640.5,2,1,170,40,181,113,0.91,3,83.4,5.5,12551,1967.02637889688,7.58427822902455,,,,,37.58,,809.41,1,970.515587529976,6.87782746381957,1,60.95,0,12551,0,3,,12551,0,,,1,4509,5764,12551,14671,14671,2120,,0,0,,,,0,0,4,0,12551,C10AA05,10 MG,C10,C10A,C10AA,C10AA05,81 MG,1,,,,1,1,1,,,,,"","",,,,,,,,,,,,1,0,0,0,1,1,1,0,0,0,0,,1,77.59,2,020209CJB,182.948,1.08,21,214.2,21,146.625,8,13775,13775,37.58,1,1,1,81,0,8,0,0,0,0,0,0,0,0,0,0,0,230,69.25,0,0,0,0,0,0,1,,,,,8,6,,0,1,1,0,0,0,0,,1,1,0,2,0,567,1,0,0,61,33.7204912703039,0,0,1,1,1,,0,0,0,0,0,,0,,,,0,0,0,,,0,93.8,0,35.9712230215827,3.58271925828555,2,0,0,1,91,1,1,,17563,,,,21.6156744933723,1,Q4,high,high,Q1-Q3,Q4,,,,,,
1,2810304782,2018-02-17,717.1,2,1,180,41,163,118,1.12,5.1,91.7,5.9,13040,782.006543075246,6.6618631076142,1.4609756097561,0.379104438417096,1,,33.06,,359.95,1,392.529989094875,5.97261293964098,1,78.73,0,13040,0,3,,13040,0,,,1,,,13040,,,,,0,0,,,,0,0,4,0,13040,B01AC06,81 MG,B01,B01A,B01AC,B01AC06,81 MG,1,,,,,,,,,,,"","",,,,,,,,,,,,1,0,0,0,0,0,0,0,0,0,0,,2.97,45.47,2,022009CJB,325.252,1.36,49,231.1,49,163.649,8,13734,13734,33.06,0,2,1,81,0,8,0,0,0,0,0,0,0,0,0,1,0,190,71.25,0,0,0,0,0,0,1,,,,,7,1,,0,0,0,0,1,0,0,,1,1,0,,0,1134,2,0,0,67,26.3141578914737,0,0,0,0,0,140,0,1,1,0,0,,0,,,,0,0,1,,,0,106.4,1,55.6161395856052,4.01847343945,2,0,0,0,68,0,0,,17514,,,,11.5000962216948,1,Q1,low,low,Q1-Q3,Q1-Q3,,,,,,
1,2810307268,2017-12-02,232.2,2,1,188,61,78,92,0.73,3,31.3,5.9,11740,741.85303514377,6.60915115770578,1.77306903622693,0.572711963856265,0,,39.22,,219.61,1,701.629392971246,6.55340533438119,1,70.26,0,11740,0,3,,11740,0,,,2,4572,5840,11740,13884,13884,2144,,0,0,,,,0,0,4,0,11740,B01AC06,81 MG,B01,B01A,B01AC,B01AC06,81 MG,1,,,,,,,,,,,"","",,,,,,,,,,,,1,0,0,0,0,0,0,0,0,0,0,,1.28,36.67,2,020409CJB,355.184,1.82,26,257.8,26,169.498,8,12895,12895,39.22,0,1,1,81,0,1,0,0,0,0,0,0,0,0,0,0,0,132,64.25,0,0,0,0,0,0,1,,,,,4,8,,0,1,0,0,0,0,0,0,1,1,0,2,0,567,1,0,0,65,22.4819138793299,0,0,0,0,0,,0,0,0,0,0,,0,,,,0,0,1,,,0,111.4,0,95.8466453674121,4.56274947010414,2,0,0,0,86,0,0,,16682,,,,8.62619808306709,1,Q1,low,low,Q1-Q3,Q1-Q3,,,,,,
1,2810307348,2018-02-08,1696.3,2,1,224,97,113,102,0.56,3,91.5,5.7,11793,1853.87978142077,7.52503590120829,,,,,34.8,,1395.42,1,1525.04918032787,7.32978193791684,1,60.12,0,11793,0,3,,11793,0,,,2,3892,,11793,14045,14045,2252,,0,0,,,,0,0,4,0,11793,C09AA03,10 MG,C09,C09A,C09AA,C09AA03,81 MG,1,,,,1,,,,,,,"","",,,,,,,,,,,,1,0,0,0,1,0,0,0,0,0,0,,2.23,33.12,2,021909CJB,311.962,2.21,46,168.7,46,100.087,8,12602,12602,34.8,1,1,1,81,0,2,0,0,0,0,0,0,0,0,0,0,0,161,63,0,0,0,0,0,0,1,,,,,6,6,,0,1,1,0,0,0,0,1,1,1,0,2,0,567,1,0,0,77,28.5200570401141,0,0,1,0,1,,0,0,0,0,0,,0,,,,0,0,1,,,0,104.4,0,32.7868852459016,3.49002859536877,2,0,0,0,90,1,1,,16383,,,,20.5986642380085,1,Q4,high,high,Q1-Q3,Q4,,,,,,
1,2810308353,2017-11-23,1703.4,2,1,199,50,125,101,0.92,5,117.6,5.9,12590,1448.4693877551,7.27826268323055,1.13094083414161,0.123049882893478,1,,38.42,,1955.85,1,1663.13775510204,7.41646131106116,1,71.42,0,12590,0,3,12,12590,0,,,1,4566,5872,12590,14677,14677,2087,,0,0,,,,0,0,4,0,12590,"","","","","","","",,,,,,,,,,,,"","",,,,,,,,,,,,0,0,0,0,0,0,0,0,0,0,0,,3.43,105.1,2,013009CJB,372.008,2.54,20,258.2,20,158.267,8,13834,13834,38.42,0,1,1,81,0,8,0,0,0,0,0,0,0,0,0,0,0,170,65,0,0,0,0,0,0,1,,,,,7,8,,0,1,0,0,0,0,0,,1,1,0,2,0,567,1,0,0,75,28.2896660467877,0,0,0,0,0,141,1,1,0,1,0,,1,12937,,,0,0,0,,,0,124,1,42.5170068027211,3.74990415595171,2,0,0,0,81,0,1,,17622,12937,12,5032,17.8823381204334,0,Q3,high,high,Q1-Q3,Q1-Q3,TIA,13.7768651608487,1,1,1,0
1,2810309141,2018-12-17,272.2,2,1,226,64,88,83,0.95,3,47.4,5.5,12337,574.261603375528,6.35308504750443,2.13620071684588,0.759028885243984,0,,30.04,,419.36,1,884.725738396625,6.78527769686216,1,72.77,0,12337,0,3,,12337,0,,,2,4948,5707,12337,,,,,0,0,,,,0,0,4,0,12337,M01AX25,1200 MG,M01,M01A,M01AX,M01AX25,325 MG,1,1,,,,1,,,,,,"","",,,,,,,,,,,,1,1,0,0,0,1,0,0,0,0,0,,1.02,42.42,2,020509CJB,394.962,1.18,29,162.3,29,136.698,8,13455,13455,30.04,0,1,1,325,0,2,0,0,0,0,0,0,0,0,0,0,0,145,65.25,0,0,0,0,0,0,1,,,,,8,8,,0,1,0,0,0,0,0,1,1,1,0,2,0,2275,2,0,0,74,23.9448754759579,0,0,0,0,0,,0,0,0,0,0,,0,,,,0,0,0,,,0,144.4,0,63.2911392405063,4.14774533894922,2,0,1,0,59,0,0,16231,,16231,26,3894,9.73324751483945,0,Q1,low,low,Q1-Q3,Q1-Q3,,10.6611909650924,1,1,0,0
1,2810309567,2017-11-21,240.4,2,1,159,56,109,86,0.9,3.1,33.8,5.3,12419,711.242603550296,6.56701358616017,,,,,24.12,,260.17,1,769.733727810651,6.64604464700423,1,65.43,0,12419,0,3,,12419,0,,,2,4578,5785,12419,14535,14535,2116,,0,0,,,,0,0,4,0,12419,C03DB02,37.5/25 MG,C03,C03A,C03AA,C03AA03,81 MG,1,,,,,,,1,,,,C03AA03,"",,,,,,,,1,,,,1,0,0,0,0,0,0,1,0,0,0,,0.71,51.27,2,012709bCJ,,,18,212.3,18,144.405,8,13695,13695,24.12,1,1,1,81,0,2,0,0,0,0,0,0,0,0,0,0,0,125,61.25,0,0,0,0,0,0,1,,,,,7,0,,0,1,1,0,0,0,0,1,1,1,0,2,0,567,1,0,0,62,23.4262859196272,0,0,1,0,1,,0,0,0,0,0,,0,,,,0,0,1,,,0,81.2,0,91.715976331361,4.51869658798427,2,0,0,0,69,0,0,,17486,,,,10.3078638195695,1,Q1,low,low,Q1-Q3,Q1-Q3,,,,,,
1,2810309627,2017-12-24,1122.3,2,1,165,45,96,104,0.98,3,86.6,5.4,11804,1295.9584295612,7.16700580044191,,,,,17.8,,627.17,1,724.214780600462,6.58508800667928,1,,0,11804,,,,11804,0,,,1,4343,5668,11804,13786,13786,1982,,0,0,,,,0,0,,0,11804,C09CA01,50/12.5 MG,C03,C03A,C03AA,C03AA03,81 MG,1,,,1,1,,,,,,,C03AA03,"",,,,,,,,1,,,,1,0,0,1,1,0,0,1,0,0,0,,2.04,119.7,2,020709CJB,373.08,1.9,31,159.1,31,154.361,8,12896,12896,17.8,1,1,1,81,0,8,0,0,0,0,0,0,0,0,0,0,0,192,67.25,0,0,0,0,0,0,1,,,,,7,6,,0,1,1,0,0,0,0,,1,1,0,2,0,567,1,0,0,76,29.8484830189212,0,0,1,0,1,,0,0,0,0,0,,0,,,,0,0,0,,,0,100.8,0,34.6420323325635,3.54506775208186,2,0,0,0,75,0,1,,16682,16708,27,4904,17.2794457274827,0,Q3,low,low,Q1-Q3,Q1-Q3,,13.4264202600958,1,1,1,0
1,2810310771,2017-10-25,999.5,2,1,137,52,63,156,0.98,3,58.8,7.9,12366,1699.82993197279,7.43828348502397,,,,,53.64,,1199.63,1,2040.18707482993,7.62079678598177,1,78,0,12366,0,3,,12366,0,,,1,4629,5783,12366,,,,,0,0,,,,0,0,4,0,12366,C09AA03,40 MG,C09,C09A,C09AA,C09AA03,81 MG,1,,,,1,,,,,1,,"","",,,,,,,,,,,,1,0,0,0,1,0,0,0,0,1,0,,2.96,189.2,2,012209CJB,304.85,8.26,12,198,12,188.123,8,13730,13730,53.64,1,1,1,81,1,8,0,0,0,0,0,0,0,0,0,0,2,238,68,0,0,0,0,0,0,1,,,,,4,7,,0,1,1,1,0,0,1,,1,1,0,2,0,567,1,1,0,72,36.1880135524977,0,1,1,0,1,,0,0,0,0,0,,0,,,,0,0,1,,,0,72.4,0,51.0204081632653,3.93222571274567,2,1,0,0,77,0,1,13134,,13134,28,768,22.075713402244,0,Q3,high,high,Q1-Q3,Q1-Q3,Death,2.10266940451745,0,0,0,0
1,2810311033,2017-11-23,1516.3,2,1,209,61,114,90,1.01,7.9,125.3,5.5,12051,1210.13567438148,7.09848775989296,1.29352850539291,0.257373759813506,1,,45.52,,1368.47,1,1092.15482841181,6.99590793051431,1,,0,12051,,,,12051,0,,,1,4571,5712,12051,,,,,0,0,,,,0,0,,0,12051,C10AX06,1000 MG,C10,C10A,C10AX,C10AX06,81 MG,1,,,,,1,,,,,,"","",,,,,,,,,,,,1,0,0,0,0,1,0,0,0,0,0,,1.3,41.21,2,013009CJB,364.734,1.36,20,348.5,20,178.177,8,13293,13293,45.52,0,1,1,81,0,8,1,1,1,0,0,0,0,0,0,0,0,166,65.75,0,0,0,0,0,0,1,,,,,3,1,,0,1,0,0,0,0,0,,1,1,2,2,0,567,1,0,0,60,26.9974152404752,1,0,0,0,0,140,0,1,1,0,0,,0,,,,0,0,0,,,0,125.2,1,63.048683160415,4.14390717655309,2,0,1,0,80,0,1,15302,,15302,27,3251,15.1266959297686,0,Q3,low,low,Q1-Q3,Q1-Q3,,8.90075290896646,1,0,0,0
1,2810311993,2017-09-13,4076.8,2,1,118,28,83,101,1.23,74.2,85.4,4.7,11767,4773.77049180328,8.47089173113136,1.29215509467989,0.256311440477805,1,,27.54,,1582.61,1,1853.17330210773,7.52465474706473,1,,0,11767,,,41,11767,1,1058,12825,1,4628,5726,11767,,,,12827,1,0,1060,12827,,0,1,,1,11767,M01AE01,200 MG,M01,M01A,M01AE,M01AE01,81 MG,1,1,,1,,,,,,,,"","",,,,,,,,,,,,1,1,0,1,0,0,0,0,0,0,0,,2.06,43.87,2,022109CJB,701.726,6.82,5,183.3,5,161.086,8,13246,13246,27.54,1,2,1,81,0,8,0,0,0,0,0,0,0,0,0,0,0,197,71.5,0,0,0,0,0,0,1,,,,,4,7,,0,1,1,0,0,0,0,,1,1,0,2,0,1134,2,0,0,76,27.0931658299328,0,0,1,0,1,,0,0,0,0,0,,0,,1,1,0,0,1,,,0,73.4,1,868.852459016394,6.76717332836095,3,0,0,0,57,1,1,12850,,12825,41,,83.7503595053207,1,Q4,high,high,Q4,Q4,CHF,,,,,
7,2810312005,2018-11-24,4179.4,2,1,149,57,48,113,0.81,5.6,175.5,6.4,3810,2381.4245014245,7.77545411762817,3.31294812315479,1.19783846462432,0,0.5,49.06,49.44,1295.9,2,738.404558404559,6.60449185652354,1,67.01,0,3810,0,3,,3810,0,,,2,3810,5683,,,5683,1873,,0,0,,,,0,0,4,0,3810,B01AC06,87MG,B01,B01A,B01AC,B01AC06,87MG,1,,,,,,,,,,,"","",,,,,,,,,,,,1,0,0,0,0,0,0,0,0,0,0,,1.16,48.64,2,122308CJB,366.112,1.47,2,92.9,2,54.388,3,,,49.06,0,1,1,81,0,,0,0,0,0,0,0,,,,,0,181,62.75,0,0,,,,,,1,,,,7,1,,0,0,0,0,,,0,,2,2,0,,0,567,1,0,0,52,32.3189116402518,0,0,0,0,0,,0,0,0,0,0,,0,,,,0,0,0,,,0,82.4,1,31.9088319088319,3.46288283381732,2,0,0,0,97,1,1,,8441,,,,24.5507680559227,1,Q4,high,high,Q4,Q4,,,,,,
1,2810312492,2018-01-06,192.9,2,1,155,58,111,105,0.97,3,21.9,5.2,11810,880.821917808219,6.78085546907732,1.07936507936508,0.0763729787845742,1,,47.68,,83.45,1,381.050228310502,5.94293119927348,1,52.93,0,11810,1,2,2,11810,0,,,2,4376,5747,11810,14134,14134,2324,10885,1,1,-925,10885,,0,0,3,0,11810,C10AA05,10 MG,C10,C10A,C10AA,C10AA05,325 MG,1,,,1,,1,1,1,,,,"","",,,,,,,,,,,,1,0,0,1,0,1,1,1,0,0,0,,0.86,93.6,2,021109CJB,541.072,6.63,35,98.3,35,86.073,8,12834,12834,47.68,1,1,1,325,0,2,0,0,0,0,0,0,0,0,0,1,0,145,63,0,0,0,0,0,0,1,,,,,6,6,,0,1,1,0,1,0,0,1,1,1,0,2,0,2275,2,0,0,74,25.6857656572456,0,0,1,1,1,141,0,1,1,1,1,9086,0,,1,1,1,0,0,,,0,74.8,0,136.986301369863,4.91988093082779,2,0,0,1,58,0,0,,16619,9086,2,4809,15.1865847897969,0,Q2,low,low,Q1-Q3,Q1-Q3,MI,13.1663244353183,1,1,1,0
1,2810313265,2018-01-28,824.6,2,1,131,42,66,127,0.76,3,66.7,6,11735,1236.28185907046,7.11986365333931,1.27821011673152,0.245460753029446,1,,48.5,,531.22,1,796.431784107946,6.68014148112238,1,63.33,0,11735,0,3,2,11735,0,,,1,4442,5624,11735,13765,13765,2030,,0,0,,,,0,0,4,0,11735,C10AX06,1000 MG,C10,C10A,C10AX,C10AX06,81 MG,1,,,1,,1,1,,,,,"","",,,,,,,,,,,,1,0,0,1,0,1,1,0,0,0,0,,1.69,52.25,2,021709CJB,293.512,3.09,42,149.5,42,122.103,8,12639,12639,48.5,1,1,1,81,0,8,0,0,0,0,0,0,0,0,0,0,0,182,67.75,0,0,0,0,0,0,1,,,,,8,7,,0,1,1,0,0,0,0,,1,1,0,2,0,567,1,0,0,69,27.8777938038168,0,0,1,1,1,141,0,1,1,1,1,3211,0,,,,0,0,0,,,0,75.8,0,44.9775112443778,3.80616261472867,2,1,0,1,93,0,1,14223,,3211,2,,13.2933533233383,1,Q3,low,low,Q1-Q3,Q1-Q3,MI,,,,,
7,2810314467,2017-08-10,1598.1,2,1,82,35,55,98,0.97,3,100.4,5.2,3807,1591.73306772908,7.37257868132153,4.5585464333782,1.51700380810001,0,1.7,33.2,34,1624.44,2,1617.96812749004,7.38892639871616,1,54.25,2,3807,1,2,5,3807,0,,,1,3807,5736,,,5736,1929,,0,0,,,,0,0,3,0,3807,C10AX09,40 MG,C10,C10A,C10AA,C10AA01,81 MG,1,,,1,1,1,,,,,,C10AA01,"",,,,,,1,1,,,,,1,0,0,1,1,1,1,0,0,0,0,,0.32,29.8,2,122308CJB,437.01,2.31,2,150.4,2,106.889,3,,,33.2,1,1,1,81,0,,0,0,0,0,0,0,,,,,0,105,60.5,0,0,0,0,0,0,,,1,,,8,1,,0,1,1,0,,,0,,2,3,0,2,0,567,1,0,0,65,20.1689905463002,0,0,1,1,1,140,0,1,1,0,1,619,0,,,,0,0,0,,,0,36,0,29.8804780876494,3.39720536039262,1,0,0,1,82,0,1,,8442,619,5,4635,19.4113788747449,0,Q3,high,high,Q1-Q3,Q1-Q3,MI,12.6899383983573,1,1,1,0
1,2810314532,2017-12-31,730.5,2,1,172,51,125,95,0.92,5.6,63,5.5,12718,1159.52380952381,7.05576469078731,4.05407969639469,1.39972370654272,0,,26.28,,821.12,1,1303.36507936508,7.17270472158378,1,78.13,0,12718,0,3,,12718,0,,,2,5515,,12718,14601,14601,1883,,0,0,,,,0,0,4,0,12718,B01AC06,81 MG,B01,B01A,B01AC,B01AC06,81 MG,1,,,,,,,,,,,"","",,,,,,,,,,,,1,0,0,0,0,0,0,0,0,0,0,,0.6,47.09,2,020909CJB,381.45,0.88,32,138.6,32,116.968,8,13784,13784,26.28,0,3,2,81,0,2,0,0,0,0,0,0,0,0,0,0,0,125,61.5,0,0,0,0,0,0,1,,,,,3,2,,0,1,0,0,0,0,0,1,1,1,0,2,0,243,1,0,0,64,23.2362154194862,0,0,0,0,0,,0,0,0,0,0,,0,,,,0,0,1,,,0,96,1,88.8888888888889,4.48738715033171,2,0,0,0,66,0,1,,17570,,,,17.5685425685426,1,Q3,low,low,Q1-Q3,Q1-Q3,,,,,,
1,2810315452,2017-10-25,936.8,2,1,217,68,89,109,0.85,5.8,98.5,5,12193,951.065989847716,6.85758345009356,1.2790243902439,0.246097592191191,1,,35.5,,1392.16,1,1413.36040609137,7.25372541462776,1,67.3,0,12193,0,3,,12193,0,,,1,4557,5783,12193,14280,14280,2087,,0,0,,,,0,0,4,0,12193,C07AB03,100 MG,C07,C07A,C07AB,C07AB03,81 MG,1,,,1,,,,1,,,,"","",,,,,,,,,,,,1,0,0,1,0,0,0,1,0,0,0,,2.93,103.5,2,012209CJB,216.554,2.3,12,185,12,148.635,8,13561,13561,35.5,1,1,1,81,0,8,0,0,0,0,0,0,0,0,0,0,0,220,68.25,0,0,0,0,0,0,1,,,,,8,7,,0,0,1,0,0,0,0,,1,1,0,,0,567,1,0,0,64,33.2064907578674,0,0,1,0,1,,0,0,0,0,0,,0,,,,0,0,1,,,0,131.2,1,58.8832487309645,4.07555664835647,2,0,0,0,92,0,0,,17353,,,,10.3376738026926,1,Q2,low,low,Q1-Q3,Q1-Q3,,,,,,
1,2810315650,2018-02-01,1646,2,1,140,26,287,128,0.92,970,157.7,6.3,12784,1043.75396322131,6.95057907325611,,,,,39.48,,1094.69,1,694.159797083069,6.54270218916508,1,,0,12784,,,,12784,0,,,1,4555,6142,12784,,,,,0,0,,,,0,0,,0,12784,C10AX06,20/125 MG,C03,C03A,C03AA,C03AA03,325 MG,1,,,1,1,1,1,,,,,C03AA03,"",,,,,,,,1,,,,1,0,0,1,1,1,1,1,0,0,0,,0.53,296.5,2,021809bCJ,,,44,172.6,44,162.287,8,13638,13638,39.48,1,1,1,325,1,8,0,0,0,0,1,1,0,0,0,0,0,292,72.25,0,0,0,0,0,0,1,,,,,4,6,,0,1,1,1,0,0,0,,1,1,0,2,2,2275,2,0,0,65,39.3289870762163,0,0,1,1,1,,0,0,0,0,0,,0,,,,0,0,0,,,0,56.6,1,6150.91946734306,8.72435685651057,3,1,0,1,87,0,0,,17419,,,,11.9971719910495,1,Q2,low,low,Q1-Q3,Q1-Q3,,,,,,
7,2810316390,2017-08-10,4082.6,2,1,186,75,68,82,0.75,3,21.7,6.4,4577,18813.8248847926,9.84234724478116,2.38659058487875,0.869865813952234,0,0.9,38.7,39.16,278.58,2,1283.77880184332,7.15756319670156,1,64.62,0,4577,0,3,,4577,0,,,2,4577,6545,,,6545,1968,,0,0,,,,0,0,4,0,4577,M01AX05,750/600 MG,M01,M01A,M01AX,M01AX25,325 MG,1,1,,,,1,1,,,,,M01AX25,"",,1,,,,,,,,,,1,1,0,0,0,1,1,0,0,0,0,,1.49,29.18,2,122308CJB,535.448,0.85,1,198.9,1,125.295,3,,,38.7,0,1,1,325,0,,0,0,0,0,0,0,,,,,0,122,60.75,0,0,0,0,0,0,,1,,,,8,7,,0,1,0,0,,,0,,2,2,0,2,0,2275,2,0,0,67,23.2419669228913,0,0,0,1,0,,0,0,0,0,0,,0,,,,0,0,0,,,0,97.4,0,138.248847926267,4.92905530710383,2,0,0,1,96,1,1,,9225,,,,195.977342549923,1,Q4,high,high,Q4,Q4,,,,,,
1,2810316406,2017-12-24,2277.2,2,1,149,73,37,92,0.86,8,131.2,5.8,12280,1735.67073170732,7.45914920655503,1.29826353421859,0.261027628658944,1,,51.06,,1379.48,1,1051.43292682927,6.95790920502382,1,62.03,0,12280,0,3,,12280,0,,,1,4617,,12280,,,,,0,0,,,,0,0,4,0,12280,C10AX09,20 MG,C10,C10A,C10AA,C10AA01,325 MG,1,,,1,1,1,,1,,,,C10AA01,"",,,,,,1,1,,,,,1,0,0,1,1,1,1,1,0,0,0,,0.81,13.68,2,020709CJB,571.098,4.64,31,238.3,31,162.944,8,13365,13365,51.06,1,1,1,325,0,8,1,1,1,0,0,0,0,0,0,0,0,132,66.75,0,0,0,0,0,0,1,1,,,1,3,7,,0,0,1,0,0,0,0,,1,1,2,,0,2275,2,0,0,75,20.8294116878601,1,0,1,1,1,,0,0,0,0,0,,0,,,,0,0,1,,,0,68.6,1,60.9756097560976,4.11047394415199,2,0,0,1,85,1,1,14431,,14431,29,2151,20.4196556671449,0,Q4,high,high,Q1-Q3,Q4,Death,5.88911704312115,1,0,0,0
1,2810316561,2017-12-24,248.2,2,1,147,61,92,102,1.21,45.2,26,5.7,12268,954.615384615385,6.86130852073712,1.75562877539813,0.562827069332234,0,,46.84,,704.87,1,2711.03846153846,7.90508703661251,1,77.64,0,12268,0,3,,12268,0,,,2,4659,5748,12268,,,,,0,0,,,,0,0,4,0,12268,C10AA05,40 MG,C10,C10A,C10AA,C10AA05,325 MG,1,,,1,,1,1,1,,,,"","",,,,,,,,,,,,1,0,0,1,0,1,1,1,0,0,0,,0.37,31.43,2,020709CJB,438.25,1.99,31,197,31,137.327,8,13351,13351,46.84,1,1,1,325,0,2,1,1,0,79,0,0,0,0,,0,0,100,57.5,0,0,0,0,0,0,1,,,,,3,8,,0,1,1,0,0,0,0,1,1,1,1,2,0,2275,2,0,0,80,21.2652221145652,1,0,1,1,1,,0,0,0,0,0,,0,,,,0,0,1,,,0,67.6,1,1738.46153846154,7.46075582779884,3,0,0,1,42,0,0,13448,,3789,30,,22.7289377289377,1,Q2,low,high,Q1-Q3,Q1-Q3,IC,,,,,
1,2810316652,2017-10-28,982.1,2,1,112,40,67,120,0.77,29.5,112.4,5.6,11899,873.754448398577,6.77279938469223,1.32990654205607,0.285108670633901,1,,44.34,,1359.22,1,1209.27046263345,7.09777253331593,1,63.07,0,11899,0,3,2,11899,1,5141,17040,1,4566,5719,11899,14015,14015,2116,,0,0,,,,0,1,4,1,11899,C10AA05,80 MG,C10,C10A,C10AA,C10AA05,81 MG,1,,,1,1,1,1,,,,,"","",,,,,,,,,,,,1,0,0,1,1,1,1,0,0,0,0,,3.34,296.7,2,012309CJB,313.098,3.31,13,189.5,13,124.885,8,13246,13246,44.34,1,1,1,81,0,8,0,0,0,0,0,0,0,0,0,1,0,210,63.25,0,0,0,0,0,0,1,,,,,4,6,,0,1,1,0,1,0,0,,1,1,0,2,0,567,1,0,0,68,36.9065838351958,0,0,1,1,1,140,0,1,1,0,1,4636,0,,,,0,0,1,,,0,58.6,1,262.455516014235,5.57008160486832,2,0,0,1,93,0,0,,17038,4636,2,5139,9.39520912256534,1,Q2,low,low,Q1-Q3,Q1-Q3,MI,14.0698151950719,1,1,1,0
1,2810317147,2017-12-14,1371.8,2,1,233,68,100,97,0.81,4.6,128.6,5,11916,1066.71850699844,6.97234239924979,3.19253910950662,1.16081655928229,0,,27.34,,1335.63,1,1038.59253499222,6.94562174381672,1,58.94,0,11916,0,3,,11916,0,,,1,4263,5635,11916,14037,14037,2121,,0,0,,,,0,0,4,0,11916,B01AC06,325 MG,B01,B01A,B01AC,B01AC06,325 MG,1,,,,,,,,,,,"","",,,,,,,,,,,,1,0,0,0,0,0,0,0,0,0,0,,3.72,34.54,2,020309bCJ,517.282,1.9,24,176,24,153.008,8,13103,13103,27.34,0,1,1,325,0,8,0,0,0,0,0,0,0,0,0,0,0,163,68.5,0,0,0,0,0,0,1,,,,,6,1,,0,1,0,0,0,0,0,,1,1,0,2,0,2275,2,0,0,61,24.4237347124596,0,0,0,0,0,,0,0,0,0,0,,0,,,,0,0,0,,,0,145,1,35.7698289269051,3.57710477067367,2,0,0,0,96,0,0,,16891,,,,11.1116511145671,1,Q2,low,low,Q1-Q3,Q1-Q3,,,,,,
1,2810317250,2018-01-13,572,2,1,197,99,64,96,0.75,3,36.8,5.5,11567,1554.34782608696,7.348811332193,4.95458515283843,1.60031344133823,0,,33,,573.48,1,1558.36956521739,7.35139540319127,1,67.47,0,11567,0,3,,11567,0,,,2,4383,5600,11567,13785,13785,2218,,0,0,,,,0,0,4,0,11567,B01AC06,81 MG,B01,B01A,B01AC,B01AC06,81 MG,1,,,,,,,,,,,"","",,,,,,,,,,,,1,0,0,0,0,0,0,0,0,0,0,,1.06,42.19,2,021309CJB,313.342,0.88,39,173.8,39,85.888,8,12540,12540,33,0,1,1,81,0,2,0,0,0,0,0,0,0,0,0,0,0,126,64.25,0,0,0,0,0,0,1,,,,,7,6,,0,1,0,0,0,0,0,1,1,1,0,2,0,567,1,0,0,70,21.4600087029967,0,0,0,0,0,,0,0,0,0,0,,0,,,,0,0,0,,,0,85.2,0,81.5217391304348,4.40086972247536,2,0,0,0,81,0,1,,16324,,,,19.1894793344069,1,Q3,high,high,Q1-Q3,Q1-Q3,,,,,,
1,2810317596,2017-09-07,2084.8,2,1,166,47,75,91,0.91,6.6,119.5,5.7,11056,1744.60251046025,7.46428202098711,1.40635798203179,0.341003371245212,1,,27.1,,1136.91,1,951.389121338912,6.85792314956126,1,69.88,0,11056,0,3,2,11056,1,1772,12828,1,4297,5642,11056,,,,12671,1,0,1615,12671,,0,1,4,1,11056,C10AA02,20 MG,C10,C10A,C10AA,C10AA02,81 MG,1,,,,1,1,1,,,,,"","",,,,,,,,,,,,1,0,0,0,1,1,1,0,0,0,0,,1.36,25.83,2,011309CJB,460.2,3.47,5,178.2,5,144.901,8,12545,12545,27.1,1,1,1,81,0,8,0,0,0,0,0,0,0,0,0,0,0,167,64,0,0,0,0,0,0,1,,,,,5,6,,0,0,1,0,0,0,0,,1,1,0,,0,567,1,0,0,85,28.6656725657201,0,0,1,1,1,141,0,1,0,1,1,12670,0,,1,1,0,0,1,,,0,104,1,55.2301255230126,4.01150855664295,2,0,0,1,77,1,1,13874,,12670,2,,22.6571754605227,1,Q4,high,high,Q1-Q3,Q4,MI,,,,,
1,2810317946,2017-09-15,1133.2,2,1,183,44,102,116,1.3,24.9,133.9,6.3,11357,846.303211351755,6.74087770124733,1.92139737991266,0.653052723358067,0,,10.32,,717.61,1,535.929798356983,6.28400317927848,1,62.63,0,11357,0,3,,11357,0,,,1,4431,5693,11357,,,,,0,0,,,,0,0,4,0,11357,C09CA03,160 MG,C09,C09C,C09CA,C09CA03,325 MG,1,,,,1,,,,,,,"","",,,,,,,,,,,,1,0,0,0,1,0,0,0,0,0,0,,1.5,63.41,2,011409CJB,582.188,2.03,6,208.3,6,201.47,8,12825,12825,10.32,1,1,1,325,0,8,0,0,0,0,0,0,0,2,0,0,0,215,68.5,0,0,0,0,0,0,1,,,,,7,7,,0,1,1,0,0,1,0,,1,1,0,2,0,2275,2,0,0,84,32.215355602324,0,0,1,0,1,,0,0,0,0,0,,0,,,,0,0,1,,,0,118.6,1,185.959671396565,5.22552982975567,2,0,0,0,50,0,0,14745,,8675,11,,16.9260642270351,1,Q1,low,low,Q1-Q3,Q1-Q3,Atherothrombotic Infarction of Brain,,,,,
1,2810317984,2017-11-21,202.2,2,1,135,39,58,97,0.9,3,26.9,5.5,12381,751.672862453532,6.62230120596667,2.93540051679587,1.07684390625131,0,,27.12,,182.78,1,679.479553903346,6.52132714322435,1,65.08,0,12381,0,3,,12381,0,,,1,4588,5794,12381,14468,14468,2087,15815,1,0,3255,15636,,0,0,4,0,12381,C10AA04,20 MG,C10,C10A,C10AA,C10AA04,"",,,,,1,1,1,1,,,,"","",,,,,,,,,,,,0,0,0,0,1,1,1,1,0,0,0,,1.11,25.66,2,012909CJB,240.034,2.03,19,221.8,19,98.634,8,13642,13642,27.12,1,1,1,81,0,8,0,0,0,0,0,0,0,0,0,0,0,169,68.5,0,0,0,0,0,0,1,,,,,8,6,,0,1,1,0,0,0,0,,1,1,0,2,0,567,1,0,0,74,25.3227678920593,0,0,1,1,1,,0,0,0,0,0,,0,,1,2,0,0,1,,,0,84.4,0,111.524163568773,4.71424128104245,2,0,0,1,84,0,0,16905,,16905,21,4524,8.94848645778014,0,Q1,low,low,Q1-Q3,Q1-Q3,CHD Death,12.3860369609856,1,1,1,0
1,2810318138,2017-12-16,265.8,2,1,167,60,73,87,0.97,3,33.2,5.4,12072,800.602409638554,6.68536445634479,,,,,40.92,,341.12,1,1027.46987951807,6.93485463160307,1,66.14,0,12072,0,3,,12072,0,,,2,4613,5719,12072,14142,14142,2070,11622,1,1,-450,11622,,0,0,4,0,12072,C07AA07,80 MG,C07,C07A,C07AA,C07AA07,81 MG,1,,,1,,,,,,,,"","",,,,,,,,,,,,1,0,0,1,0,0,0,0,0,0,0,,1.56,46.07,2,020409bCJ,574.15,1.09,27,288,27,161.639,8,13217,13217,40.92,0,1,1,81,0,2,0,0,0,0,0,0,0,0,0,0,0,145,64.75,0,0,0,0,0,0,1,,,,,4,1,,0,1,0,0,0,0,0,1,1,1,0,2,0,567,1,0,0,64,24.3161083212493,0,0,0,0,0,,0,0,0,0,0,,0,,2,1,1,0,0,,,0,92.4,0,90.3614457831325,4.5038176917278,2,0,0,0,62,0,0,,17004,,,,12.9129420909444,1,Q1,low,low,Q1-Q3,Q1-Q3,,,,,,
1,2810318178,2018-02-03,450.9,2,1,155,42,159,101,0.67,6.1,32.5,5.6,12792,1387.38461538462,7.23517568207944,2.12348178137652,0.753057091208375,0,,47.44,,392.88,1,1208.86153846154,7.09743431838339,1,58.54,0,12792,0,3,,12792,0,,,2,,6027,12792,14588,14588,1796,,0,0,,,,0,0,4,0,12792,C10AA07,5 MG,C09,C09A,C09AA,C09AA07,81 MG,1,,,1,1,1,1,,,,,C09AA07,"",,,,,1,,,,,,,1,0,0,1,1,1,1,0,0,0,0,,1.67,132.8,2,021909CJB,229.672,1.75,46,173,46,130.615,8,13614,13614,47.44,1,1,1,81,0,2,0,0,0,0,0,0,0,0,0,0,0,216,64,0,0,0,0,0,0,1,,,,,7,2,,0,1,1,0,0,0,0,1,1,1,0,2,0,567,1,0,0,73,37.0765585281171,0,0,1,1,1,,0,0,0,0,0,,0,,,,0,0,1,,,0,81.2,1,187.692307692308,5.23480396082571,2,0,0,1,87,0,1,16254,,16254,27,3462,15.946949602122,0,Q3,high,low,Q1-Q3,Q1-Q3,,9.47843942505133,1,0,0,0
1,2810318775,2017-09-15,1417.9,2,1,146,40,201,162,1.08,11.7,154.9,8.8,12380,915.36475145255,6.81932262130878,1.81625115420129,0.596774571388069,0,,31.86,,902.84,1,582.853453841188,6.36793578912882,1,72.64,0,12380,0,3,4,12380,0,,,2,4502,5839,12380,14466,14466,2086,,0,0,,,,0,0,4,0,12380,C10AX09,10 MG,C10,C10A,C10AX,C10AX09,81 MG,1,,,,1,1,1,,,1,,"","",,,,,,,,,,,,1,0,0,0,1,1,1,0,0,1,0,,0.7,180.3,2,011409CJB,258.69,1.92,6,174.8,6,120.736,8,13848,13848,31.86,1,1,1,81,1,2,0,0,0,0,0,0,0,0,0,0,0,138,60.75,0,0,0,0,0,0,1,,,,,3,6,,0,1,1,1,0,0,0,1,1,1,0,2,0,567,1,0,0,74,26.2900937324508,0,1,1,1,1,141,0,1,0,1,1,1471,0,,,,0,0,0,,,0,65.8,1,75.5326016785023,4.32456437336302,2,1,0,1,51,0,0,,17641,1471,4,5261,17.9483284598539,1,Q2,low,high,Q1-Q3,Q1-Q3,MI,14.403832991102,1,1,1,0
1,2810319447,2017-12-24,304.4,2,1,213,101,117,108,0.75,3,32.4,5.4,12488,939.506172839506,6.84535438917734,1.3540280857354,0.303083917063288,1,,47.7,,501.41,1,1547.56172839506,7.34443589287148,1,73.23,0,12488,0,3,41,12488,1,3291,15779,2,4589,5779,12488,14462,14462,1974,,0,0,,,,0,1,4,1,12488,C10AA03,10 MG,C10,C10A,C10AA,C10AA03,81 MG,1,,,,,1,1,,,,,"","",,,,,,,,,,,,1,0,0,0,0,1,1,0,0,0,0,,1.93,49.95,2,020709CJB,395.39,1.47,31,229.3,31,107.851,8,13567,13567,47.7,0,4,2,81,0,2,0,0,0,0,0,0,0,0,0,0,0,158,58.5,0,0,0,0,0,0,1,,,,,7,6,,0,1,0,0,0,0,0,1,1,1,0,2,0,324,1,0,0,78,32.4601832635618,0,0,0,1,0,,0,0,0,0,0,,0,,,,0,0,0,,,0,88.6,0,92.5925925925926,4.52820914485196,2,0,0,1,76,0,0,,17353,15779,41,4865,12.3619233268356,0,Q2,low,low,Q1-Q3,Q1-Q3,CHF,13.3196440793977,1,1,1,0
1,2810319917,2018-12-17,602.6,2,1,204,98,60,105,1.19,3,126.7,5.3,12608,475.611681136543,6.1646017253572,1.89737991266376,0.640473941151207,0,,26.62,,979.23,1,772.872928176796,6.65011464720465,1,74.3,0,12608,0,3,,12608,0,,,1,4587,5791,12608,,,,,0,0,,,,0,0,4,0,12608,M01AX25,800 MG,M01,M01A,M01AX,M01AX25,81 MG,1,1,,,,,,,,,,"","",,,,,,,,,,,,1,1,0,0,0,0,0,0,0,0,0,,1.23,31.08,2,020509CJB,409.566,4.4,28,211.2,28,121.113,8,13735,13735,26.62,1,1,1,81,0,8,0,0,0,0,0,0,0,2,0,0,0,161,66,0,0,0,0,0,0,1,,,,,6,6,,0,1,1,0,0,1,0,,1,1,0,2,0,567,1,0,0,76,25.9862503196081,0,0,0,0,1,,0,0,0,0,0,,0,,,,0,0,0,,,0,94,0,23.6779794790845,3.16454548032315,1,0,0,0,59,0,0,,17521,,,,8.06121493451768,1,Q1,low,low,Q1-Q3,Q1-Q3,,,,,,
1,2810320650,2017-12-14,356.6,2,1,218,37,156,116,1,3,50.8,5.8,12271,701.968503937008,6.5538885368327,0.801391524351676,-0.221405656888333,1,,49.94,,178.36,1,351.102362204724,5.86107781116293,1,64.48,0,12271,0,3,,12271,0,,,2,4599,5740,12271,14315,14315,2044,,0,0,,,,0,0,4,0,12271,C09AA06,20 MG,C09,C09A,C09AA,C09AA06,81 MG,1,,,,1,,,1,,,,"","",,,,,,,,,,,,1,0,0,0,1,0,0,1,0,0,0,,2.83,174.4,2,020409bCJ,375.524,2.63,27,214,27,195.497,8,13419,13419,49.94,1,1,1,81,0,2,0,0,0,0,0,0,0,0,0,0,0,181,65.25,0,0,0,0,0,0,1,,,,,4,1,,0,1,1,0,0,0,0,1,1,1,0,2,0,567,1,0,0,67,29.8898100768853,0,0,1,0,1,,0,0,0,0,0,,0,,,,0,0,1,,,0,149.8,0,59.0551181102362,4.07847121306581,2,0,0,0,58,0,0,,17206,,,,12.1029052402932,1,Q1,low,low,Q1-Q3,Q1-Q3,,,,,,
1,2810321024,2017-09-15,156.3,1,1,211,40,88,98,0.84,3,24,5.5,11607,651.25,6.47889359306758,1.08445945945946,0.0810816688059555,1,,30.7,,91.38,1,380.75,5.94214299177527,1,69.02,0,11607,0,3,,11607,0,,,1,4937,5635,11607,,,,,0,0,,,,0,0,4,0,11607,B01AC06,325,B01,B01A,B01AC,B01AC06,325,1,,,,,,,,,,,"","",,,,,,,,,,,,1,0,0,0,0,0,0,0,0,0,0,,1.82,82.67,2,011409CJB,519.438,1.89,6,247.4,6,172.89,8,13071,13071,30.7,0,1,1,325,0,8,0,0,0,0,1,1,0,0,0,0,0,232,68.5,0,0,0,0,0,0,1,,,,,3,6,,0,1,0,0,0,0,0,,1,1,0,2,2,2275,2,0,0,67,34.7626162778566,0,0,0,0,0,,0,0,0,0,0,,0,,,,0,0,0,,,0,153.4,0,125,4.8283137373023,2,0,0,0,91,0,0,,16674,,,,7.15659340659341,1,Q1,low,low,Q1-Q3,Q1-Q3,,,,,,
1,2810321130,2018-01-28,1366.8,2,1,125,38,62,287,0.83,33.5,136.2,11.3,12405,1003.52422907489,6.91127331251382,1.39454354669465,0.332567155059043,1,,47.54,,1258.24,1,923.817914831131,6.82851499035137,1,62.78,0,12405,0,3,,12405,0,,,1,4622,5727,12405,,,,,0,0,,,,0,0,4,0,12405,C10AD02,1000 MG,C10,C10A,C10AD,C10AD02,325 MG,1,,,1,1,1,1,,,1,,"","",,,,,,,,,,,,1,0,0,1,1,1,1,0,0,1,0,,0.88,117.8,2,021809CJB,244.408,1.6,43,182.2,43,150.183,8,13299,13299,47.54,1,1,1,325,1,8,1,1,1,0,0,0,0,0,0,1,0,240,70.75,0,0,0,0,0,0,1,,,,,7,1,,0,1,1,1,1,0,0,,1,1,2,2,0,2275,2,0,0,57,33.7104046706189,1,1,1,1,1,140,0,1,1,0,0,,0,,,,0,0,0,,,0,74.6,1,245.961820851689,5.50517632409775,2,1,0,1,98,0,0,,17080,,,,10.2400431538254,1,Q2,low,low,Q1-Q3,Q1-Q3,,,,,,
1,2810322027,2017-11-26,231.7,2,1,198,48,93,101,0.76,3,19.6,5.2,11837,1182.14285714286,7.07508405118995,2.32086851628468,0.841941476090357,0,,37.82,,115.42,1,588.877551020408,6.37821826903444,1,65.45,0,11837,0,3,,11837,0,,,2,4855,5807,11837,14106,14106,2269,,0,0,,,,0,0,4,0,11837,C10AA01,10 MG,C10,C10A,C10AA,C10AA01,81 MG,1,,,,,1,1,,,,,"","",,,,,,,,,,,,1,0,0,0,0,1,1,0,0,0,0,,1.35,62.91,2,020309bCJ,407.336,1.07,24,201.6,24,186.37,8,13017,13017,37.82,0,1,1,81,0,2,0,0,0,0,0,0,0,0,0,0,0,133,62.5,0,0,0,0,0,0,1,,,,,8,1,,0,1,0,0,0,0,0,1,1,1,0,2,0,567,1,0,0,61,23.9385157170314,0,0,0,1,0,,0,0,0,0,0,,0,,,,0,0,0,,,0,131.4,0,153.061224489796,5.03083800141378,2,0,0,1,85,0,1,,16805,,,,13.9075630252101,1,Q3,low,low,Q1-Q3,Q1-Q3,,,,,,
1,2810323046,2018-12-17,962.4,2,1,190,60,192,92,0.81,3,91.7,5.4,11385,1049.5092693566,6.95607797138614,1.87675675675676,0.62954515770787,0,,42.54,,681.7,1,743.40239912759,6.61123748509441,1,64.31,0,11385,0,3,13,11385,0,,,1,4199,5432,11385,13528,13528,2143,14546,1,0,3161,14546,,0,0,4,0,11385,M01AX25,1200 MG,M01,M01A,M01AX,M01AX25,81 MG,1,1,,1,1,1,1,1,,,,"","",,,,,,,,,,,,1,1,0,1,1,1,1,1,0,0,0,,0.34,119.5,2,020509CJB,447.184,2.27,29,210.1,29,145.491,8,12507,12507,42.54,1,1,1,81,0,8,0,0,0,0,0,0,0,0,0,0,0,213,70.5,0,0,0,0,0,0,1,,,,,8,2,,0,1,1,0,0,0,0,,1,1,0,2,0,567,1,0,0,71,30.1305446431626,0,0,1,1,1,,0,0,0,0,0,,1,14518,1,4,0,0,0,,,0,91.6,0,32.7153762268266,3.48784518838783,2,0,0,1,89,0,0,,16293,14518,13,4908,11.7922389815348,0,Q2,low,low,Q1-Q3,Q1-Q3,Cancer Death,13.4373716632444,1,1,1,0
1,2810323676,2018-06-28,20000,3,0,192,46,192,98,0.77,32.3,156.3,5.1,11144,12795.9053103007,9.45688050109679,1.55190989226249,0.43948636096631,1,,43.92,,1799.58,1,1151.36276391555,7.04870153188513,1,58.31,0,11144,0,3,,11144,0,,,1,4266,5650,11144,,,,,0,0,,,,0,0,4,0,11144,B01AC06,81 MG,B01,B01A,B01AC,B01AC06,81 MG,1,,,,,,,,,,,"","",,,,,,,,,,,,1,0,0,0,0,0,0,0,0,0,0,,2.45,76.27,2,010809CJB,431.57,3.09,1,208.5,1,139.275,8,12761,12761,43.92,0,1,1,81,0,8,0,0,0,0,0,0,0,0,0,0,0,195,69.75,0,0,0,0,0,0,1,,,,,3,6,,0,1,0,0,0,0,0,,1,1,0,2,0,567,1,0,0,78,28.1807015226934,0,0,0,0,0,,0,0,0,0,0,,0,,,,0,0,0,,,0,107.6,1,206.653870761356,5.33104527178332,2,0,0,0,87,1,1,13536,,13536,27,2392,147.079371382767,0,Q4,high,high,Q4,Q4,,6.54893908281999,1,0,0,0
1,2810324341,2017-10-30,2726.2,2,1,186,33,227,134,0.88,707.5,189.4,6.5,12408,1439.38753959873,7.27197298237286,,,,,50.76,,1454.06,1,767.719112988384,6.64342392795274,1,68.34,0,12408,0,3,,12408,0,,,1,,5592,12408,14892,14892,2484,,0,0,,,,0,0,4,0,12408,C10AX06,1000 MG,C10,C10A,C10AX,C10AX06,325 MG,1,,,1,,1,1,,,,,"","",,,,,,,,,,,,1,0,0,1,0,1,1,0,0,0,0,,4.18,93.07,2,012709CJB,302.186,2.01,16,177.1,16,200.146,8,13712,13712,50.76,1,1,1,325,0,8,1,0,0,64,0,0,0,0,0,0,0,195,68,0,0,0,0,0,0,,,,,,4,1,1,0,0,1,0,0,0,0,,1,1,1,,0,2275,2,0,0,65,29.6498430367103,0,0,1,1,1,,0,0,0,0,0,,0,,,,0,0,0,,,0,107.6,1,3735.48046462513,8.22563172774755,3,1,0,1,90,0,1,,17503,,,,15.9931948844304,1,Q3,high,low,Q1-Q3,Q1-Q3,,,,,,
1,2810324511,2017-12-23,1019.6,2,1,137,31,226,120,0.89,3.4,95.4,5.9,12475,1068.76310272537,6.97425728003581,,,,,30.62,,547.81,1,574.224318658281,6.35302011903374,1,62.4,0,12475,0,3,,12475,0,,,1,4558,5797,12475,14451,14451,1976,,0,0,,,,0,0,4,0,12475,M01AH01,200 MG,M01,M01A,M01AH,M01AH01,81 MG,1,1,,,1,1,1,1,,,,"","",,,,,,,,,,,,1,1,0,0,1,1,1,1,0,0,0,,0.38,373,2,020709CJB,567.552,1.47,31,218.1,31,140.556,8,13567,13567,30.62,1,1,1,81,1,8,0,0,0,0,0,0,0,0,0,0,0,207,69.25,0,0,0,0,0,0,1,,,,,7,1,,0,1,1,1,0,0,0,,1,1,0,2,0,567,1,0,0,68,30.3484421432735,0,0,1,1,1,,0,0,0,0,0,,0,,,,0,0,0,,,0,60.8,0,35.6394129979036,3.57345213215001,2,0,0,1,88,0,0,,17353,,,,12.1450352582428,1,Q2,low,low,Q1-Q3,Q1-Q3,,,,,,
1,2810325449,2018-01-08,2134.6,2,1,240,48,117,101,0.98,27.3,183.6,5.6,12330,1162.63616557734,7.05844526228157,1.55169811320755,0.439349888154733,1,,41.48,,1208.55,1,658.251633986928,6.48958728069302,1,64.06,0,12330,0,3,18,12330,0,,,1,4797,5727,12330,14275,14275,1945,,0,0,,,,0,0,4,0,12330,B01AC06,81 MG,B01,B01A,B01AC,B01AC06,81 MG,1,,,,,,,,,,,"","",,,,,,,,,,,,1,0,0,0,0,0,0,0,0,0,0,,2.05,40.01,2,021109bCJ,370.03,1.46,36,204.5,36,176.1,8,13345,13345,41.48,0,1,1,81,0,8,0,0,0,0,0,0,0,0,0,0,0,198,68,0,0,0,0,0,0,1,,,,,7,1,,0,1,0,0,0,0,0,,1,1,0,2,0,567,1,0,0,61,30.1059944680443,0,0,0,0,0,,0,0,0,0,0,,1,16256,,,0,0,0,,,0,168.6,1,148.692810457516,5.00188250298666,2,0,0,0,83,0,1,,17130,16256,18,4800,14.0076646455101,0,Q3,low,low,Q1-Q3,Q1-Q3,TIA,13.1416837782341,1,1,1,0
1,2810326464,2017-08-29,1037.2,2,1,191,31,440,185,1.55,5.9,59.1,9.5,10950,1754.99153976311,7.47021931524055,1.18474576271186,0.169528205334045,1,,60.72,,628.45,1,1063.36717428088,6.96919573194689,1,36.76,3,10950,1,2,1,10950,1,-4327,6623,1,,5637,10950,,,,,0,0,,,,1,0,1,1,10950,M01AH01,200 MG,M01,M01A,M01AH,M01AH01,81 MG,1,1,,1,1,1,1,1,1,,,"","",,,,,,,,,,,,1,1,0,1,1,1,1,1,1,0,0,,1.35,269.3,2,011209CJB,352.334,2.33,2,212.1,2,128.172,8,12502,12502,60.72,1,1,1,81,1,8,0,0,0,0,0,0,1,0,0,0,0,164,67.5,0,0,0,0,0,0,1,,,,,7,6,,0,1,1,1,0,0,0,,1,1,0,2,0,567,1,0,0,71,25.3070728363679,0,1,1,1,1,141,0,1,0,1,1,6600,0,,,,0,0,1,,,0,72,1,99.8307952622674,4.60347670548176,2,1,0,1,44,1,1,15011,16532,0,6,5582,39.8861713582526,1,Q4,high,high,Q4,Q4,Angina,15.2826830937714,1,1,1,1
1,2810327394,2018-01-14,1263.7,2,1,227,33,367,102,1.19,53.2,125.5,5.4,11677,1006.93227091633,6.91466363218089,1.01586252478519,0.0157380297502399,1,,54.06,,852.5,1,679.282868525896,6.52103763657393,1,67.5,0,11677,0,3,,11677,0,,,2,,5690,11677,14118,14118,2441,,0,0,,,,0,0,4,0,11677,C10AX09,5/6.25 MG,C03,C03A,C03AA,C03AA03,81 MG,1,,,1,1,1,,,,,,C03AA03,"",,,,,,,,1,,,,1,0,0,1,1,1,0,1,0,0,0,,6.02,187.2,2,021409CJB,280.666,2.36,40,263.9,40,150.045,8,12624,12624,54.06,1,1,1,81,0,2,0,0,0,0,0,0,0,0,1,0,0,180,61.5,1,1,1,1,1,1,1,,,,,8,6,,0,1,1,0,0,0,0,1,1,1,0,2,0,567,1,1,1,79,33.4601502040601,0,0,1,1,1,,0,0,0,0,0,,0,,,,0,0,0,,,0,120.6,1,423.90438247012,6.0495079167579,3,0,1,0,43,0,0,15260,,10535,30,,23.4170295561938,1,Q2,low,high,Q4,Q1-Q3,IC,,,,,
1,2810327836,2017-11-21,2040.4,2,1,181,47,135,134,1.13,3,108.1,5.7,12121,1887.51156336725,7.5430146073917,1.09620418848168,0.091853474532701,1,,23.88,,919.55,1,850.647548566142,6.74599788128792,1,,0,12121,,,,12121,0,,,1,4313,5727,12121,14151,14151,2030,14232,1,0,1933,14054,,0,0,,0,12121,C10AX09,80 MG,C10,C10A,C10AA,C10AA01,325 MG,1,,,,,1,,1,,1,,C10AA01,"",,,,,,1,1,,,,,1,0,0,0,0,1,1,1,0,1,0,,4.46,196.1,2,012709bCJ,494.974,2.54,17,175.3,17,153.751,8,13402,13402,23.88,1,1,1,325,1,8,0,0,0,0,0,0,0,0,0,0,0,296,70.25,0,0,0,0,1,1,1,,,,,3,2,,0,1,1,1,0,0,0,,1,1,0,2,0,2275,2,0,1,63,42.1701034635716,0,1,1,1,1,141,0,1,0,1,0,,0,,3,1,0,0,1,,,0,107,0,27.7520814061055,3.32331084300508,1,1,0,1,69,1,1,,17193,7387,11,5072,27.3552400488008,1,Q4,high,high,Q4,Q4,Atherothrombotic Infarction of Brain,13.886379192334,1,1,1,0
1,2810328380,2018-01-01,1099.1,2,1,118,33,148,181,0.78,15.3,104,10,11655,1056.82692307692,6.96302622892157,1.0259019426457,0.0255721697111589,1,,34.2,,1498.39,1,1440.75961538462,7.27292576416896,1,64.02,0,11655,0,3,,11655,0,,,1,4341,5648,11655,13483,13483,1828,,0,0,,,,0,0,4,0,11655,C10AA05,20 MG,C10,C10A,C10AA,C10AA05,81 MG,1,,,,1,1,1,,,1,,"","",,,,,,,,,,,,1,0,0,0,1,1,1,0,0,1,0,,4.85,106.6,2,021009CJB,330.63,2.95,34,153.3,34,127.376,8,12707,12707,34.2,1,1,1,81,1,8,0,0,0,0,0,0,0,0,0,0,0,196,66.5,0,0,0,0,0,0,1,,,,,7,7,,0,1,1,1,0,0,0,,1,1,0,2,0,567,1,0,0,66,31.1615027662188,0,1,1,1,1,,0,0,0,0,0,,0,,,,0,0,0,,,0,55.4,1,147.115384615385,4.99121720823916,2,1,0,1,94,0,0,16081,,13321,11,,11.2428396072013,1,Q2,low,low,Q1-Q3,Q1-Q3,Atherothrombotic Infarction of Brain,,,,,
1,2810329041,2018-01-01,691.2,2,1,204,81,100,88,0.48,3,75.8,5.6,12200,911.873350923483,6.81550111082961,1.76359600443951,0.567354908928378,0,,25.54,,837.33,1,1104.65699208443,7.0072901513601,1,68.83,0,12200,0,3,,12200,0,,,2,4526,5761,12200,14691,14691,2491,,0,0,,,,0,0,4,0,12200,"","","","","","","",,,,,,,,,,,,"","",,,,,,,,,,,,0,0,0,0,0,0,0,0,0,0,0,,1.87,69.31,2,021009CJB,313.178,1.05,33,144.9,33,103.536,8,13256,13256,25.54,0,1,1,81,0,1,0,0,0,0,0,0,0,,0,0,0,149,62.25,1,1,0,0,0,0,1,,,,,8,8,,0,1,0,0,0,,0,0,1,1,0,2,0,567,1,0,1,75,27.0341780340986,0,0,0,0,0,,0,0,0,0,0,,0,,,,0,0,0,,,0,103,0,39.5778364116095,3.67826927500192,2,0,0,0,96,0,0,,17041,,,,9.49868073878628,1,Q2,low,low,Q1-Q3,Q1-Q3,,,,,,
1,2810329357,2018-12-08,6920.2,2,1,193,49,113,110,1.11,4.6,173.2,5.4,12302,3995.49653579677,8.29292313978793,1.70350404312668,0.532687331539422,0,,52.12,,1661.76,1,959.445727482679,6.86635575051571,1,68.38,0,12302,0,3,,12302,0,,,1,4525,5708,12302,14489,14489,2187,,0,0,,,,0,0,4,0,12302,M01AX05,500 MG,M01,M01A,M01AX,M01AX05,81 MG,1,1,,1,1,1,,,,,,"","",,,,,,,,,,,,1,1,0,1,1,1,0,0,0,0,0,,4.37,74.15,2,020409CJB,340.272,3.59,26,131.6,26,108.223,8,13457,13457,52.12,1,1,1,81,0,8,0,0,0,0,0,0,0,0,0,0,0,164,65,0,0,0,0,0,0,1,,,,,8,6,,0,1,1,0,0,0,0,,1,1,0,2,0,567,1,0,0,64,27.2912072451364,0,0,1,1,1,,0,0,0,0,0,,0,,,,0,0,0,,,0,121.4,1,26.5588914549654,3.27936458634885,1,0,1,0,70,1,1,,17244,,,,57.0785219399538,1,Q4,high,high,Q4,Q4,,,,,,
1,2810329715,2017-11-25,952.9,2,1,128,58,74,114,0.92,3,104.2,5.6,12406,914.491362763916,6.81836802302297,0.923981191222571,-0.0790635633673642,1,,68.76,,1528.32,1,1466.71785028791,7.2907824285529,1,71.35,0,12406,0,3,,12406,0,,,1,4516,5785,12406,14364,14364,1958,,0,0,,,,0,0,4,0,12406,C10AD02,15/25 MG,C09,C09A,C09AA,C09AA13,325 MG,1,,,,,1,,1,,,,C09AA13,"",,,,,1,,,,,,,1,0,0,0,1,1,0,1,0,0,0,,3.05,141.4,2,020209CJB,342.122,5.19,22,222.1,22,117.55,8,13621,13621,68.76,1,1,1,325,0,8,0,0,0,0,0,0,0,0,0,0,0,172,64.5,0,0,0,0,0,0,1,,,,,4,7,,0,1,1,0,0,0,0,,1,1,0,2,0,2275,2,0,0,68,29.0679651126744,0,0,1,1,1,,0,0,0,0,0,,0,,,,0,0,0,,,0,55.2,0,28.7907869481766,3.36005543833098,1,0,1,0,85,0,0,,17409,,,,10.7587219148696,1,Q2,low,low,Q1-Q3,Q1-Q3,,,,,,
1,2810330121,2018-01-08,457.7,2,1,125,40,87,116,1.24,3,59.2,5.1,12665,773.141891891892,6.65046259175773,1.21,0.19062035960865,1,,69.4,,626.64,1,1058.51351351351,6.96462085715711,1,,,,,,,12665,0,,,1,4621,5789,12665,14729,14729,2064,10186,1,1,-2479,10186,,0,0,,0,12665,C10AX06,1000 MG,C10,C10A,C10AX,C10AX06,81 MG,1,,,1,1,1,1,,,,,"","",,,,,,,,,,,,1,0,0,1,1,1,1,0,0,0,0,,0.93,120.8,2,021109bCJ,268.164,1.28,37,251.4,37,162.401,8,13667,13667,69.4,1,1,1,81,0,8,0,0,0,0,0,0,0,0,0,0,0,222,67.5,0,0,0,0,0,0,1,,,,,3,6,,0,1,1,0,0,0,0,,1,1,0,2,0,567,1,0,0,75,34.257135180937,0,0,1,1,1,141,0,1,0,1,0,,0,,1,6,1,0,0,,,0,67.6,0,50.6756756756757,3.92544602576029,2,0,0,1,57,0,0,,17452,,,,13.5638928402086,1,Q1,low,low,Q1-Q3,Q1-Q3,,,,,,
1,2810330124,2018-12-17,355.3,2,1,120,31,120,116,1.15,3,72.1,6,11937,492.787794729542,6.20007864472417,1.94724770642202,0.666416942962313,0,,37.08,,368.5,1,511.095700416089,6.23655685332658,1,66.38,0,11937,0,3,41,11937,1,2685,14622,1,4230,5632,11937,13902,13902,1965,15068,1,0,2685,14622,,0,1,4,1,11937,C10AA05,20 MG,C10,C10A,C10AA,C10AA05,325 MG,1,,,1,,1,1,,,,,"","",,,,,,,,,,,,1,0,0,1,0,1,1,0,0,0,0,,2.69,58.1,2,020609CJB,308.422,3.18,29,171.7,29,133.249,8,13050,13050,37.08,1,1,1,325,0,8,0,0,0,0,0,0,0,0,1,0,1,248,72.75,0,0,0,0,0,0,1,,,,,7,1,,0,1,1,0,0,0,1,,1,1,0,2,0,2275,2,1,0,60,32.9451355044702,0,0,1,1,1,,0,0,0,0,0,,0,,2,1,0,0,1,,,0,65,0,41.6088765603329,3.72831352335934,2,0,0,1,69,0,0,,16836,4687,30,4899,7.1418520975296,0,Q1,low,low,Q1-Q3,Q1-Q3,IC,13.4127310061602,1,1,1,0
1,2810330222,2018-01-01,551.9,2,1,185,75,68,94,0.85,3,49.2,5.7,12527,1121.74796747967,7.02264343293528,1.83412322274882,0.606566559553715,0,,40.22,,508.89,1,1034.32926829268,6.94150844566557,1,68.85,0,12527,0,3,,12527,0,,,2,4592,5810,12527,14511,14511,1984,,0,0,,,,0,0,4,0,12527,C10AA05,20 MG,C10,C10A,C10AA,C10AA05,"",,,,,,1,1,,,,,"","",,,,,,,,,,,,0,0,0,0,0,1,1,0,0,0,0,,0.66,27.94,2,021009CJB,455.126,1.44,34,182.9,34,104.536,8,13569,13569,40.22,0,1,1,81,0,2,0,0,0,0,0,0,0,0,0,0,0,109,64,0,0,0,0,0,0,1,,,,,8,6,,0,1,0,0,0,0,0,1,1,1,0,2,0,567,1,0,0,77,18.709929997985,0,0,0,1,0,,0,0,0,0,0,,0,,,,0,0,1,,,0,96.4,0,60.9756097560976,4.11047394415198,2,0,0,1,66,0,0,,16729,,,,16.9961813254496,1,Q2,low,low,Q1-Q3,Q1-Q3,,,,,,
1,2810330712,2018-01-08,1080.5,2,1,179,32,126,120,0.9,17.3,111.6,6.1,12295,968.189964157706,6.87542831198782,2.77844914400806,1.02189291017211,0,,45.52,,1468.54,1,1315.89605734767,7.18227312498751,1,72.45,0,12295,0,3,,12295,0,,,1,,5169,12295,14359,14359,2064,,0,0,,,,0,0,4,0,12295,C10AX06,1000 MG,C10,C10A,C10AX,C10AX06,81 MG,1,,1,,1,1,,,1,1,,"","",,,,,,,,,,,,1,0,1,0,1,1,0,0,1,1,0,,0.51,90.76,2,021109bCJ,377.306,2.83,36,180.7,36,184.103,8,13312,13312,45.52,1,1,1,81,1,8,0,0,0,0,0,0,0,0,0,0,0,177,68.75,0,0,0,0,0,0,1,,,,,4,6,,0,1,1,1,0,0,0,,1,1,0,2,0,567,1,0,0,66,26.3289460132639,0,1,1,1,1,,0,0,0,0,0,,0,,,,0,0,0,,,0,121.8,1,155.017921146953,5.04354073053866,2,1,1,0,89,0,0,,17097,,,,10.8785389231203,1,Q2,low,low,Q1-Q3,Q1-Q3,,,,,,
1,2810330908,2017-10-22,1415.2,2,1,236,82,67,104,0.83,8.4,113.8,5.5,11820,1243.58523725835,7.12575380714144,5.28297362110312,1.66448912500354,0,,27.92,,1043.95,1,917.355008787346,6.82149453887125,1,67.07,0,11820,0,3,,11820,0,,,2,,5161,11820,13941,13941,2121,,0,0,,,,0,0,4,0,11820,B01AC06,81 MG,B01,B01A,B01AC,B01AC06,81 MG,1,,,,,,,,,,,"","",,,,,,,,,,,,1,0,0,0,0,0,0,0,0,0,0,,0.34,44.9,2,012109CJB,362.352,1.31,11,133,11,116.359,8,13205,13205,27.92,0,1,1,81,0,2,0,0,0,0,0,0,0,0,0,0,0,123,65.75,1,0,0,0,0,0,1,,,,,8,8,,0,1,0,0,0,0,0,1,1,1,0,2,0,567,1,0,1,73,20.0041088830027,0,0,0,0,0,,0,0,0,0,0,,0,,,,0,0,1,,,0,140.6,1,73.8137082601055,4.30154446313918,2,0,0,0,70,0,1,16633,,16633,28,4813,17.765503389405,0,Q3,low,low,Q1-Q3,Q1-Q3,Death,13.1772758384668,1,1,1,0
1,2810331593,2018-07-06,20000,3,1,135,35,132,138,0.85,58.5,304.9,6.1,11893,6559.52771400459,8.78867388453001,0.86647564469914,-0.143321277897049,1,,41.12,,1896.62,1,622.04657264677,6.43301496557403,1,,0,11893,,,2,11893,0,,,2,4306,5656,11893,,,,,0,0,,,,0,0,,0,11893,C10AA05,40 MG,C10,C10A,C10AA,C10AA05,81 MG,1,,,,1,1,1,,,1,,"","",,,,,,,,,,,,1,0,0,0,1,1,1,0,0,1,0,,2.24,176.5,2,021909bCJ,212.668,2.71,47,271.2,47,126.648,8,12669,12669,41.12,1,1,1,81,1,2,0,0,0,0,0,0,0,0,0,0,0,158,60,1,1,0,0,0,0,1,,,,,7,8,,0,1,1,1,0,0,0,1,1,1,0,2,0,567,1,0,1,69,30.8574617149234,0,1,1,1,1,140,0,1,1,0,1,7826,0,,,,0,0,0,,,0,73.6,1,191.866185634634,5.25679817922574,2,1,0,1,70,1,1,,16450,7826,2,4557,93.7075387714942,0,Q4,high,high,Q4,Q4,MI,12.476386036961,1,1,1,0
1,2810332256,2018-02-10,1255.3,2,1,220,49,147,101,1.02,16.1,53.8,5,12887,2333.27137546468,7.75502658564452,1.3528951486698,0.302246850745811,1,,34.24,,246.6,1,458.364312267658,6.1276643095506,1,76.76,0,12887,0,3,,12887,0,,,2,4585,,12887,,,,,0,0,,,,0,0,4,0,12887,C09CA03,5 MG,C09,C09A,C09AA,C09AA07,81 MG,1,,,,1,,,,,,,C09AA07,"",,,,,1,,,,,,,1,0,0,0,1,0,0,0,0,0,0,,1.26,68.72,2,021909bCJ,337.534,0.73,47,449,47,283.437,8,13657,13657,34.24,1,1,1,81,0,2,0,0,0,0,0,0,0,0,0,0,0,136,62.75,0,0,0,0,0,0,1,,,,,3,0,,0,1,1,0,0,0,0,1,1,1,0,2,0,567,1,0,0,85,24.2838231109074,0,0,1,0,1,,0,0,0,0,0,,0,,,,0,0,1,,,0,141.6,1,299.256505576208,5.70130108380482,2,0,0,0,50,1,1,,17438,,,,46.6654275092937,1,Q4,high,high,Q4,Q4,,,,,,
1,2810332315,2017-12-16,776,2,1,190,76,62,82,0.91,3,121,5.1,11746,641.322314049587,6.46353216057457,2.48603929679421,0.910690800201804,0,,33.4,,1492.53,1,1233.4958677686,7.11760758595861,1,69.44,0,11746,0,3,,11746,0,,,2,4342,5687,11746,14317,14317,2571,,0,0,,,,0,0,4,0,11746,C10AA01,20 MG,C10,C10A,C10AA,C10AA01,81 MG,1,,,,,1,1,,,,,"","",,,,,,,,,,,,1,0,0,0,0,1,1,0,0,0,0,,1.04,19.43,2,020509CJB,323.668,2.85,28,178.2,28,112.948,8,12874,12874,33.4,0,1,1,81,0,2,0,0,0,0,0,0,0,0,0,0,0,168,69.5,0,0,0,0,0,0,1,,,,,3,2,,0,1,0,0,0,0,0,1,1,1,0,2,0,567,1,0,0,62,24.4537397102329,0,0,0,1,0,,0,0,0,0,0,,0,,,,0,0,0,,,0,101.6,0,24.7933884297521,3.21057702205351,1,0,0,1,68,0,0,,16660,,,,9.43121050072922,1,Q1,low,low,Q1-Q3,Q1-Q3,,,,,,
1,2810333236,2017-10-30,567.4,2,1,218,59,510,162,2.65,93,90,6.6,11894,630.444444444445,6.44642503803258,1.48908594815825,0.398162474103347,1,,36.88,,937.17,1,1041.3,6.94822521153585,1,55.95,3,11894,0,3,1,11894,1,-583,11311,2,4608,5793,11894,,,,11313,1,1,-581,11313,,1,0,2,1,11894,C10AX06,500 MG,C10,C10A,C10AX,C10AX06,"",,,,1,1,1,1,1,1,1,1,"","",,,,,,,,,,,,0,0,0,1,1,1,1,1,1,1,1,,3.08,62.91,2,012609CJB,519.968,1.64,15,192.7,15,118.555,8,13226,13226,36.88,0,1,1,81,1,2,1,0,0,70,0,0,0,0,0,0,1,114,58.5,1,1,0,0,0,0,1,,,,,4,6,,0,1,0,1,0,0,1,1,1,1,1,2,0,567,1,1,1,72,23.4206385572534,0,1,0,1,0,141,0,1,0,1,1,11304,0,,1,6,1,0,0,,,0,57,1,1033.33333333333,6.94054510180513,3,1,0,1,17,0,0,14302,,11304,1,,37.0849673202614,1,Q1,low,high,Q4,Q1-Q3,MI,,,,,
1,2810333475,2017-09-30,1220.3,2,1,190,44,155,101,1.13,3,98.3,5.5,11560,1241.40386571719,7.12399816797276,2.72869565217391,1.00382371193568,0,,69.9,,638.52,1,649.562563580875,6.47629915723125,1,64.03,0,11560,0,3,,11560,0,,,1,4392,5630,11560,13732,13732,2172,,0,0,,,,0,0,4,0,11560,B01AC06,81 MG,B01,B01A,B01AC,B01AC06,81 MG,1,,,,,,,,,,,"","",,,,,,,,,,,,1,0,0,0,0,0,0,0,0,0,0,,3.13,58.72,2,011609CJB,536.908,2.03,8,208.4,8,181.902,8,12982,12982,69.9,0,1,1,81,0,8,0,0,0,0,0,0,0,0,0,0,0,173,70,0,0,0,0,0,0,1,,,,,7,6,,0,1,0,0,0,0,0,,1,1,0,2,0,567,1,0,0,81,24.823078217585,0,0,0,0,0,,0,0,0,0,0,,0,,,,0,0,0,,,0,115,0,30.5188199389624,3.41834354049713,2,0,0,0,61,0,1,,16507,9287,6,4947,20.3508830445441,0,Q3,low,high,Q1-Q3,Q1-Q3,Angina,13.5441478439425,1,1,1,0
7,2810334302,2017-08-12,1146.5,2,1,146,71,63,68,1.22,14,146.1,7.1,4202,784.736481861739,6.6653479695294,1.85161290322581,0.616057098840375,0,1,35.34,35.82,1631.64,2,1116.79671457906,7.01821979018703,1,70.98,0,4202,0,3,,4202,0,,,1,4202,5928,,,5928,1726,,0,0,,,,0,0,4,0,4202,C10AX06,50 MG,C03,C03A,C03AA,C03AA03,81 MG,1,,,,1,1,1,1,,1,,C03AA03,"",,,,,,,,1,,,,1,0,0,0,1,1,1,1,0,1,0,,1.89,76.44,2,122208CJB,264.624,1.45,1,161.6,1,83.587,3,,,35.34,1,1,1,81,1,,0,0,0,0,0,0,,,,,0,201,69.25,0,0,0,0,0,0,,1,,,,6,6,,0,0,1,1,,,0,,2,2,0,,0,567,1,0,0,67,29.4687771536134,0,1,1,1,1,,0,0,0,0,0,,0,,,,0,0,1,,,0,62.4,1,95.8247775496235,4.56252128984074,2,1,0,1,71,0,0,,8821,,,,11.0526265050949,1,Q1,low,low,Q1-Q3,Q1-Q3,,,,,,
7,2810335318,2017-08-22,573.3,2,1,255,55,140,94,0.82,3,48.7,5.7,4327,1177.20739219713,7.07090029581388,1.92118226600985,0.652940760081905,0,,38.38,,168.57,1,346.139630390144,5.84684224969176,1,77.82,0,4327,0,3,,4327,0,,,2,4327,,,,,,,0,0,,,,0,0,4,0,4327,C10AX06,1250 MG,C10,C10A,C10AX,C10AX06,81 MG,1,,,1,,1,,,,,,"","",,,,,,,,,,,,1,0,0,1,0,1,0,0,0,0,0,,1.28,19.37,2,010809CJB,502.64,0.94,5,220,5,177.148,3,,,38.38,1,1,1,81,0,,0,0,0,0,0,0,,,,,0,112,59,0,0,0,0,0,0,1,,,,,4,2,,1,0,1,0,,,0,,1,1,0,1,0,567,1,0,0,61,22.6214069204927,0,0,1,0,1,,0,0,0,0,0,,0,,,,0,0,0,,,0,172,0,61.6016427104723,4.1206885375617,2,0,1,0,77,0,1,,8282,,,,15.2884076908718,1,Q3,low,low,Q1-Q3,Q1-Q3,,,,,,
1,2810335364,2017-11-21,792.6,2,0,159,27,123,90,1.01,3.1,186.4,5.8,12452,425.214592274678,6.05259396449294,1.54809843400447,0.437027361004101,1,,30.44,,2144.06,1,1150.24678111588,7.04773179061035,1,,,12452,,,5,12452,0,,,1,4532,5796,12452,,,,,0,0,,,,0,0,,0,12452,C07AB02,50 MG,C07,C07A,C07AB,C07AB02,325 MG,1,,,1,,,,,,1,,"","",,,,,,,,,,,,1,0,0,1,0,0,0,0,0,1,0,,22.06,102.4,2,012909CJB,525.81,6.31,19,146.4,19,90.894,8,13712,13712,30.44,1,1,1,325,1,8,1,0,0,68,0,0,1,0,0,0,0,261,66.75,0,0,1,0,1,0,1,,,,,8,6,,0,1,1,1,0,0,0,,1,1,1,2,0,2275,2,0,1,70,41.1854276555416,0,1,1,0,1,141,0,1,0,1,1,10928,0,,,,0,0,0,,,0,107.4,0,16.6309012875537,2.81126248822175,1,1,0,0,75,0,0,13346,,10928,5,,5.66952789699571,1,Q1,low,low,Q1-Q3,Q1-Q3,MI,,,,,
1,2810338364,2017-12-16,1624.7,2,1,227,61,113,109,0.66,9.9,142.4,5.5,12311,1140.94101123596,7.03960864934592,,,,,23.36,,1674.34,1,1175.80056179775,7.06970452376848,1,,,,,,41,12311,1,2845,15156,2,4539,5716,12311,14927,14927,2616,,0,0,,,,0,1,,1,12311,M01AX25,1200 MG,M01,M01A,M01AX,M01AX25,325 MG,1,1,,1,,,,1,,,,"","",,,,,,,,,,,,1,1,0,1,0,0,0,1,0,0,0,,5.79,80.76,2,020509CJB,222.3,5.98,28,286.5,28,147.597,8,13444,13444,23.36,1,1,1,325,0,2,0,0,0,0,0,0,0,0,0,0,0,249,65.5,0,0,0,0,0,0,1,,,,,4,8,,0,1,1,0,0,0,0,1,1,1,0,2,0,2275,2,0,0,77,40.8058435136741,0,0,1,0,1,,0,0,0,0,0,,0,,,,0,0,0,,,0,143.4,1,69.5224719101124,4.24165003714481,2,0,0,0,85,0,0,16349,,15156,41,,13.4228354263054,1,Q2,low,low,Q1-Q3,Q1-Q3,CHF,,,,,
1,2810338950,2017-12-16,4103.1,2,1,117,56,71,103,1.06,20,237.7,5.7,12519,1726.16743794699,7.45365887617756,1.31930184804928,0.277102693686785,1,,49.1,,2182.57,1,918.20361800589,6.82241917213179,1,53.72,1,12519,1,2,2,12519,1,-2162,10357,1,,6490,12519,15164,15164,2645,10402,1,1,-3504,9015,,1,0,1,1,12519,C10AA01,80 MG,C10,C10A,C10AA,C10AA01,325 MG,1,,,1,1,1,1,,,,,"","",,,,,,,,,,,,1,0,0,1,1,1,1,0,0,0,0,,0.24,59.53,2,020409bCJ,224.508,1.62,27,163.5,27,102.135,8,13658,13658,49.1,0,1,1,325,0,8,1,1,1,0,1,0,0,1,0,0,0,168,67.5,0,0,0,0,0,0,1,,,,,4,6,,0,1,0,0,0,1,0,,1,1,2,2,1,2275,2,0,0,68,25.9243185153037,1,0,0,1,0,141,0,1,0,1,1,8945,0,,3,1,1,0,1,,,0,46.8,1,84.1396718552798,4.43247817816998,2,0,0,1,72,1,1,,17445,8945,2,4926,23.9745477492638,0,Q4,high,high,Q4,Q4,MI,13.4866529774127,1,1,1,0
1,2810339258,2018-01-14,1246.5,2,1,223,81,103,122,0.78,12.5,87.6,5.3,11679,1422.94520547945,7.26048409100936,8.06922126081582,2.08805697958545,0,,42.28,,1139.69,1,1301.01598173516,7.17090076263011,1,77.48,0,11679,0,3,41,11679,1,3628,15307,2,4467,5618,11679,13701,13701,2022,14680,1,0,3001,14680,,0,1,4,1,11679,C09CA03,80 MG,C09,C09C,C09CA,C09CA03,81 MG,1,,,,1,,,,,,,"","",,,,,,,,,,,,1,0,0,0,1,0,0,0,0,0,0,,0.7,52.62,2,021409CJB,497.936,1.21,40,215.6,40,123.151,8,12618,12618,42.28,1,1,1,81,0,2,0,0,0,0,0,0,0,0,0,0,0,112,58.25,0,0,0,0,0,0,1,,,,,4,0,,0,1,1,0,0,0,0,1,1,1,0,2,0,567,1,0,0,85,23.2076825847549,0,0,1,0,1,,0,0,0,0,0,,0,,1,1,0,0,0,,,0,121.4,1,142.694063926941,4.96070292534805,2,0,0,0,69,0,1,15323,,15307,41,,20.6223942823109,1,Q3,high,high,Q1-Q3,Q1-Q3,CHF,,,,,
7,2810339324,2017-08-12,278.1,2,1,212,60,156,88,0.82,4.9,31.9,5.9,3283,871.7868338558,6.77054493743721,2.58699324324324,0.950496291388824,0,2.4,47.94,46.34,220.54,2,691.347962382445,6.53864326052783,1,64.37,0,3283,0,3,1,3283,0,,,2,3283,5105,,,5105,1822,,0,0,,,,0,0,4,0,3283,M01AH01,20 MG,M01,M01A,M01AH,M01AH01,325 MG,1,1,,1,1,,,,,,,"","",,,,,,,,,,,,1,1,0,1,1,0,0,0,0,0,0,,0.37,56.02,2,122908CJB,302.358,3.11,2,170.6,2,110.023,3,,,47.94,1,1,1,325,0,,0,0,0,0,0,0,,,,,0,165,60,0,0,0,0,0,0,,,1,,,3,6,,0,1,1,0,,,0,,2,3,0,2,0,2275,2,0,0,71,32.2245644491289,0,0,1,0,1,,0,0,0,0,1,7506,0,,,,0,0,0,,,0,120.8,1,153.605015673981,5.03438447430792,2,0,0,0,72,0,0,,7882,7506,1,4599,12.1081504702194,0,Q2,low,low,Q1-Q3,Q1-Q3,MI,12.5913757700205,1,1,1,0
7,2810339326,2017-08-19,477.7,2,1,129,42,84,95,0.84,3,160.7,5.5,4290,297.261978842564,5.69461383364054,2.395,0.873383230862879,0,0.2,49.52,49.4,1097.43,2,682.906036092097,6.52635727483865,1,64.2,0,4290,0,3,1,4290,0,,,1,4290,6348,,,6348,2058,,0,0,,,,0,0,4,0,4290,C10AA05,20 MG,C10,C10A,C10AA,C10AA05,81 MG,1,,,,,1,1,,,,,"","",,,,,,,,,,,,1,0,0,0,0,1,1,0,0,0,0,,0.95,46.06,2,010609CJB,316.646,0.28,4,198.8,4,117.721,3,,,49.52,0,1,1,81,0,,0,0,0,0,0,0,,,,,0,131,64.75,0,0,0,0,0,0,,,1,,,8,1,,0,1,0,0,,,0,,2,3,0,2,0,567,1,0,0,57,21.968346138508,0,0,0,1,0,141,0,1,0,1,1,5453,0,,,,0,0,1,,,0,70.2,0,18.6683260734288,2.92682829490678,1,0,0,1,97,0,0,,8764,5235,6,4474,3.06455648291303,0,Q1,low,low,Q1-Q3,Q1-Q3,Angina,12.249144421629,1,1,1,0
1,2810339862,2017-09-15,318,2,1,195,53,78,93,1.17,3,138.2,5.8,11176,230.101302460203,5.4385196574347,,,,,9.94,,182.16,1,131.808972503618,4.88135369641001,1,64.96,0,11176,0,3,40,11176,1,-4365,6811,1,4294,5274,11176,,,,,0,0,,,,1,0,2,1,11176,B01AC06,81 MG,B01,B01A,B01AC,B01AC06,81 MG,1,,,,,,,,,,,"","",,,,,,,,,,,,1,0,0,0,0,0,0,0,0,0,0,,1.93,18.43,2,022109CJB,446.306,1.37,6,271.4,6,177.129,8,12644,12644,9.94,1,1,1,81,0,8,0,0,0,0,0,0,0,0,,0,1,147,66,0,0,1,1,1,1,1,,,,,4,6,,0,1,1,0,0,0,1,,1,1,0,2,0,567,1,1,1,79,23.7265763787726,0,0,0,0,1,,0,0,0,0,0,,0,,,,0,0,1,,,0,126.4,0,21.7076700434153,3.07766565631668,1,0,0,0,59,0,0,12846,,0,6,,3.90002207559666,1,Q1,low,low,Q1-Q3,Q1-Q3,Angina,,,,,
1,2810340735,2017-10-29,489.5,2,1,189,59,57,103,0.98,17.4,76.2,5.7,12322,642.38845144357,6.46519318526606,1.15044247787611,0.140146631743242,1,,33.52,,636.62,1,835.459317585302,6.72798165455228,1,70.78,0,12322,0,3,2,12322,0,,,1,4559,5805,12322,14587,14587,2265,,0,0,,,,0,0,4,0,12322,C10AX06,75/50 MG,C03,C03A,C03AA,C03AA03,81 MG,1,,1,1,1,1,,1,,,,C03AA03,"",,,,,,,,1,,,,1,0,1,1,1,1,0,1,0,0,0,,0.39,36.24,2,012609CJB,389.658,1.32,15,223.2,15,163.544,8,13639,13639,33.52,1,1,1,81,0,8,0,0,0,0,0,0,0,0,0,0,0,209,69.25,0,0,0,0,0,0,1,,,,,4,1,,0,1,1,0,0,0,0,,1,1,0,2,0,567,1,0,0,67,30.6416638064936,0,0,1,0,1,,0,0,0,0,1,14442,0,,,,0,0,1,,,0,118.6,1,228.346456692913,5.43086402251002,2,0,1,0,79,0,0,,17430,14442,2,5108,8.13149938536164,1,Q1,low,low,Q1-Q3,Q1-Q3,MI,13.9849418206708,1,1,1,0
1,2810341305,2017-12-31,2312.9,2,1,160,42,92,122,0.83,6.5,93.4,5.8,11763,2476.33832976445,7.81453626815475,1.55579868708972,0.441989038909036,1,,32.7,,718.62,1,769.400428265525,6.64561154694076,1,61.55,0,11763,0,3,,11763,0,,,1,4361,5720,11763,13848,13848,2085,,0,0,,,,0,0,4,0,11763,C10AX09,20 MG,C10,C10A,C10AA,C10AA01,81 MG,1,,,,1,1,,,,,,C10AA01,"",,,,,,1,1,,,,,1,0,0,0,1,1,1,0,0,0,0,,0.7,157.3,2,020909CJB,607.872,2.26,32,170.7,32,144.681,8,12832,12832,32.7,1,1,1,81,0,8,0,0,0,0,0,0,0,0,0,0,0,223,70.5,0,0,0,0,0,0,1,,,,,7,1,,0,1,1,0,0,0,0,,1,1,0,2,0,567,1,0,0,58,31.5451242038745,0,0,1,1,1,,0,0,0,0,0,,0,,,,0,0,0,,,0,99.6,1,69.593147751606,4.24266611064893,2,0,0,1,97,1,1,,16618,,,,25.5292611315923,1,Q4,high,high,Q4,Q4,,,,,,
1,2810341496,2018-01-10,941.5,2,1,162,57,78,107,0.71,4.6,84.3,6.1,12378,1116.84460260973,7.01826266907749,1.60865191146881,0.47539650617738,1,,33.94,,992.41,1,1177.23606168446,7.07092464932918,1,68.63,0,12397,0,3,,12378,0,,,2,4615,5721,12378,14294,14294,1916,,0,0,,,,0,0,4,0,12397,C10AA05,20 MG,C10,C10A,C10AA,C10AA05,81 MG,1,,,,,1,1,,,,,"","",,,,,,,,,,,,1,0,0,0,0,1,1,0,0,0,0,,2.78,104.2,2,021209CJB,231.306,1.24,38,152.6,38,110.3,8,13359,13359,33.94,0,1,1,81,0,2,0,0,0,0,0,0,0,0,0,0,0,162,59.75,0,0,0,0,0,0,1,,,,,3,1,,0,1,0,0,0,0,0,1,1,1,0,2,0,567,1,0,0,62,31.9039758543094,0,0,0,1,0,,0,0,0,0,0,,0,,,,0,0,0,,,0,89.4,1,54.5670225385528,3.99942971746938,2,0,0,1,91,0,0,,17143,,,,12.2730176110959,1,Q2,low,low,Q1-Q3,Q1-Q3,,,,,,
1,2810341598,2018-12-17,1511.2,2,1,192,60,142,98,0.73,3,125.9,5.7,11699,1200.31771247021,7.09034156112509,2.12514220705347,0.753838721103611,0,,22.16,,1320.37,1,1048.74503574265,6.95534952427096,1,59.68,0,11699,0,3,,11699,0,,,1,4428,5467,11699,13973,13973,2274,,0,0,,,,0,0,4,0,11699,B01AC06,81 MG,B01,B01A,B01AC,B01AC06,81 MG,1,,,,,,,,,,,"","",,,,,,,,,,,,1,0,0,0,0,0,0,0,0,0,0,,0.29,52.12,2,020509CJB,312.01,1.07,28,179.4,28,119.474,8,12826,12826,22.16,0,1,1,81,0,8,0,0,0,0,0,0,0,0,0,0,0,179,71.25,0,0,0,0,0,0,1,,,,,8,5,,0,1,0,0,0,0,0,,1,1,0,2,0,567,1,0,0,61,24.7907066451252,0,0,0,0,0,,0,0,0,0,0,,0,,,,0,0,1,,,0,103.6,0,23.8284352660842,3.17087962659995,1,0,0,0,100,0,1,,16612,,,,12.0031771247021,1,Q3,low,low,Q1-Q3,Q1-Q3,,,,,,
1,2810341756,2018-01-08,350.2,2,1,226,49,269,140,0.7,3,29.8,6.3,11905,1175.1677852349,7.06916621232848,1.27397260273973,0.242140052004865,1,,39.78,,541.99,1,1818.75838926175,7.50590934356167,1,75.28,0,11905,0,3,,11905,0,,,2,4548,5732,11905,14313,14313,2408,,0,0,,,,0,0,4,0,11905,C10AX06,100/25 MG,C03,C03A,C03AA,C03AA03,325 MG,1,,,1,1,1,,,,,,C03AA03,"",,,,,,,,1,,,,1,0,0,1,1,1,0,1,0,0,0,,1.58,139.9,2,021109bCJ,300.692,2.03,36,244.6,36,201.765,8,12920,12920,39.78,1,1,1,325,0,2,1,0,0,60,0,0,0,0,0,0,0,184,62.5,0,0,0,0,0,0,1,,,,,6,8,,0,1,1,0,0,0,0,1,1,1,1,2,0,2275,2,0,0,65,33.1179465558931,0,0,1,0,1,,0,0,0,0,0,,0,,,,0,0,1,,,0,123.2,0,100.671140939597,4.61185917413889,2,1,1,0,91,0,1,15971,,13637,11,,12.913931705878,1,Q3,low,low,Q1-Q3,Q1-Q3,Atherothrombotic Infarction of Brain,,,,,
1,2810341769,2018-02-08,1520,2,1,184,69,73,92,0.76,5,119.2,5.3,12161,1275.1677852349,7.15083304519716,2.22006472491909,0.79753635082814,0,,38.08,,1424.32,1,1194.89932885906,7.08581721718433,1,70.56,0,12161,0,3,2,12161,0,,,2,4389,5651,12161,,,,11866,1,1,-295,11866,,0,0,4,0,12161,C10AX09,20 MG,C10,C10A,C10AA,C10AA01,325 MG,1,,,,1,1,,,,,,C10AA01,"",,,,,,1,1,,,,,1,0,0,0,1,1,1,0,0,0,0,,0.81,52.48,2,021909CJB,254.932,1.2,46,191.4,46,140.071,8,12963,12963,38.08,1,1,1,325,0,2,0,0,0,0,0,0,0,1,0,0,0,145,62.75,0,0,0,0,0,0,1,,,,,3,0,,0,1,1,0,0,1,0,1,1,1,0,2,0,2275,2,0,0,62,25.8908408167763,0,0,1,1,1,,0,0,0,0,1,14132,0,,1,1,1,0,0,,,0,100.4,1,41.9463087248322,3.73639043678499,2,0,0,1,84,0,1,,16744,14132,2,4583,15.180568871844,0,Q3,low,low,Q1-Q3,Q1-Q3,MI,12.5475701574264,1,1,1,0
1,2810342594,2018-01-01,1161.8,2,1,117,31,77,98,1.41,6.3,191.7,5.8,11676,606.051121544079,6.40696434149493,1.12545587162655,0.118188172800846,1,,36.84,,1088.36,1,567.74126238915,6.34166579097583,1,60.56,0,11676,0,3,,11676,0,,,1,,4794,11676,14217,14217,2541,,0,0,,,,0,0,4,0,11676,M01AX05,1000 + 800 MG,M01,M01A,M01AX,M01AX25,81 MG,1,1,,,,,,,,,,M01AX25,"",,1,,,,,,,,,,1,1,0,0,0,0,0,0,0,0,0,,1.42,67.07,2,021009CJB,413.306,1.92,34,226.7,34,179.721,8,12720,12720,36.84,0,1,1,81,0,8,0,0,0,0,0,0,0,0,0,0,0,174,70,0,0,0,0,0,0,1,,,,,7,7,,0,1,0,0,0,0,0,,1,1,0,2,0,567,1,0,0,69,24.9665642188427,0,0,0,0,0,,0,0,0,0,0,,0,,,,0,0,1,,,0,70.6,1,32.8638497652582,3.49237326232803,2,0,0,0,50,0,0,,16505,,,,12.1210224308816,1,Q1,low,low,Q1-Q3,Q1-Q3,,,,,,
1,2810343334,2017-09-15,1189.6,2,1,199,73,101,107,0.84,3.3,79.7,5.6,12369,1492.59723964868,7.30827299533787,2.85350966429298,1.04854969780963,0,,45.28,,924.91,1,1160.48933500627,7.05659703567336,1,,0,12369,,,,12369,0,,,2,4515,5831,12369,14476,14476,2107,,0,0,,,,0,0,,0,12369,C09CA04,150 MG,C09,C09C,C09CA,C09CA04,81 MG,1,,,,1,,,1,,,,"","",,,,,,,,,,,,1,0,0,0,1,0,0,1,0,0,0,,1.83,124.8,2,011409CJB,,,6,247.1,6,134.24,8,13833,13833,45.28,1,1,1,81,0,2,0,0,0,0,0,0,0,0,0,0,0,200,64.5,0,0,0,0,0,0,1,,,,,4,8,,0,1,1,0,0,0,0,1,1,1,0,2,0,567,1,0,0,67,33.7999594333424,0,0,1,0,1,,0,0,0,0,0,,0,,,,0,0,0,,,0,105.8,0,41.405269761606,3.7234081616584,2,0,0,0,72,0,1,17022,,17022,28,4653,20.7305172173428,0,Q3,high,high,Q1-Q3,Q1-Q3,Death,12.7392197125257,1,1,1,0
1,2810343346,2017-10-01,3450.5,2,1,133,40,194,113,0.94,815.3,203.2,5.5,11553,1698.08070866142,7.43725389734442,1.10630291627469,0.101023750116624,1,,54.88,,1604.21,1,789.473425196851,6.67136617283386,1,64.3,0,11553,0,3,13,11553,0,,,1,4398,5696,11553,13639,13639,2086,,0,0,,,,0,0,4,0,11553,C10AA05,10 MG,C10,C10A,C10AA,C10AA05,81 MG,1,,,1,1,1,1,,,,,"","",,,,,,,,,,,,1,0,0,1,1,1,1,0,0,0,0,,1.02,134.5,2,012009CJB,355.108,6.26,9,292.8,9,168.851,8,12969,12969,54.88,1,1,1,81,0,8,0,0,0,0,0,0,0,0,0,0,0,218,71,0,0,0,0,0,0,1,,,,,3,6,,0,1,1,0,0,0,0,,1,1,0,2,0,567,1,0,0,70,30.4050280784553,0,0,1,1,1,,0,0,0,0,0,,1,11605,,,0,0,0,,,0,54.2,1,4012.3031496063,8.29712070694668,3,0,0,1,82,0,1,16519,,-179,7,,20.7083013251392,1,Q3,high,high,Q1-Q3,Q1-Q3,Coronary Insufficiency,,,,,
1,2810343610,2017-08-26,742.3,2,1,144,40,119,147,2.55,85.8,40.6,7.1,11879,1828.32512315271,7.51115559350391,2.675,0.98394938034797,0,,48.46,,514.49,1,1267.21674876847,7.14457823811965,1,52.8,2,11879,1,2,41,11879,1,-1904,9975,1,4722,5719,11879,14091,14091,2212,15950,1,0,3767,15646,,1,0,1,1,11879,C10AA05,10 MG,C10,C10A,C10AA,C10AA05,81 MG,1,,,1,1,1,1,1,1,,,"","",,,,,,,,,,,,1,0,0,1,1,1,1,1,1,0,0,,25.83,133.8,2,010909CJB,256.818,2.51,1,159,1,116.359,8,13469,13469,48.46,1,1,1,81,1,8,0,0,0,0,0,0,1,0,1,1,0,228,66.25,0,0,0,0,0,0,1,,,,,2,6,,0,0,1,1,1,0,0,,1,1,0,,0,567,1,1,0,75,36.5231893155136,0,1,1,1,1,141,0,1,1,1,0,,0,,1,1,0,0,0,,,0,80.2,1,2113.30049261084,7.65600621886837,3,1,0,1,24,1,1,15952,,9394,6,,76.1802134646962,1,Q4,high,high,Q4,Q4,Angina,,,,,
1,2810344508,2017-11-13,499.3,2,1,143,71,75,103,0.52,3,26.6,5.8,11659,1877.06766917293,7.537466087707,0.98856416772554,-0.0115017242390116,1,,45.16,,1008.32,1,3790.67669172932,8.24029982876935,1,72.48,0,11659,0,3,,11659,0,,,2,3679,5782,11659,14115,14115,2456,,0,0,,,,0,0,4,0,11659,C10AA05,10 MG,C10,C10A,C10AA,C10AA05,81 MG,1,,,,1,1,1,,,,,"","",,,,,,,,,,,,1,0,0,0,1,1,1,0,0,0,0,,2.69,122.9,2,012709bCJ,301.528,2.65,18,149.4,18,72.412,8,12928,12928,45.16,1,1,1,81,0,2,1,1,1,0,0,0,0,0,0,0,0,164,67,0,0,0,0,0,0,1,,,,,8,1,,0,1,1,0,0,0,0,1,1,1,2,2,0,567,1,0,0,57,25.6861997350638,1,0,1,1,1,,0,0,0,0,0,,0,,,,0,0,1,,,0,57,0,112.781954887218,4.72545635186259,2,0,0,1,106,1,1,,16719,,,,17.7081855582352,1,Q4,high,low,Q1-Q3,Q4,,,,,,
1,2810345932,2017-10-25,1157.7,2,1,190,50,154,103,0.97,3.7,111,5.1,11319,1042.97297297297,6.94983054188744,,,,,52.34,,1090.17,1,982.135135135135,6.88972891104069,1,67.13,0,11319,0,3,,11319,0,,,1,4308,5638,11319,13468,13468,2149,,0,0,,,,0,0,4,0,11319,C10AA05,20 MG,C10,C10A,C10AA,C10AA05,81 MG,1,,,,,1,1,1,,,,"","",,,,,,,,,,,,1,0,0,0,0,1,1,1,0,0,0,,0.56,55.82,2,020209CJB,257.116,0.88,21,226.3,21,223.019,8,12543,12543,52.34,1,1,1,81,0,8,0,0,0,0,0,0,0,0,0,0,0,215,68.75,0,0,0,0,0,0,1,,,,,7,2,,0,1,1,0,0,0,0,,1,1,0,2,0,567,1,0,0,58,31.9814880952076,0,0,1,1,1,,0,0,0,0,0,,0,,,,0,0,0,,,0,109.2,0,33.3333333333333,3.50655789731998,2,0,0,1,86,0,0,,16331,,,,12.1275927089881,1,Q2,low,low,Q1-Q3,Q1-Q3,,,,,,
1,2810345955,2018-12-17,936.4,2,1,218,61,60,89,0.83,3,108.8,5.5,11445,860.661764705882,6.75770158718301,1.81615120274914,0.5967195381388,0,,38.34,,1077.28,1,990.147058823529,6.89785347636322,1,63.53,0,11445,0,3,,11445,0,,,1,,,11445,,,,11001,1,1,-4018,7427,,0,0,4,0,11445,M01AE02,220 MG,M01,M01A,M01AE,M01AE02,81 MG,1,1,,1,1,,,,,,,"","",,,,,,,,,,,,1,1,0,1,1,0,0,0,0,0,0,,1.32,47.2,2,020509CJB,389.696,1.71,29,203.2,29,170.918,8,12560,12560,38.34,0,1,1,160,0,8,0,0,0,0,0,0,0,1,0,0,0,194,68,0,0,0,0,0,0,1,,,,,8,2,,0,1,0,0,0,1,0,,1,1,0,2,0,1120,2,0,0,68,29.497792559599,0,0,0,0,0,,0,0,0,0,0,,0,,1,6,1,0,0,,,0,145,0,27.5735294117647,3.3168562332284,1,0,0,0,90,0,0,,16346,,,,9.56290849673203,1,Q2,low,low,Q1-Q3,Q1-Q3,,,,,,
1,2810346876,2018-02-03,426.1,2,1,218,52,110,95,0.99,3,44.2,5.4,11887,964.027149321267,6.87111945741031,1.19258662369057,0.176124581553553,1,,33.04,,574.65,1,1300.11312217195,7.17020655671921,1,68.99,0,11887,0,3,,11887,0,,,2,4342,5657,11887,,,,,0,0,,,,0,0,4,0,11887,M01AE01,200 MG,M01,M01A,M01AE,M01AE01,81 MG,1,1,,1,,,,,,,,"","",,,,,,,,,,,,1,1,0,1,0,0,0,0,0,0,0,,8.92,56.98,2,021809bCJ,282.59,1.41,45,228,45,154.58,8,12725,12725,33.04,1,1,1,81,0,2,0,0,0,0,0,0,0,0,0,0,0,148,64.75,1,1,0,0,0,0,1,,,,,4,8,,0,1,1,0,0,0,0,1,1,1,0,2,0,567,1,0,1,67,24.819200217551,0,0,1,0,1,,0,0,0,0,0,,0,,,,0,0,0,,,0,144,0,67.8733031674208,4.21764277856659,2,0,0,0,59,0,0,,16506,,,,16.339443208835,1,Q2,low,low,Q1-Q3,Q1-Q3,,,,,,
1,2810347394,2017-12-31,241.8,2,1,136,42,106,124,1.07,3,31.1,5.7,11560,777.491961414791,6.6560733049836,1.38902953586498,0.328605327667783,1,,46.86,,330.31,1,1062.09003215434,6.96799397424847,1,75.34,0,11560,0,3,,11560,0,,,1,4624,5622,11560,13463,13463,1903,,0,0,,,,0,0,4,0,11560,C10AX09,10 MG,C10,C10A,C10AA,C10AA01,"",1,,,,,1,,1,,,,C10AA01,"",,,,,,1,1,,,,,1,0,0,0,0,1,1,1,0,0,0,,0.97,152.6,2,020909CJB,406.164,1.52,32,178.9,32,140.071,8,12630,12630,46.86,1,1,1,,0,8,0,0,0,0,0,0,0,0,0,0,0,181,65.5,0,0,0,0,0,0,1,,,,,1,6,,0,1,1,0,0,0,0,,1,1,0,2,0,,1,0,0,79,29.66207901998,0,0,1,1,1,,0,0,0,0,0,,0,,,,0,0,0,,,0,72.8,0,96.4630225080386,4.56915974846506,2,0,0,1,66,0,0,,16416,,,,11.7801812335574,1,Q1,low,low,Q1-Q3,Q1-Q3,,,,,,
1,2810347800,2017-12-02,739.7,2,1,170,60,90,89,1.46,32.8,91.6,5.5,12505,807.532751091703,6.69398361290183,2.33021515434986,0.845960604237135,0,,42,,1039.78,1,1135.13100436681,7.03450334560447,1,67.96,0,12505,0,3,,12505,0,,,2,4548,5801,12505,14550,14550,2045,,0,0,,,,0,0,4,0,12505,C10AA05,10 MG,C10,C10A,C10AA,C10AA05,81 MG,1,,,,,1,1,,,,,"","",,,,,,,,,,,,1,0,0,0,0,1,1,0,0,0,0,,0.21,69.78,2,020409CJB,636.466,1.93,26,237.7,26,150.655,8,13660,13660,42,0,1,1,81,0,2,1,1,1,0,0,0,0,0,0,0,0,96,59.25,0,0,1,1,0,0,1,,,,,3,6,,0,0,0,0,0,0,0,1,1,1,2,,0,567,1,0,1,74,19.2264957515014,1,0,0,1,0,,0,0,0,0,0,,0,,,,0,0,1,,,0,92,1,358.078602620087,5.88075252269215,3,0,0,1,35,0,0,16506,,16506,27,4001,23.0723643169058,0,Q1,low,high,Q1-Q3,Q1-Q3,,10.9541409993155,1,1,0,0
1,2810348025,2017-10-30,3441.3,2,1,71,28,47,92,1.16,3.5,264,5.8,12036,1303.52272727273,7.17282566879711,1.39167309175019,0.330506686450537,1,,34.6,,2108.55,1,798.693181818182,6.68297686928766,1,55.36,0,12036,0,3,41,12036,1,2428,14464,1,4658,5720,12036,14063,14063,2027,14632,1,0,2273,14309,,0,1,4,1,12036,C10AA05,20MG,C10,C10A,C10AA,C10AA05,325MG,1,,1,1,,1,1,,,,,"","",,,,,,,,,,,,1,0,1,1,0,1,1,0,0,0,0,,29.64,47.97,2,012609CJB,421.914,12.19,16,334.7,16,129.715,8,13345,13345,34.6,1,1,1,325,0,8,0,0,0,0,1,1,0,0,0,1,0,186,71,0,0,0,0,0,0,1,,,,,8,6,,0,1,1,0,1,0,0,,1,1,0,2,2,2275,2,0,0,68,25.9419046907921,0,0,1,1,1,140,0,1,1,0,0,,0,,1,1,0,0,1,,,0,33.6,0,13.2575757575758,2.58456914433119,1,0,0,1,64,0,1,14641,,9044,6,,20.3675426136364,1,Q3,high,high,Q1-Q3,Q1-Q3,Angina,,,,,
1,2810348035,2017-10-22,695.1,2,1,208,80,70,100,0.67,3.5,66.8,5.6,12322,1040.56886227545,6.94752282555193,,,,,29.94,,1055.64,1,1580.29940119761,7.36536960249808,1,62.33,0,12322,0,3,,12322,0,,,2,4578,5791,12322,14962,14962,2640,,0,0,,,,0,0,4,0,12322,C10AX06,500 MG,C10,C10A,C10AX,C10AX06,81 MG,1,,,,,1,,,,,,"","",,,,,,,,,,,,1,0,0,0,0,1,0,0,0,0,0,,0.16,28.8,2,012109CJB,696.668,1.28,10,250.4,10,163.563,8,13716,13716,29.94,0,1,1,81,0,2,0,0,0,0,0,0,0,0,0,0,0,104,61.5,0,0,0,0,0,0,1,,,,,3,0,,0,1,0,0,0,0,0,1,1,1,0,2,0,567,1,0,0,80,19.3325312290125,0,0,0,0,0,,0,0,0,0,0,,0,,,,0,0,0,,,0,114,0,52.3952095808383,3.95881516693491,2,0,1,0,83,0,0,16777,,16777,27,4455,12.5369742442825,0,Q2,low,low,Q1-Q3,Q1-Q3,,12.1971252566735,1,1,1,0
1,2810348785,2017-12-31,1756.2,2,1,214,48,92,83,1.09,3,143.7,5.4,11904,1222.12943632568,7.10835005582901,2.47770700636943,0.907333538270138,0,,48.4,,863.79,1,601.106471816284,6.39877207660882,1,71.42,0,11904,0,3,,11904,0,,,2,4405,5700,11904,14032,14032,2128,,0,0,,,,0,0,4,0,11904,C09AA03,5 MG,C09,C09A,C09AA,C09AA03,81 MG,1,,,,1,,,,,,,"","",,,,,,,,,,,,1,0,0,0,1,0,0,0,0,0,0,,0.4,47.31,2,020909CJB,637.372,1.17,32,248.7,32,197.24,8,12975,12975,48.4,1,1,1,81,0,2,0,0,0,0,0,0,0,0,0,0,0,149,67.5,0,0,0,0,0,0,1,,,,,3,0,,0,0,1,0,0,0,0,1,1,1,0,,0,567,1,0,0,60,22.9924015403586,0,0,1,0,1,,0,0,0,0,0,,0,,,,0,0,0,,,0,147.6,0,20.8768267223382,3.03863977456527,1,0,0,0,55,0,1,,16761,,,,22.2205352059214,1,Q3,low,high,Q1-Q3,Q1-Q3,,,,,,
1,2810349087,2017-12-16,2614.3,2,1,164,55,103,103,0.68,3.4,87.8,5.6,11353,2977.56264236902,7.99886033958716,3.26673866090713,1.18379213581876,0,,37.72,,980.24,1,1116.44646924829,7.01790612498821,1,63.13,0,11353,0,3,,11353,0,,,2,,4584,11353,13877,13877,2524,,0,0,,,,0,0,4,0,11353,"","","","","","","",,,,,,,,,,,,"","",,,,,,,,,,,,0,0,0,0,0,0,0,0,0,0,0,,0.43,48.99,2,020409bCJ,453.98,1.19,27,169.3,27,110.157,8,12488,12488,37.72,0,1,1,81,0,2,0,0,0,0,0,0,0,0,0,0,0,187,70,0,0,0,0,0,0,1,,,,,8,1,,0,1,0,0,0,0,0,1,1,1,0,2,0,567,1,0,0,55,26.831882235193,0,0,0,0,0,,0,0,0,0,0,,0,,,,0,0,0,,,0,88.4,0,38.7243735763098,3.65646920996318,2,0,0,0,98,1,1,,16275,,,,30.3832922690716,1,Q4,high,high,Q4,Q4,,,,,,
1,2810349308,2018-01-06,3243.8,2,1,149,66,88,337,2.09,947.3,66.2,6,11664,4900,8.49699048409872,,,,,51.34,,863.59,1,1304.5166163142,7.17358784218382,1,62.71,1,11664,0,3,2,11664,0,,,1,4287,5637,11664,,,,11535,1,1,-1919,9745,,0,0,4,0,11664,C10AA03,20 MG,C10,C10A,C10AA,C10AA03,81 MG,1,,,1,1,1,1,1,1,,,"","",,,,,,,,,,,,1,0,0,1,1,1,1,1,1,0,0,,75.91,85.8,2,021109CJB,507.288,14.48,35,314.2,35,162.125,8,12694,12694,51.34,1,1,1,81,1,8,0,0,0,0,0,0,1,0,0,1,0,155,65,1,1,0,0,0,0,1,,,,,8,6,,0,1,1,1,1,0,0,,1,1,0,2,0,567,1,0,1,80,25.7935190426594,0,1,1,1,1,141,0,1,1,1,1,9743,0,,1,1,1,0,1,,,0,65.4,1,14309.667673716,9.56869064892066,3,1,0,1,29,1,1,12868,15631,9743,2,3967,168.965517241379,0,Q4,high,high,Q4,Q4,MI,10.861054072553,1,1,0,0
1,2810349435,2017-10-25,257.7,2,1,135,61,69,102,0.87,3,20.1,5.2,12421,1282.08955223881,7.15624648858138,7.64387755102041,2.03390500728327,0,,27.16,,1367.95,1,6805.72139303483,8.82551891873,1,69.54,0,12421,0,3,,12421,0,,,2,4521,5806,12421,14566,14566,2145,,0,0,,,,0,0,4,0,12421,M01AX05,500MG,M01,M01A,M01AX,M01AX05,325MG,1,1,,,1,1,1,1,,,,"","",,,,,,,,,,,,1,1,0,0,1,1,1,1,0,0,0,,0.3,42.3,2,012209CJB,318.924,0.69,12,90.1,12,80.953,8,13799,13799,27.16,1,1,1,325,0,2,0,0,0,0,0,0,0,0,0,0,1,122,62,0,0,0,0,0,0,1,,,,,3,2,,0,1,1,0,0,0,1,1,1,1,0,2,0,2275,2,1,0,66,22.3142381768635,0,0,1,1,1,,0,0,0,0,0,,0,,,,0,0,1,,,0,60.2,0,149.253731343284,5.00564775258522,2,0,0,1,69,0,1,,17591,,,,18.581008003461,1,Q3,low,high,Q1-Q3,Q1-Q3,,,,,,
1,2810349772,2017-12-02,2767.6,2,1,127,26,240,149,1.65,6.7,90.8,7.1,11618,3048.01762114537,8.0222466980055,1.38952972493345,0.328965362510972,1,,44.08,,974.33,1,1073.05066079295,6.97826095567547,1,72.81,0,11618,0,3,,11618,0,,,1,4382,,11618,13671,13671,2053,,0,0,,,,0,0,4,0,11618,C10AX06,360 MG,C10,C10A,C10AX,C10AX06,81 MG,1,,,,,1,1,,,1,,"","",,,,,,,,,,,,1,0,0,0,0,1,1,0,0,1,0,,0.89,109.8,2,020409CJB,446.52,2.76,26,113.2,26,107.451,8,12780,12780,44.08,0,1,1,81,1,8,0,0,0,0,0,0,0,0,0,0,0,204,72.5,0,0,0,0,0,0,1,,,,,8,1,,0,1,0,1,0,0,0,,1,1,0,2,0,567,1,0,0,71,27.2872498182571,0,1,0,1,0,,0,0,0,0,0,,0,,,,0,0,1,,,0,53,1,73.7885462555066,4.30120351977181,2,1,0,1,41,1,1,,16567,,,,74.3418931986677,1,Q4,high,high,Q4,Q4,,,,,,
1,2810349969,2018-01-13,550,2,1,149,35,242,176,0.73,3,51,7.8,12744,1078.43137254902,6.98326283149028,1.18431689571544,0.16916614905868,1,,56.46,,398.83,1,782.019607843137,6.66187981419917,1,57.92,0,12744,0,3,,12744,0,,,1,4531,5868,12744,14781,14781,2037,,0,0,,,,0,0,4,0,12744,C10AA05,10 MG,C10,C10A,C10AA,C10AA05,"",,,,,1,1,1,,,1,,"","",,,,,,,,,,,,0,0,0,0,1,1,1,0,0,1,0,,1.97,218.5,2,021309CJB,344.022,1.33,39,233.6,39,155.751,8,13719,13719,56.46,1,1,1,81,1,8,1,1,1,0,0,0,0,0,0,0,0,215,72.75,0,0,0,0,0,0,1,,,,,8,6,,0,1,1,1,0,0,0,,1,1,2,2,0,567,1,0,0,60,28.5613069897625,1,1,1,1,1,,0,0,0,0,0,,0,,,,0,0,0,,,0,65.6,0,58.8235294117647,4.07454193492592,2,1,0,1,101,0,0,,17503,,,,10.6775383420695,1,Q2,low,low,Q1-Q3,Q1-Q3,,,,,,
1,2810350443,2018-02-03,2415.8,2,1,207,59,95,98,0.53,8.5,244.9,5.6,12498,986.443446304614,6.89410599620115,,,,,55.02,,2275.63,1,929.207839934667,6.83433243815583,1,73.37,0,12498,0,3,,12498,0,,,2,4654,5750,12498,14514,14514,2016,,0,0,,,,0,0,4,0,12498,C03DB02,37.5 MG/25 MG,C03,C03A,C03AA,C03AA03,"",,,,,,,,1,,,,C03AA03,"",,,,,,,,1,,,,0,0,0,0,0,0,0,1,0,0,0,,3.75,75.42,2,021809bCJ,438.494,2.86,45,212.9,45,105.708,8,13344,13344,55.02,1,1,1,81,1,2,1,1,0,57,0,0,0,0,0,0,0,257,62.5,0,0,0,0,0,0,1,,,,,4,0,,0,1,1,1,0,0,0,1,1,1,1,2,0,567,1,0,0,58,46.2571318742638,1,0,1,0,1,,0,0,0,0,0,,0,,,,0,0,0,,,0,129,1,34.7080440996325,3.54697147852029,2,0,0,0,105,0,0,,14514,,,,9.39469948861537,1,Q2,low,low,Q1-Q3,Q1-Q3,,,,,,
1,2810350810,2017-10-25,2467.8,2,1,145,47,103,119,1.01,7.8,217.8,6.3,12210,1133.05785123967,7.03267531995367,2.73564189189189,1.00636610372738,0,,39.9,,1237.14,1,568.01652892562,6.34215051851891,1,64.16,0,12210,0,3,41,12210,1,1062,13272,1,4555,5789,12210,14236,14236,2026,15447,1,0,2532,14742,,0,1,4,1,12210,C10AX06,1000 MG,C10,C10A,C10AX,C10AX06,81 MG,1,,,1,1,1,1,1,,1,,"","",,,,,,,,,,,,1,0,0,1,1,1,1,1,0,1,0,,1.77,63.73,2,012209CJB,445.142,1.43,13,233.7,13,146.982,8,13571,13571,39.9,1,1,1,81,1,8,0,0,0,0,0,0,0,0,0,0,2,315,70.5,0,0,0,0,0,0,1,,,,,3,6,,0,1,1,1,0,0,1,,1,1,0,2,0,567,1,1,0,74,44.5592561624236,0,1,1,1,1,141,1,1,1,1,0,,0,,1,1,0,0,1,2,8116,1,77.4,1,35.8126721763085,3.57830180217882,2,1,0,1,73,0,0,15456,,7911,30,,15.5213404279407,1,Q2,low,low,Q1-Q3,Q1-Q3,IC,,,,,
1,2810351156,2017-10-30,864.4,2,1,158,76,79,86,1.02,3.1,82.4,5.2,11910,1049.02912621359,6.9556203737054,0.943064182194617,-0.0586209369525596,1,,45.46,,931.85,1,1130.8859223301,7.03075660659934,1,70.4,0,11910,0,3,12,11910,0,,,2,4575,5736,11910,13964,13964,2054,,0,0,,,,0,0,4,0,11910,M01AX05,750 MG,M01,M01A,M01AX,M01AX05,"",,1,,,,1,1,1,,,,"","",,,,,,,,,,,,0,1,0,0,0,1,1,1,0,0,0,,3.63,103.4,2,012309CJB,756.754,5.41,14,179,14,107.07,8,13249,13249,45.46,0,1,1,500,0,2,0,0,0,0,0,0,0,0,1,0,1,158,62.5,0,0,0,0,0,0,1,,,,,6,8,,0,1,0,0,0,0,1,1,1,1,0,2,0,3500,2,1,0,72,28.4382367164734,0,0,0,1,0,,0,0,0,0,0,,1,9202,,,0,0,0,,,0,66.2,0,37.621359223301,3.62757195355781,2,0,0,1,55,0,0,15530,,9188,30,,19.0732568402471,1,Q2,low,high,Q1-Q3,Q1-Q3,IC,,,,,
1,2810352118,2018-01-06,3681.7,2,1,185,48,89,129,0.86,3,106,6,11645,3473.30188679245,8.15286097289168,0.853823814133592,-0.158030413112847,1,,69.98,,973.29,1,918.198113207547,6.82241317693123,1,61.71,0,11645,0,3,,11645,0,,,1,4314,5651,11645,13625,13625,1980,,0,0,,,,0,0,4,0,11645,M01AE01,200 MG,M01,M01A,M01AE,M01AE01,81 MG,1,1,,,,,,,,,,"","",,,,,,,,,,,,1,1,0,0,0,0,0,0,0,0,0,,2.35,29.41,2,021109CJB,405.052,1.09,35,180.1,35,130.515,8,12680,12680,69.98,0,1,1,81,0,8,0,0,0,0,0,0,0,0,0,0,0,159,67,0,0,0,0,0,0,1,,,,,3,6,,0,1,0,0,0,0,0,,1,1,0,2,0,567,1,0,0,81,24.9030838894826,0,0,0,0,0,,0,0,0,0,0,,0,,,,0,0,1,,,0,119.2,0,28.3018867924528,3.34292847353818,1,1,0,0,81,1,1,15584,,15584,29,3939,42.8802702073142,0,Q4,high,high,Q4,Q4,Death,10.7843942505133,1,1,0,0
1,2810352474,2018-02-10,2944.8,2,1,189,51,91,95,0.75,6.4,129.8,5.5,11872,2268.72110939908,7.72697156378291,1.23455978975033,0.210714460991834,1,,23.96,,1689.29,1,1301.45608628659,7.17123898301759,1,,0,11872,,,,11872,0,,,1,4155,5636,11872,,,,,0,0,,,,0,0,,0,11872,C07AA12,40 MG,C07,C07A,C07AA,C07AA12,25/200,1,,,1,,,,,,,,"","",,,,,,,,,,,,1,0,0,1,0,0,0,0,0,0,0,1,4.18,34.6,2,021909CJB,406.952,3.86,46,231.9,46,190.524,8,12660,12660,23.96,1,0,0,0,0,8,0,0,0,0,0,0,0,0,0,0,0,189,,0,0,0,0,0,0,1,,,,,7,6,,0,1,1,0,0,0,0,,1,1,0,2,0,,1,0,0,81,,0,0,1,0,1,,0,0,0,0,0,,0,,,,0,0,0,,,0,119.8,1,49.306625577812,3.89805846507777,2,0,0,0,86,1,1,14933,,11741,11,,26.3804780162683,1,Q4,high,high,Q4,Q4,Atherothrombotic Infarction of Brain,,,,,
1,2810352548,2017-10-30,2443.7,2,1,199,63,81,90,0.83,4.1,118,5.6,11597,2070.93220338983,7.63575412468873,1.5495867768595,0.437988299813724,1,,30.04,,1064.85,1,902.415254237288,6.80507478467593,1,70.31,0,11597,0,3,,11597,0,,,1,4853,5865,11597,13843,13843,2246,,0,0,,,,0,0,4,0,11597,B01AC06,81 MG,B01,B01A,B01AC,B01AC06,81 MG,1,,,,,,,,,,,"","",,,,,,,,,,,,1,0,0,0,0,0,0,0,0,0,0,,0.42,34.68,2,012709CJB,460.42,0.82,16,143.2,16,83.32,8,12900,12900,30.04,0,1,2,81,0,8,0,0,0,0,0,0,0,0,0,0,0,162,69,0,0,0,0,0,0,1,,,,,7,1,,0,1,0,0,0,0,0,,1,1,0,2,0,81,1,0,0,44,23.9233748788859,0,0,0,0,0,,0,0,0,0,0,,0,,,,0,0,0,,,0,119.8,1,34.7457627118644,3.54805762822673,2,0,0,0,107,1,1,,16691,,,,19.3545065737367,1,Q4,high,high,Q1-Q3,Q4,,,,,,
1,2810352870,2017-11-26,3400.2,2,1,209,55,198,96,0.67,5.4,113,5.4,11428,3009.02654867257,8.00937189967938,,,,,55.94,,10,1,8.84955752212389,2.1803674602698,1,,0,11428,,,,11428,0,,,2,4375,5623,11428,13581,13581,2153,,0,0,,,,0,0,,0,11428,C03AA03,25 MG,C03,C03A,C03AA,C03AA03,81 MG,1,,,,,,,1,,,,"","",,,,,,,,,,,,1,0,0,0,0,0,0,1,0,0,0,,3.57,51.21,2,020309CJB,391.394,4.11,51,,51,133.226,8,12643,12643,55.94,1,1,1,81,0,2,0,0,0,0,0,0,0,0,0,0,0,152,63.25,0,0,0,0,0,0,1,,,,,6,0,,0,1,1,0,0,0,0,1,1,1,0,2,0,567,1,0,0,70,26.7133368711894,0,0,1,0,1,,0,0,0,0,0,,0,,,,0,0,0,,,0,114.4,1,47.787610619469,3.86676641384003,2,0,0,0,89,1,1,,16423,,,,33.8092870637367,1,Q4,high,high,Q4,Q4,,,,,,
1,2810353318,2017-11-26,2034.5,2,1,158,40,73,133,0.94,3,134.2,6.1,12097,1516.02086438152,7.32384432889226,0.97953216374269,-0.0206802052375387,1,,40.74,,917.73,1,683.852459016394,6.52774219116286,1,67.5,0,12097,0,3,,12097,0,,,1,,5734,12097,14127,14127,2030,,0,0,,,,0,0,4,0,12097,C10AA05,10 MG,C10,C10A,C10AA,C10AA05,81 MG,1,,,1,1,1,1,1,,,,"","",,,,,,,,,,,,1,0,0,1,1,1,1,1,0,0,0,,0.93,274.3,2,020309CJB,130.318,0.55,23,115.2,23,92.875,8,13300,13300,40.74,1,1,1,81,0,8,0,0,0,0,0,0,0,0,0,0,0,237,72,0,0,0,0,0,0,1,,,,,8,1,,0,1,1,0,0,0,0,,1,1,0,2,0,567,1,0,0,69,32.1431892863786,0,0,1,1,1,,0,0,0,0,0,,0,,,,0,0,0,,,0,103.4,0,22.354694485842,3.10703634311267,1,1,0,1,82,0,1,,17088,,,,18.4880593217259,1,Q3,high,high,Q1-Q3,Q1-Q3,,,,,,
1,2810353402,2017-10-22,620.1,2,1,143,49,70,103,0.79,3,57,5.6,11486,1087.89473684211,6.99199967350937,1.58524788391778,0.460740788740009,1,,32.68,,1075.62,1,1887.05263157895,7.54277143664834,1,69.3,0,11486,0,3,,11486,0,,,2,4369,5692,11486,13649,13649,2163,,0,0,,,,0,0,4,0,11486,C10AA05,10 MG,C10,C10A,C10AA,C10AA05,81 MG,1,,,1,1,1,1,1,,,,"","",,,,,,,,,,,,1,0,0,1,1,1,1,1,0,0,0,,0.51,94.59,2,012109CJB,311.064,0.67,11,114,11,77.442,8,12868,12868,32.68,1,1,1,81,0,2,0,0,0,0,0,0,0,0,0,0,0,126,58.5,0,0,0,0,0,0,1,,,,,3,6,,0,1,1,0,0,0,0,1,1,1,0,2,0,567,1,0,0,66,25.8859689317012,0,0,1,1,1,,0,0,0,0,0,,0,,,,0,0,0,,,0,80,0,52.6315789473684,3.9633162998157,2,0,0,1,78,0,0,,16660,,,,13.9473684210526,1,Q2,low,low,Q1-Q3,Q1-Q3,,,,,,
1,2810354587,2017-10-30,1658.2,2,1,145,48,95,84,0.98,3,183.1,5.2,11572,905.625341343528,6.80862568998975,,,,,35.98,,3164.3,1,1728.18132168214,7.45482487538809,1,65.91,0,11572,0,3,,11572,0,,,2,4349,5726,11572,13621,13621,2049,,0,0,,,,0,0,4,0,11572,C10AA05,10 MG,C10,C10A,C10AA,C10AA05,81 MG,1,,,1,,1,1,,,,,"","",,,,,,,,,,,,1,0,0,1,0,1,1,0,0,0,0,,2.71,26.76,2,012709CJB,329.406,1.55,16,170.9,16,127.829,8,12876,12876,35.98,1,1,1,81,0,2,0,0,0,0,0,0,0,0,0,0,0,121,62,0,0,0,0,0,0,1,,,,,4,2,,0,1,1,0,0,0,0,1,1,1,0,2,0,567,1,0,0,58,22.1313345852498,0,0,1,1,1,,0,0,0,0,0,,0,,,,0,0,0,,,0,78,0,16.3844893500819,2.79633511596978,1,0,0,1,64,0,0,,16667,,,,14.1503959584926,1,Q2,low,low,Q1-Q3,Q1-Q3,,,,,,
1,2810357199,2018-12-08,5429.4,2,1,127,62,40,102,1,3,110.7,5.6,11431,4904.60704607046,8.49793025585864,2.00828157349897,0.697279417844856,0,,21.8,,816.56,1,737.633242999097,6.60344674036874,1,64.83,0,11431,0,3,,11431,0,,,1,4238,5919,11431,,,,13451,1,0,2020,13451,,0,0,4,0,11431,C10AX09,10 MG,C10,C10A,C10AA,C10AA01,"",,,,1,1,1,1,1,,,,C10AA01,"",,,,,,1,1,,,,,0,0,0,1,1,1,1,1,0,0,0,,1.72,32.38,2,020509CJB,287.798,3.84,29,198.3,29,111.591,8,12553,12553,21.8,1,1,3,81,0,8,0,0,0,0,0,0,0,0,0,1,0,166,65.25,0,0,0,0,0,0,1,,,,,4,6,,0,1,1,0,1,0,0,,1,1,0,2,0,18.6206896551724,1,0,0,84,27.4127539931656,0,0,1,1,1,140,0,1,1,0,0,,0,,1,2,0,0,1,,,0,57,0,27.10027100271,3.29954372793566,1,0,0,1,69,1,1,13468,14067,6309,6,2636,71.0812615372531,0,Q4,high,high,Q4,Q4,Angina,7.21697467488022,1,0,0,0
7,2810357806,2017-08-16,2045.4,2,1,155,63,107,119,1.12,138.9,210.8,6.6,4466,970.303605313093,6.8776090176928,1.57906712172924,0.456834243381573,1,0.5,18.28,18.4,1089.34,2,516.764705882353,6.24758765656498,1,61.05,0,4466,0,3,2,4466,0,,,1,4466,6069,,,6069,1603,,0,0,,,,0,0,4,0,4466,C10AX09,10 MG,C10,C10A,C10AX,C10AX09,81 MG,1,,,1,,1,1,,,,,"","",,,,,,,,,,,,1,0,0,1,0,1,1,0,0,0,0,,64.49,131.8,2,010509CJB,468.294,13.21,4,138.5,4,103.945,3,,,18.28,0,1,1,81,0,,0,0,0,0,0,0,,,,,0,179,66.25,0,0,0,0,0,0,1,1,1,,,3,8,,1,0,0,0,,,0,,1,1,0,1,0,567,1,0,0,71,28.6739074012146,0,0,0,1,0,141,0,1,1,1,1,7087,0,,,,0,0,1,,,0,70.6,1,658.918406072106,6.49059971207523,3,0,0,1,66,0,0,7463,,1124,7,,14.7015697774711,1,Q2,low,low,Q1-Q3,Q1-Q3,Coronary Insufficiency,,,,,
1,2810357866,2017-10-30,771.7,2,1,165,66,84,102,0.79,3,104.2,5.4,12483,740.595009596929,6.60745393013238,1.94535519125683,0.66544457801061,0,,38,,1088.56,1,1044.68330134357,6.95146905755143,1,66.98,0,12483,0,3,,12483,0,,,1,4539,5805,12483,14619,14619,2136,,0,0,,,,0,0,4,0,12483,C10AX09,10 MG,C10,C10A,C10AX,C10AX09,325 MG,1,,,,,1,1,,,,,"","",,,,,,,,,,,,1,0,0,0,0,1,1,0,0,0,0,,2.67,55.33,2,012609CJB,308.758,1.23,15,191.1,15,106.365,8,13815,13815,38,,1,1,325,0,8,0,0,0,0,0,0,0,0,0,0,2,184,64.25,0,0,0,0,0,0,1,,,,,4,1,,0,1,,0,0,0,1,,1,1,0,2,0,2275,2,1,0,70,31.3384254075508,0,0,1,1,1,141,0,1,0,1,0,,0,,,,0,0,0,,,0,82.2,0,28.7907869481766,3.36005543833098,1,0,0,1,91,0,0,,17606,9372,6,5123,8.13840669886735,1,Q1,low,low,Q1-Q3,Q1-Q3,Angina,14.0260095824778,1,1,1,0
1,2810358168,2018-06-28,20000,3,1,167,56,111,137,1.03,8.6,243.3,5.8,11745,8220.3041512536,9.01436248873474,3.28555304740406,1.18953499314054,0,,42.18,,2456.57,1,1009.68762844225,6.91739628322872,1,66.67,0,11745,0,3,,11745,0,,,1,4248,5655,11745,13818,13818,2073,,0,0,,,,0,0,4,0,11745,C10AA05,20 MG,C10,C10A,C10AA,C10AA05,"",,,,1,,1,1,,,,,"","",,,,,,,,,,,,0,0,0,1,0,1,1,0,0,0,0,,0.25,27.12,2,012209CJB,339.606,2.01,13,212.7,13,134.574,8,13106,13106,42.18,1,1,1,81,0,8,0,0,0,0,0,0,0,0,0,0,0,171,70.25,0,0,0,0,0,0,1,,,,,6,6,,0,1,1,0,0,0,0,,1,1,0,2,0,567,1,0,0,70,24.3617827441579,0,0,1,1,1,,0,0,0,0,0,,0,,,,0,0,1,,,0,88.8,1,35.3473078503905,3.56522223245212,2,1,0,1,73,1,1,,16898,,,,112.606906181556,1,Q4,high,high,Q4,Q4,,,,,,
1,2810358177,2017-09-30,517.4,2,1,188,43,105,101,1.06,3,54.2,5.5,11185,954.612546125461,6.86130554729442,1.4601226993865,0.378520472864712,1,,47.5,,431.21,1,795.590405904059,6.67908448796299,1,55.21,0,11185,0,3,,11185,0,,,1,3950,5173,11185,13271,13271,2086,,0,0,,,,0,0,4,0,11185,C10AA05,20 MG,C10,C10A,C10AA,C10AA05,81 MG,1,,,,,1,1,,,,,"","",,,,,,,,,,,,1,0,0,0,0,1,1,0,0,0,0,,3.94,158.2,2,011609CJB,382.224,2.26,9,122.1,9,132.306,8,12605,12605,47.5,0,1,1,81,0,8,0,0,0,0,0,0,0,0,0,0,0,242,69.25,0,0,0,0,0,0,1,,,,,4,2,,0,1,0,0,0,0,0,,1,1,0,2,0,567,1,0,0,54,35.4798212496241,0,0,0,1,0,,0,0,0,0,0,,0,,,,0,0,0,,,0,124,0,55.3505535055351,4.01368665920465,2,0,0,1,79,0,0,,16397,,,,12.0837031155122,1,Q2,low,low,Q1-Q3,Q1-Q3,,,,,,
1,2810358738,2017-09-13,861.7,2,1,196,37,122,90,1.04,3,98.5,5.2,12218,874.822335025381,6.77402082005577,3.17451205510907,1.15515393710393,0,,28.12,,370.57,1,376.213197969543,5.93015599857358,1,66.71,0,12218,0,3,,12218,0,,,1,4578,5782,12218,14321,14321,2103,,0,0,,,,0,0,4,0,12218,"","","","","","","",,,,,,,,,,,,"","",,,,,,,,,,,,0,0,0,0,0,0,0,0,0,0,0,,0.87,45.75,2,011409CJB,352.792,0.84,,,,,,,,28.12,0,1,1,81,0,8,0,0,0,0,0,0,0,0,0,0,0,193,69.25,0,0,0,0,0,0,1,,,,,4,2,,0,1,0,0,0,0,0,,1,1,0,2,0,567,1,0,0,65,28.2958905007333,0,0,0,0,0,,0,0,0,0,0,,0,,,,0,0,0,,,0,134.6,0,30.4568527918782,3.4163110194722,2,0,0,0,75,0,0,,17486,,,,11.6642978003384,1,Q2,low,low,Q1-Q3,Q1-Q3,,,,,,
1,2810359070,2017-09-13,919.4,2,1,204,54,61,92,0.99,3,58.5,5.1,11759,1571.62393162393,7.35986471512241,2.31122994652406,0.837779827218199,0,,30.46,,432.77,1,739.777777777778,6.60634984079875,1,64.59,0,11759,0,3,,11759,0,,,1,4598,5707,11759,13884,13884,2125,,0,0,,,,0,0,4,0,11759,C10AA03,40 MG,C10,C10A,C10AA,C10AA03,81 MG,1,,,1,,1,1,,,,,"","",,,,,,,,,,,,1,0,0,1,0,1,1,0,0,0,0,,0.16,36.7,2,011409CJB,401.704,1.71,5,228.1,5,190.991,8,13231,13231,30.46,0,1,1,81,0,8,0,0,0,0,0,0,0,0,0,0,0,172,69.75,0,0,0,0,0,0,1,,,,,8,6,,0,1,0,0,0,0,0,,1,1,0,2,0,567,1,0,0,58,24.8568239071962,0,0,0,1,0,,0,0,0,0,0,,0,,,,0,0,1,,,0,137.8,0,51.2820512820513,3.93734081341244,2,0,0,1,84,0,1,,17024,,,,18.7098087098087,1,Q3,high,high,Q1-Q3,Q1-Q3,,,,,,
1,2810359682,2017-09-06,1083.3,2,1,161,37,132,104,0.88,3,106.5,6.3,12070,1017.18309859155,6.92479241779013,2.78029294274301,1.02255629723839,0,,52.8,,900.59,1,845.62441314554,6.7400753049358,1,,1,12070,,,,12070,0,,,1,4588,5772,12070,14218,14218,2148,,0,0,,,,0,0,,0,12070,M01AX05,TABLET,M01,M01A,M01AX,M01AX25,81 MG,1,1,,1,1,,,,,,,M01AX25,"",,1,,,,,,1,,,,1,1,0,1,1,0,0,1,0,0,0,,7.8,42.76,2,011309CJB,380.01,5.42,4,152.5,4,136.327,8,13575,13575,52.8,1,2,1,81,0,8,0,0,0,0,0,0,0,0,0,0,0,227,70.25,0,0,0,0,0,0,1,,,,,7,1,,0,1,1,0,0,0,0,,1,1,0,2,0,1134,2,0,0,81,32.3399104264553,0,0,1,0,1,,0,0,0,0,0,,0,,,,0,0,0,,,0,97.6,0,28.169014084507,3.33822258250077,1,0,0,0,81,0,0,15453,,15453,28,3383,12.5578160319944,0,Q2,low,low,Q1-Q3,Q1-Q3,Death,9.2621492128679,1,0,0,0
1,2810361227,2017-09-07,884.8,2,1,156,72,74,112,0.84,5.5,83.6,6.3,11443,1058.37320574163,6.96448829666551,1.7349857006673,0.550999171674544,0,,46.08,,800.16,1,957.129186602871,6.86393837356803,1,70.84,0,11443,0,3,,11443,0,,,2,4382,5665,11443,13558,13558,2115,,0,0,,,,0,0,4,0,11443,M01AE01,220 MG,M01,M01A,M01AE,M01AE01,81 MG,1,1,,1,,1,1,,,,,"","",,,,,,,,,,,,1,1,0,1,0,1,1,0,0,0,0,,0.43,57.64,2,011409CJB,485.858,2.25,5,138.3,5,91.037,8,12926,12926,46.08,1,2,2,81,0,2,0,0,0,0,0,0,0,0,0,0,0,200,64.25,0,0,0,0,0,0,1,,,,,8,2,,0,1,1,0,0,0,0,1,1,1,0,2,0,162,1,0,0,64,34.0635058777726,0,0,1,1,1,,0,0,0,0,0,,0,,,,0,0,0,,,0,69.2,1,65.7894736842105,4.18645985112991,2,0,0,1,73,0,0,,16719,11869,6,5276,14.4982630923511,1,Q2,low,low,Q1-Q3,Q1-Q3,Angina,14.444900752909,1,1,1,0
1,2810362106,2017-12-23,959,2,1,223,28,251,106,1,49.4,106,6.2,12315,904.716981132075,6.80762216675946,1.54005934718101,0.431820952813527,1,,59.18,,859.29,1,810.650943396226,6.69783755874822,1,72.06,0,12315,0,3,13,12315,0,,,1,5181,6177,12315,14287,14287,1972,14687,1,0,2372,14687,,0,0,4,0,12315,M01AE01,160 MG,M01,M01A,M01AE,M01AE01,160 MG,1,1,,,,,,,,,,"","",,,,,,,,,,,,1,1,0,0,0,0,0,0,0,0,0,,1.02,178.7,2,020609CJB,507.268,2.16,30,241.6,30,196.411,8,13414,13414,59.18,0,1,1,160,0,8,0,0,0,0,0,0,0,0,0,0,0,244,69.75,0,0,0,0,0,0,1,,,,,8,1,,0,1,0,0,0,0,0,,1,1,0,2,0,1120,2,0,0,72,35.262006007883,0,0,0,0,0,141,0,1,0,1,0,,1,14685,1,1,0,0,0,,,0,144.8,1,466.037735849057,6.14426660906395,3,0,0,0,75,0,0,,17200,14685,13,4885,12.062893081761,0,Q2,low,low,Q1-Q3,Q1-Q3,Cancer Death,13.3744010951403,1,1,1,0
1,2810362268,2017-12-14,175.7,2,1,245,41,135,104,0.85,38.6,20.5,5.9,11700,857.073170731707,6.75352329503678,1.41855670103093,0.34963994699586,1,,28.28,,326.64,1,1593.36585365854,7.37360394685505,1,66.33,0,11700,0,3,12,11700,0,,,2,4428,5723,11700,14574,14574,2874,12985,1,0,1247,12947,,0,0,4,0,11700,C10AA03,20 MG,C10,C10A,C10AA,C10AA03,81 MG,1,,,1,1,1,1,,,,,"","",,,,,,,,,,,,1,0,0,1,1,1,1,0,0,0,0,,4.94,21.67,2,020309bCJ,516.548,1.86,24,130.2,24,138.08,8,12887,12887,28.28,1,1,1,81,1,2,0,0,0,0,0,0,0,0,0,0,0,127,56.75,0,0,0,0,0,0,1,,,,,3,6,,0,1,1,1,0,0,0,1,1,1,0,2,0,567,1,0,0,83,27.7253860413133,0,0,1,1,1,143,1,0,0,0,0,,1,12984,1,1,0,0,0,,,0,177,1,1882.92682926829,7.54058266930856,3,0,0,1,63,0,0,15943,13819,8081,11,2119,13.6043360433604,0,Q2,low,low,Q1-Q3,Q1-Q3,Atherothrombotic Infarction of Brain,5.80150581793292,1,0,0,0
1,2810362771,2017-09-30,417.4,2,1,150,42,102,99,1.03,3,47,5.8,11136,888.085106382979,6.78906757892113,2.10723860589812,0.745378372785391,0,,36.02,,293.77,1,625.042553191489,6.4378197325251,1,61.96,0,11136,0,3,5,11136,1,853,11989,1,4413,5501,11136,13255,13255,2119,,0,0,,,,0,1,4,1,11136,M01AX05,1000 MG,M01,M01A,M01AX,M01AX05,325 MG,1,1,,,,1,1,,,,,"","",,,,,,,,,,,,1,1,0,0,0,1,1,0,0,0,0,,1.06,31.36,2,011609CJB,158.764,2.16,8,183.5,8,198.088,8,12562,12562,36.02,2,1,1,325,0,8,0,0,0,0,0,0,0,0,0,0,0,158,70.5,0,0,0,0,0,0,1,,,,,8,8,,0,1,1,0,0,0,0,,1,1,0,2,0,2275,2,0,0,66,22.3503570592474,0,0,0,1,1,141,0,1,0,1,1,7318,0,,,,0,0,1,,,0,87.6,0,63.8297872340426,4.15621996594019,2,0,0,1,75,0,0,,16355,5929,6,5219,11.8411347517731,1,Q2,low,low,Q1-Q3,Q1-Q3,Angina,14.2888432580424,1,1,1,0
7,2810363043,2017-08-10,993.9,2,1,183,54,91,102,0.87,3,115.7,5.7,4136,859.031979256698,6.75580614976242,2.15292353823088,0.766826703692546,0,1.7,42.7,41.66,957.37,2,827.458945548833,6.71835949339066,1,62.97,0,4136,0,3,,4136,0,,,1,4136,5816,,,5816,1680,,0,0,,,,0,0,4,0,4136,C10AA05,20 MG,C10,C10A,C10AA,C10AA05,"",,,,,,1,1,,,,,"","",,,,,,,,,,,,0,0,0,0,0,1,1,0,0,0,0,,0.9,97.84,2,122208CJB,351.162,1.03,1,197.6,1,160.82,3,,,42.7,0,1,1,81,0,,0,0,0,0,0,0,,,,,0,198,66.5,0,0,0,0,0,0,1,,1,,,8,8,,0,1,0,0,,,0,,1,1,0,2,0,567,1,0,0,70,31.4794772842415,0,0,0,1,0,,0,0,0,0,0,,0,,,,0,0,0,,,0,110.8,0,25.9291270527226,3.25536693345062,1,0,0,1,87,0,0,,8797,,,,9.873930796054,1,Q2,low,low,Q1-Q3,Q1-Q3,,,,,,
1,2810364027,2018-01-26,1716.6,2,1,154,48,112,153,0.76,3,103.5,6.5,12748,1658.55072463768,7.41369944256679,1.32429378531073,0.280879325129028,1,,38.4,,1732.37,1,1673.78743961353,7.42284426545634,1,78.26,0,12748,0,3,,12748,0,,,2,4539,5799,12748,15060,15060,2312,,0,0,,,,0,0,4,0,12748,B01AC06,81 MG,B01,B01A,B01AC,B01AC06,81 MG,1,,,,,,,,,,,"","",,,,,,,,,,,,1,0,0,0,0,0,0,0,0,0,0,,1.19,100.8,2,021409CJB,226.206,1.64,41,128.2,41,90.684,8,13682,13682,38.4,2,3,2,81,2,2,0,0,0,0,0,0,0,0,0,0,0,205,60.5,0,0,0,0,0,0,1,,,,,3,6,,0,1,1,1,0,0,0,1,1,1,0,2,0,243,1,0,0,63,39.377552971348,0,0,0,0,1,,0,0,0,0,0,,0,,,,0,0,0,,,0,83.6,0,28.9855072463768,3.36679595494482,1,1,0,0,83,0,1,,17466,,,,19.9825388510564,1,Q3,high,high,Q1-Q3,Q1-Q3,,,,,,
1,2810364639,2017-11-13,276.7,2,1,224,73,107,99,0.76,3,19.4,5.4,11998,1426.28865979381,7.26283100671169,2.79078455790785,1.02632275985417,0,,25.58,,195.7,1,1008.76288659794,6.91647999432084,1,72.63,0,11998,0,3,,11998,0,,,2,4571,5716,11998,14035,14035,2037,,0,0,,,,0,0,4,0,11998,M01AC06,7.5 MG,M01,M01A,M01AC,M01AC06,81 MG,1,1,,,,1,1,1,,,,"","",,,,,,,,,,,,1,1,0,0,0,1,1,1,0,0,0,,1.13,79.48,2,012709CJB,432.232,0.85,16,98.2,16,92.866,8,13290,13290,25.58,1,1,1,81,0,2,0,0,0,0,0,0,0,0,0,0,0,192,59.25,0,0,0,0,0,0,1,,,,,4,6,,0,1,1,0,0,0,0,1,1,1,0,2,0,567,1,0,0,76,38.4529915030027,0,0,1,1,1,,0,0,0,0,0,,0,,,,0,0,0,,,0,129.6,0,154.639175257732,5.04109450158097,2,0,0,1,76,0,1,,17081,,,,18.7669560499186,1,Q3,high,high,Q1-Q3,Q1-Q3,,,,,,
1,2810365348,2017-08-30,1054.5,2,1,124,33,126,88,2.91,114.3,43.9,7.4,11923,2402.05011389522,7.7840778658258,1.47751430907604,0.390361154905056,1,,40.7,,239.23,1,544.9430523918,6.30068129817946,1,59.86,0,11923,0,3,2,11923,0,,,1,4515,5707,11923,,,,,0,0,,,,0,0,4,0,11923,C10AA05,20 MG,C10,C10A,C10AA,C10AA05,81 MG,1,,,1,1,1,1,1,1,1,,"","",,,,,,,,,,,,1,0,0,1,1,1,1,1,1,1,0,,4.44,127.1,2,011209CJB,391.756,5.2,3,184.8,3,127.667,8,13462,13462,40.7,1,2,2,81,1,8,0,0,0,0,0,0,0,0,1,0,1,173,64.25,0,0,0,0,0,0,1,,,,,3,6,,0,1,1,1,0,0,1,,1,1,0,2,0,162,1,1,0,77,29.4649325842733,0,1,1,1,1,141,0,1,0,1,1,8058,0,,,,0,0,1,1,12204,0,65.8,1,2603.64464692483,7.86466752970178,3,1,0,1,20,1,1,12211,,0,6,,120.102505694761,1,Q4,high,high,Q4,Q4,Angina,,,,,
1,2810365791,2017-10-28,447.7,2,1,187,78,93,100,1.04,3,29.4,5.1,12217,1522.78911564626,7.32829887689038,1.04609218436874,0.04506149213112,1,,25.06,,481.65,1,1638.26530612245,7.40139322084709,1,67.78,0,12217,0,3,,12217,0,,,1,4384,5771,12217,14276,14276,2059,12145,1,1,-72,12145,,0,0,4,0,12217,M01AE01,200 MG,M01,M01A,M01AE,M01AE01,81 MG,1,1,,,,,,1,,,,"","",,,,,,,,,,,,1,1,0,0,0,0,0,1,0,0,0,,0.7,33.43,2,012309CJB,291.098,0.52,13,239.1,13,128.515,8,13569,13569,25.06,0,1,1,81,0,8,0,0,0,0,0,0,0,1,0,0,0,181,64.75,,,,,,,1,,,,,8,1,,0,1,0,0,0,1,0,,1,1,0,2,0,567,1,0,0,53,30.3532110768698,0,0,0,0,0,,0,0,0,0,0,,0,,1,1,1,0,0,,,0,90.4,0,102.040816326531,4.62537289330561,2,0,0,0,82,0,1,,17320,,,,18.5705989712958,1,Q3,high,high,Q1-Q3,Q1-Q3,,,,,,
1,2810367358,2017-11-21,4044.3,2,1,173,61,109,111,0.85,5.8,214.7,5.9,11943,1883.69818351188,7.54099224246849,2.61328588374852,0.960608388800488,0,,26.82,,3824.58,1,1781.3600372613,7.48513241741353,1,51.95,1,11943,1,2,1,11943,0,,,2,4609,5733,11943,14296,14296,2353,14163,1,0,2220,14163,,0,0,3,0,11943,C10AA05,20 MG,C10,C10A,C10AA,C10AA05,81 MG,1,,,1,,1,1,,,,,"","",,,,,,,,,,,,1,0,0,1,0,1,1,0,0,0,0,,1.33,75.68,2,012709bCJ,318.96,0.17,18,197.6,18,131.921,8,13220,13220,26.82,1,1,1,81,0,2,1,1,1,0,0,0,0,0,0,0,0,231,63,0,0,0,0,0,0,1,,,,,6,6,,0,1,1,0,0,0,0,1,1,1,2,2,0,567,1,0,0,66,40.9200818401637,1,0,1,1,1,140,0,1,1,0,1,4092,0,,1,1,0,0,0,1,14173,0,90.2,1,27.0144387517466,3.29637149164978,1,0,0,1,71,1,1,,17011,4085,6,5068,26.5309603311532,1,Q4,high,high,Q4,Q4,Angina,13.8754277891855,1,1,1,0
1,2810368231,2018-01-14,814.7,2,1,172,59,51,100,0.84,3,120.7,5.5,11735,674.979287489644,6.5146820052012,2.70592334494774,0.995443201537946,0,,36.6,,1014.95,1,840.886495443248,6.73445668706338,1,71.23,0,11735,0,3,14,11735,1,2646,14381,2,4312,5637,11735,13770,13770,2035,14382,1,0,2647,14382,,0,1,4,1,11735,M01AX25,400 MG,M01,M01A,M01AX,M01AX25,81 MG,1,1,,1,,,,,,,,"","",,,,,,,,,,,,1,1,0,1,0,0,0,0,0,0,0,,10.93,106.5,2,021409CJB,431.88,8.14,40,187.3,40,105.336,8,12674,12674,36.6,1,1,1,81,0,2,0,0,0,0,0,0,0,0,0,0,0,143,63.25,0,0,0,0,0,0,1,,,,,4,7,,0,1,1,0,0,0,0,1,1,1,0,2,0,567,1,0,0,63,25.1316261353953,0,0,1,0,1,140,0,1,1,0,0,,1,14726,1,1,0,0,1,,,0,102.8,0,24.8550124275062,3.21305943954676,1,0,0,0,74,0,0,16014,16753,14381,41,5018,9.12134172283302,0,Q1,low,low,Q1-Q3,Q1-Q3,CHF,13.7385352498289,1,1,1,0
1,2810368499,2018-01-06,156.3,1,1,244,67,142,111,0.64,3,17,5.6,12256,919.411764705882,6.82373407935931,1.87111111111111,0.626532431477961,0,,39.54,,200.03,1,1176.64705882353,7.07042419723104,1,65.95,0,12256,0,3,,12256,0,,,2,4669,5714,12256,14241,14241,1985,,0,0,,,,0,0,4,0,12256,C10AA05,20 MG,C10,C10A,C10AA,C10AA05,81 MG,1,,,,,1,1,,,,,"","",,,,,,,,,,,,1,0,0,0,0,1,1,0,0,0,0,,7.51,89.24,2,021109CJB,488.854,1.23,35,306.1,35,175.767,8,13281,13281,39.54,0,1,1,81,0,2,0,0,0,0,0,0,0,0,0,0,0,166,62.75,0,0,0,0,0,0,1,,,,,7,2,,0,1,0,0,0,0,0,1,1,1,0,2,0,567,1,0,0,64,29.640548797137,0,0,0,1,0,,0,0,0,0,0,,0,,,,0,0,0,,,0,148.6,0,176.470588235294,5.17315422359403,2,0,0,1,94,0,0,,17066,,,,9.78097622027535,1,Q2,low,low,Q1-Q3,Q1-Q3,,,,,,
1,2810369170,2017-11-13,691.5,2,1,159,66,142,169,0.77,3,49.1,7.4,11304,1408.35030549898,7.25017430229243,1.45446880269815,0.374640749907789,1,,35.14,,787.95,1,1604.78615071283,7.3807457872557,1,73.38,0,11304,0,3,,11304,0,,,2,4301,5621,11304,,,,,0,0,,,,0,0,4,0,11304,C10AX06,1000 MG,C10,C10A,C10AX,C10AX06,81 MG,1,,,1,1,1,1,,,1,,"","",,,,,,,,,,,,1,0,0,1,1,1,1,0,0,1,0,,1.32,49.88,2,012709CJB,248.644,1.52,16,160.2,16,97.267,8,12603,12603,35.14,1,1,1,81,1,2,0,0,0,0,0,0,0,0,0,0,1,133,60.5,0,0,0,0,0,0,1,,,,,3,6,,0,0,1,1,0,0,1,1,1,1,0,,0,567,1,1,0,74,25.5473880253136,0,1,1,1,1,,0,0,0,0,0,,0,,,,0,0,0,,,0,64.6,0,61.0997963340122,4.11250853284977,2,1,0,1,76,0,1,12670,,12670,28,1366,18.530925072355,0,Q3,high,high,Q1-Q3,Q1-Q3,Death,3.73990417522245,0,0,0,0
1,2810369476,2017-11-13,623.5,2,1,157,60,93,119,0.8,4.9,45.3,5.2,12322,1376.37969094923,7.2272119186192,2.15969899665552,0.769968858585264,0,,25.44,,435.01,1,960.286975717439,6.8672321728293,1,62.63,0,12322,0,3,,12322,0,,,1,4594,5793,12322,14423,14423,2101,15724,1,0,2533,14855,,0,0,4,0,12322,C10AB04,600 MG,C10,C10A,C10AB,C10AB04,81 MG,1,,,,,1,1,,,,,"","",,,,,,,,,,,,1,0,0,0,0,1,1,0,0,0,0,,1.84,73.24,2,012709CJB,351.778,0.82,17,185.6,17,140.137,8,13612,13612,25.44,0,1,1,81,0,8,0,0,0,0,0,0,0,0,0,0,0,259,69,0,0,0,0,0,0,1,,,,,7,7,,0,1,0,0,0,0,0,,1,1,0,2,0,567,1,0,0,71,38.2478647755027,0,0,0,1,0,,0,0,0,0,0,,0,,1,2,0,0,1,,,0,78.4,1,108.167770419426,4.68368345160973,2,0,0,1,90,0,1,17049,12324,17049,27,4727,15.2931076772136,0,Q3,high,low,Q1-Q3,Q1-Q3,,12.9418206707734,1,1,1,0
1,2810369591,2018-12-06,4955.2,2,1,216,56,138,102,0.8,18,137.7,5.3,11444,3598.54756717502,8.18828558947242,2.91501976284585,1.06987659948645,0,,54.34,,1744.19,1,1266.65940450254,7.14413832374247,1,69.34,0,11444,0,3,,11444,0,,,2,4322,5659,11444,,,,,0,0,,,,0,0,4,0,11444,C10AA01,100/25 MG,C03,C03A,C03AA,C03AA03,81 MG,1,,,1,1,1,1,,,,,C03AA03,"",,,,,,,,1,,,,1,0,0,1,1,1,1,1,0,0,0,,1.95,83.27,2,012309CJB,323.792,6.07,13,165.8,13,128.229,8,12791,12791,54.34,1,1,1,81,0,2,0,0,0,0,0,0,0,0,0,0,0,139,62,0,0,0,0,0,0,1,,,,,3,0,,0,1,1,0,0,0,0,1,1,1,0,2,0,567,1,0,0,81,25.4235992342952,0,0,1,1,1,,0,0,0,0,0,,0,,,,0,0,0,,,0,132.4,1,130.718954248366,4.87304963114369,2,0,0,1,69,1,1,13784,13556,13784,28,2340,52.1528632923916,0,Q4,high,high,Q4,Q4,Death,6.40657084188912,1,0,0,0
1,2810370277,2017-12-23,1149.4,2,1,177,66,141,108,0.83,47.1,87.3,5.4,12061,1316.60939289805,7.18281506921618,2.35904255319149,0.858255838919685,0,,51.46,,981.29,1,1124.04352806415,7.02468775573952,1,80.95,0,12061,0,3,41,12061,1,4402,16463,2,5007,6216,12061,14185,14185,2124,15072,1,0,2683,14744,,0,1,4,1,12061,C07AB03,25 MG,C07,C07A,C07AB,C07AB03,81 MG,1,,,1,,,,1,,,,"","",,,,,,,,,,,,1,0,0,1,0,0,0,1,0,0,0,,2.62,61.01,2,020609CJB,250.674,8.34,30,252.9,30,128.696,8,13162,13162,51.46,1,1,1,81,0,2,0,0,0,0,0,0,0,0,0,0,0,127,66,0,0,0,0,0,0,1,,,,,8,8,,0,1,1,0,0,0,0,1,1,1,0,2,0,567,1,0,0,74,20.4984707490076,0,0,1,0,1,,0,0,0,0,0,,0,,1,6,0,0,1,,,0,82.8,1,539.518900343643,6.29067781715895,3,0,0,0,69,0,1,,16948,16463,41,4887,19.0812955492471,0,Q3,high,high,Q1-Q3,Q1-Q3,CHF,13.3798767967146,1,1,1,0
1,2810371373,2017-12-23,227.8,2,1,171,43,109,109,1.16,70.9,79,5.9,12241,288.354430379747,5.66419038453415,2.96464646464646,1.08675778913356,0,,34.54,,238.77,1,302.240506329114,5.71122307900694,1,70.16,0,12241,0,3,,12241,0,,,2,4939,,12241,14401,14401,2160,,0,0,,,,0,0,4,0,12241,C10AX06,10/20 MG,C09,C09A,C09AA,C09AA07,81 MG,1,,,1,,1,1,,,,,C09AA07,"",,,,,1,,,,,,,1,0,0,1,1,1,1,0,0,0,0,,1.68,71.15,2,020609CJB,478.592,2.2,30,204,30,140.213,8,13339,13339,34.54,1,1,1,81,0,2,0,0,0,0,0,0,0,0,0,0,0,174,64.5,0,0,0,0,0,0,1,,,,,3,8,,0,1,1,0,0,0,0,1,1,1,0,2,0,567,1,0,0,78,29.4059647070078,0,0,1,1,1,,0,0,0,0,0,,0,,,,0,0,0,,,0,106.2,1,897.46835443038,6.7995778600532,3,0,0,1,45,0,0,,17125,,,,6.40787623066104,1,Q1,low,low,Q1-Q3,Q1-Q3,,,,,,
1,2810371499,2018-02-17,1524.1,2,1,134,32,90,111,1,3,140.5,5.9,12261,1084.76868327402,6.98912204810609,1.79495268138801,0.584978660249051,0,,49.54,,884.8,1,629.750889679715,6.44532432798236,1,65.59,0,12261,0,3,,12261,0,,,1,4406,5666,12261,14347,14347,2086,9977,1,1,-2284,9977,,0,0,4,0,12261,C07AB03,25 MG,C07,C07A,C07AB,C07AB03,325 MG,1,,,1,,,,,,,,"","",,,,,,,,,,,,1,0,0,1,0,0,0,0,0,0,0,,3.69,116,2,021909bCJ,436.806,3.33,48,206.8,48,149.011,8,12994,12994,49.54,0,1,1,325,1,8,1,0,0,65,0,0,0,1,0,0,0,250,75.25,0,0,0,0,0,0,1,,,,,7,1,,0,1,0,1,0,1,0,,1,1,1,2,0,2275,2,0,0,66,31.0407790714369,0,0,0,0,0,,0,0,0,0,0,,0,,1,4,1,0,0,,,0,84,0,21.3523131672598,3.06116007887645,1,0,0,0,78,0,0,,16775,,,,13.9072908112054,1,Q2,low,low,Q1-Q3,Q1-Q3,,,,,,
1,2810371692,2017-11-26,1209.6,2,1,193,79,67,118,0.76,3,77.3,6.1,12228,1564.81241914618,7.35552123581998,1.49483568075117,0.402016288260803,1,,37.36,,744.43,1,963.040103492885,6.87009505526424,1,63.64,0,12228,0,3,,12228,0,,,2,4520,5745,12228,14249,14249,2021,,0,0,,,,0,0,4,0,12228,C10AA01,10/40,C10,C10A,C10AA,C10AA01,81 MG,1,,,,,1,1,,,,,"","",,,,,,,,,,,,1,0,0,0,0,1,1,0,0,0,0,,2.71,50.04,2,020309bCJ,216.572,1.11,25,135.7,25,87.498,8,13407,13407,37.36,0,1,1,81,0,2,0,0,0,0,0,0,0,0,0,0,0,193,63.75,0,0,0,0,0,0,1,,,,,8,7,,0,1,0,0,0,0,0,1,1,1,0,2,0,567,1,0,0,58,33.3889332138526,0,0,0,1,0,,0,0,0,0,0,,0,,,,0,0,1,,,0,100.6,0,38.8098318240621,3.65867361205687,2,0,0,1,86,0,1,,17195,,,,18.1954932458859,1,Q3,high,high,Q1-Q3,Q1-Q3,,,,,,
1,2810372220,2018-01-08,979.7,2,1,175,77,164,92,0.7,3,107.4,5.8,12853,912.19739292365,6.81585640626392,3.04725897920605,1.11424249120827,0,,34.5,,979.5,1,912.011173184358,6.81565224129792,1,68.59,0,12853,0,3,,12853,0,,,2,4509,5813,12853,14680,14680,1827,,0,0,,,,0,0,4,0,12853,M01AX05,750+600,M01,M01A,M01AX,M01AX25,81 MG,1,1,,,,1,1,,,,,M01AX25,"",,1,,,,,,,,,,1,1,0,0,0,1,1,0,0,0,0,,1.6,35.88,2,021109bCJ,387.58,2.57,37,203.5,37,108.452,8,13855,13855,34.5,0,4,2,81,0,2,0,0,0,0,0,0,0,0,0,0,0,155,60.75,0,0,0,0,0,0,1,,,,,7,2,,0,1,0,0,0,0,0,1,1,1,0,2,0,324,1,0,0,76,29.5287284676078,0,0,0,1,0,,0,0,0,0,0,,0,,,,0,0,1,,,0,65.2,0,27.9329608938548,3.32980738557548,1,0,0,1,84,0,0,,17640,,,,10.8594927729006,1,Q2,low,low,Q1-Q3,Q1-Q3,,,,,,
1,2810372964,2018-02-10,638.9,2,1,189,37,96,88,0.85,3,126.4,5.6,12322,505.458860759494,6.22546665188363,,,,,47.24,,1557.45,1,1232.15981012658,7.11652385169291,1,,,,,,40,12322,1,3864,16186,1,4853,5819,12322,14469,14469,2147,14469,1,0,1741,14063,,0,1,,1,12322,C10AA01,325 MG,C10,C10A,C10AA,C10AA01,325 MG,1,,,,,1,1,,,,,"","",,,,,,,,,,,,1,0,0,0,0,1,1,0,0,0,0,,6.73,53.76,2,021909bCJ,457.828,2.93,47,189.8,47,186.094,8,13096,13096,47.24,0,1,1,325,0,8,0,0,0,0,0,0,0,0,0,1,2,209,72.75,0,0,0,0,0,0,1,,,,,8,1,,0,1,0,0,1,0,1,,1,1,0,2,0,2275,2,1,0,72,27.7642472598156,0,0,0,1,0,140,0,1,1,0,0,,0,,1,3,0,0,0,,,0,132.8,0,23.7341772151899,3.16691608593749,1,0,0,1,87,0,0,,16877,7547,6,4555,5.8098719627528,0,Q1,low,low,Q1-Q3,Q1-Q3,Angina,12.4709103353867,1,1,1,0
1,2810373180,2017-11-26,911.5,2,1,147,76,69,102,1.07,3,114.7,5.6,11858,794.681778552746,6.67794175597148,2.17120622568093,0.775282877486091,0,,45.6,,10,1,8.71839581517001,2.16543525484681,1,73.43,0,11858,0,3,,11858,0,,,2,4298,5639,11858,13888,13888,2030,,0,0,,,,0,0,4,0,11858,C10AA07,10 MG,C10,C10A,C10AA,C10AA07,81 MG,1,,,,1,1,1,1,,,,"","",,,,,,,,,,,,1,0,0,0,1,1,1,1,0,0,0,,0.97,59.77,2,020309CJB,320.254,1,23,124.1,23,72.393,8,13062,13062,45.6,1,1,1,81,0,2,0,0,0,0,0,0,0,0,0,0,0,180,66.5,0,0,0,0,0,0,1,,,,,3,0,,0,1,1,0,0,0,0,1,1,1,0,2,0,567,1,0,0,60,28.6177066220377,0,0,1,1,1,,0,0,0,0,0,,0,,,,0,0,0,,,0,57.2,0,26.15518744551,3.26404754351492,1,0,0,1,56,0,0,,16850,,,,14.1907460455848,1,Q1,low,low,Q1-Q3,Q1-Q3,,,,,,
1,2810373987,2017-10-22,323.6,2,0,130,56,71,87,0.8,3,28.9,5.5,11473,1119.723183391,7.02083677605404,4.66225165562914,1.53949851934312,0,,25.66,,1214.86,1,4203.6678200692,8.34371271366784,1,68.62,0,11473,0,3,2,11473,0,,,2,4333,5697,11473,,,,,0,0,,,,0,0,4,0,11473,C10AA05,40 MG,C10,C10A,C10AA,C10AA05,325 MG,1,,,1,1,1,1,,,,,"","",,,,,,,,,,,,1,0,0,1,1,1,1,0,0,0,0,,1.13,44.38,2,012109CJB,428.384,2.74,11,246,11,176.558,8,12854,12854,25.66,1,1,1,325,0,2,1,1,1,0,0,0,0,0,,1,0,167,65.25,0,0,,,1,,1,,,,,4,6,,0,1,1,0,1,0,0,1,1,1,2,2,0,2275,2,0,1,59,27.5778910654135,1,0,1,1,1,140,0,1,1,0,1,10323,0,,,,0,0,0,,,0,59.8,0,103.806228373702,4.64252597253186,2,0,0,1,81,0,0,,14189,10323,2,2716,13.8237430048272,0,Q2,low,low,Q1-Q3,Q1-Q3,MI,7.43600273785079,1,0,0,0
1,2810374593,2017-10-28,606.8,2,1,120,68,50,129,0.95,5.8,90.8,6.9,11305,668.281938325991,6.50471014785522,,,,,48.82,,1030.39,1,1134.79074889868,7.0342035507149,1,63.2,0,11305,0,3,,11305,0,,,1,4373,5638,11305,,,,,0,0,,,,0,0,4,0,11305,C10AA05,20 MG,C10,C10A,C10AA,C10AA05,81 MG,1,,,1,1,1,1,1,,1,1,"","",,,,,,,,,,,,1,0,0,1,1,1,1,1,0,1,1,,0.46,27.94,2,012309CJB,381.194,1.39,13,196.9,13,121.084,8,12652,12652,48.82,1,1,1,81,1,8,0,0,0,0,0,0,0,1,0,1,0,198,68.75,0,0,0,0,0,0,1,,,,,6,6,,,,1,1,1,1,0,,1,1,0,,0,567,1,0,0,78,29.4527192690749,0,1,1,1,1,140,0,1,1,0,0,,0,,,,0,0,1,,,0,42,1,63.8766519823789,4.15695391092726,2,1,0,1,76,0,0,15446,,8948,6,,8.7931833990262,1,Q1,low,low,Q1-Q3,Q1-Q3,Angina,,,,,
1,2810375289,2017-10-25,1032.8,2,1,259,84,124,89,0.66,12.5,71,5.7,12042,1454.64788732394,7.28251914847921,5.95253419147224,1.78381704341484,0,,24.26,,893.06,1,1257.83098591549,7.1371440768159,1,73.81,0,12042,0,3,2,12042,0,,,2,4494,5735,12042,,,,9395,1,1,-2647,9395,,0,0,4,0,12042,B01AC06,81 MG,B01,B01A,B01AC,B01AC06,81 MG,1,,,,,,,,,,,"","",,,,,,,,,,,,1,0,0,0,0,0,0,0,0,0,0,,1.08,22.73,2,012209CJB,379.176,1.26,12,137.7,12,113.815,8,13407,13407,24.26,0,1,1,81,0,2,0,0,0,0,0,0,0,1,0,0,0,103,59.5,0,0,0,0,0,0,1,,,,,6,6,,0,1,0,0,0,1,0,1,1,1,0,2,0,567,1,0,0,80,20.4554437779167,0,0,0,0,0,140,0,1,1,0,1,12942,0,,3,4,1,0,0,,,0,150.2,1,176.056338028169,5.17080404624908,2,0,0,0,83,0,1,,17199,12942,2,5157,17.5258781605294,1,Q3,high,low,Q1-Q3,Q1-Q3,MI,14.1190965092402,1,1,1,0
1,2810375752,2018-02-17,2576.6,2,0,169,73,144,101,0.67,39.8,104.2,6,12065,2472.74472168906,7.81308403602625,,,,,37.9,,1270.05,1,1218.85796545106,7.10566960542522,1,,,,,,,12065,0,,,2,4235,5632,12065,14002,14002,1937,,0,0,,,,0,0,,0,12065,C10AX09,20  MG,C10,C10A,C10AA,C10AA01,325 MG,1,,,1,,1,,,,1,,C10AA01,"",,,,,,1,1,,,,,1,0,0,1,0,1,1,0,0,1,0,,0.48,121.3,2,022009CJB,542.634,5.07,49,221.8,49,138.07,8,12748,12748,37.9,0,1,1,325,1,2,0,0,0,0,0,0,0,0,0,0,0,124,64,0,0,0,0,0,0,1,,,,,6,7,,0,1,0,1,0,0,0,1,1,1,0,2,0,2275,2,0,0,92,21.284691006882,0,1,0,1,0,,0,0,0,0,0,,0,,,,0,0,0,,,0,67.2,1,381.957773512476,5.94531006195326,3,1,0,1,76,1,1,15109,,6785,7,,32.5361147590666,1,Q4,high,high,Q4,Q4,Coronary Insufficiency,,,,,
1,2810375767,2018-02-22,1175.7,2,1,224,94,134,93,0.55,3,60.1,5.1,12965,1956.23960066556,7.57877933832063,2.79780420860018,1.02883489831247,0,,50.6,,816.21,1,1358.08652246256,7.21383201924263,1,66.7,0,12965,0,3,,12965,0,,,2,5125,,12965,,,,,0,0,,,,0,0,4,0,12965,M01AE02,220 MG,M01,M01A,M01AE,M01AE02,250 MG,1,1,,,1,,,1,,,,"","",,,,,,,,,,,,1,1,0,0,1,0,0,1,0,0,0,,4.15,26.52,2,022109CJB,145.822,1.25,50,216.3,50,106.003,8,13559,13559,50.6,1,1,3,250,0,2,0,0,0,0,0,0,0,0,0,0,0,182,63.5,0,0,0,0,0,0,1,,,,,7,8,,0,1,1,0,0,0,0,1,1,1,0,2,0,57.4712643678161,1,0,0,60,31.7343458172563,0,0,1,0,1,,0,0,0,0,0,,0,,,,0,0,1,,,0,103.2,0,49.9168053244592,3.91035772610908,2,0,0,0,102,1,1,,17339,,,,19.1788196143682,1,Q4,high,high,Q1-Q3,Q4,,,,,,
7,2810376159,2017-08-10,3063.8,2,1,142,43,72,89,1.15,3,205.5,5.9,4495,1490.900243309,7.3071354066304,1.675,0.51581316527703,0,,11.54,,1195.26,1,581.63503649635,6.36584316597355,1,61.81,0,4495,0,3,,4495,0,,,1,4495,6366,,,6366,1871,,0,0,,,,0,0,4,0,4495,C10AA05,37.5/25,C03,C03A,C03AA,C03AA03,81 MG,1,,,,,1,1,1,,,,C03AA03,"",,,,,,,,1,,,,1,0,0,0,0,1,1,1,0,0,0,,38.49,72.56,2,022109CJB,220.366,4.22,1,103.8,1,78.957,3,,,11.54,1,1,1,81,0,,0,0,0,0,0,0,,,,,0,177,68,0,0,0,0,0,0,,1,,,,8,7,,0,1,1,0,,,0,,2,2,0,2,0,567,1,0,0,73,26.9129344487063,0,0,1,1,1,,0,0,0,0,0,,0,,,,0,0,0,,,0,84.6,0,14.5985401459854,2.68092153371396,1,0,0,1,73,0,1,,9171,,,,20.4232910042329,1,Q3,high,high,Q1-Q3,Q1-Q3,,,,,,
1,2810376976,2018-02-22,552.3,2,1,249,54,100,101,0.87,6.6,62.7,5.6,12336,880.861244019139,6.78090011525636,1.70948616600791,0.536192837644414,0,,67.36,,337.4,1,538.118022328549,6.28807790846108,1,61.65,0,12336,0,3,,12336,0,,,1,4845,5655,12336,,,,,0,0,,,,0,0,4,0,12336,B01AC06,81 MG,B01,B01A,B01AC,B01AC06,81 MG,1,,,,,,,,,,,"","",,,,,,,,,,,,1,0,0,0,0,0,0,0,0,0,0,,1.44,67.16,2,022109CJB,,,49,315.8,49,196.897,8,12992,12992,67.36,0,1,1,81,0,8,0,0,0,0,0,0,0,0,0,0,0,216,69,0,0,0,0,0,0,1,,,,,8,1,,0,1,0,0,0,0,0,,1,1,0,2,0,567,1,0,0,53,31.8978331718478,0,0,0,0,0,,0,0,0,0,0,,0,,,,0,0,1,,,0,175,1,105.263157894737,4.65646348037564,2,0,0,0,99,0,0,,12336,,,,8.89758832342564,1,Q2,low,low,Q1-Q3,Q1-Q3,,,,,,
1,2810377049,2017-11-26,910.1,2,1,155,46,64,97,0.96,3,129,5.3,12399,705.503875968992,6.55891226520973,,,,,27.54,,10,1,7.75193798449612,2.04794287462046,1,64,0,12399,0,3,,12399,0,,,1,4577,5791,12399,14631,14631,2232,15529,1,0,1246,13645,,0,0,4,0,12399,B01AC06,81 MG,B01,B01A,B01AC,B01AC06,81 MG,1,,,,,,,,,,,"","",,,,,,,,,,,,1,0,0,0,0,0,0,0,0,0,0,,0.67,46.92,2,020309CJB,284.042,0.79,22,312.5,22,188.761,8,13607,13607,27.54,0,1,1,81,0,8,0,0,0,0,0,0,0,0,0,0,0,222,71.5,0,0,0,0,0,0,1,,,,,7,7,,0,1,0,0,0,0,0,,1,1,0,2,0,567,1,0,0,64,30.5313848438837,0,0,0,0,0,,0,0,0,0,0,,0,,1,2,0,0,0,,,0,96.2,0,23.2558139534884,3.14655516328857,1,0,0,0,83,0,0,,17395,,,,8.50004669842159,1,Q1,low,low,Q1-Q3,Q1-Q3,,,,,,
1,2810377100,2017-10-01,392.9,2,1,150,51,102,85,0.82,10.4,46.5,5.4,11573,844.94623655914,6.7392729999592,3.27965043695381,1.18773684261718,0,,45.2,,896.52,1,1928,7.56423847517049,1,67.73,0,11573,0,3,,11573,0,,,2,4395,5624,11573,13674,13674,2101,,0,0,,,,0,0,4,0,11573,M01AE02,220 MG,M01,M01A,M01AE,M01AE02,325 MG,1,1,,1,1,1,1,,,,,"","",,,,,,,,,,,,1,1,0,1,1,1,1,0,0,0,0,,1.03,25.92,2,012009CJB,372.226,1.2,9,223,9,107.508,8,12987,12987,45.2,1,1,1,325,0,2,0,0,0,0,0,0,0,0,0,1,0,163,64.75,0,0,0,0,0,0,1,,,,,5,0,,0,1,1,0,1,0,0,1,1,1,0,2,0,2275,2,0,0,78,27.3346596990596,0,0,1,1,1,140,0,1,1,0,0,,0,,,,0,0,0,,,0,78.6,1,223.655913978495,5.41010877253615,2,0,0,1,69,0,0,15110,,15110,28,3537,12.2455976312919,0,Q1,low,low,Q1-Q3,Q1-Q3,Death,9.68377823408624,1,0,0,0
1,2810377122,2017-10-30,1591.7,2,1,161,42,166,97,0.99,6.8,158.5,5.7,12420,1004.22712933754,6.91197349910657,1.65678776290631,0.504880645090738,1,,40.76,,759.84,1,479.394321766562,6.17252347747157,1,66.62,0,12420,0,3,,12420,0,,,1,4539,5792,12420,14483,14483,2063,,0,0,,,,0,0,4,0,12420,C10AX09,10 MG,C10,C10A,C10AX,C10AX09,81 MG,1,,,1,,1,1,,,,,"","",,,,,,,,,,,,1,0,0,1,0,1,1,0,0,0,0,,1.46,29.28,2,012309CJB,535.654,1.94,14,123.5,14,131.611,8,13758,13758,40.76,0,1,1,81,0,8,0,0,0,0,0,0,0,0,0,0,0,225,70.5,0,0,0,0,0,0,1,,,,,4,1,,0,1,0,0,0,0,0,,1,1,0,2,0,567,1,0,0,59,31.8280401160169,0,0,0,1,0,140,0,1,1,0,0,,0,,,,0,0,0,,,0,85.8,1,42.9022082018927,3.75892329784686,2,0,0,1,83,0,0,,17550,9408,6,5130,12.0991220402113,1,Q2,low,low,Q1-Q3,Q1-Q3,Angina,14.0451745379877,1,1,1,0
1,2810377755,2018-01-08,182.9,2,1,258,73,68,106,0.73,3,32.4,5.2,11654,564.506172839506,6.33595131858663,3.18771331058021,1.15930382921178,0,,23,,199.74,1,616.481481481482,6.4240282840048,1,66.85,0,11654,0,3,,11654,0,,,2,4330,5634,11654,13591,13591,1937,,0,0,,,,0,0,4,0,11654,C10AA05,40 MG,C10,C10A,C10AA,C10AA05,81 MG,1,,,,,1,1,,,,,"","",,,,,,,,,,,,1,0,0,0,0,1,1,0,0,0,0,,0.21,88.96,2,021109bCJ,395.792,0.7,37,246.9,37,182.369,8,12661,12661,23,0,4,2,81,0,2,0,0,0,0,0,0,0,0,0,0,0,132,64.75,0,0,0,0,0,0,1,,,,,7,2,,0,1,0,0,0,0,0,1,1,1,0,2,0,324,1,0,0,55,22.1360434372752,0,0,0,1,0,,0,0,0,0,0,,0,,,,0,0,0,,,0,171.4,0,92.5925925925926,4.52820914485196,2,0,0,1,93,0,0,,16446,,,,6.06995884773663,1,Q1,low,low,Q1-Q3,Q1-Q3,,,,,,
7,2810377825,2017-08-12,573.4,2,1,199,52,99,96,0.79,3,128.7,5.6,4551,445.532245532246,6.09926962483528,2.47375690607735,0.905738009674995,0,2,26.98,27.74,1562.12,2,1213.76845376845,7.10148522341865,1,77.13,0,4551,0,3,,4551,0,,,1,4551,6356,,,6356,1805,,0,0,,,,0,0,4,0,4551,B01AC06,325 MG,B01,B01A,B01AC,B01AC06,325 MG,1,,,,,,,,,,,"","",,,,,,,,,,,,1,0,0,0,0,0,0,0,0,0,0,,0.84,33.47,2,123008CJB,371.84,1.13,3,202.8,3,143.338,3,,,26.98,0,1,1,325,0,,1,1,1,0,0,0,,,,,0,176,67,0,0,0,0,0,0,1,,,,,7,1,,1,0,0,0,,,0,,1,1,2,1,0,2275,2,0,0,39,27.5656777644587,1,0,0,0,0,,0,0,0,0,0,,0,,,,0,0,0,,,0,127.2,0,23.3100233100233,3.14888345304817,1,0,0,0,113,0,0,,9120,,,,3.94276323479863,1,Q1,low,low,Q1-Q3,Q1-Q3,,,,,,
1,2810378513,2017-10-28,890.3,2,1,214,79,130,99,0.72,3,94.9,5.9,12399,938.145416227608,6.84390496495183,2.25516102394715,0.813221377920613,0,,37.58,,1313.86,1,1384.46786090622,7.23307112883939,1,58.54,0,12399,0,3,,12399,0,,,1,4536,5793,12399,14525,14525,2126,,0,0,,,,0,0,4,0,12399,B01AC06,81 MG,B01,B01A,B01AC,B01AC06,81 MG,1,,,,,,,,,,,"","",,,,,,,,,,,,1,0,0,0,0,0,0,0,0,0,0,,1.88,49.1,2,012309CJB,412.336,1.51,13,201.1,13,77.776,8,13751,13751,37.58,0,1,1,81,0,8,0,0,0,0,0,0,0,0,0,0,0,175,70.75,0,0,0,0,0,0,1,,,,,3,1,,0,0,0,0,0,0,0,,1,1,0,,0,567,1,0,0,64,24.5805034056596,0,0,0,0,0,,0,0,0,0,0,,0,,,,0,0,0,1,11006,1,109,0,31.6122233930453,3.45354386203436,2,0,0,0,99,0,0,,17543,,,,9.47621632553139,1,Q2,low,low,Q1-Q3,Q1-Q3,,,,,,
1,2810378579,2017-12-31,571.5,2,1,129,71,58,136,1.42,16,82.5,6.3,11992,692.727272727273,6.54063637588232,2.56830601092896,0.943246541862683,0,,49.36,,536.7,1,650.545454545455,6.47781117183024,1,35.55,3,11992,1,2,12,11992,0,,,1,4276,5659,11992,,,,,0,0,,,,0,0,3,0,11992,M01AX05,"",M01,M01A,M01AX,M01AX25,81 MG,1,1,,1,,1,1,1,,1,,M01AX25,"",,1,,,,,,1,,,,1,1,0,1,0,1,1,1,0,1,0,,10.46,68.04,2,020909CJB,406.248,7.78,33,215.1,33,105.756,8,13057,13057,49.36,1,1,1,81,1,8,0,0,0,0,0,0,0,0,0,0,0,164,70.75,0,0,1,1,0,0,1,,,,,8,6,,0,1,1,1,0,0,0,,1,1,0,2,0,567,1,0,1,91,23.0354431915896,0,1,1,1,1,,0,0,0,0,0,,1,6430,,,0,0,1,,,0,46.4,1,193.939393939394,5.26754570788128,2,1,0,1,43,0,0,13984,,6430,11,,16.1099365750529,1,Q1,low,low,Q1-Q3,Q1-Q3,Atherothrombotic Infarction of Brain,,,,,
1,2810379147,2017-11-26,2604.6,2,1,192,64,116,102,0.62,22.6,145.7,5.7,12336,1787.64584763212,7.48865486432054,0.901663405088063,-0.103513993653772,1,,36.08,,2159.53,1,1482.17570350034,7.30126635719585,1,71.65,0,12336,0,3,,12336,0,,,2,,,12336,14668,14668,2332,,0,0,,,,0,0,4,0,12336,M01AX05,TAB,M01,M01A,M01AX,M01AX25,81 MG,1,1,,1,,1,1,,,,,M01AX25,"",,1,,,,,,,,,,1,1,0,1,0,1,1,0,0,0,0,,2.47,81.87,2,020309CJB,486.688,0.61,23,151.9,23,106.775,8,13537,13537,36.08,1,1,1,81,0,2,0,0,0,0,0,0,0,0,0,0,0,170,64.5,0,0,0,0,0,0,1,,,,,8,1,,0,1,1,0,0,0,0,1,1,1,0,2,0,567,1,0,0,60,28.729965518341,0,0,1,1,1,,0,0,0,0,0,,0,,,,0,0,0,,,0,104.8,1,155.113246396706,5.04415547205922,2,0,0,1,98,1,1,,17325,,,,18.2412841595114,1,Q4,high,high,Q1-Q3,Q4,,,,,,
1,2810379491,2017-11-26,1229.6,2,1,247,60,110,100,0.86,3.8,125.7,5.3,12403,978.202068416866,6.88571626261628,2.81303418803419,1.03426368301872,0,,46.8,,802.41,1,638.353221957041,6.45889176957412,1,69.43,0,12403,0,3,,12403,0,,,2,5281,6226,12403,14405,14405,2002,,0,0,,,,0,0,4,0,12403,M01AE01,600 MG,M01,M01A,M01AE,M01AE01,"",,1,,,,,,,,,,"","",,,,,,,,,,,,0,1,0,0,0,0,0,0,0,0,0,,1.95,86.92,2,020309bCJ,281.642,1.44,24,211.5,24,154.494,8,13593,13593,46.8,0,1,1,81,0,2,0,0,0,0,0,0,0,0,0,0,0,140,64.25,0,0,0,0,0,0,1,,,,,3,8,,0,1,0,0,0,0,0,1,1,1,0,2,0,567,1,0,0,71,23.8444541144408,0,0,0,0,0,,0,0,0,0,0,,0,,,,0,0,1,,,0,165,0,30.230708035004,3.40885823011828,2,0,0,0,68,0,0,,17381,,,,14.3853245355421,1,Q2,low,low,Q1-Q3,Q1-Q3,,,,,,
7,2810380312,2017-08-22,1482,2,1,227,79,118,146,1.1,820.8,71.2,8,4045,2081.4606741573,7.64082517342619,,,,,37.74,,1291.84,1,1814.38202247191,7.50350020523474,1,56.48,0,4045,0,3,41,4045,1,1073,5118,2,4045,,,,,,,0,0,,,,0,1,4,1,4045,C09AA03,40 MG,C09,C09A,C09AA,C09AA03,81 MG,1,,,1,1,,,,1,1,,"","",,,,,,,,,,,,1,0,0,1,1,0,0,0,1,1,0,,0.42,133.1,2,010809CJB,422.274,2.66,5,238.5,5,141.385,3,,,37.74,1,1,1,81,1,,0,0,0,0,0,0,,,,,0,256,62.5,,,,,,,,,,,,2,1,,1,0,1,1,,,0,,,,0,1,0,567,1,0,0,56,46.0771430342861,0,1,1,0,1,140,0,1,1,0,0,,0,,,,0,0,0,,,0,124.4,1,11528.0898876404,9.35254193498071,3,1,0,0,56,1,1,5455,16079,4299,7,12034,37.1689406099519,1,Q4,high,high,Q4,Q4,Coronary Insufficiency,32.9472963723477,1,1,1,1
1,2810381615,2018-01-06,2477.5,2,1,241,87,67,93,0.78,3,113.5,5.6,11614,2182.81938325991,7.68837261527078,2.33023795705165,0.845970389852932,0,,42.56,,797.76,1,702.872246696035,6.55517514940183,1,67.43,0,11614,0,3,,11614,0,,,2,4406,5649,11614,13604,13604,1990,,0,0,,,,0,0,4,0,11614,M01AX05,"",M01,M01A,M01AX,M01AX25,81 MG,1,1,,,,,,,,,,M01AX25,"",,1,,,,,,,,,,1,1,0,0,0,0,0,0,0,0,0,,1.09,18.76,2,021109CJB,401.374,1.02,35,315.3,35,152.846,8,12645,12645,42.56,0,1,1,81,0,2,0,0,0,0,0,0,0,0,0,0,0,110,63.5,0,0,0,0,0,0,1,,,,,8,2,,0,1,0,0,0,0,0,1,1,1,0,2,0,567,1,0,0,66,19.1800991203198,0,0,0,0,0,,0,0,0,0,0,,0,,,,0,0,0,,,0,140.6,0,26.431718061674,3.27456473072879,1,0,0,0,79,1,1,14807,,14807,27,3193,27.6306251045559,0,Q4,high,high,Q4,Q4,,8.7419575633128,1,0,0,0
1,2810381864,2017-10-25,2317.2,2,1,207,32,233,116,1.25,10.8,273.3,6.5,11399,847.859495060373,6.74271493227654,,,,,42.52,,2064.97,1,755.568971825832,6.62747107049864,1,60.81,0,11399,0,3,,11399,0,,,1,4378,5622,11399,13477,13477,2078,,0,0,,,,0,0,4,0,11399,C10AX09,10 MG,C10,C10A,C10AX,C10AX09,81 MG,1,,,1,,1,,,,,,"","",,,,,,,,,,,,1,0,0,1,0,1,0,0,0,0,0,,0.43,87.39,2,020209CJB,400.882,1.95,21,140.8,21,138.546,8,12628,12628,42.52,1,1,1,81,1,8,0,0,0,0,0,0,0,0,0,0,0,191,74.25,0,0,0,0,0,0,1,,,,,4,2,,0,1,1,1,0,0,0,,1,1,0,2,0,567,1,0,0,53,24.3582489001525,0,0,1,1,1,,0,0,0,0,0,,0,,,,0,0,0,,,0,128.4,1,39.5170142700329,3.67673132017829,2,0,1,0,65,0,0,,16416,,,,13.0439922316981,1,Q1,low,low,Q1-Q3,Q1-Q3,,,,,,
1,2810382263,2017-08-29,786.1,2,1,226,65,79,87,0.83,3,62.6,5.6,11154,1255.75079872204,7.13548891868175,2.16940298507463,0.774452007613919,0,,44.4,,604.14,1,965.079872204473,6.87221086703762,1,72.73,0,11154,0,3,,11154,0,,,2,4345,5660,11154,13366,13366,2212,,0,0,,,,0,0,4,0,11154,C10AA07,80/125 MG,C03,C03A,C03AA,C03AA03,81 MG,1,,,1,1,1,1,,,,,C03AA03,"",,,,,,,,1,,,,1,0,0,1,1,1,1,1,0,0,0,,68.24,51.46,2,010909CJB,376.874,18.94,2,152.7,2,132.354,8,12715,12715,44.4,1,1,1,81,0,2,0,0,0,0,0,0,0,0,0,0,0,124,60,0,0,0,0,0,0,1,,,,,7,6,,0,1,1,0,0,0,0,1,1,1,0,2,0,567,1,0,0,78,24.2172484344969,0,0,1,0,1,,0,0,0,0,0,,0,,,,0,0,0,,,0,145.2,0,47.9233226837061,3.86960228954419,2,0,0,1,68,0,1,,16460,,,,18.4669235106183,1,Q3,low,high,Q1-Q3,Q1-Q3,,,,,,
1,2810382366,2017-12-02,1379.8,2,1,185,42,157,113,1.26,3,129.1,5.8,12475,1068.78388845856,6.9742767282475,0.794819359236537,-0.229640411232544,1,,53.34,,1692.68,1,1311.13865220759,7.17865123881796,1,71.7,0,12475,0,3,,12475,0,,,1,5215,,12475,14686,14686,2211,,0,0,,,,0,0,4,0,12475,C07AB03,50/25 MG,C03,C03B,C03BA,C03BA04,81 MG,1,,,1,,,,,,,,C03BA04,"",,,,,,,,1,,,,1,0,0,1,0,0,0,1,0,0,0,,3.3,119.6,2,020409CJB,447.796,3.48,26,156.3,26,137.527,8,13630,13630,53.34,1,1,1,81,0,8,0,0,0,0,0,0,0,0,0,0,0,188,64.75,0,0,0,0,0,0,1,,,,,7,1,,0,1,1,0,0,0,0,,1,1,0,2,0,567,1,0,0,59,31.5270921682405,0,0,1,0,1,,0,0,0,0,0,,0,,,,0,0,0,,,0,111.6,0,23.2378001549187,3.14578026979765,1,0,0,0,62,0,0,,17417,,,,17.2384498138477,1,Q2,low,low,Q1-Q3,Q1-Q3,,,,,,
1,2810382666,2018-02-22,477.1,2,1,131,45,233,112,0.95,3.8,63.8,6,12071,747.805642633229,6.61714310815941,2.46075433231397,0.900467942092114,0,,38.08,,1068.32,1,1674.48275862069,7.42325959574691,1,57.8,0,12071,0,3,,12071,0,,,1,4325,5646,12071,13907,13907,1836,,0,0,,,,0,0,4,0,12071,C10AX09,10-12.5 MG,C03,C03A,C03AA,C03AA03,81 MG,1,,,1,1,1,1,,,,,C03AA03,"",,,,,,,,1,,,,1,0,0,1,1,1,1,1,0,0,0,,0.95,123.6,2,022109CJB,277.916,1.47,49,149.9,49,93.047,8,12729,12729,38.08,0,1,1,81,0,8,0,0,0,0,1,1,0,0,0,0,0,203,69,0,0,0,0,0,0,1,,,,,3,1,,0,1,0,0,0,0,0,,1,1,0,2,2,567,1,0,0,61,29.978056175394,0,0,0,1,0,141,0,1,0,1,0,,0,,,,0,0,0,,,0,39.4,0,59.5611285266458,4.08700315536373,2,0,0,1,86,0,0,,16509,5963,6,4438,8.69541444922359,0,Q1,low,low,Q1-Q3,Q1-Q3,Angina,12.1505817932923,1,1,1,0
1,2810382996,2018-12-17,1183.2,2,1,208,101,33,87,0.51,3,17.5,5.3,12714,6761.14285714286,8.81894721645521,3.8384476534296,1.3450680279464,0,,23.84,,426.59,1,2437.65714285714,7.79879266965844,1,72.14,0,12714,0,3,,12714,0,,,2,4524,5812,12714,14679,14679,1965,,0,0,,,,0,0,4,0,12714,M01AE01,600 MG,M01,M01A,M01AE,M01AE01,"",,1,,,,,,,,,,"","",,,,,,,,,,,,0,1,0,0,0,0,0,0,0,0,0,,0.33,30.62,2,020609CJB,256.186,0.74,29,212.8,29,111.881,8,13826,13826,23.84,0,1,1,81,0,2,0,0,0,0,0,0,0,0,0,0,0,158,68.5,0,0,0,0,0,0,1,,,,,7,1,,0,1,0,0,0,0,0,1,1,1,0,2,0,567,1,0,0,55,23.6745403961265,0,0,0,0,0,,0,0,0,0,0,,0,,,,0,0,0,,,0,100.4,0,171.428571428571,5.14416668672078,2,0,0,0,108,1,1,,17612,,,,62.6031746031746,1,Q4,high,high,Q4,Q4,,,,,,
1,2810383126,2017-11-13,1015.3,2,1,219,94,46,99,0.93,3,142.6,5.4,12048,711.991584852735,6.56806609231507,2.88258785942492,1.05868845298274,0,,28.6,,1421.64,1,996.942496493689,6.90469309176256,1,66.06,0,12048,0,3,,12048,0,,,1,4602,5716,12048,14297,14297,2249,,0,0,,,,0,0,4,0,12048,M01AX05,TAB,M01,M01A,M01AX,M01AX25,81,1,1,,,,,,,,,,M01AX25,"",,1,,,,,,,,,,1,1,0,0,0,0,0,0,0,0,0,,0.26,34.57,2,012709bCJ,315.012,0.83,17,182.7,17,124.199,8,13332,13332,28.6,0,1,1,81,0,8,0,0,0,0,0,0,0,0,0,0,0,166,71.75,0,0,0,0,0,0,1,,,,,8,2,,0,1,0,0,0,0,0,,1,1,0,2,0,567,1,0,0,61,22.6709589137713,0,0,0,0,0,,0,0,0,0,0,,0,,,,0,0,0,,,0,115.8,0,21.0378681626928,3.04632405967005,1,0,0,0,88,0,0,,17123,,,,8.09081346423563,1,Q1,low,low,Q1-Q3,Q1-Q3,,,,,,
1,2810383265,2017-12-14,1457.3,2,0,157,58,80,107,0.89,6.4,121.6,5.5,11365,1198.4375,7.08877390399568,2.15116279069767,0.766008528824817,0,,27.74,,1347.82,1,1108.40460526316,7.01067696785493,1,80.89,0,11365,0,3,,11365,0,,,1,4239,5177,11365,13601,13601,2236,,0,0,,,,0,0,4,0,11365,C10AX09,80 MG,C10,C10A,C10AA,C10AA01,81 MG,1,,,1,,1,,,,,,C10AA01,"",,,,,,1,1,,,,,1,0,0,1,0,1,1,0,0,0,0,,0.94,69.69,2,020409bCJ,2675.572,3.25,27,199,27,129.563,8,12517,12517,27.74,0,1,1,81,0,8,0,0,0,0,0,0,0,0,0,1,0,184,67.5,0,0,0,0,0,0,1,,,,,1,6,,0,1,0,0,1,0,0,,1,1,0,2,0,567,1,0,0,80,28.3933012310469,0,0,1,1,1,140,0,1,1,0,0,,0,,,,0,0,1,,,0,83,1,52.6315789473684,3.9633162998157,2,0,0,1,81,0,1,,16248,9152,6,4883,14.795524691358,0,Q3,low,low,Q1-Q3,Q1-Q3,Angina,13.3689253935661,1,1,1,0
1,2810383851,2018-01-28,2002.7,2,1,171,61,78,100,0.85,8.7,81.7,5.7,12383,2451.28518971848,7.80436773323351,1.72965879265092,0.547924159375806,0,,53.38,,863.23,1,1056.58506731946,6.96279735186436,1,,0,12383,,,,12383,0,,,2,,,12383,14342,14342,1959,,0,0,,,,0,0,,0,12383,C10AX06,20 MG,C10,C10A,C10AX,C10AX06,81 MG,1,,,,1,1,1,1,,,,"","",,,,,,,,,,,,1,0,0,0,1,1,1,1,0,0,0,,0.65,65.6,2,021709CJB,708.36,2.58,42,211.8,42,141.557,8,13282,13282,53.38,1,1,1,81,0,2,0,0,0,0,0,0,0,0,0,0,0,147,62.5,0,0,0,0,0,0,1,,,,,4,6,,0,1,1,0,0,0,0,1,1,1,0,2,0,567,1,0,0,81,26.458359476719,0,0,1,1,1,,0,0,0,0,0,,0,,,,0,0,0,,,0,94.4,1,106.487148102815,4.66802430277672,2,0,0,1,64,1,1,,16605,,,,38.3013310893513,1,Q4,high,high,Q4,Q4,,,,,,
1,2810386395,2018-01-08,242.9,2,1,267,68,176,89,1.14,3,26.6,5.2,11553,913.157894736842,6.81690880620857,3.12517482517483,1.1394902256795,0,,57.14,,227.53,1,855.375939849624,6.75154106802947,1,77.84,0,11553,0,3,,11553,0,,,2,4409,5689,11553,,,,,0,0,,,,0,0,4,0,11553,C09CA08,40 MG,C09,C09C,C09CA,C09CA08,81 MG,1,,,,1,,,1,,,,"","",,,,,,,,,,,,1,0,0,0,1,0,0,1,0,0,0,,1.06,93.34,2,021109bCJ,429.664,3.31,36,206.5,36,128.367,8,12570,12570,57.14,1,1,1,81,0,2,0,0,0,0,0,0,0,0,0,0,0,169,65.25,0,0,0,0,1,1,1,,,,,7,0,,0,1,1,0,0,0,0,1,1,1,0,2,0,567,1,0,1,74,27.9081652099095,0,0,1,0,1,,0,0,0,0,0,,0,,,,0,0,0,,,0,163.8,0,112.781954887218,4.72545635186259,2,0,0,0,47,0,0,,16355,,,,19.4288913773796,1,Q2,low,high,Q1-Q3,Q1-Q3,,,,,,
1,2810389892,2018-01-10,3505.1,2,1,189,113,43,121,1.12,3,166.7,7,12133,2102.63947210558,7.65094872596351,3.11421911421911,1.13597843516857,0,,36.66,,2731.79,1,1638.74625074985,7.40168674720335,1,66.85,0,12133,0,3,,12133,0,,,1,4414,5631,12133,14239,14239,2106,,0,0,,,,0,0,4,0,12133,M01AX05,1500 MG,M01,M01A,M01AX,M01AX25,"",,1,,,1,,,,1,,,M01AX25,"",,1,,,,,,,,,,0,1,0,0,1,0,0,0,1,0,0,,0.32,26.5,2,021209CJB,430.448,1.59,38,241.1,38,133.259,8,13121,13121,36.66,0,1,1,81,1,8,0,0,0,0,0,0,0,0,0,0,0,139,69,0,0,0,0,0,0,1,,,,,3,6,,0,1,0,1,0,0,0,,1,1,0,2,0,567,1,0,0,68,20.5268463466984,0,1,1,0,1,,0,0,0,0,0,,0,,,,0,0,0,,,0,67.4,0,17.996400719856,2.8901717778935,1,1,0,0,67,1,1,,16905,,,,31.382678688143,1,Q4,high,high,Q4,Q4,,,,,,
1,2810391226,2017-10-29,4419.6,2,1,206,61,209,142,0.82,3,86.3,6.8,12461,5121.20509849363,8.54114506113773,2.04905063291139,0.717376579986781,0,,36.68,,679.4,1,787.253765932793,6.66855064362519,1,,0,12461,,,,12461,0,,,1,4550,5774,12461,14421,14421,1960,,0,0,,,,0,0,,0,12461,C10AX09,10 MG,C10,C10A,C10AX,C10AX09,"",,,,,1,1,1,,,1,,"","",,,,,,,,,,,,0,0,0,0,1,1,1,0,0,1,0,,0.7,95.36,2,012609CJB,260.866,1.16,15,167.1,15,120.036,8,13779,13779,36.68,1,1,1,325,1,8,0,0,0,0,0,0,0,0,0,0,0,221,65.75,0,0,0,0,0,0,1,,,,,4,6,,0,1,1,1,0,0,0,,1,1,0,2,0,2275,2,0,0,66,35.9423419767772,0,1,1,1,1,,0,0,0,0,0,,0,,,,0,0,0,,,0,103.2,0,34.7624565469293,3.54853796956086,2,1,0,1,92,1,1,,17570,,,,55.6652728097134,1,Q4,high,high,Q4,Q4,,,,,,
1,2810393427,2017-10-01,3758.6,2,1,246,57,156,90,0.9,3.5,100.5,5.9,11321,3739.90049751244,8.22681428511146,,,,,42.88,,1364.03,1,1357.24378109453,7.2132112907854,1,64.72,0,11321,0,3,,11321,0,,,2,4341,5635,11321,13461,13461,2140,,0,0,,,,0,0,4,0,11321,M01AE01,200 MG,M01,M01A,M01AE,M01AE01,81 MG,1,1,,1,,1,1,,,1,,"","",,,,,,,,,,,,1,1,0,1,0,1,1,0,0,1,0,,0.22,72.72,2,012009CJB,390.45,1.11,9,163.5,9,146.034,8,12735,12735,42.88,1,1,1,81,1,2,0,0,0,0,0,0,0,0,0,1,0,176,61.5,0,0,0,0,0,0,1,,,,,,0,,0,1,1,1,1,0,0,1,1,1,0,2,0,567,1,0,0,76,32.7165913106365,0,1,1,1,1,140,0,1,1,0,0,,0,,,,0,0,0,,,0,157.8,0,34.8258706467662,3.55036051997837,2,1,0,1,62,1,1,,16527,8863,6,5206,60.3209757663296,1,Q4,high,high,Q4,Q4,Angina,14.2532511978097,1,1,1,0
1,2810393786,2018-01-08,550,2,1,226,74,156,188,0.65,3,38.4,7.4,12398,1432.29166666667,7.26703100462093,,,,,46.44,,627.84,1,1635,7.39939808333135,1,59.96,0,12398,0,3,1,12398,1,3017,15415,2,4497,5729,12398,14471,14471,2073,15415,1,0,1781,14179,,0,1,4,1,12398,C10AX09,100-25 MG,C03,C03A,C03AA,C03AA03,325 MG,1,,,1,1,1,,,,,,C03AA03,"",,,,,,,,1,,,,1,0,0,1,1,1,0,1,0,0,0,,4.56,65.87,2,021109bCJ,310.604,2.61,36,221.6,36,129.258,8,13408,13408,46.44,1,1,1,325,0,2,0,0,0,0,0,0,0,0,0,0,0,224,67,0,0,0,0,0,0,1,,,,,8,2,,0,1,1,0,0,0,0,1,1,1,0,2,0,2275,2,0,0,62,35.0835898820383,0,0,1,1,1,140,0,1,1,0,1,6454,0,,1,1,0,0,0,,,0,120.8,0,78.125,4.35831010805657,2,1,1,0,95,0,1,17118,,6454,1,,15.0767543859649,1,Q3,high,low,Q1-Q3,Q1-Q3,MI,,,,,
1,2810393998,2017-10-25,2838.2,2,1,192,43,184,101,0.9,4.3,157.7,5.4,11224,1799.7463538364,7.49540101941954,1.40119760479042,0.337327302940946,1,,38.6,,1505.69,1,954.781230183894,6.86148223589681,1,62.99,0,11224,0,3,,11224,0,,,1,4382,5613,11224,,,,,0,0,,,,0,0,4,0,11224,C09CA03,160 MG/12.5 MG,C03,C03A,C03AA,C03AA03,81 MG,1,,1,,1,,,,,,,C03AA03,"",,,,,,,,1,,,,1,0,1,0,1,0,0,1,0,0,0,,0.79,116.2,2,012209CJB,208.548,1.87,12,232.2,12,188.504,8,12591,12591,38.6,1,1,1,81,0,8,0,0,0,0,0,0,0,0,0,0,0,202,68.25,0,0,0,0,0,0,1,,,,,3,6,,0,1,1,0,0,0,0,,1,1,0,2,0,567,1,0,0,76,30.4895960594964,0,0,1,0,1,,0,0,0,0,0,,0,,,,0,0,1,,,0,112.2,1,27.2669625871909,3.30567580771266,1,0,0,0,83,1,1,14379,,14379,28,3155,21.6836910100771,0,Q4,high,high,Q1-Q3,Q4,Death,8.63791923340178,1,0,0,0
1,2810394141,2018-01-14,1956.3,2,1,179,70,123,95,0.95,3,47.9,5.2,11806,4084.13361169102,8.31486489463849,1.70507655116841,0.533610007773583,0,,37.6,,437.48,1,913.319415448852,6.81708567203825,1,64.56,0,11806,0,3,,11806,0,,,1,,5644,11806,13877,13877,2071,,0,0,,,,0,0,4,0,11806,C10AA05,20 MG,C10,C10A,C10AA,C10AA05,81 MG,1,,,,,1,1,,,,,"","",,,,,,,,,,,,1,0,0,0,0,1,1,0,0,0,0,,0.85,126.6,2,021409CJB,355.07,1.76,40,167,40,103.412,8,12751,12751,37.6,0,1,1,81,0,8,0,0,0,0,0,0,0,0,0,0,0,202,67.75,0,0,0,0,0,0,1,,,,,3,1,,0,1,0,0,0,0,0,,1,1,0,2,0,567,1,0,0,62,30.9412876284121,0,0,0,1,0,,0,0,0,0,0,,0,,,,0,0,0,,,0,84.4,0,62.6304801670146,4.13725206323338,2,0,0,1,85,1,1,,16535,,,,48.0486307257768,1,Q4,high,high,Q4,Q4,,,,,,
1,2810395265,2017-12-02,874.5,2,1,190,47,92,112,0.86,3,98.3,5.7,12133,889.623601220753,6.79079845329363,1.29590948651001,0.259212754835253,1,,27.28,,1098.06,1,1117.0498474059,7.01844642422022,1,75.14,0,12133,0,3,4,12133,1,2776,14909,1,4602,5713,12133,14703,14703,2570,14909,1,0,2776,14909,,0,1,4,1,12133,M01AX05,500 MG,M01,M01A,M01AX,M01AX05,325 MG,1,1,,,,1,,,,,,"","",,,,,,,,,,,,1,1,0,0,0,1,0,0,0,0,0,,2.58,109.9,2,020409CJB,667.804,1.76,25,220.4,25,165.897,8,13299,13299,27.28,0,2,1,325,0,8,0,0,0,0,0,0,0,0,0,0,0,183,63.25,0,0,0,0,0,0,1,,,,,6,6,,0,1,0,0,0,0,0,,1,1,0,2,0,4550,2,0,0,70,32.1614516278135,0,0,0,0,0,141,1,1,0,1,1,10984,0,,2,1,0,0,1,,,0,124.6,0,30.5188199389624,3.41834354049713,2,0,1,0,88,0,0,15424,,10984,4,,10.1093591047813,1,Q2,low,low,Q1-Q3,Q1-Q3,MI,,,,,
1,2810396085,2018-02-22,1236,2,0,123,52,55,140,0.82,7.6,232.8,7,12796,530.927835051546,6.27462610814844,1.56741573033708,0.44942823152928,1,,43.26,,2219.35,1,953.329037800687,6.85996010933216,1,66.83,0,12796,0,3,,12796,0,,,1,4555,,12796,14945,14945,2149,,0,0,,,,0,0,4,0,12796,M01AX05,21,M01,M01A,M01AX,M01AX25,81 MG,1,1,,,,1,,,,1,,M01AX25,"",,1,,,,1,1,,,,,1,1,0,0,0,1,1,0,0,1,0,,0.34,161.3,2,022109CJB,415.64,1.36,50,253.8,50,116.34,8,13441,13441,43.26,0,1,1,81,1,8,1,0,0,56,0,0,0,0,0,0,0,170,66.75,,,,,,,1,,,,,7,1,,0,1,0,1,0,0,0,,1,1,1,2,0,567,1,0,0,58,26.8257574767895,0,1,0,1,0,,0,0,0,0,0,,0,,,,0,0,1,,,0,60,1,32.6460481099656,3.48572381041714,2,1,0,1,97,0,0,,17221,,,,5.47348283558295,1,Q1,low,low,Q1-Q3,Q1-Q3,,,,,,
1,2810396246,2017-11-23,543.8,2,1,150,40,83,113,0.93,3,109,5.9,12153,498.899082568807,6.21240383595732,1.37337057728119,0.31726799370511,1,,35.74,,852.85,1,782.431192660551,6.66240598584583,1,70.73,0,12153,0,3,,12153,0,,,1,4517,5727,12153,14279,14279,2126,,0,0,,,,0,0,4,0,12153,C10AX06,1000 MG,C10,C10A,C10AX,C10AX06,81 MG,1,,,1,,1,1,,,,,"","",,,,,,,,,,,,1,0,0,1,0,1,1,0,0,0,0,,4.38,160.6,2,013009CJB,259.03,2.51,20,153.4,20,124.58,8,13390,13390,35.74,1,1,1,81,0,8,0,0,0,0,0,0,0,0,0,0,0,247,69.75,0,0,0,0,0,0,1,,,,,8,1,,0,1,1,0,0,0,0,,1,1,0,2,0,567,1,0,0,56,35.6955552620783,0,0,1,1,1,,0,0,0,0,0,,0,,,,0,0,0,,,0,93.4,0,27.5229357798165,3.3150196854211,1,0,0,1,91,0,0,,17178,,,,5.48240750075612,1,Q1,low,low,Q1-Q3,Q1-Q3,,,,,,
1,2810396377,2017-12-31,156.3,1,1,242,96,242,117,0.6,3,6.3,5.6,12294,2480.95238095238,7.81639779001804,1.61221945137157,0.477611770905343,1,,21.2,,93.38,1,1482.22222222222,7.3012977421334,1,29.69,4,12294,1,1,,12294,0,,,2,,,12294,,,,,0,0,,,,0,0,3,0,12294,M01AE02,220 MG,M01,M01A,M01AE,M01AE02,81 MG,1,1,,1,,1,1,1,,,,"","",,,,,,,,,,,,1,1,0,1,0,1,1,1,0,0,0,,3.2,226.8,2,020909CJB,476.676,1.52,33,218.5,33,110.357,8,13358,13358,21.2,1,1,1,81,0,2,1,0,0,46,0,0,1,0,0,1,0,166,63.25,0,0,0,0,0,0,1,,,,,4,7,,0,0,1,0,1,0,0,1,1,1,1,,0,567,1,0,0,69,29.1737757935358,0,0,1,1,1,140,0,1,1,0,0,,0,,,,0,0,0,,,0,97.6,0,476.190476190476,6.16581793425276,3,0,0,1,93,1,1,14245,,9960,6,,26.6769073220686,1,Q4,high,high,Q4,Q4,Angina,,,,,
1,2810396950,2017-10-25,936.7,2,1,152,35,134,95,1.03,3.3,171.1,5.1,11369,547.457627118644,6.30528506530503,,,,,19.9,,1054.78,1,616.469900642899,6.42400949844885,1,52.12,0,11369,1,2,1,11369,0,,,1,4314,5644,11369,13518,13518,2149,,0,0,,,,0,0,3,0,11369,M01AX05,1500/1200 MG,M01,M01A,M01AX,M01AX25,325 MG,1,1,,1,1,1,1,,,,,M01AX25,"",,1,,,,,,,,,,1,1,0,1,1,1,1,0,0,0,0,,0.66,48.58,2,020209CJB,364.964,1.89,22,171,22,125.204,8,12592,12592,19.9,1,1,1,325,0,8,0,0,0,0,0,0,0,0,0,1,0,223,69.75,0,0,0,0,0,0,1,,,,,1,6,,0,1,1,0,1,0,0,,1,1,0,2,0,2275,2,0,0,70,32.227161228516,0,0,1,1,1,140,0,1,1,0,1,11272,0,,,,0,0,1,,,0,90.2,0,19.2869666861485,2.95942956655642,1,0,0,1,73,0,0,,16380,11272,1,5011,7.49941954957047,0,Q1,low,low,Q1-Q3,Q1-Q3,MI,13.719370294319,1,1,1,0
1,2810398014,2018-02-22,3791.5,2,1,190,62,126,87,0.71,6.1,99.6,5.4,12253,3806.72690763052,8.24452501953853,2.54150504266874,0.932756442033773,0,,42.18,,1418.48,1,1424.17670682731,7.26134917614627,1,74.86,0,12253,0,3,,12253,0,,,2,4341,5688,12253,,,,,0,0,,,,0,0,4,0,12253,C10AA01,80 MG,C10,C10A,C10AA,C10AA01,81 MG,1,,,1,,1,1,1,,,,"","",,,,,,,,,,,,1,0,0,1,0,1,1,1,0,0,0,,1.91,48.28,2,022109CJB,577.61,2.72,50,174.1,50,126.971,8,12881,12881,42.18,1,1,1,81,0,2,0,0,0,0,0,0,0,0,0,0,0,156,64.5,0,0,0,0,0,0,1,,,,,8,6,,0,1,1,0,0,0,0,1,1,1,0,2,0,567,1,0,0,64,26.363968358007,0,0,1,1,1,,0,0,0,0,0,,0,,,,0,0,0,,,0,102.8,1,61.2449799196787,4.11488188557085,2,0,0,1,90,1,1,,15079,6157,7,2826,42.2969656403391,0,Q4,high,high,Q4,Q4,Coronary Insufficiency,7.73716632443532,1,0,0,0
1,2810398840,2017-09-23,2452.3,2,1,204,79,53,93,0.92,43.2,191.2,5.9,11547,1282.58368200837,7.15663182404563,,,,,22.5,,959.43,1,501.793933054393,6.21818954349334,1,,0,11547,,,2,11547,0,,,2,4207,5716,11547,,,,,0,0,,,,0,0,,0,11547,B01AC06,81 MG,B01,B01A,B01AC,B01AC06,81 MG,1,,,,,,,,,,,"","",,,,,,,,,,,,1,0,0,0,0,0,0,0,0,0,0,,103.54,17.26,2,011509CJB,312.24,15.9,7,192.3,7,132.897,8,12994,12994,22.5,0,1,1,81,0,2,0,0,0,0,0,0,0,0,0,0,0,113,61,0,0,0,0,0,0,1,,,,,4,0,,0,1,0,0,0,0,0,1,1,1,0,2,0,567,1,0,0,77,21.3513031164735,0,0,0,0,0,140,0,1,1,0,1,12129,0,,,,0,0,0,,,0,114.4,1,225.941422594142,5.4202757736149,2,0,0,0,60,0,1,13547,,12129,2,,21.3763947001395,1,Q3,low,high,Q1-Q3,Q1-Q3,MI,,,,,
1,2810400989,2018-02-10,2093.7,2,1,145,96,63,89,0.94,10.9,112.2,5.2,13086,1866.04278074866,7.53157530759071,2.41818181818182,0.883015942989283,0,,34.52,,1509.09,1,1345,7.20414929203594,1,74.04,0,13086,0,3,12,13086,0,,,2,4525,5881,13086,,,,,0,0,,,,0,0,4,0,13086,C07AB02,25 MG,C07,C07A,C07AB,C07AB02,325 MG,1,,,1,,,,,,,,"","",,,,,,,,,,,,1,0,0,1,0,0,0,0,0,0,0,,3.93,43.01,2,021909bCJ,265.818,1.85,47,200.2,47,102.983,8,13853,13853,34.52,1,1,1,325,0,2,0,0,0,0,0,0,0,0,0,0,,127,62,0,0,0,0,0,0,1,,,,,6,6,,0,1,1,0,0,0,,1,1,1,0,2,0,2275,2,0,0,76,23.2287561349316,0,0,1,0,1,,0,0,0,0,0,,1,12659,,,0,0,0,,,0,36.4,1,97.1479500891266,4.57623507512864,2,0,0,0,59,1,1,,17634,12659,12,4548,31.6278437415028,0,Q4,high,high,Q4,Q4,TIA,12.4517453798768,1,1,1,0
1,2810401597,2018-01-08,275.2,2,1,186,42,319,111,0.71,3,22.8,5.4,11634,1207.01754385965,7.09590775608689,2.37613751263903,0.865476275515493,0,,53.74,,208.91,1,916.271929824561,6.82031318723865,1,67.81,0,11634,0,3,,11634,0,,,2,4448,5691,11634,13813,13813,2179,,0,0,,,,0,0,4,0,11634,M01AX05,1500/1200 MG,M01,M01A,M01AX,M01AX25,81 MG,1,1,,1,,1,1,,,,,M01AX25,"",,1,,,,,,,,,,1,1,0,1,0,1,1,0,0,0,0,,0.72,105.3,2,021109bCJ,298.924,1.06,36,199.4,36,101.964,8,12645,12645,53.74,1,1,1,81,0,2,0,0,0,0,0,0,0,0,0,0,0,143,63.5,0,0,0,0,0,0,1,,,,,3,7,,0,1,1,0,0,0,0,1,1,1,0,2,0,567,1,0,0,68,24.9341288564157,0,0,1,1,1,,0,0,0,0,0,,0,,,,0,0,0,,,0,80.2,0,131.578947368421,4.87960703168985,2,0,0,1,88,0,1,,16430,,,,13.7161084529506,1,Q3,low,low,Q1-Q3,Q1-Q3,,,,,,
1,2810401785,2018-02-03,725.7,2,1,127,50,91,81,1.59,6.7,81.2,6.3,12518,893.71921182266,6.79539164510455,2.4289667896679,0.887465977496718,0,,36.06,,920.39,1,1133.48522167488,7.03305243208127,1,72.53,0,12518,0,3,41,12518,1,2615,15133,1,4655,5714,12518,14832,14832,2314,15133,1,0,2615,15133,,0,1,4,1,12518,C03AA03,10-20 MG,C09,C09A,C09AA,C09AA07,"",,,,,,,,1,,1,,C09AA07,"",,,,,1,,,,,,,0,0,0,0,1,0,0,1,0,1,0,,0.78,36.46,2,021909CJB,350.484,3.25,46,172.8,46,87.583,8,13334,13334,36.06,1,3,2,81,1,8,0,0,0,0,0,0,0,0,0,0,0,183,67.25,0,0,0,0,0,0,1,,,,,8,2,,0,1,1,1,0,0,0,,1,1,0,2,0,243,1,0,0,75,28.4493353774093,0,1,1,0,1,143,1,0,0,0,0,,0,,1,1,0,0,0,,,0,58.8,1,82.512315270936,4.41294755821143,2,1,0,0,42,0,0,17017,13768,15133,41,2615,21.2790288529205,0,Q2,low,high,Q1-Q3,Q1-Q3,CHF,7.15947980835045,1,0,0,0
1,2810401937,2017-10-30,495.1,2,1,165,65,63,103,0.68,3,57.3,5.6,12254,864.048865619546,6.76162932463478,2.10426229508197,0.743964952068345,0,,34.28,,2327.9,1,4062.65270506108,8.30959141486966,1,,0,12254,,,,12254,0,,,2,4763,5772,12254,14353,14353,2099,,0,0,,,,0,0,,0,12254,M01AX05,TAB,M01,M01A,M01AX,M01AX25,81 MG,1,1,,,1,1,1,,,,,M01AX25,"",,1,,,,,,,,,,1,1,0,0,1,1,1,0,0,0,0,,1.8,94.52,2,012609CJB,385.876,2.61,15,89.8,15,81.067,8,13586,13586,34.28,1,1,1,81,0,2,0,0,0,0,0,0,0,0,0,0,0,170,64.25,0,0,0,0,0,0,1,,,,,7,8,,0,1,1,0,0,0,0,1,1,1,0,2,0,567,1,0,0,58,28.9539799961067,0,0,1,1,1,,0,0,0,0,0,,0,,,,0,0,0,,,0,87.4,0,52.3560209424084,3.95806694392955,2,0,0,1,96,0,0,,17377,,,,9.00050901687028,1,Q2,low,low,Q1-Q3,Q1-Q3,,,,,,
1,2810402121,2017-12-24,1252.9,2,1,153,68,47,104,0.75,3,98.8,5.4,12385,1268.11740890688,7.14528872448578,2.62524850894632,0.965175561637448,0,,34.04,,1783.7,1,1805.36437246964,7.49851771879853,1,66,0,12385,0,3,,12385,0,,,1,4523,5713,12385,14364,14364,1979,14959,1,0,2574,14959,,0,0,4,0,12385,C10AX06,1000 MG,C10,C10A,C10AX,C10AX06,325 MG,1,,,,,1,1,1,,,,"","",,,,,,,,,,,,1,0,0,0,0,1,1,1,0,0,0,,1.08,68.43,2,020709CJB,347.058,0.53,31,155.4,31,102.154,8,13476,13476,34.04,1,1,1,160,0,8,0,0,0,0,0,0,0,0,0,1,0,173,66.75,0,0,0,0,0,0,1,,,,,8,6,,0,1,1,0,1,0,0,,1,1,0,2,0,1120,2,0,0,68,27.2991531969682,0,0,1,1,1,141,1,1,1,1,0,,0,,1,1,0,0,0,,,0,75.6,0,30.3643724696356,3.41326996289642,2,0,0,1,94,0,1,,17262,14910,6,4877,13.4906107330519,0,Q3,low,low,Q1-Q3,Q1-Q3,Angina,13.3524982888433,1,1,1,0
1,2810403050,2017-12-14,1724.2,2,1,199,60,89,99,0.9,8.1,139.1,5.7,11315,1239.53989935298,7.12249554083452,2.81543357199682,1.03511627175522,0,,35.58,,1988.68,1,1429.67649173257,7.26520346810254,1,80.38,0,11315,0,3,,11315,0,,,2,4154,5383,11315,13320,13320,2005,,0,0,,,,0,0,4,0,11315,C10AA02,40 MG,C10,C10A,C10AA,C10AA02,81 MG,1,,,,,1,1,,,,,"","",,,,,,,,,,,,1,0,0,0,0,1,1,0,0,0,0,,2.57,81.37,2,020309bCJ,196.58,2.31,24,132.5,24,123.732,8,12501,12501,35.58,0,1,1,81,0,2,0,0,0,0,0,0,0,0,0,0,0,153,60.25,0,0,0,0,0,0,1,,,,,3,6,,0,1,0,0,0,0,0,1,1,1,0,2,0,567,1,0,0,64,29.6334994625879,0,0,0,1,0,,0,0,0,0,0,,0,,,,0,0,1,,,0,121.2,1,58.2314881380302,4.06442624173113,2,0,0,1,68,0,1,,16289,,,,18.2285279316615,1,Q3,low,high,Q1-Q3,Q1-Q3,,,,,,
1,2810403058,2017-12-14,3414,2,1,179,111,33,109,0.77,3,70.3,5.3,12467,4856.33001422475,8.48803829052586,2.125,0.75377180237638,0,,37.08,,1347.24,1,1916.41536273115,7.55821172143016,1,72.26,0,12467,0,3,,12467,0,,,1,4914,5833,12467,15006,15006,2539,,0,0,,,,0,0,4,0,12467,C09CA03,160 MG,C09,C09C,C09CA,C09CA03,"",,,,,1,,,1,,,,"","",,,,,,,,,,,,0,0,0,0,1,0,0,1,0,0,0,,1.01,39.49,2,020309bCJ,333.602,1.18,24,239.5,24,139.718,8,13650,13650,37.08,1,1,1,81,0,8,1,1,1,0,0,0,0,0,0,0,0,145,69.25,0,0,0,0,0,0,1,,,,,3,1,,0,1,1,0,0,0,0,,1,1,2,2,0,567,1,0,0,53,21.2585705834525,1,0,1,0,1,,0,0,0,0,0,,0,,,,0,0,1,,,0,61.4,0,42.674253200569,3.75359576883363,2,0,0,0,104,1,1,,17438,,,,46.6954809060072,1,Q4,high,high,Q4,Q4,,,,,,
1,2810404072,2018-01-08,2248.1,2,1,120,39,104,107,1.01,387.1,120.5,5.5,11726,1865.64315352697,7.53136112706735,2.60153256704981,0.956100720236003,0,,56.3,,1375.4,1,1141.41078838174,7.04002030994312,1,75.64,0,11726,0,3,4,11726,1,2534,14260,1,4287,5665,11726,13789,13789,2063,14615,1,0,729,12455,,0,1,4,1,11726,C10AA05,20 MG,C10,C10A,C10AA,C10AA05,81 MG,1,,,,,1,1,,,,,"","",,,,,,,,,,,,1,0,0,0,0,1,1,0,0,0,0,,3.35,110.2,2,021109bCJ,291.916,2.77,36,237.2,36,117.54,8,12742,12742,56.3,1,1,1,81,0,8,0,0,0,0,1,1,0,0,0,0,0,169,64.5,0,0,0,0,0,0,1,,,,,,1,,0,1,1,0,0,0,0,,1,1,0,2,2,567,1,0,0,74,28.5609657211743,0,0,1,1,1,141,0,1,0,1,1,12249,0,,1,2,0,0,1,,,0,60.2,1,3212.44813278008,8.07478858363503,3,0,0,1,73,1,1,,16527,12249,4,4801,25.5567555277667,0,Q4,high,high,Q4,Q4,MI,13.1444216290212,1,1,1,0
1,2810405412,2018-01-14,244.8,2,1,150,48,164,105,0.76,3,26.2,5.7,11636,934.351145038168,6.83985232585921,2.70923744575326,0.996667209964427,0,,57.02,,284.66,1,1086.48854961832,6.99070626086352,1,69.23,0,11636,0,3,1,11636,0,,,2,4266,5649,11636,13709,13709,2073,,0,0,,,,0,0,4,0,11636,C10AX09,20 MG,C10,C10A,C10AA,C10AA01,81 MG,1,,,,1,1,,,,,,C10AA01,"",,,,,,1,1,,,,,1,0,0,0,1,1,1,0,0,0,0,,0.51,150.2,2,021409CJB,411.874,1.97,40,165.5,40,111.862,8,12582,12582,57.02,1,1,1,81,0,2,0,0,0,0,0,0,0,0,0,0,0,170,63,0,0,0,0,0,0,1,,,,,4,6,,0,1,1,0,0,0,0,1,1,1,0,2,0,567,1,0,0,69,30.1143459429776,0,0,1,1,1,,0,0,0,0,1,7516,0,,,,0,0,0,,,0,69.2,0,114.503816793893,4.7406081568832,2,0,0,1,80,0,0,,15772,7516,1,4136,11.6793893129771,0,Q2,low,low,Q1-Q3,Q1-Q3,MI,11.3237508555784,1,1,0,0
1,2810406250,2017-12-14,1064.9,2,1,181,50,127,107,1.19,3,127.3,5.1,11963,836.527886881383,6.72925985744607,1.72118226600985,0.543011418658169,0,,38.98,,573.31,1,450.361351139042,6.11005026306153,1,,0,11963,,,,11963,0,,,1,4258,5635,11963,13958,13958,1995,,0,0,,,,0,0,,0,11963,C10AX06,1000 MG,C10,C10A,C10AX,C10AX06,81 MG,1,,,,1,1,1,,,,,"","",,,,,,,,,,,,1,0,0,0,1,1,1,0,0,0,0,,0.75,38.4,2,020409bCJ,401.97,1.75,27,224,27,176.891,8,13111,13111,38.98,1,1,1,81,0,8,0,0,0,0,0,0,0,0,0,0,0,193,70,0,0,0,0,0,0,1,,,,,6,6,,0,1,1,0,0,0,0,,1,1,0,2,0,567,1,0,0,68,27.6927982427393,0,0,1,1,1,,0,0,0,0,0,,0,,,,0,0,0,,,0,105.6,0,23.56637863315,3.15982106208689,1,0,0,1,62,0,0,,16898,,,,13.4923852722804,1,Q1,low,low,Q1-Q3,Q1-Q3,,,,,,
1,2810406511,2017-12-24,2175.8,2,1,116,54,59,108,0.73,3,100.7,5.7,12587,2160.67527308838,7.67817607825056,1.40082644628099,0.337062381223764,1,,40.58,,1346.73,1,1337.36842105263,7.19845909714777,1,,0,12587,,,2,12587,0,,,1,4552,5812,12587,,,,,0,0,,,,0,0,,0,12587,C10AX06,20 MG,C10,C10A,C10AX,C10AX06,325 MG,1,,,,,1,1,,,,,"","",,,,,,,,,,,,1,0,0,0,0,1,1,0,0,0,0,,5.93,73.04,2,020709CJB,250.68,15.42,31,206.3,31,123.666,8,13672,13672,40.58,0,1,1,325,0,8,1,1,1,0,0,0,0,0,0,1,0,137,65,1,1,0,0,1,1,1,,,,,4,6,,0,1,0,0,1,0,0,,1,1,2,2,0,2275,2,0,1,71,22.7981426377054,1,0,0,1,0,140,0,1,1,0,1,11527,0,,,,0,0,0,,,0,50.2,0,29.7914597815293,3.39422176792573,1,0,0,1,93,1,1,14093,12452,11527,2,-135,23.2330674525632,0,Q4,high,high,Q1-Q3,Q4,MI,-0.369609856262834,0,0,0,0
1,2810407715,2017-08-26,853.3,2,1,203,42,126,96,0.82,3,85,5.5,12170,1003.88235294118,6.91163011504031,1.59369202226345,0.466053351075258,1,,50.48,,704.43,1,828.741176470588,6.71990789465074,1,,0,12170,,,,12170,0,,,1,4531,5800,12170,14377,14377,2207,,0,0,,,,0,0,,0,12170,B01AC06,81 MG,B01,B01A,B01AC,B01AC06,81 MG,1,,,,,,,,,,,"","",,,,,,,,,,,,1,0,0,0,0,0,0,0,0,0,0,,0.91,45.17,2,010909CJB,349.494,2.06,2,315.8,2,204.871,8,13751,13751,50.48,0,1,1,81,0,8,0,0,0,0,0,0,0,0,0,0,0,201,67.25,0,0,0,0,0,0,1,,,,,5,1,,0,1,0,0,0,0,0,,1,1,0,2,0,567,1,0,0,51,31.2476306604332,0,0,0,0,0,,0,0,0,0,0,,0,,,,0,0,1,,,0,135.8,0,35.2941176470588,3.56371631115993,2,0,0,0,102,0,0,,17545,,,,9.84198385236447,1,Q2,low,low,Q1-Q3,Q1-Q3,,,,,,
1,2810407835,2017-09-07,1807.3,2,1,130,48,47,93,0.91,5.2,132.8,5.9,11726,1360.9186746988,7.21591524678735,1.26474719101124,0.234872253204035,1,,66.54,,992.13,1,747.085843373494,6.61618009603164,1,62.7,0,11726,0,3,,11726,0,,,1,4544,5754,11726,13924,13924,2198,15205,1,0,268,11994,,0,0,4,0,11726,C10AX09,10 MG,C10,C10A,C10AX,C10AX09,81 MG,1,,,,,1,1,,,,,"","",,,,,,,,,,,,1,0,0,0,0,1,1,0,0,0,0,,0.6,18.01,2,011309CJB,,,4,183.9,4,147.263,8,13218,13218,66.54,0,2,2,81,0,8,0,0,0,0,0,0,0,0,0,0,0,200,74.5,0,0,0,0,0,0,1,,,,,8,8,,0,1,0,0,0,0,0,,1,1,0,2,0,162,1,0,0,62,25.3351256668731,0,0,0,1,0,,0,0,0,0,0,,0,,1,2,0,0,1,,,0,72.6,1,39.1566265060241,3.66756966752719,2,0,0,1,90,0,1,,17011,,,,15.1213186077644,1,Q3,high,low,Q1-Q3,Q1-Q3,,,,,,
1,2810407962,2017-08-23,324.5,2,1,170,89,68,125,0.65,20,28,6.3,12042,1158.92857142857,7.05525121195703,1.28964691801317,0.254368473942454,1,,32.78,,365.46,1,1305.21428571429,7.17412250988934,1,66.91,0,12042,0,3,12,12042,0,,,2,4615,5792,12042,14625,14625,2583,,0,0,,,,0,0,4,0,12042,C10AA05,160/12.5,C03,C03A,C03AA,C03AA03,81 MG,1,,,1,1,1,1,,,1,,C03AA03,"",,,,,,,,1,,,,1,0,0,1,1,1,1,1,0,1,0,,0.52,25.18,2,010809CJB,374.912,1.81,1,212.6,1,96.534,8,13657,13657,32.78,1,1,1,81,1,2,0,0,0,0,0,0,0,0,0,1,0,110,58.25,0,0,0,0,0,0,1,,,,,3,6,,0,0,1,1,1,0,0,1,1,1,0,,0,567,1,0,0,79,22.7932596814557,0,1,1,1,1,140,0,1,1,0,0,,1,15421,,,0,0,0,,,0,67.4,1,714.285714285714,6.57128304236092,3,1,0,1,84,0,1,,17245,10292,6,5203,13.796768707483,1,Q3,low,low,Q1-Q3,Q1-Q3,Angina,14.2450376454483,1,1,1,0
1,2810409312,2018-02-10,4802.5,2,1,138,33,192,149,0.92,15.2,147.7,6.5,11909,3251.52335815843,8.08687889109347,2.938026013772,1.07773793195755,0,,33.82,,759.79,1,514.414353419093,6.24302907575942,1,61.67,0,11909,0,3,,11909,0,,,2,4336,5722,11909,13428,13428,1519,,0,0,,,,0,0,4,0,11909,C10AX09,20 MG,C10,C10A,C10AA,C10AA01,81 MG,1,,,,1,1,,,,1,,C10AA01,"",,,,,,1,1,,,,,1,0,0,0,1,1,1,0,0,1,0,,5.41,74.47,2,021909bCJ,342.034,1.65,47,191.7,47,133.764,8,12677,12677,33.82,0,1,1,81,1,2,0,0,0,0,0,0,0,0,0,0,0,200,62.75,0,0,0,0,0,0,1,,,,1,3,0,,0,0,0,1,0,0,0,1,1,1,0,,0,567,1,0,0,67,35.7115045748639,0,1,0,1,0,,0,0,0,0,0,,0,,,,0,0,0,,,0,66.6,1,102.911306702776,4.63386751729703,2,1,0,1,64,1,1,,16458,,,,50.8050524712255,1,Q4,high,high,Q4,Q4,,,,,,
1,2810409322,2017-12-02,879,2,1,187,42,132,106,0.9,11.5,120.1,5.7,11628,731.890091590341,6.59563035458733,1.52141527001862,0.419641000351138,1,,44.56,,1042.06,1,867.660283097419,6.76580025913161,1,65.01,0,11628,0,3,,11628,0,,,1,4335,5658,11628,,,,,0,0,,,,0,0,4,0,11628,C03DB02,37.5/25 MG,C03,C03A,C03AA,C03AA03,"",,,,,,,,1,,,,C03AA03,"",,,,,,,,1,,,,0,0,0,0,0,0,0,1,0,0,0,,2.3,33.31,2,020409CJB,328.974,0.83,25,218.7,25,191.772,8,12796,12796,44.56,1,1,1,325,0,8,0,0,0,0,0,0,0,0,0,0,0,193,69.5,0,0,0,0,0,0,1,,,,,8,6,,0,1,1,0,0,0,0,,1,1,0,2,0,2275,2,0,0,74,28.0926890718747,0,0,1,0,1,,0,0,0,0,0,,0,,,,0,0,1,2,8600,1,118.6,1,95.7535387177352,4.5617775852654,2,0,0,0,84,0,0,12672,,12672,27,1044,8.7129772808374,0,Q1,low,low,Q1-Q3,Q1-Q3,,2.85831622176591,0,0,0,0
1,2810409825,2017-11-26,561.8,2,1,230,91,73,102,0.81,15.2,39.9,5.8,11622,1408.02005012531,7.24993977676242,2.77854671280277,1.02192802583433,0,,49.8,,574.13,1,1438.92230576441,7.27164971360516,1,,0,11622,,,,11622,0,,,2,4335,5666,11622,13629,13629,2007,,0,0,,,,0,0,,0,11622,B01AC06,81 MG,B01,B01A,B01AC,B01AC06,81 MG,1,,,,,,,,,,,"","",,,,,,,,,,,,1,0,0,0,0,0,0,0,0,0,0,,0.56,30.55,2,020309bCJ,374.536,0.57,25,203.7,25,108.637,8,12796,12796,49.8,0,3,2,81,0,1,0,0,0,0,0,0,0,0,0,0,0,123,65,1,1,0,0,0,0,1,,,,,4,6,,0,1,0,0,0,0,0,0,1,1,0,2,0,243,1,0,1,62,20.4684054338523,0,0,0,0,0,,0,0,0,0,0,,0,,,,0,0,0,,,0,124.4,1,380.952380952381,5.94267438293855,3,0,0,0,78,0,1,,16584,,,,18.0515391041707,1,Q3,high,high,Q1-Q3,Q1-Q3,,,,,,
1,2810411023,2018-02-01,156.3,1,1,210,91,46,94,0.88,3,20.5,5.6,12082,762.439024390244,6.63652253727116,3.10300429184549,1.13237076859306,0,,32.94,,296.86,1,1448.09756097561,7.27800594704035,1,66.57,0,12082,0,3,,12082,0,,,2,4405,5785,12082,,,,,0,0,,,,0,0,4,0,12082,"","","","","","","",,,,,,,,,,,,"","",,,,,,,,,,,,0,0,0,0,0,0,0,0,0,0,0,,0.52,32.11,2,021809bCJ,408.762,0.68,44,103.3,44,79.5,8,12936,12936,32.94,0,1,1,325,0,2,0,0,0,0,0,0,0,0,0,0,0,152,63.5,0,0,0,0,0,0,1,,,,,8,1,,0,1,0,0,0,0,0,1,1,1,0,2,0,2275,2,0,0,63,26.5034096935328,0,0,0,0,0,,0,0,0,0,0,,0,,,,0,0,1,,,0,109.8,0,146.341463414634,4.98594268150588,2,0,0,0,70,0,0,,16717,,,,10.8919860627178,1,Q1,low,low,Q1-Q3,Q1-Q3,,,,,,
1,2810411801,2017-10-25,156.3,1,1,173,39,269,117,0.88,3,32.7,5.5,12341,477.981651376147,6.16957234551231,1.15579071134627,0.14478470831125,1,,32.52,,300.03,1,917.522935779816,6.82167757774142,1,66.75,0,12341,0,3,,12341,0,,,2,4504,5786,12341,14379,14379,2038,,0,0,,,,0,0,4,0,12341,C10AA07,20/12.5 MG,C03,C03A,C03AA,C03AA03,81 MG,1,,,1,1,1,1,,,,,C03AA03,"",,,,,,,,1,,,,1,0,0,1,1,1,1,1,0,0,0,,10.64,116.5,2,012209CJB,570.746,2.55,12,152.3,12,115.282,8,13709,13709,32.52,1,1,1,81,0,2,0,0,0,0,0,0,0,0,0,0,0,133,59,0,0,0,0,0,0,1,,,,,7,6,,0,1,1,0,0,0,0,1,1,1,0,2,0,567,1,0,0,61,26.8629207180851,0,0,1,1,1,,0,0,0,0,0,,0,,,,0,0,0,,,0,80.2,0,91.743119266055,4.51899248974704,2,0,0,1,71,0,0,,17501,,,,6.73213593487531,1,Q1,low,low,Q1-Q3,Q1-Q3,,,,,,
1,2810412508,2017-11-25,651,2,1,188,82,78,97,0.8,3,74.2,5.5,12416,877.358490566038,6.77691567802333,,,,,40.58,,1457.39,1,1964.13746630728,7.58280847949316,1,68.21,0,12416,0,3,,12416,0,,,2,4513,5841,12416,14538,14538,2122,,0,0,,,,0,0,4,0,12416,C10AX06,TAB,C10,C10A,C10AX,C10AX06,81 MG,1,,,,,1,1,,,,,"","",,,,,,,,,,,,1,0,0,0,0,1,1,0,0,0,0,,1.98,18.06,2,020209CJB,441.688,1.75,22,172.2,22,80.958,8,13631,13631,40.58,0,1,1,81,0,2,1,1,1,0,0,0,0,0,0,0,0,145,68.5,0,0,0,0,0,0,1,,,,,8,1,,0,1,0,0,0,0,0,1,1,1,2,2,0,567,1,0,0,54,21.7266351736604,1,0,0,1,0,,0,0,0,0,0,,0,,,,0,0,0,,,0,90.4,0,40.4312668463612,3.69960341747691,2,0,0,1,84,0,0,,17419,,,,10.44474393531,1,Q2,low,low,Q1-Q3,Q1-Q3,,,,,,
1,2810413199,2018-01-26,633.2,2,1,228,126,69,117,0.64,23,61.6,5.6,12820,1027.92207792208,6.93529464345548,4.7017094017094,1.54792614508366,0,,36.74,,678.94,1,1102.17532467532,7.00504107385987,1,67.08,0,12820,0,3,,12820,0,,,2,,,12820,,,,14517,1,0,1697,14517,,0,0,4,0,12820,C07AB03,25 MG,C07,C07A,C07AB,C07AB03,"",,,,1,,,,,,,,"","",,,,,,,,,,,,0,0,0,1,0,0,0,0,0,0,0,,74.09,26.85,2,021709CJB,237.08,24.12,42,234,42,115.63,8,13738,13738,36.74,0,1,1,81,0,2,0,0,0,0,0,0,0,0,0,0,0,129,62.5,0,0,0,0,0,0,1,,,,,3,2,,0,0,0,0,0,0,0,1,1,1,0,,0,567,1,0,0,69,23.2185603571207,0,0,0,0,0,,0,0,0,0,0,,0,,1,1,0,0,0,,,0,88.2,1,373.376623376623,5.92258762437181,3,0,0,0,91,0,0,,17166,,,,11.2958470101327,1,Q2,low,low,Q1-Q3,Q1-Q3,,,,,,
1,2810413807,2017-10-30,156.3,1,1,168,59,163,143,0.88,3,9.7,6.5,12477,1611.34020618557,7.38482153790619,0.982892690513219,-0.017255330090762,1,,35.34,,292.3,1,3013.40206185567,8.01082497259596,1,66.14,0,12477,0,3,2,12477,0,,,2,4539,5776,12477,14520,14520,2043,,0,0,,,,0,0,4,0,12477,C10AA05,80 MG,C10,C10A,C10AA,C10AA05,81 MG,1,,,1,1,1,1,1,,,,"","",,,,,,,,,,,,1,0,0,1,1,1,1,1,0,0,0,,12.02,84.32,2,012709CJB,461.032,4.77,16,144.8,16,93.942,8,13780,13780,35.34,1,1,1,81,1,2,1,0,0,65,0,0,0,0,0,0,0,188,63.75,0,0,0,0,1,1,1,,,,,3,6,,0,0,1,1,0,0,0,1,1,1,1,,0,567,1,0,1,69,32.5239349440637,0,0,1,1,1,141,0,1,0,1,1,10806,0,,,,0,0,0,,,0,76.4,0,309.278350515464,5.73424168214091,3,1,0,1,67,0,1,17366,,10806,2,,24.0498538236652,1,Q3,high,high,Q4,Q1-Q3,MI,,,,,
1,2810414001,2017-12-16,986.9,2,1,171,45,154,100,1.19,3,159.8,5.5,11900,617.584480600751,6.42581586983388,3.43767908309456,1.23479655853593,0,,37.14,,899.87,1,563.122653316646,6.33349746110268,1,63.84,0,11900,0,3,,11900,0,,,1,4271,5655,11900,14168,14168,2268,,0,0,,,,0,0,4,0,11900,C10AA05,10 MG,C10,C10A,C10AA,C10AA05,81 MG,1,,,1,,1,1,1,,,,"","",,,,,,,,,,,,1,0,0,1,0,1,1,1,0,0,0,,0.57,93.78,2,020509CJB,248.56,1.75,28,179.5,28,173.833,8,13028,13028,37.14,1,1,1,81,0,8,0,0,0,0,0,0,0,0,0,0,0,169,64.75,0,0,0,0,0,0,1,,,,,4,6,,0,1,1,0,0,0,0,,1,1,0,2,0,567,1,0,0,65,28.340843491663,0,0,1,1,1,,0,0,0,0,0,,0,,,,0,0,0,,,0,95.2,0,18.7734668335419,2.93244453431807,1,0,0,1,64,0,0,,16814,,,,9.64975750938673,1,Q1,low,low,Q1-Q3,Q1-Q3,,,,,,
7,2810414268,2017-08-10,2730.7,2,1,183,43,148,131,0.98,60.7,153.4,6.5,3266,1780.11734028683,7.48443456262286,1.62836021505376,0.487573505423489,1,0.4,45.92,45.64,1006.14,2,655.893089960887,6.48599780304201,1,54.92,0,3266,1,2,,3266,0,,,2,3266,5225,,,5225,1959,3151,1,1,-861,2405,,0,0,3,0,3266,C10AX09,10 MG,C10,C10A,C10AX,C10AX09,81 MG,1,,,1,,1,,,,,1,"","",,,,,,,,,,,,1,0,0,1,0,1,0,0,0,0,1,,5.94,80.33,2,122908CJB,296.314,3.88,2,178.4,2,110.795,3,,,45.92,0,1,1,81,0,,0,0,0,0,0,0,,,,,2,228,64.75,0,0,0,0,0,0,,1,,,,2,8,,0,1,0,0,,,1,,2,2,0,2,0,567,1,1,0,74,38.2349841189299,0,0,0,1,0,,0,0,0,0,0,,0,,1,2,1,0,0,,,0,110.4,1,395.697522816167,5.98065008811443,3,1,1,0,66,1,1,6252,16212,-5216,7,12946,26.9714748528308,1,Q4,high,high,Q4,Q4,Coronary Insufficiency,35.4442162902122,1,1,1,1
1,2810414524,2017-11-21,1917.5,2,1,122,60,60,108,0.63,4.4,143.2,5.6,11657,1339.03631284916,7.19970546470296,2.24739336492891,0.809771040155239,0,,31.34,,2343.02,1,1636.18715083799,7.40012390599778,1,69.09,0,11657,0,3,,11657,0,,,2,4365,5679,11657,13680,13680,2023,,0,0,,,,0,0,4,0,11657,M01AE02,200 MG,M01,M01A,M01AE,M01AE02,81 MG,1,1,,,,1,1,,,,,"","",,,,,,,,,,,,1,1,0,0,0,1,1,0,0,0,0,,1.25,92.81,2,012909CJB,418.48,1.18,19,166,19,153.332,8,12912,12912,31.34,0,1,1,81,0,2,0,0,0,0,0,0,0,0,0,0,0,152,60.25,0,0,0,0,0,0,1,,,,,5,2,,0,1,0,0,0,0,0,1,1,1,0,2,0,567,1,0,0,66,29.4398164595644,0,0,0,1,0,,0,0,0,0,0,,0,,,,0,0,0,,,0,50,1,30.7262569832402,3.42511756537981,2,0,0,1,93,0,1,,16664,,,,14.3982399231093,1,Q3,high,low,Q1-Q3,Q1-Q3,,,,,,
1,2810414582,2018-02-10,156.3,1,1,216,64,148,146,0.82,3,16.1,6.3,12413,970.807453416149,6.87812815142511,1.31578947368421,0.27443684570176,1,,40.34,,164.38,1,1020.99378881988,6.92853173471803,1,,0,12413,,,,12413,0,,,1,5063,6194,12413,14575,14575,2162,,0,0,,,,0,0,,0,12413,C10AX09,10 MG,C10,C10A,C10AX,C10AX09,81 MG,1,,,,1,1,,1,,1,,"","",,,,,,,,,,,,1,0,0,0,1,1,0,1,0,1,0,,2.9,138.6,2,021909bCJ,380.59,1.7,47,246.1,47,167.603,8,13159,13159,40.34,1,1,1,81,1,8,0,0,0,0,0,0,0,0,0,0,0,205,63.5,0,0,1,1,1,1,1,,,,,8,1,,0,1,1,1,0,0,0,,1,1,0,2,0,567,1,0,1,70,35.7447301787777,0,1,1,1,1,,0,0,0,0,0,,0,,,,0,0,0,,,0,122.4,0,186.335403726708,5.22754829565983,2,1,1,0,90,0,0,,16940,,,,10.7867494824017,1,Q2,low,low,Q1-Q3,Q1-Q3,,,,,,
1,2810414651,2017-09-07,1880.3,2,1,138,52,104,96,0.94,3.7,195.4,5.4,11106,962.282497441146,6.86930806394084,3.00509832483613,1.10031028786323,0,,39.36,,2310.6,1,1182.49744114637,7.07538395642833,1,63.03,0,11106,0,3,12,11106,0,,,1,4295,5311,11106,13200,13200,2094,14587,1,0,3481,14587,,0,0,4,0,11106,C10AA05,20 MG,C10,C10A,C10AA,C10AA05,81 MG,1,,,,1,1,1,,,,,"","",,,,,,,,,,,,1,0,0,0,1,1,1,0,0,0,0,,0.56,58,2,011409CJB,272.816,2.03,5,178.4,5,126.314,8,12590,12590,39.36,1,1,1,81,0,8,0,0,0,0,0,0,0,0,0,0,0,185,72,0,0,0,0,0,0,1,,,,,4,6,,0,1,1,0,0,0,0,,1,1,0,2,0,567,1,0,0,69,25.0906751813504,0,0,1,1,1,,0,0,0,0,0,,1,11742,1,1,0,0,0,,,0,65.2,0,18.935516888434,2.94103935902363,1,0,0,1,82,0,0,,16383,11742,12,5277,11.7351524078189,1,Q2,low,low,Q1-Q3,Q1-Q3,TIA,14.4476386036961,1,1,1,0
1,2810414952,2017-10-30,515,2,1,163,56,102,153,0.79,5.8,101.8,7.2,11334,505.893909626719,6.22632698253541,3.17860746720484,1.15644319748969,0,,53.88,,3145.7,1,3090.07858546169,8.03595180175665,1,60.66,0,11334,0,3,,11334,0,,,2,4490,5637,11334,13582,13582,2248,,0,0,,,,0,0,4,0,11334,M01AX05,TABLET,M01,M01A,M01AX,M01AX25,81 MG,1,1,,,1,1,1,,,,,M01AX25,"",,1,,,,,,,,,,1,1,0,0,1,1,1,0,0,0,0,,2.42,89.96,2,012609CJB,471.546,3.78,15,121.2,15,95.4,8,12646,12646,53.88,1,1,1,81,1,2,0,0,0,0,0,0,0,0,0,0,0,274,63.25,0,0,0,0,0,0,1,,,,,3,7,,0,1,1,1,0,0,0,1,1,1,0,2,0,567,1,0,0,70,48.154304623065,0,0,1,1,1,,0,0,0,0,0,,0,,,,0,0,0,,,0,86.6,1,56.9744597249509,4.04260309241809,2,1,0,1,76,0,0,,16437,,,,6.65649881087788,1,Q1,low,low,Q1-Q3,Q1-Q3,,,,,,
1,2810415186,2018-01-10,194.6,2,1,233,77,129,98,1.37,3,11.7,5.7,11714,1663.24786324786,7.41652751393629,2.48838896952105,0.911635500889317,0,,40.48,,102.33,1,874.615384615385,6.77378422928305,1,64.29,0,11714,0,3,40,11714,1,3156,14870,2,,6068,11714,13796,13796,2082,,0,0,,,,0,1,4,1,11714,C09CA08,40/12.5 MG,C03,C03A,C03AA,C03AA03,81 MG,1,,,1,1,,,1,,,,C03AA03,"",,,,,,,,1,,,,1,0,0,1,1,0,0,1,0,0,0,,2.16,36.98,2,021209CJB,294.486,1.89,38,181.6,38,112.481,8,12697,12697,40.48,1,1,1,81,0,2,0,0,0,0,0,0,0,0,0,0,0,148,58.5,0,0,0,0,0,0,1,,,,,3,6,,0,1,1,0,0,0,0,1,1,1,0,2,0,567,1,0,0,86,30.4057412848554,0,0,1,0,1,,0,0,0,0,0,,0,,,,0,0,0,,,0,130.2,0,256.410256410257,5.54677872584654,2,0,0,0,35,0,1,,16481,14870,40,4767,47.5213675213675,0,Q3,high,high,Q4,Q1-Q3,CHF,13.0513347022587,1,1,1,0
1,2810416874,2018-01-26,2600.3,2,1,222,53,142,89,1.13,111.5,118.5,5.2,11681,2194.34599156118,7.69363932738157,1.91688770999116,0.650702886443416,0,,43.46,,1196.7,1,1009.87341772152,6.91758027299238,1,63.13,0,11681,0,3,,11681,0,,,1,4436,5694,11681,13705,13705,2024,,0,0,,,,0,0,4,0,11681,B01AC06,81 MG,B01,B01A,B01AC,B01AC06,81 MG,1,,,,,,,,,,,"","",,,,,,,,,,,,1,0,0,0,0,0,0,0,0,0,0,,0.6,205.8,2,021409CJB,250.004,1.93,41,340.6,41,215.427,8,12613,12613,43.46,0,1,1,81,0,8,0,0,0,0,0,0,0,0,0,0,0,213,69,0,0,0,0,0,0,1,,,,,7,1,,0,1,0,0,0,0,0,,1,1,0,2,0,567,1,0,0,63,31.4548077111277,0,0,0,0,0,,0,0,0,0,0,,0,,,,0,0,0,,,0,140.6,1,940.928270042194,6.84686690930713,3,0,0,0,69,1,1,,16397,,,,31.8021158197273,1,Q4,high,high,Q4,Q4,,,,,,
1,2810417139,2018-01-14,393.9,2,1,180,78,51,106,1.01,3,54.3,5.8,12322,725.414364640884,6.58674302902506,2.07386363636364,0.72941335854434,0,,48.28,,490.42,1,903.16758747698,6.80590812587286,1,72.17,0,12322,0,3,,12322,0,,,1,4613,5740,12322,14409,14409,2087,,0,0,,,,0,0,4,0,12322,B01AC06,81 MG,B01,B01A,B01AC,B01AC06,81 MG,1,,,,,,,,,,,"","",,,,,,,,,,,,1,0,0,0,0,0,0,0,0,0,0,,0.81,48.61,2,021409CJB,405.468,3.79,40,249.3,40,172.109,8,13269,13269,48.28,0,1,1,81,0,8,0,0,0,0,0,0,0,0,0,0,0,179,71.25,0,0,0,0,0,0,1,,,,,8,1,,0,1,0,0,0,0,0,,1,1,0,2,0,567,1,0,0,67,24.7907066451252,0,0,0,0,0,,0,0,0,0,0,,0,,,,0,0,0,,,0,91.8,0,55.2486187845304,4.01184334071036,2,0,0,0,77,0,0,15222,,15222,27,2900,9.42096577455693,0,Q1,low,low,Q1-Q3,Q1-Q3,,7.93976728268309,1,0,0,0
1,2810417197,2017-08-23,819.1,2,1,254,91,59,86,0.86,3,104.7,5.3,12008,782.330468003821,6.66227724463316,3.07418699186992,1.12304047341269,0,,32.42,,1098.96,1,1049.62750716332,6.95619062512855,1,,0,12008,,,,12008,0,,,2,4558,5791,12008,14231,14231,2223,,0,0,,,,0,0,,0,12008,B01AC06,325 MG,B01,B01A,B01AC,B01AC06,325 MG,1,,,,,,,,,,,"","",,,,,,,,,,,,1,0,0,0,0,0,0,0,0,0,0,,0.4,40.5,2,010809CJB,1670.336,0.79,1,208.3,1,139.728,8,13623,13623,32.42,0,1,1,325,0,2,0,0,0,0,0,0,0,0,0,0,0,137,64,0,0,0,0,0,0,1,,,,,7,8,,0,1,0,0,0,0,0,1,1,1,0,2,0,2275,2,0,0,75,23.5161505479261,0,0,0,0,0,,0,0,0,0,0,,0,,,,0,0,0,,,0,151.2,0,28.6532951289398,3.35526844977376,1,0,0,0,66,0,0,,17362,,,,11.8534919394518,1,Q1,low,low,Q1-Q3,Q1-Q3,,,,,,
1,2810418122,2018-02-22,733.5,2,1,160,31,108,89,1.02,3,108.3,5.7,12619,677.285318559557,6.51809262956418,1.1634793337446,0.151414941457727,1,,23.7,,581.95,1,537.349953831948,6.28664956536913,1,80.71,0,12619,0,3,,12619,0,,,1,,5800,12619,14990,14990,2371,,0,0,,,,0,0,4,0,12619,B01AC06,81 MG,B01,B01A,B01AC,B01AC06,81 MG,1,,,,,,,,,,,"","",,,,,,,,,,,,1,0,0,0,0,0,0,0,0,0,0,,5.2,51.18,2,022009CJB,573.042,1.39,49,198.2,49,156.456,8,13289,13289,23.7,0,1,1,81,0,8,0,0,0,0,0,0,0,0,0,0,0,210,68.25,0,0,0,0,0,0,1,,,,,2,6,,0,1,0,0,0,0,0,,1,1,0,2,0,567,1,0,0,73,31.697104814328,0,0,0,0,0,,0,0,0,0,0,,0,,,,0,0,1,,,0,107.4,0,27.7008310249308,3.3214624136433,1,0,0,0,73,0,0,,16083,6853,11,3464,9.27788107615831,0,Q1,low,low,Q1-Q3,Q1-Q3,Atherothrombotic Infarction of Brain,9.4839151266256,1,0,0,0
1,2810418192,2018-01-01,597.9,2,1,184,62,70,85,0.93,3,57.5,5.5,12358,1039.82608695652,6.94680875407165,1.04287045666356,0.0419769656812267,1,,44.32,,479.09,1,833.2,6.72527370938682,1,75.53,0,12358,0,3,,12358,0,,,2,4647,5722,12358,14358,14358,2000,,0,0,,,,0,0,4,0,12358,B01AC06,81 MG,B01,B01A,B01AC,B01AC06,81 MG,1,,,,,,,,,,,"","",,,,,,,,,,,,1,0,0,0,0,0,0,0,0,0,0,,0.24,57.06,2,021009CJB,233.758,1.7,34,177.6,34,136.536,8,13407,13407,44.32,0,1,1,81,0,2,0,0,0,0,0,0,0,0,0,0,0,133,63.75,0,0,0,0,0,0,1,,,,,4,0,,0,1,0,0,0,0,0,1,1,1,0,2,0,567,1,0,0,74,23.0089539763855,0,0,0,0,0,,0,0,0,0,0,,0,,,,0,0,0,,,0,108,0,52.1739130434783,3.95458261984694,2,0,0,0,61,0,0,,17192,,,,17.0463292943692,1,Q2,low,low,Q1-Q3,Q1-Q3,,,,,,
1,2810418457,2017-10-25,584,2,1,208,82,61,91,0.97,3.3,54,5.5,12452,1081.48148148148,6.98608712225204,3.01078748651564,1.10220166797047,0,,52,,1857.11,1,3439.09259259259,8.14296293434797,1,61.04,0,12452,0,3,,12452,0,,,2,4534,5802,12452,14531,14531,2079,,0,0,,,,0,0,4,0,12452,B01AC06,81MG,B01,B01A,B01AC,B01AC06,81MG,1,,,,,,,,,,,"","",,,,,,,,,,,,1,0,0,0,0,0,0,0,0,0,0,,1.08,24.17,2,012209CJB,333.048,0.59,12,214.9,12,130.149,8,13830,13830,52,0,1,1,81,0,2,0,0,0,0,0,0,0,0,0,0,0,150,61.25,0,0,0,0,0,0,1,,,,,4,6,,0,1,0,0,0,0,0,1,1,1,0,2,0,567,1,0,0,62,28.1115431035527,0,0,0,0,0,,0,0,0,0,0,,0,,,,0,0,1,,,0,113.8,0,61.1111111111111,4.1126937008903,2,0,0,0,63,0,0,,17622,,,,17.1663727219283,1,Q2,low,low,Q1-Q3,Q1-Q3,,,,,,
1,2810418752,2017-10-07,3151,2,1,124,58,52,102,1.03,237.7,106.6,5.6,11522,2955.90994371482,7.99156181601362,1.51791907514451,0.417340367370917,1,,45.58,,1335.42,1,1252.7392120075,7.13308780235395,1,70.22,0,11522,0,3,41,11522,1,3045,14567,1,4376,5687,11522,13623,13623,2101,11245,1,1,-277,11245,,0,1,4,1,11522,"","","","","","","",,,,,,,,,,,,"","",,,,,,,,,,,,0,0,0,0,0,0,0,0,0,0,0,,49.21,26.55,2,012009CJB,355.444,7.73,10,268.2,10,162.525,8,12924,12924,45.58,0,1,1,81,0,8,0,0,0,0,0,0,0,0,0,0,0,132,62,0,0,0,0,0,0,1,,,,,3,8,,0,1,0,0,0,0,0,,1,1,0,2,0,567,1,0,0,80,24.1432740929998,0,0,1,1,1,140,0,1,1,0,0,,0,,1,1,1,0,1,,,0,55.6,1,2229.83114446529,7.70968114161654,3,0,0,0,68,1,1,14613,,6337,6,,43.4692638781592,1,Q4,high,high,Q4,Q4,Angina,,,,,
1,2810419104,2017-11-25,1230.8,2,1,204,28,296,125,1.18,13.3,266.1,6.2,12412,462.532882375047,6.13671765145234,,,,,48.96,,1090.83,1,409.932356257046,6.01599216134796,1,60.22,0,12412,0,3,,12412,0,,,1,4629,6686,12412,14552,14552,2140,,0,0,,,,0,0,4,0,12412,M01AE02,220 MG,M01,M01A,M01AE,M01AE02,"",,1,,,,,,,,,,"","",,,,,,,,,,,,0,1,0,0,0,0,0,0,0,0,0,,1.2,67.01,2,020209CJB,519.982,1.53,22,240,22,215.731,8,13628,13628,48.96,0,1,1,500,0,8,0,0,0,0,0,0,0,0,0,0,0,184,69.5,0,0,0,0,0,0,1,,,,,8,2,,0,1,0,0,0,0,0,,1,1,0,2,0,3500,2,0,0,52,26.7826673016837,0,0,0,0,0,,0,0,0,0,0,,0,,,,0,0,0,,,0,116.8,1,49.9812100714017,3.9116471362262,2,0,0,0,71,0,0,,17416,,,,6.51454763908517,1,Q1,low,low,Q1-Q3,Q1-Q3,,,,,,
1,2810419732,2017-12-23,522.4,2,1,151,44,116,102,1.55,7.2,106.5,5.7,11655,490.516431924883,6.19545877880083,3.57575757575758,1.27417706299918,0,,38.54,,897.76,1,842.967136150235,6.73692797284127,1,69.01,0,11655,0,3,,11655,0,,,1,4300,5649,11655,,,,,0,0,,,,0,0,4,0,11655,C10AX06,1200 MG,C10,C10A,C10AX,C10AX06,81 MG,1,,,1,,1,1,1,,,,"","",,,,,,,,,,,,1,0,0,1,0,1,1,1,0,0,0,,1.01,119.9,2,020609CJB,369.9,1.04,30,229.7,30,150.407,8,12755,12755,38.54,1,1,1,81,0,8,0,0,0,0,0,0,0,0,0,0,0,175,70.25,0,0,0,0,0,0,1,,,,,4,6,,0,1,1,0,0,0,0,,1,1,0,2,0,567,1,0,0,73,24.9316490071792,0,0,1,1,1,,0,0,0,0,0,,0,,,,0,0,1,,,0,83.8,1,67.6056338028169,4.21369131985467,2,0,0,1,44,0,0,,16541,,,,11.1481007255655,1,Q1,low,low,Q1-Q3,Q1-Q3,,,,,,
1,2810422604,2017-12-02,998.6,2,1,159,57,77,96,1.66,3,112.4,5.3,12421,888.434163701068,6.78946054659501,,,,,47.96,,809.98,1,720.622775800712,6.58011580453212,1,58.17,0,12421,0,3,12,12421,1,2156,14577,1,4566,5785,12421,14492,14492,2071,15780,1,0,1792,14213,,0,1,4,1,12421,M01AC06,15 MG,M01,M01A,M01AC,M01AC06,81 MG,1,1,,,1,1,1,,,,,"","",,,,,,,,,,,,1,1,0,0,1,1,1,0,0,0,0,,0.9,43.11,2,020409CJB,569.642,4.8,25,155.3,25,114.415,8,13587,13587,47.96,1,1,1,81,0,8,0,0,0,0,0,0,0,0,0,0,0,167,70.75,0,0,0,0,0,0,1,,,,,7,6,,0,1,1,0,0,0,0,,1,1,0,2,0,567,1,0,0,76,23.4568232499723,0,0,1,1,1,141,1,1,0,1,0,,1,11621,1,1,0,0,0,,,0,86.6,0,26.6903914590747,3.28430363019066,1,0,0,1,39,0,0,15785,,11621,12,,22.7803631718223,1,Q2,low,high,Q1-Q3,Q1-Q3,TIA,,,,,
1,2810422988,2017-11-13,652.6,2,1,116,36,60,113,0.91,3,59.3,6,12469,1100.50590219224,7.00352526414363,1.62215628090999,0.483756301797773,1,,37.94,,283.31,1,477.757166947724,6.1691025844683,1,71.2,0,12469,0,3,,12469,0,,,1,4538,5786,12469,14529,14529,2060,,0,0,,,,0,0,4,0,12469,M01AE01,75/50,C03,C03A,C03AA,C03AA03,81 MG,1,1,,,,1,1,1,,,,C03AA03,"",,,,,,,,1,,,,1,1,0,0,0,1,1,1,0,0,0,,1.94,95.22,2,012709bCJ,276.492,2.41,18,144.5,18,125.752,8,13738,13738,37.94,0,1,1,81,0,8,0,0,0,0,0,0,0,0,0,0,0,198,70.75,0,0,0,0,0,0,1,,,,,3,1,,0,1,0,0,0,0,0,,1,1,0,2,0,567,1,0,0,58,27.8110838532606,0,0,0,1,0,141,0,1,0,1,0,,0,,,,0,0,0,,,0,68,0,50.5902192242833,3.92375826164657,2,0,0,1,93,0,0,,17529,12721,6,5060,11.8333967977661,1,Q2,low,low,Q1-Q3,Q1-Q3,Angina,13.8535249828884,1,1,1,0
1,2810424343,2017-11-13,3458.1,2,1,183,60,91,106,0.91,18.6,242.3,5.4,11673,1427.19768881552,7.26346814244069,1.71596032461677,0.539972879945783,0,,33.14,,1677.32,1,692.249277754849,6.53994611872059,1,67.1,0,11673,0,3,,11673,0,,,1,4407,5647,11673,13725,13725,2052,,0,0,,,,0,0,4,0,11673,M01AE01,50/25 MG,C03,C03A,C03AA,C03AA03,81 MG,1,1,,1,1,1,1,,,,,C03AA03,"",,,,,,,,1,,,,1,1,0,1,1,1,1,1,0,0,0,,4.48,246.8,2,012709bCJ,451.312,0.15,17,172.5,17,107.899,8,12956,12956,33.14,1,1,1,81,0,8,0,0,0,0,0,0,0,0,0,0,0,230,65,0,0,0,0,0,0,1,,,,,7,1,,0,1,1,0,0,0,0,,1,1,0,2,0,567,1,0,0,57,38.274254063301,0,0,1,1,1,,0,0,0,0,0,,0,,,,0,0,0,,,0,104.8,1,76.7643417251341,4.34074023187881,2,0,0,1,93,0,1,,16747,,,,15.3462117076937,1,Q3,high,low,Q1-Q3,Q1-Q3,,,,,,
1,2810424565,2017-10-22,2120.1,2,1,241,76,89,100,1.19,10.9,191.2,5.7,12063,1108.83891213389,7.01106872173571,2.23006134969325,0.802029096166812,0,,38.38,,1260.55,1,659.283472803347,6.49115359801095,1,68.78,0,12063,0,3,,12063,0,,,1,4556,5728,12063,14454,14454,2391,,0,0,,,,0,0,4,0,12063,B01AC06,81 MG,B01,B01A,B01AC,B01AC06,81 MG,1,,,,,,,,,,,"","",,,,,,,,,,,,1,0,0,0,0,0,0,0,0,0,0,,1.68,62.4,2,012109CJB,437.328,2.69,10,247,10,178.482,8,13456,13456,38.38,0,1,1,81,0,8,0,0,0,0,1,1,0,0,0,0,0,201,67.5,0,0,0,0,0,0,1,,,,,3,8,,0,1,0,0,0,0,0,,1,1,0,2,2,567,1,0,0,80,31.0165953665241,0,0,0,0,0,,0,0,0,0,0,,0,,,,0,0,1,,,0,147.2,1,57.0083682008368,4.04319806759993,2,0,0,0,57,0,0,14510,,14510,29,2447,19.453314247963,0,Q2,low,high,Q1-Q3,Q1-Q3,Death,6.69952087611225,1,0,0,0
1,2810424852,2018-01-28,3341.4,2,1,136,44,80,112,0.76,3,86.5,5.9,11860,3862.89017341041,8.25917093187394,1.2355901189387,0.211548685056132,1,,42,,1479.93,1,1710.90173410405,7.44477584039257,1,63.74,0,11860,0,3,,11860,0,,,2,,5664,11860,13877,13877,2017,,0,0,,,,0,0,4,0,11860,M01AE01,200 MG,M01,M01A,M01AE,M01AE01,81 MG,1,1,,,,1,1,,,,,"","",,,,,,,,,,,,1,1,0,0,0,1,1,0,0,0,0,,2.46,77.89,2,021809CJB,269.078,1.43,43,117.4,43,85.521,8,12753,12753,42,0,1,1,81,0,2,1,1,1,0,0,0,0,0,0,0,0,198,66.5,0,0,0,0,0,0,1,,,,,7,,,0,1,0,0,0,0,0,1,1,1,2,2,0,567,1,0,0,64,31.4794772842415,1,0,0,1,0,,0,0,0,0,0,,0,,,,0,0,0,,,0,76,0,34.6820809248555,3.54622315371241,2,0,0,1,83,1,1,,16534,7753,30,4674,46.540845462776,0,Q4,high,high,Q4,Q4,IC,12.7967145790554,1,1,1,0
1,2810425744,2017-09-02,236.6,2,1,144,64,57,107,0.73,3,23.3,5.7,11470,1015.45064377682,6.92308777696072,3.13980263157895,1.14415994175958,0,,33.98,,184.73,1,792.832618025751,6.67561212498698,1,69.02,0,11470,0,3,,11470,0,,,1,,5634,11470,13621,13621,2151,,0,0,,,,0,0,4,0,11470,M01AX05,"",M01,M01A,M01AX,M01AX25,81MG,1,1,,,,1,1,,,,,M01AX25,"",,1,,,,,,,,,,1,1,0,0,0,1,1,0,0,0,0,,0.32,28.88,2,011309CJB,293.922,0.95,4,184,4,119.645,8,12982,12982,33.98,0,2,1,81,0,8,0,0,0,0,0,0,0,0,0,0,0,174,68.5,0,0,0,0,0,0,1,,,,,4,6,,0,1,0,0,0,0,0,,1,1,0,2,0,1134,2,0,0,66,26.0719622083924,0,0,0,1,0,,0,0,0,0,0,,0,,,,0,0,1,,,0,68.6,0,128.755364806867,4.85791420707859,2,0,0,1,97,0,0,,16775,,,,10.4685633379054,1,Q2,low,low,Q1-Q3,Q1-Q3,,,,,,
1,2810425985,2017-12-14,1993.4,2,1,165,29,377,101,0.94,21.3,76.8,5.4,11556,2595.57291666667,7.86156254836782,1.7981220657277,0.586742823471221,0,,39.28,,560.9,1,730.338541666667,6.59350818234876,1,55.19,0,11556,0,3,2,11556,1,-1607,9949,1,4299,5652,11556,,,,9949,1,1,-1607,9949,,1,0,2,1,11556,C07AB02,"",C07,C07A,C07AB,C07AB02,"",,,,1,,,,,,,,"","",,,,,,,,,,,,0,0,0,1,0,0,0,0,0,0,0,,1.16,131.7,2,020409bCJ,613.53,5.73,27,253.7,27,203.89,8,12705,12705,39.28,1,1,1,81,1,8,0,0,0,0,0,0,0,0,,0,0,174,66,0,0,0,0,0,0,1,,,,,1,6,,0,1,1,1,0,0,0,,1,1,0,2,0,567,1,0,0,88,28.0845189789553,0,0,1,0,1,141,0,1,0,1,1,6882,0,,1,1,1,0,0,,,0,60.6,1,277.34375,5.62525771154389,2,0,0,0,72,1,1,12597,,6882,2,,36.0496238425926,1,Q4,high,high,Q4,Q4,MI,,,,,
1,2810426303,2017-10-25,1117.6,2,1,168,45,165,123,0.83,162.1,37.7,7.1,12032,2964.45623342175,7.99444889947688,,,,,33.12,,707.79,1,1877.42705570292,7.53765753106086,1,61.3,0,12032,0,3,14,12032,1,-583,11449,2,4504,5831,12032,14693,14693,2661,12032,1,1,-583,11449,,1,0,2,1,12032,C09CA01,5 MG/20 MG,C10,C10A,C10AA,C10AA05,325 MG,1,,,1,1,,,,,1,1,C10AA05,"",,,,,,1,1,,,,,1,0,0,1,1,1,1,0,0,1,1,,4.2,128.3,2,020209CJB,457.636,2.87,21,114.4,21,82.148,8,13257,13257,33.12,1,1,1,325,1,2,0,0,0,0,0,0,0,1,0,0,0,240,62,0,0,0,0,0,0,1,,,,,3,6,,0,0,1,1,0,1,0,1,1,1,0,,0,2275,2,0,0,64,43.8968619872724,0,1,1,1,1,,0,0,0,0,0,,1,15581,1,3,1,1,0,,,0,90,1,4299.73474801061,8.3663086132698,3,1,0,1,75,1,1,15658,,11449,41,,39.52608311229,1,Q4,high,high,Q4,Q4,CHF,,,,,
1,2810427076,2017-08-26,1023.4,2,1,186,56,69,96,1.13,3,116.7,5.2,12026,876.949443016281,6.77644934306657,1.14154013015184,0.132378341999943,1,,44,,832.35,1,713.239074550129,6.5698166721356,1,66.64,0,12026,0,3,,12026,0,,,1,4509,5783,12026,14233,14233,2207,,0,0,,,,0,0,4,0,12026,C10AA05,10 MG,C10,C10A,C10AA,C10AA05,81 MG,1,,,,1,1,1,,,,,"","",,,,,,,,,,,,1,0,0,0,1,1,1,0,0,0,0,,0.75,66.99,2,010909CJB,368.91,1.37,1,168.2,1,145.663,8,13615,13615,44,1,1,1,81,0,8,0,0,0,0,0,0,0,0,0,0,0,176,66.75,0,0,0,0,0,0,1,,,,,4,1,,0,0,1,0,0,0,0,,1,1,0,,0,567,1,0,0,57,27.7725489171468,0,0,1,1,1,,0,0,0,0,0,,0,,,,0,0,1,,,0,116.2,0,25.706940874036,3.24676102835774,1,0,0,1,72,0,0,,17409,,,,12.1798533752261,1,Q2,low,low,Q1-Q3,Q1-Q3,,,,,,
1,2810427107,2018-01-26,1643.9,2,1,159,45,86,107,0.84,3,137.3,5.6,11683,1197.30517115805,7.08782861972963,1.82439926062847,0.601250760587,0,,49.98,,1214.3,1,884.413692643846,6.78492493127394,1,58.36,0,11683,0,3,,11683,0,,,1,3816,5175,11683,13715,13715,2032,,0,0,,,,0,0,4,0,11683,C10AX06,81 MG,C10,C10A,C10AX,C10AX06,81 MG,1,,,,,1,,,,,,"","",,,,,,,,,,,,1,0,0,0,0,1,0,0,0,0,0,,3.96,57.44,2,021709CJB,258.07,1.39,42,237.7,42,128.477,8,12603,12603,49.98,0,1,1,81,0,8,0,0,0,0,0,0,0,0,0,0,0,300,70,0,0,0,0,0,0,1,,,,,3,6,,0,1,0,0,0,0,0,,1,1,0,2,0,567,1,0,0,68,43.045800377315,0,0,0,0,0,,0,0,0,0,0,,0,,,,0,0,0,,,0,96.8,0,21.849963583394,3.08419925487632,1,0,1,0,90,0,1,,16387,,,,13.303390790645,1,Q3,low,low,Q1-Q3,Q1-Q3,,,,,,
1,2810427574,2018-12-15,5712.8,2,1,177,82,72,92,0.71,3,47.6,5.2,12747,12001.6806722689,9.39280197498562,,,,,37.72,,430.31,1,904.012605042017,6.80684330392552,1,60.98,0,12747,0,3,,12747,0,,,2,5392,,12747,,,,,0,0,,,,0,0,4,0,12747,M01AE01,200 MG,M01,M01A,M01AE,M01AE01,"",,1,,,,1,,,,,,"","",,,,,,,,,,,,0,1,0,0,0,1,0,0,0,0,0,,0.91,24.73,2,020909CJB,569.338,1.19,33,198,33,109.747,8,13806,13806,37.72,0,,,,0,2,0,0,0,0,0,0,0,0,0,0,0,107,62.25,0,0,0,0,0,0,1,,,,,5,1,,0,1,0,0,0,0,0,1,1,1,0,2,0,,1,0,0,59,19.4138057023392,0,0,0,0,0,,0,0,0,0,0,,0,,,,0,0,0,,,0,80.6,0,63.0252100840336,4.14353480641287,2,0,1,0,93,1,1,,17591,3148,6,4844,129.050329809343,0,Q4,high,high,Q4,Q4,Angina,13.2621492128679,1,1,1,0
1,2810429129,2017-09-13,478.7,2,1,220,70,109,97,0.7,3,15.2,5.1,11189,3149.34210526316,8.05494885453432,3.24121779859485,1.17594912294899,0,,25.42,,297.08,1,1954.47368421053,7.57787622093696,1,63.26,0,11189,0,3,,11189,0,,,2,,6019,11189,13316,13316,2127,,0,0,,,,0,0,4,0,11189,M01AX05,1500MG/1200MG,M01,M01A,M01AX,M01AX25,81 MG,1,1,,,,,,,,,,M01AX25,"",,1,,,,,,,,,,1,1,0,0,0,0,0,0,0,0,0,,0.98,91.63,2,011409CJB,281.872,1.38,5,210.1,5,137.013,8,12667,12667,25.42,0,1,1,81,0,2,0,0,0,0,0,0,0,0,0,0,0,207,66,1,1,0,0,0,0,1,,,,,8,1,,0,1,0,0,0,0,0,1,1,1,0,2,0,567,1,0,1,61,33.4108932680675,0,0,0,0,0,,0,0,0,0,0,,0,,,,0,0,0,,,0,128.2,0,197.368421052632,5.28507213979802,2,0,0,0,94,1,1,,16460,,,,33.5036394176932,1,Q4,high,high,Q4,Q4,,,,,,
1,2810429197,2018-06-30,20000,3,1,168,35,193,224,1.05,104,280.8,7.5,12138,7122.50712250712,8.87101506637256,1.26517794836008,0.235212782926679,1,,43.06,,1384.53,1,493.066239316239,6.20064352468507,1,,1,12138,,,,12138,0,,,1,4546,5723,12138,14329,14329,2191,12526,1,0,388,12526,,0,0,,0,12138,C10AA05,20 MG,C10,C10A,C10AA,C10AA05,81 MG,1,,,,1,1,1,,,1,,"","",,,,,,,,,,,,1,0,0,0,1,1,1,0,0,1,0,,2.33,151.2,2,012609CJB,394.174,4.69,,,,,,,,43.06,1,1,1,81,1,8,1,1,1,0,0,0,0,0,0,0,0,222,75,0,0,0,0,0,0,1,,,,,4,1,,0,1,1,1,0,0,0,,1,1,2,2,0,567,1,0,0,65,27.748279496559,1,1,1,1,1,,0,0,0,0,0,,0,,2,1,0,0,0,1,10949,1,94.4,1,370.37037037037,5.91450350597185,3,1,0,1,74,1,1,,17242,7849,30,5104,96.2500962500962,1,Q4,high,high,Q4,Q4,IC,13.9739904175222,1,1,1,0
1,2810429413,2017-12-23,490.7,2,1,239,98,54,105,0.94,3,52.1,5.8,12354,941.842610364683,6.84783818032463,2.04071499503476,0.713300234211773,0,,47.26,,779.7,1,1496.54510556622,7.31091446754433,1,63.51,0,12354,0,3,,12354,0,,,1,4424,5886,12354,14227,14227,1873,,0,0,,,,0,0,4,0,12354,C10AX09,40 MG,C10,C10A,C10AA,C10AA01,81 MG,1,,,,,1,,,,,,C10AA01,"",,,,,,1,1,,,,,1,0,0,0,0,1,1,0,0,0,0,,5.61,38.37,2,020609CJB,524.328,1.15,29,213,29,119.388,8,13462,13462,47.26,0,1,1,81,0,8,0,0,0,0,0,0,0,0,0,0,0,173,71.5,0,0,0,0,0,0,1,,,,,7,1,,0,1,0,0,0,0,0,,1,1,0,2,0,567,1,0,0,60,23.79247557654,0,0,0,1,0,,0,0,0,0,0,,0,,,,0,0,0,,,0,130.2,0,57.5815738963532,4.05320261889093,2,0,0,1,88,0,0,,17248,,,,10.7027569359623,1,Q2,low,low,Q1-Q3,Q1-Q3,,,,,,
1,2810429445,2017-09-17,623.6,2,1,171,62,47,91,0.64,3,47.8,5.5,11915,1304.60251046025,7.1736536836743,5.17806731813247,1.64443188204292,0,,43.7,,740.23,1,1548.59832635983,7.34510549520803,1,68.26,0,11915,0,3,,11915,0,,,2,4629,5727,11915,14065,14065,2150,,0,0,,,,0,0,4,0,11915,M01AE01,200 MG,M01,M01A,M01AE,M01AE01,"",,1,,1,,,,,,,,"","",,,,,,,,,,,,0,1,0,1,0,0,0,0,0,0,0,,1.1,29.98,2,011509CJB,378.432,1.54,7,222.7,7,172.175,8,13364,13364,43.7,0,1,1,81,0,2,0,0,0,0,0,0,0,0,0,0,0,133,66.5,0,0,0,0,0,0,1,,,,,7,1,,0,1,0,0,0,0,0,1,1,1,0,2,0,567,1,0,0,63,21.1453054485056,0,0,0,0,0,,0,0,0,0,0,,0,,,,0,0,1,,,0,99.6,0,62.7615062761506,4.13934192815284,2,0,0,0,95,0,1,,17157,,,,13.7326580048447,1,Q3,high,low,Q1-Q3,Q1-Q3,,,,,,
7,2810430193,2017-08-13,2735.2,2,1,159,36,130,114,0.92,3,157.9,5.8,3857,1732.23559214693,7.45716810305159,2.74022471910112,1.00803993130748,0,1.8,52.8,51.46,1244.51,2,788.163394553515,6.66970542185742,1,71.49,0,3857,0,3,,3857,0,,,2,3857,5582,,,5582,1725,,0,0,,,,0,0,4,0,3857,C10AX06,600 MG,C10,C10A,C10AX,C10AX06,81 MG,1,,,,1,1,1,1,,,,"","",,,,,,,,,,,,1,0,0,0,1,1,1,1,0,0,0,,3.7,95.99,2,123008CJB,305.516,2.39,3,181.2,3,120.284,3,,,52.8,1,1,1,81,0,,0,0,0,0,0,0,,,,,0,210,60.75,0,0,0,0,0,0,1,,,,,1,0,,1,0,1,0,,,0,,1,1,0,1,0,567,1,0,0,63,40.0066643754687,0,0,1,1,1,,0,0,0,0,0,,0,,,,0,0,0,,,0,97,0,18.9993666877771,2.94440564638865,1,0,0,1,66,1,1,,8421,,,,26.245993820408,1,Q4,high,high,Q4,Q4,,,,,,
1,2810430339,2017-12-24,158.6,2,1,251,76,110,103,0.73,3.5,16.8,5.4,12631,944.047619047619,6.85017660877963,2.23732615522656,0.805281472160254,0,,25.8,,76.09,1,452.916666666667,6.11570814976731,1,,0,12631,,,,12631,0,,,2,4626,5872,12631,,,,,0,0,,,,0,0,,0,12631,M01AX05,2,M01,M01A,M01AX,M01AX25,81 MG,1,1,,,1,,,,,,,M01AX25,"",,1,,,,,,,,,,1,1,0,0,1,0,0,0,0,0,0,,1,30.58,2,020709CJB,416.27,2.16,31,172.2,31,131.678,8,13721,13721,25.8,1,1,1,81,0,2,0,0,0,0,0,0,0,0,0,0,0,168,65,0,0,0,0,0,0,1,,,,,7,2,,0,1,1,0,0,0,0,1,1,1,0,2,0,567,1,0,0,66,27.9568464462373,0,0,1,0,1,,0,0,0,0,0,,0,,,,0,0,0,,,0,153,0,208.333333333333,5.33913936106829,2,0,0,0,86,0,0,,17507,,,,10.9772978959025,1,Q2,low,low,Q1-Q3,Q1-Q3,,,,,,
1,2810430468,2018-02-08,928.2,2,1,180,53,67,116,0.99,3,121.8,5.4,11920,762.068965517242,6.63603705751937,1.13145539906103,0.12350476778123,1,,21.8,,1128.68,1,926.666666666667,6.83159391801657,1,64.01,0,11920,0,3,,11920,0,,,1,4391,5667,11920,13861,13861,1941,10055,1,1,-4477,7443,,0,0,4,0,11920,C09AA03,5 MG,C09,C09A,C09AA,C09AA03,325 MG,1,,,1,1,,,,,,,"","",,,,,,,,,,,,1,0,0,1,1,0,0,0,0,0,0,,5.25,54.09,2,021909CJB,641.124,4.84,46,325.8,46,197.678,8,12718,12718,21.8,1,1,1,325,0,8,0,0,0,0,0,0,0,1,0,0,0,309,72,1,1,0,0,0,0,1,,,,,3,3,,0,1,1,0,0,1,0,,1,1,0,2,0,2275,2,0,1,59,41.9082088164176,0,0,1,0,1,,0,0,0,0,0,,0,,1,1,1,0,0,,,0,113.6,0,24.6305418719212,3.20398721237445,1,0,0,0,83,0,0,,16499,,,,9.18155380141255,1,Q1,low,low,Q1-Q3,Q1-Q3,,,,,,
1,2810430955,2017-12-16,575.5,2,1,158,47,86,89,1.05,14.1,118.2,5.5,11774,486.886632825719,6.18803130917803,2.58730158730159,0.95061547441523,0,,29.26,,835.91,1,707.199661590525,6.56131303280313,1,61.94,0,11774,0,3,,11774,0,,,1,4301,5676,11774,13951,13951,2177,,0,0,,,,0,0,4,0,11774,C10AA05,20 MG,C10,C10A,C10AA,C10AA05,"",,,,,,1,1,1,,,,"","",,,,,,,,,,,,0,0,0,0,0,1,1,1,0,0,0,,4.71,38.07,2,020409bCJ,146.3,1.56,28,271.4,28,126.033,8,12909,12909,29.26,1,1,1,81,0,8,0,0,0,0,0,0,0,0,0,0,0,176,66,0,0,0,0,0,0,1,,,,,6,2,,0,1,1,0,0,0,0,,1,1,0,2,0,567,1,0,0,67,28.4073295419318,0,0,1,1,1,,0,0,0,0,0,,0,,,,0,0,1,,,0,93.8,1,119.289340101523,4.78155197139426,2,0,0,1,73,0,0,,16695,,,,6.66967990172218,1,Q1,low,low,Q1-Q3,Q1-Q3,,,,,,
1,2810431850,2018-02-08,1058.6,2,1,167,49,92,117,1.36,3,78.7,6.3,12705,1345.10800508259,7.20422958998862,1.52723463687151,0.423458673156177,1,,38.82,,1113.48,1,1414.84116899619,7.25477255571782,1,63.29,0,12705,0,3,,12705,0,,,2,4559,5718,12705,,,,,0,0,,,,0,0,4,0,12705,C09CA03,160 MG,C09,C09C,C09CA,C09CA03,81 MG,1,,,1,1,,,,,,,"","",,,,,,,,,,,,1,0,0,1,1,0,0,0,0,0,0,,4.91,55.88,2,021909CJB,,,,,,,,,,38.82,1,1,1,81,0,2,0,0,0,0,0,0,0,0,0,0,0,153,60.5,1,1,0,0,0,0,1,,,,,2,0,,0,1,1,0,0,0,0,1,1,1,0,2,0,567,1,0,1,85,29.3891005103231,0,0,1,0,1,,0,0,0,0,0,,0,,,,0,0,1,3,13278,0,99.6,0,38.1194409148666,3.64072441222689,2,0,0,0,35,0,1,14911,,14911,28,2206,38.4316572880741,0,Q3,high,high,Q4,Q1-Q3,Death,6.03969883641342,1,0,0,0
1,2810433100,2018-02-10,856.3,2,1,169,75,56,129,1.29,6.3,128.8,5.6,12035,664.829192546584,6.49953015434998,2.67974549310711,0.985721824754737,0,,30.44,,1453.98,1,1128.86645962733,7.02896927515852,1,67.81,0,12035,0,3,,12035,0,,,1,3775,,12035,14269,14269,2234,,0,0,,,,0,0,4,0,12035,C10AA05,37.5 MG/25 MG,C03,C03A,C03AA,C03AA03,81 MG,1,,,,1,1,1,1,,,,C03AA03,"",,,,,,,,1,,,,1,0,0,0,1,1,1,1,0,0,0,,0.97,65.38,2,021909bCJ,209.306,1.15,47,201.2,47,146.52,8,12781,12781,30.44,1,1,1,81,0,8,0,0,0,0,0,0,0,0,0,0,0,161,70.75,0,0,0,0,0,0,,,,,,7,1,,0,0,1,0,0,0,0,,1,1,0,,0,567,1,0,0,63,22.6140631332069,0,0,1,1,1,,0,0,0,0,0,,0,,,,0,0,0,,,0,82.8,1,48.9130434782609,3.89004409870937,2,1,0,1,59,0,0,,16562,,,,11.2682913990946,1,Q1,low,low,Q1-Q3,Q1-Q3,,,,,,
1,2810433254,2017-11-26,1981,2,0,136,38,102,125,1.12,10.3,139,5.4,11726,1425.17985611511,7.26205329955595,1.94325718496684,0.664365526518418,0,,35.04,,1844.52,1,1326.9928057554,7.19067061288224,1,59.14,1,11726,0,3,12,11726,0,,,1,4350,5683,11726,13587,13587,1861,,0,0,,,,0,0,4,0,11726,C10AX06,20 MG,C10,C10A,C10AX,C10AX06,81 MG,1,,1,1,1,1,1,1,,,,"","",,,,,,,,,,,,1,0,1,1,1,1,1,1,0,0,0,,1.7,219,2,020309bCJ,461.822,1.58,24,206.3,24,201.937,8,12907,12907,35.04,1,1,1,81,0,8,0,0,0,0,0,0,0,0,0,0,0,172,66.5,0,0,0,0,0,0,1,,,,,8,7,,0,1,1,0,0,0,0,,1,1,0,2,0,567,1,0,0,77,27.3458085499471,0,0,1,1,1,141,0,1,1,1,0,,1,9543,,,0,0,0,,,0,77.6,1,74.1007194244604,4.30542524108704,2,0,0,1,63,0,1,,16695,1355,6,4969,22.6219024780176,0,Q3,high,high,Q1-Q3,Q1-Q3,Angina,13.6043805612594,1,1,1,0
1,2810433472,2017-09-15,1521.7,2,1,175,46,107,102,0.9,13.5,207.8,5.5,12072,732.290664100096,6.59617751724903,1.08871181938911,0.0849951802703437,1,,32.5,,2044.38,1,983.820981713186,6.89144395134787,1,60.99,0,12072,0,3,,12072,0,,,2,4690,5903,12072,14385,14385,2313,,0,0,,,,0,0,4,0,12072,M01AB05,50/12.5 MG,C03,C03A,C03AA,C03AA03,81 MG,1,1,,,1,1,1,1,,,,C03AA03,"",,,,,,,,1,,,,1,1,0,0,1,1,1,1,0,0,0,,1.01,105.2,2,011409CJB,463.514,2.6,6,191.7,6,134.531,8,13540,13540,32.5,1,1,1,160,0,2,0,0,0,0,0,0,0,0,0,0,0,233,65.75,0,0,0,0,0,0,1,,,,,7,1,,0,1,1,0,0,0,0,1,1,1,0,2,0,1120,2,0,0,63,37.8939623556068,0,0,1,1,1,,0,0,0,0,0,,0,,,,0,0,0,,,0,107.6,1,64.9663137632339,4.17386888576139,2,0,0,1,68,0,0,,17333,,,,10.7689803544132,1,Q1,low,low,Q1-Q3,Q1-Q3,,,,,,
1,2810433716,2017-10-07,586.8,2,1,181,26,492,116,1.07,11.5,91.6,5.2,11312,640.61135371179,6.46242296057683,0.976353453640323,-0.02393061300448,1,,52,,607,1,662.663755458515,6.49626770536751,1,64.5,0,11312,0,3,,11312,0,,,1,3955,4984,11312,,,,,0,0,,,,0,0,4,0,11312,M01AX25,100 MG,M01,M01A,M01AX,M01AX25,81 MG,1,1,,1,,1,,1,,,,"","",,,,,,,,,,,,1,1,0,1,0,1,0,1,0,0,0,,0.6,227.9,2,012009CJB,382.686,1.76,,,,,,,,52,1,1,1,81,0,8,0,0,0,0,0,0,0,0,0,0,0,200,71.5,0,0,0,0,0,0,1,,,,,6,6,,0,1,1,0,0,0,0,,1,1,0,2,0,567,1,0,0,74,27.5057521116069,0,0,1,1,1,,0,0,0,0,0,,0,,,,0,0,0,,,0,56.6,1,125.545851528384,4.83267104267126,2,0,1,0,68,0,0,,16506,15005,11,5194,9.42075520164398,1,Q1,low,low,Q1-Q3,Q1-Q3,Atherothrombotic Infarction of Brain,14.2203969883641,1,1,1,0
1,2810433937,2017-12-02,3227.8,2,1,150,50,143,92,0.75,3,85.2,5.6,11959,3788.49765258216,8.23972482175454,0.786815068493151,-0.239762041032485,1,,49.3,,2507.71,1,2943.32159624413,7.98729401723592,1,79.78,0,11959,0,3,,11959,0,,,2,4265,5637,11959,14094,14094,2135,,0,0,,,,0,0,4,0,11959,B01AC06,325 MG,B01,B01A,B01AC,B01AC06,325 MG,1,,,,,,,,,,,"","",,,,,,,,,,,,1,0,0,0,0,0,0,0,0,0,0,,1.58,56.38,2,020409CJB,432.96,1.86,25,223.3,25,147.511,8,13124,13124,49.3,0,2,3,325,0,2,0,0,0,0,0,0,0,0,0,0,0,184,63,0,0,0,0,0,0,1,,,,,3,6,,0,1,0,0,0,0,0,1,1,1,0,2,0,149.425287356322,1,0,0,64,32.5943509029875,0,0,0,0,0,,0,0,0,0,0,,0,,,,0,0,0,,,0,71.4,0,35.2112676056338,3.56136613381498,2,0,0,0,84,1,1,,16912,,,,45.10116253074,1,Q4,high,high,Q4,Q4,,,,,,
1,2810433943,2018-02-10,2141,2,1,139,61,44,105,0.89,3,175.8,5.9,12479,1217.86120591581,7.1048514893267,2.08714198659354,0.735795659606235,0,,34.8,,1316.67,1,748.959044368601,6.61868430160644,1,68.83,0,12479,0,3,,12479,0,,,1,4584,5731,12479,14523,14523,2044,,0,0,,,,0,0,4,0,12479,C09AA03,40 MG,C09,C09A,C09AA,C09AA03,81 MG,1,,,1,1,,,,,1,,"","",,,,,,,,,,,,1,0,0,1,1,0,0,0,0,1,0,,2.4,56.43,2,021909bCJ,240.998,5.95,47,174.7,47,109.319,8,13260,13260,34.8,1,1,1,81,0,8,0,0,0,0,0,0,0,0,0,0,0,210,69,0,0,0,0,0,0,1,,,,,7,1,,0,1,1,0,0,0,0,,1,1,0,2,0,567,1,0,0,55,31.0117822504076,0,1,1,0,1,,0,0,0,0,0,,0,,,,0,0,0,,,0,69.2,0,17.0648464163823,2.83702058239917,1,1,0,0,96,0,1,,17041,,,,12.6860542282897,1,Q3,low,low,Q1-Q3,Q1-Q3,,,,,,
1,2810434046,2018-02-01,753.7,2,1,227,64,109,100,0.76,3,69.6,5.8,12701,1082.90229885058,6.98740002949714,3.11937612477505,1.13763302181872,0,,33.6,,951.72,1,1367.41379310345,7.22067649253095,1,79.22,0,12701,0,3,,12701,0,,,2,5204,6588,12701,14947,14947,2246,,0,0,,,,0,0,4,0,12701,M01AX05,325 MG,M01,M01A,M01AX,M01AX05,325 MG,1,1,,,,1,,,,,,"","",,,,,,,,,,,,1,1,0,0,0,1,0,0,0,0,0,,0.93,45.37,2,021809bCJ,206.604,0.79,44,200.4,44,147.073,8,13558,13558,33.6,0,1,1,325,0,2,0,0,0,0,0,0,0,0,0,0,0,148,65,0,0,0,0,0,0,1,,,,,7,1,,0,1,0,0,0,0,0,1,1,1,0,2,0,2275,2,0,0,58,24.6286504407328,0,0,0,0,0,,0,0,0,0,0,,0,,,,0,0,0,,,0,141.2,0,43.1034482758621,3.76360300030987,2,0,1,0,86,0,0,,17339,,,,12.5918871959369,1,Q2,low,low,Q1-Q3,Q1-Q3,,,,,,
7,2810435022,2017-08-16,817.4,2,1,182,50,231,81,0.5,11.9,72.9,6,4247,1121.26200274348,7.02221011810366,1.20350480497456,0.185237970733694,1,2.9,47.24,45.36,1100.84,2,1510.06858710562,7.31991035070168,1,66.58,0,4247,0,3,,4247,0,,,2,4247,6086,,,6086,1839,,0,0,,,,0,0,4,0,4247,C09CA03,5/500 MG,A10,A10B,A10BA,A10BA02,81 MG,1,,,,1,,,1,,1,,A10BA02,"",,,,,,,,,,1,,1,0,0,0,1,0,0,1,0,1,0,,1.71,85.43,2,010609CJB,589.152,1.27,4,135.3,4,72.288,3,,,47.24,1,1,1,81,1,,0,0,0,0,0,0,,,,,0,158,61.25,0,0,0,0,0,0,,,1,,,3,1,,0,1,1,1,,,0,,2,3,0,2,0,567,1,0,0,64,29.6108254024088,0,1,1,0,1,,0,0,0,0,0,,0,,,,0,0,0,,,0,85.8,1,163.23731138546,5.09520504008501,2,1,0,0,102,0,0,,8740,,,,10.9927647327793,1,Q2,low,low,Q1-Q3,Q1-Q3,,,,,,
1,2810435069,2017-08-30,1187.3,2,1,185,74,167,88,0.99,3,100.9,5.6,11343,1176.70961347869,7.07047735930027,1.56770833333333,0.449614892721094,1,,34.14,,1099.7,1,1089.89098116947,6.99383295294542,1,64.74,0,11343,0,3,,11343,0,,,2,4812,5805,11343,,,,,0,0,,,,0,0,4,0,11343,C10AA05,10 MG,C10,C10A,C10AA,C10AA05,325 MG,1,,,,,1,1,,,,,"","",,,,,,,,,,,,1,0,0,0,0,1,1,0,0,0,0,,0.16,14.37,2,011209CJB,,,,,,,,,,34.14,0,1,1,325,0,2,0,0,0,0,0,0,0,0,0,0,0,91,61,0,0,0,0,0,0,1,,,,,7,0,,0,1,0,0,0,0,0,1,1,1,0,2,0,2275,2,0,0,58,17.1944122442397,0,0,0,1,0,,0,0,0,0,0,,0,,,,0,0,0,,,0,77.6,0,29.7324083250743,3.39223764029068,1,0,0,1,63,0,1,11711,,11711,28,368,18.6779303726776,0,Q3,low,high,Q1-Q3,Q1-Q3,Death,1.00752908966461,0,0,0,0
1,2810435144,2017-09-23,1114.4,2,1,211,63,114,93,1.08,14.5,146.6,5.5,11461,760.163710777626,6.63353381900114,2.84260355029586,1.04472037528276,0,,27.96,,1161.17,1,792.066848567531,6.67464579300953,1,69.51,0,11461,0,3,2,11461,1,4735,16196,2,4312,5902,11461,14430,14430,2969,,0,0,,,,0,1,4,1,11461,C10AA05,10 MG,C10,C10A,C10AA,C10AA05,325 MG,1,,,,,1,1,,,,,"","",,,,,,,,,,,,1,0,0,0,0,1,1,0,0,0,0,,1.93,21.02,2,011509CJB,369.15,2.4,7,247.7,7,185.237,8,12902,12902,27.96,0,1,1,325,0,2,0,0,0,0,0,0,0,0,0,0,0,156,57.5,0,0,0,0,0,0,1,,,,,6,6,,0,1,0,0,0,0,0,1,1,1,0,2,0,2275,2,0,0,69,33.1737464987217,0,0,0,1,0,,0,0,0,0,1,16196,0,,,,0,0,1,,,0,125.2,1,98.9085948158254,4.59419613895611,2,0,0,1,52,0,0,16197,,16196,2,,14.6185328995697,1,Q1,low,low,Q1-Q3,Q1-Q3,MI,,,,,
1,2810435269,2018-01-06,500.7,2,1,114,54,41,123,0.87,3,72.5,5.9,12666,690.620689655172,6.53759074346336,2.22761194029851,0.800930132881745,0,,26.56,,630.35,1,869.448275862069,6.76785884480474,1,60.88,0,12666,0,3,,12666,0,,,1,4437,5932,12666,14651,14651,1985,,0,0,,,,0,0,4,0,12666,C10AA05,10 MG,C10,C10A,C10AA,C10AA05,81 MG,1,,,,,1,1,,,1,,"","",,,,,,,,,,,,1,0,0,0,0,1,1,0,0,1,0,,0.17,19.84,2,021109CJB,411.688,6.53,35,164.2,35,102.678,8,13701,13701,26.56,0,1,1,81,1,8,0,0,0,0,1,1,0,0,0,0,0,212,73,0,0,0,0,0,0,1,,,,,4,6,,0,1,0,1,0,0,0,,1,1,0,2,2,567,1,0,0,68,27.9702116919715,0,1,0,1,0,,0,0,0,0,0,,0,,,,0,0,1,,,0,51.8,0,41.3793103448276,3.72278100578962,2,1,0,1,89,0,0,,17486,,,,7.7597830298334,1,Q1,low,low,Q1-Q3,Q1-Q3,,,,,,
1,2810435869,2018-12-08,8270.3,2,1,180,28,123,105,1.13,5.8,166,5.7,12532,4982.10843373494,8.51360846068662,1.22457282343369,0.202592067616941,1,,51.68,,1330.38,1,801.433734939759,6.68640229232451,1,50.54,0,12532,1,2,41,12532,1,1573,14105,1,4513,5792,12532,,,,,0,0,,,,0,1,3,1,12532,"","","","","","","",,,,,,,,,,,,"","",,,,,,,,,,,,0,0,0,0,0,0,0,0,0,0,0,,3.64,172.5,2,013009CJB,400.242,4.45,20,296.1,20,224.41,8,13771,13771,51.68,0,1,1,81,0,8,0,0,0,0,0,0,0,0,0,0,0,242,69,0,0,1,1,1,1,1,,,,,3,6,,0,1,0,0,0,0,0,,1,1,0,2,0,567,1,0,1,72,35.7373871647554,0,0,0,0,0,141,0,1,0,1,0,,0,,,,0,0,0,2,14111,0,127.4,1,34.9397590361446,3.55362540817797,2,0,0,0,65,1,1,15535,,14105,41,,76.6478220574606,1,Q4,high,high,Q4,Q4,CHF,,,,,
1,2810436449,2018-02-08,156.3,1,1,125,45,41,95,1.3,13.5,25.5,5.7,12464,612.941176470588,6.41826897125114,1.1058495821727,0.100613892198912,1,,29.48,,129.29,1,507.019607843137,6.22854967709017,1,63.87,0,12464,0,3,,12464,0,,,1,4596,5754,12464,14501,14501,2037,,0,0,,,,0,0,4,0,12464,C10AX06,650 MG,C10,C10A,C10AX,C10AX06,81 MG,1,,,,,1,1,,,,,"","",,,,,,,,,,,,1,0,0,0,0,1,1,0,0,0,0,,3.19,59.6,2,021909CJB,363.794,3.47,46,177.6,46,112.377,8,13272,13272,29.48,2,3,1,81,0,8,0,0,0,0,0,0,0,2,0,0,0,221,68.5,1,1,0,0,0,0,1,,,,,7,7,,0,1,1,0,0,1,0,,1,1,0,2,0,1701,2,0,1,67,33.1143887819237,0,0,0,1,1,,0,0,0,0,0,,0,,,,0,0,1,,,0,71.8,1,529.411764705882,6.27176651226214,3,0,0,1,56,0,0,,17053,,,,10.9453781512605,1,Q1,low,low,Q1-Q3,Q1-Q3,,,,,,
1,2810437617,2017-12-31,797.4,2,1,170,63,75,104,0.95,3,74.5,5.7,11552,1070.3355704698,6.97572749554983,1.39598662207358,0.333601421252414,1,,49.18,,683.92,1,918.013422818792,6.82221201232056,1,,0,11552,,,,11552,0,,,1,4293,5364,11552,13568,13568,2016,,0,0,,,,0,0,,0,11552,C10AA01,40 MG,C10,C10A,C10AA,C10AA01,81 MG,1,,,1,,1,1,,,,,"","",,,,,,,,,,,,1,0,0,1,0,1,1,0,0,0,0,,0.73,73.17,2,020909CJB,376.9,1.11,33,193.3,33,134.193,8,12612,12612,49.18,1,1,1,81,0,8,0,0,0,0,0,0,0,0,0,0,0,174,67.5,1,1,0,0,0,0,1,,,,,8,8,,0,1,1,0,0,0,0,,1,1,0,2,0,567,1,0,1,69,26.8501870337074,0,0,1,1,1,,0,0,0,0,0,,0,,,,0,0,1,,,0,92,0,40.2684563758389,3.69556844226473,2,0,0,1,81,0,0,,16397,,,,13.214019388516,1,Q2,low,low,Q1-Q3,Q1-Q3,,,,,,
1,2810440190,2017-09-27,2031.6,2,1,186,57,99,91,0.77,3.1,115.5,5.2,11211,1758.96103896104,7.47247859495333,2.36747759282971,0.861825081547439,0,,31.88,,1230.4,1,1065.28138528139,6.97099425477762,1,58.79,0,11211,0,3,,11211,0,,,1,4207,5638,11211,,,,,0,0,,,,0,0,4,0,11211,"","","","","","","",,,,,,,,,,,,"","",,,,,,,,,,,,0,0,0,0,0,0,0,0,0,0,0,,0.52,31.97,2,011609CJB,659.698,0.7,8,212.3,8,148.702,8,12651,12651,31.88,0,1,1,81,0,8,0,0,0,0,0,0,0,0,0,0,0,181,72.5,1,1,0,0,0,0,1,,,,,7,7,,0,1,0,0,0,0,0,,1,1,0,2,0,567,1,0,1,58,24.2107461622771,0,0,0,0,0,,0,0,0,0,0,,0,,,,0,0,0,,,0,109.2,0,26.8398268398268,3.28988686051139,1,0,0,0,100,1,1,12466,,12466,27,1255,17.5896103896104,0,Q4,high,low,Q1-Q3,Q4,,3.43600273785079,0,0,0,0
1,2810441512,2018-01-14,941.1,2,1,153,67,46,114,1,3,112.9,5.5,11631,833.569530558016,6.72571711869722,2.32865907099036,0.845292595897738,0,,47.66,,766.86,1,679.238263950399,6.52097197020415,1,64.57,0,11631,0,3,12,11631,0,,,1,4235,5643,11631,13653,13653,2022,,0,0,,,,0,0,4,0,11631,C10AX06,1000 MG,C10,C10A,C10AX,C10AX06,325 MG,1,,,,1,1,1,,,,,"","",,,,,,,,,,,,1,0,0,0,1,1,1,0,0,0,0,,0.35,35.04,2,021409CJB,319.718,0.52,41,181.3,41,96.667,8,12569,12569,47.66,1,1,1,325,0,8,0,0,0,0,1,1,0,0,0,0,0,163,68,0,0,0,0,0,0,1,,,,,7,1,,0,1,1,0,0,0,0,,1,1,0,2,2,2275,2,0,0,65,24.7842277691476,0,0,1,1,1,,0,0,0,0,0,,1,12016,,,0,0,0,,,0,76.8,0,26.5721877767936,3.27986509649463,1,0,0,1,79,0,0,,16353,12016,12,4722,10.5515130450382,0,Q1,low,low,Q1-Q3,Q1-Q3,TIA,12.9281314168378,1,1,1,0
1,2810443153,2018-02-01,1478.1,2,1,165,38,210,96,0.95,4.5,225.7,5,12166,654.895879486043,6.48447626038263,1.32399179767601,0.280651262386872,1,,46.5,,1199.76,1,531.57288435977,6.27584031793803,1,66.19,0,12166,0,3,2,12166,0,,,1,4271,5637,12166,14577,14577,2411,,0,0,,,,0,0,4,0,12166,C10AX06,300 MG,C10,C10A,C10AX,C10AX06,102 MG,1,,,1,,1,1,,,,,"","",,,,,,,,,,,,1,0,0,1,0,1,1,0,0,0,0,,0.74,91.41,2,021809CJB,248.648,0.72,43,179.2,43,151.598,8,13047,13047,46.5,1,2,1,81,0,8,0,0,0,0,0,0,0,0,0,0,0,190,67.5,0,0,0,0,0,0,1,,,,,4,1,,0,1,1,0,0,0,0,,1,1,0,2,0,1134,2,0,0,61,29.3191697494506,0,0,1,1,1,141,0,1,1,1,1,7118,0,,,,0,0,0,,,0,85,1,19.9379707576429,2.99262599193492,1,0,0,1,86,0,0,,14577,7102,6,2411,7.61506836611678,0,Q1,low,low,Q1-Q3,Q1-Q3,Angina,6.6009582477755,1,0,0,0
1,2810443897,2017-11-13,441.3,2,1,250,70,301,103,0.57,133.4,26.3,5.8,12462,1677.94676806084,7.42532616307987,3.27130774235524,1.18518982617154,0,,27.66,,1096.15,1,4167.87072243346,8.33516056626155,1,73.78,0,12462,0,3,,12462,0,,,2,4599,5779,12462,14567,14567,2105,,0,0,,,,0,0,4,0,12462,M01AB05,0.2 MG,M01,M01A,M01AB,M01AB05,81 MG,1,1,1,,1,1,,1,,1,,"","",,,,,,,,,,,,1,1,1,0,1,1,0,1,0,1,0,,33.4,103.9,2,012909CJB,232.258,2.52,18,238.9,18,108.661,8,13724,13724,27.66,1,1,1,81,1,2,0,0,0,0,0,0,0,0,0,0,0,211,62.75,0,0,0,0,0,0,1,,,,,6,6,,0,1,1,1,0,0,0,1,1,1,0,2,0,567,1,0,0,74,37.6756373264814,0,1,1,1,1,,0,0,0,0,0,,0,,,,0,0,1,,,0,119.8,1,5072.2433460076,8.53153847327994,3,1,1,0,91,0,1,,17515,,,,18.438975473196,1,Q3,high,high,Q1-Q3,Q1-Q3,,,,,,
1,2810444067,2018-01-26,490.6,2,1,164,83,53,94,0.84,3,76.4,5.6,11900,642.146596858639,6.46481662164001,5.30749682337992,1.66912031607977,0,,39.34,,677.45,1,886.714659685864,6.78752323910806,1,75.6,0,11900,0,3,,11900,0,,,2,,,11900,14245,14245,2345,,0,0,,,,0,0,4,0,11900,C10AA05,10 MG,C10,C10A,C10AA,C10AA05,81 MG,1,,,1,,1,1,,,,,"","",,,,,,,,,,,,1,0,0,1,0,1,1,0,0,0,0,,6.55,33.76,2,021409CJB,524.228,7.5,41,246.8,41,118.493,8,12834,12834,39.34,1,1,1,81,0,2,0,0,0,0,0,0,0,0,0,0,0,131,66.25,0,0,0,0,0,0,1,,,,,8,2,,0,0,1,0,0,0,0,1,1,1,0,,0,567,1,0,0,68,20.9848149137381,0,0,1,1,1,,0,0,0,0,0,,0,,,,0,0,0,,,0,70.4,0,39.2670157068063,3.67038487147777,2,0,0,1,71,0,0,,16618,,,,9.04431826561463,1,Q1,low,low,Q1-Q3,Q1-Q3,,,,,,
1,2810444536,2017-11-21,757,2,1,127,44,79,110,0.88,3,51.7,5.6,12537,1464.2166344294,7.28907565791116,1.78565737051793,0.579786622235043,0,,35.08,,955.55,1,1848.25918762089,7.5219994954087,1,,0,12537,,,,12537,0,,,1,4517,5798,12537,14564,14564,2027,,0,0,,,,0,0,,0,12537,C10AX06,5/10 MG,C10,C10A,C10AA,C10AA05,81 MG,1,,,,,1,,1,,,,C10AA05,"",,,,,,1,1,1,,,,1,0,0,0,0,1,1,1,0,0,0,,18.84,158,2,012709bCJ,297.562,5.77,17,122.7,17,110.166,8,13815,13815,35.08,1,1,1,81,0,8,1,0,0,58,0,0,0,0,0,0,0,282,72.25,0,0,0,0,0,0,1,,,,,3,1,,0,1,1,0,0,0,0,,1,1,1,2,0,567,1,0,0,63,37.9821039571678,0,0,1,1,1,,0,0,0,0,0,,0,,,,0,0,0,,,0,67.2,0,58.0270793036751,4.06090978613586,2,0,0,1,91,0,1,,17606,,,,16.0902926860374,1,Q3,high,low,Q1-Q3,Q1-Q3,,,,,,
1,2810445182,2017-12-24,4071,2,1,182,65,146,139,0.69,11.9,119.4,6.2,12488,3409.54773869347,8.13433493353257,1.39352517985612,0.331836637282259,1,,51.44,,1579.62,1,1322.9648241206,7.1876305757952,1,72.66,0,12488,0,3,,12488,0,,,2,4589,6052,12488,14462,14462,1974,,0,0,,,,0,0,4,0,12488,C10AA03,10 MG,C10,C10A,C10AA,C10AA03,81 MG,1,,,,,1,1,,,,,"","",,,,,,,,,,,,1,0,0,0,0,1,1,0,0,0,0,,1.15,122,2,020709CJB,566.182,2.27,31,247.7,31,160.01,8,13567,13567,51.44,0,3,2,81,0,2,0,0,0,0,0,0,0,0,0,0,0,188,60.5,0,0,0,0,0,0,1,,,,,3,6,,0,1,0,0,0,0,0,1,1,1,0,2,0,243,1,0,0,76,36.1120973590899,0,0,0,1,0,,0,0,0,0,0,,0,,,,0,0,0,,,0,87.8,1,99.6649916247906,4.60181447814112,2,1,0,1,85,1,1,16255,,16255,21,3767,40.1123263375702,0,Q4,high,high,Q4,Q4,CHD Death,10.3134839151266,1,1,0,0
1,2810445203,2018-12-15,7107.7,2,1,194,35,119,111,1.15,60.7,177.3,5.7,12587,4008.85504794134,8.29626095532666,1.77170418006431,0.57194189697368,0,,42.9,,844.98,1,476.5820642978,6.16663993134594,1,45.34,2,12587,1,2,,12587,0,,,1,4563,5778,12587,,,,,0,0,,,,0,0,3,0,12587,M01AX01,500 MG,M01,M01A,M01AX,M01AX01,81 MG,1,1,,,,,,,,,,"","",,,,,,,,,,,,1,1,0,0,0,0,0,0,0,0,0,,5.38,119.2,2,021209CJB,432.426,5.69,37,214.3,37,164.63,8,13582,13582,42.9,0,1,1,81,0,8,0,0,0,0,0,0,0,0,0,0,0,192,67.75,0,0,0,0,0,0,,,,,,,,,,,0,0,0,0,0,,1,1,0,,0,567,1,0,0,84,29.4095407161144,0,0,0,0,0,,0,0,0,0,0,,0,,,,0,0,0,,,0,135.2,1,342.357586012408,5.83585576396743,3,0,0,0,58,1,1,12604,,12600,11,,69.1181904817473,1,Q4,high,high,Q4,Q4,Atherothrombotic Infarction of Brain,,,,,
1,2810445320,2017-09-27,185.3,2,1,144,41,137,144,1.1,33.4,37.4,6.7,11861,495.454545454546,6.20547561485892,2.54239130434783,0.933105096541093,0,,31.96,,368.87,1,986.283422459893,6.89394376001163,1,62.63,0,11861,0,3,41,11861,1,-666,11195,2,4581,5736,11861,,,,,0,0,,,,1,0,2,1,11861,C10AA01,20 MG,C10,C10A,C10AA,C10AA01,81 MG,1,,,1,1,1,1,1,,1,,"","",,,,,,,,,,,,1,0,0,1,1,1,1,1,0,1,0,,1.41,55.14,2,011609CJB,231.894,9.38,8,126.3,8,126.552,8,13295,13295,31.96,1,1,1,81,1,2,0,0,0,0,0,0,0,0,0,0,0,164,62.5,0,0,0,0,0,0,1,,,,,4,0,,0,0,1,1,0,0,0,1,1,1,0,,0,567,1,0,0,82,29.5181697563395,0,1,1,1,1,141,0,1,0,1,0,,0,,,,0,0,1,,,0,75.6,1,893.048128342246,6.79464047454431,3,1,0,1,47,0,0,14139,,6936,6,,10.541586073501,1,Q1,low,low,Q1-Q3,Q1-Q3,Angina,,,,,
1,2810445873,2017-11-23,415.3,2,1,189,52,184,101,1.4,3,80.9,5.6,12457,513.349814585909,6.24095751256035,2.94770408163265,1.08102658992397,0,,61.7,,384.39,1,475.142150803461,6.16361402411324,1,66.02,0,12457,0,3,,12457,0,,,1,4508,5790,12457,14690,14690,2233,,0,0,,,,0,0,4,0,12457,C10AA01,10 MG,C10,C10A,C10AA,C10AA01,"",,,,,1,1,1,,,,,"","",,,,,,,,,,,,0,0,0,0,1,1,1,0,0,0,0,,1.57,104.1,2,013009CJB,363.104,1.65,20,249.7,20,149.845,8,13699,13699,61.7,1,1,1,81,0,8,0,0,0,0,0,0,0,0,0,0,0,225,73.75,0,0,0,0,0,0,1,,,,,8,2,,0,1,1,0,0,0,0,,1,1,0,2,0,567,1,0,0,62,29.0846660406334,0,0,1,1,1,,0,0,0,0,0,,0,,,,0,0,0,,,0,100.2,0,37.0828182941904,3.6131537435858,2,0,0,1,53,0,0,,17487,,,,9.68584555822469,1,Q1,low,low,Q1-Q3,Q1-Q3,,,,,,
1,2810447473,2017-10-30,880.1,2,1,217,79,77,98,0.83,3,100.5,5.8,12518,875.721393034826,6.77504799586873,3.81293706293706,1.33839977482183,0,,34.9,,1231.29,1,1225.16417910448,7.1108301377572,1,65.72,0,12518,0,3,,12518,0,,,1,4537,5825,12518,15182,15182,2664,15914,1,0,3241,15759,,0,0,4,0,12518,C09AA03,20 MG,C09,C09A,C09AA,C09AA03,81 MG,1,,,,1,,,1,,,,"","",,,,,,,,,,,,1,0,0,0,1,0,0,1,0,0,0,,2.1,35.97,2,012609CJB,267.436,1.1,15,199.7,15,135.922,8,13849,13849,34.9,1,1,1,81,0,8,0,0,0,0,0,0,0,1,0,0,1,188,72,1,0,0,0,0,0,1,,,,,8,6,,0,1,1,0,0,1,1,,1,1,0,2,0,567,1,1,1,63,25.497550995102,0,0,1,0,1,143,1,0,0,0,0,,0,,1,2,0,0,1,,,0,122.6,0,29.8507462686567,3.39620984015112,1,0,0,0,94,0,0,,17640,,,,9.31618503228538,1,Q2,low,low,Q1-Q3,Q1-Q3,,,,,,
1,2810449241,2017-10-25,926.4,2,1,180,74,48,100,1.17,3,137.6,5,12441,673.255813953488,6.51212536730758,3.832,1.34338686010861,0,,31.34,,1051.34,1,764.05523255814,6.63864008047771,1,64.12,0,12441,0,3,,12441,0,,,1,4507,5830,12441,14513,14513,2072,,0,0,,,,0,0,4,0,12441,B01AC06,81 MG,B01,B01A,B01AC,B01AC06,81 MG,1,,,,,,,,,,,"","",,,,,,,,,,,,1,0,0,0,0,0,0,0,0,0,0,,1.87,21.74,2,012109CJB,426.83,0.93,11,168.8,11,99.087,8,13820,13820,31.34,0,1,1,81,0,8,0,0,0,0,0,0,0,0,0,0,0,167,69.75,0,0,0,0,0,0,1,,,,,7,7,,0,1,0,0,0,0,0,,1,1,0,2,0,567,1,0,0,63,24.1342418168707,0,0,0,0,0,,0,0,0,0,0,,0,,,,0,0,0,,,0,96.4,0,21.8023255813953,3.082016642151,1,0,0,0,66,0,0,,17612,,,,10.2008456659619,1,Q1,low,low,Q1-Q3,Q1-Q3,,,,,,
1,2810449406,2018-01-13,1290.1,2,1,126,42,164,97,1.01,10.3,105.4,5.4,12585,1224.00379506641,7.10988256361192,1.64345403899721,0.496800148411486,1,,49.98,,2449.89,1,2324.37381404175,7.75120595445248,1,67.41,0,12585,0,3,,12585,0,,,1,4566,5783,12585,14826,14826,2241,,0,0,,,,0,0,4,0,12585,C09CA03,160 MG,C09,C09C,C09CA,C09CA03,81 MG,1,,,1,1,,,,,,,"","",,,,,,,,,,,,1,0,0,1,1,0,0,0,0,0,0,,5.34,149.2,2,021309CJB,352.97,2.45,39,209.8,39,144.481,8,13541,13541,49.98,1,1,1,81,0,8,0,0,0,0,0,0,0,0,0,0,0,249,69.75,0,0,0,0,0,0,1,,,,,6,1,,0,1,1,0,0,0,0,,1,1,0,2,0,567,1,0,0,57,35.9845880982085,0,0,1,0,1,,0,0,0,0,0,,0,,,,0,0,0,,,0,51.2,1,97.7229601518027,4.58213653811047,2,0,0,0,82,0,1,,17325,,,,14.9268755495904,1,Q3,low,low,Q1-Q3,Q1-Q3,,,,,,
1,2810449530,2017-12-14,479.7,2,1,221,79,50,97,0.92,3,68.2,5.5,11573,703.372434017595,6.55588652964669,2.00116959064328,0.693731804955433,0,,44.76,,881.57,1,1292.62463343109,7.16443002992021,1,68.92,0,11573,0,3,,11573,0,,,1,4311,5651,11573,13705,13705,2132,,0,0,,,,0,0,4,0,11573,C10AA07,20 MG,C10,C10A,C10AA,C10AA07,325 MG,1,,,,1,1,1,,,,,"","",,,,,,,,,,,,1,0,0,0,1,1,1,0,0,0,0,,3.04,70.85,2,020409bCJ,369.27,14.74,26,196.2,26,125.638,8,12726,12726,44.76,1,4,2,325,0,8,0,0,0,0,0,0,0,0,0,0,0,178,65.25,0,0,0,0,0,0,1,,,,,7,1,,0,1,1,0,0,0,0,,1,1,0,2,0,1300,2,0,0,58,29.3943988601414,0,0,1,1,1,,0,0,0,0,0,,0,,,,0,0,0,,,0,132,0,43.9882697947214,3.78392300280083,2,0,0,1,91,0,0,,16513,,,,7.72936740678676,1,Q1,low,low,Q1-Q3,Q1-Q3,,,,,,
1,2810449579,2017-12-23,2179.8,2,1,220,44,454,112,0.95,9.5,164.2,5.2,11747,1327.52740560292,7.19107339742498,0.963678516228748,-0.0369975293808094,1,,47.74,,1781.37,1,1084.87819732034,6.98922299913863,1,57.09,0,11747,0,3,,11747,0,,,1,4326,5691,11747,13839,13839,2092,,0,0,,,,0,0,4,0,11747,M01AE02,220 MG,M01,M01A,M01AE,M01AE02,81 MG,1,1,,,,1,,,,,,"","",,,,,,,,,,,,1,1,0,0,0,1,0,0,0,0,0,,0.95,95.83,2,020609CJB,523.948,1.55,30,388.5,30,156.118,8,12854,12854,47.74,1,1,1,81,0,8,0,0,0,0,0,0,0,0,0,0,0,287,69,,,,,,,1,,,,,3,7,,0,0,1,0,0,0,0,,1,1,0,,0,567,1,0,0,64,42.3827690755571,0,0,1,1,1,,0,0,0,0,0,,0,,,,0,0,0,,,0,85.2,1,57.8562728380024,4.0579618805703,2,0,1,0,84,0,1,,16640,14868,11,4893,15.8038976857491,0,Q3,high,low,Q1-Q3,Q1-Q3,Atherothrombotic Infarction of Brain,13.3963039014374,1,1,1,0
1,2810452480,2018-01-28,2783.2,2,1,183,47,91,110,1.22,9,155.8,5.2,11889,1786.39281129653,7.48795367638918,3.54949874686717,1.26680639545235,0,,70.68,,1019.89,1,654.614890885751,6.48404710987702,1,66.18,0,11889,0,3,,11889,0,,,1,4314,5658,11889,14013,14013,2124,,0,0,,,,0,0,4,0,11889,M01AX25,200 MG,M01,M01A,M01AX,M01AX25,81 MG,1,1,,,1,,,1,,,,"","",,,,,,,,,,,,1,1,0,0,1,0,0,1,0,0,0,,12.09,184.3,2,021709CJB,533.546,6.54,42,262.1,42,162.03,8,12799,12799,70.68,1,1,1,81,0,8,0,0,0,0,0,0,0,0,0,0,0,244,72.25,0,0,0,0,0,0,1,,,,,6,7,,0,1,1,0,0,0,0,,1,1,0,2,0,567,1,0,0,68,32.8639481047835,0,0,1,0,1,,0,0,0,0,0,,0,,,,0,0,0,,,0,117.8,1,57.7663671373556,4.05640672288171,2,0,0,0,61,1,1,14975,,14975,27,3086,29.2851280540415,0,Q4,high,high,Q4,Q4,,8.44900752908966,1,0,0,0
1,2810452503,2017-12-23,192.6,2,1,129,33,114,132,,325.3,36.7,6.8,12280,524.795640326976,6.26300893029159,4.152198421646,1.42363793413549,0,,24.18,,230.93,1,629.237057220709,6.44450806522337,1,,0,12280,,,,12280,0,,,1,4630,5720,12280,,,,,0,0,,,,0,0,,0,12280,C10AA05,20 MG,C10,C10A,C10AA,C10AA05,81 MG,1,,1,1,1,1,1,1,,,,"","",,,,,,,,,,,,1,0,1,1,1,1,1,1,0,0,0,,,,,020609CJB,,,,,,,,,,24.18,1,1,1,81,1,8,0,0,0,0,0,0,0,0,0,0,0,264,67,0,0,0,0,0,0,1,,,,,7,6,,0,1,1,1,0,0,0,,1,1,0,2,0,567,1,0,0,79,41.348516646688,0,0,1,1,1,,0,0,0,0,0,,0,,,,0,0,0,,,0,73.2,1,8863.76021798365,9.08972635740092,3,1,0,1,,0,0,13344,,13344,27,1064,,0,Q1,low,,,Q1-Q3,,2.91307323750856,0,0,0,0
1,2810452535,2017-09-02,1107.9,2,1,213,58,164,93,0.87,4.6,86,5.9,11549,1288.25581395349,7.16104450026121,3.77069351230425,1.32725894006055,0,,35.68,,496.4,1,577.209302325582,6.35820494306504,1,70.95,0,11549,0,3,,11549,0,,,2,4297,5645,11549,14077,14077,2528,,0,0,,,,0,0,4,0,11549,C10AA05,10,C10,C10A,C10AA,C10AA05,81,1,,,1,1,1,1,1,,,,"","",,,,,,,,,,,,1,0,0,1,1,1,1,1,0,0,0,,1.1,87.33,2,011209CJB,300.432,1.71,3,220.6,3,148.73,8,13070,13070,35.68,1,1,1,81,0,2,0,0,0,0,0,0,0,0,0,0,0,139,59.25,0,0,0,0,0,0,1,,,,,3,6,,0,0,1,0,0,0,0,1,1,1,0,,0,567,1,0,0,75,27.8383636401947,0,0,1,1,1,,0,0,0,0,0,,0,,,,0,0,0,,,0,122.2,1,53.4883720930233,3.97946428622368,2,0,0,1,65,0,1,,16863,,,,19.8193202146691,1,Q3,low,high,Q1-Q3,Q1-Q3,,,,,,
7,2810452683,2017-08-12,1350.1,2,1,230,41,147,94,1.06,14.3,200.7,5.5,3107,672.695565520678,6.511292872949,,,,0,44.54,44.54,2064.4,2,1028.59990034878,6.93595383646037,1,72.49,0,3107,0,3,,3107,0,,,1,3107,5215,,,5215,2108,,0,0,,,,0,0,4,0,3107,"","","","","","","",,,,,,,,,,,,"","",,,,,,,,,,,,0,0,0,0,0,0,0,0,0,0,0,,1.24,102.9,2,122208CJB,243.71,0.73,1,196.1,1,180.006,3,,,44.54,1,1,1,325,0,,0,0,0,0,0,0,,,,,0,198,70.25,0,0,0,0,0,0,,1,,,,8,1,,0,1,1,0,,,0,,2,2,0,2,0,2275,2,0,0,52,28.2083800195513,0,0,1,0,1,,0,0,0,0,0,,0,,,,0,0,0,,,0,159.6,1,71.2506228201296,4.26620356044571,2,0,0,0,93,0,0,,6508,,,,7.23328565075997,1,Q1,low,low,Q1-Q3,Q1-Q3,,,,,,
1,2810453250,2018-01-28,907.7,2,1,194,64,168,84,1.11,3,111.5,5.6,11663,814.080717488789,6.7020595226205,3.86046511627907,1.35078767266298,0,,42.78,,1158.66,1,1039.15695067265,6.94616503904861,1,64.78,0,11663,0,3,,11663,0,,,2,4283,5651,11663,13447,13447,1784,,0,0,,,,0,0,4,0,11663,C10AA05,20 MG,C10,C10A,C10AA,C10AA05,"",1,,,1,,1,1,1,,,,"","",,,,,,,,,,,,1,0,0,1,0,1,1,1,0,0,0,,0.73,101.6,2,021809CJB,574.174,1.35,43,186.2,43,99.039,8,12550,12550,42.78,1,1,4,,0,2,1,0,1,0,0,0,,0,0,0,0,138,62.5,0,0,0,0,0,0,1,,,,,1,0,,0,1,1,0,0,0,0,1,1,1,2,2,0,,1,0,0,64,24.8384599169198,0,0,1,1,1,,0,0,0,0,0,,0,,,,0,0,0,,,0,96.4,0,26.9058295964126,3.29234297675007,1,0,0,1,52,0,0,,16331,,,,15.655398413246,1,Q1,low,low,Q1-Q3,Q1-Q3,,,,,,
1,2810454469,2018-01-10,563.6,2,1,152,54,63,85,1.01,7.5,117.3,5.5,12673,480.477408354646,6.17478021035319,1.98817034700315,0.687214792190749,0,,31.08,,685.87,1,584.714407502131,6.37112353572315,1,69.29,0,12673,0,3,,12673,0,,,2,4628,5943,12673,14686,14686,2013,12658,1,1,-2280,10393,,0,0,4,0,12673,C10AX09,20 MG,C10,C10A,C10AA,C10AA01,81 MG,1,,,1,,1,,,,,1,C10AA01,"",,,,,,1,1,,,,,1,0,0,1,0,1,1,0,0,0,1,,0.87,28.19,2,021209CJB,385.626,1.53,37,91.2,37,85.397,8,13666,13666,31.08,0,1,1,81,0,2,0,0,0,0,0,0,0,1,0,0,0,137,65.5,0,0,0,0,0,0,1,,,,,7,7,,0,1,0,0,0,1,0,1,1,1,0,2,0,567,1,0,0,67,22.4514078770014,0,0,0,1,0,,0,0,0,0,0,,0,,2,2,1,0,1,,,0,85.4,1,63.9386189258312,4.15792354386497,2,0,0,1,58,0,0,,17451,,,,8.2840932474939,1,Q1,low,low,Q1-Q3,Q1-Q3,,,,,,
1,2810454540,2018-01-06,1188.6,2,1,179,49,96,127,0.69,5.4,57.6,6.7,12597,2063.54166666667,7.63217904121881,1.39090208172706,0.329952516306125,1,,60.96,,880.17,1,1528.07291666667,7.33176268891948,1,73.89,0,12597,0,3,,12597,0,,,2,4567,5786,12597,14549,14549,1952,14724,1,0,2127,14724,,0,0,4,0,12597,M01AX25,600 MG,M01,M01A,M01AX,M01AX25,81 MG,1,1,,1,1,1,1,1,,1,,"","",,,,,,,,,,,,1,1,0,1,1,1,1,1,0,1,0,,2,118.3,2,021109CJB,343.4,3.39,35,211,35,158.671,8,13632,13632,60.96,1,1,1,81,1,2,0,0,0,0,0,0,0,0,0,0,0,174,59.75,0,0,0,0,0,0,1,,,,,3,2,,0,1,1,1,0,0,0,1,1,1,0,2,0,567,1,0,0,62,34.267233324999,0,1,1,1,1,,0,0,0,0,0,,0,,1,1,0,0,0,,,0,110.8,1,93.75,4.54063166485052,2,1,0,1,93,1,1,,17417,6779,6,4820,22.1886200716846,0,Q4,high,high,Q1-Q3,Q4,Angina,13.1964407939767,1,1,1,0
1,2810455681,2017-12-16,1473.1,2,1,189,63,173,110,0.88,7.3,101.4,6.2,12519,1452.76134122288,7.2812213976519,2.29923273657289,0.832575474486255,0,,16.7,,1418.28,1,1398.69822485207,7.24329724364316,1,67.54,0,12519,0,3,2,12519,0,,,1,4606,5790,12519,14603,14603,2084,12519,1,1,-1060,11459,,0,0,4,0,12519,C10AX06,TABLET,C10,C10A,C10AX,C10AX06,81 MG,1,,,1,1,1,,,,,1,"","",,,,,,,,,,,,1,0,0,1,1,1,0,0,0,0,1,,2.12,28.84,2,020509CJB,266.518,5.07,28,234.4,28,146.673,8,13651,13651,16.7,1,1,1,81,0,8,1,0,0,54,1,1,0,1,0,0,2,172,65.25,0,0,0,0,0,0,1,,,,,4,1,,0,1,1,0,0,1,1,,1,1,1,2,2,567,1,1,0,57,28.4035764266535,0,0,1,0,1,141,0,1,0,1,1,11452,0,,1,3,1,1,0,,,0,91.4,1,71.9921104536489,4.2765565359794,2,0,1,0,95,0,1,,17437,11278,11,4918,15.2922246444514,0,Q3,high,low,Q1-Q3,Q1-Q3,Atherothrombotic Infarction of Brain,13.4647501711157,1,1,1,0
1,2810456084,2018-01-14,994.1,2,1,177,34,128,115,1.1,3.4,129.4,5.7,12858,768.238021638331,6.64409960913939,1.24357754519505,0.217992342747271,1,,35.22,,680.66,1,526.012364760433,6.26532471961053,1,66.04,0,12858,0,3,,12858,0,,,1,4497,5831,12858,15301,15301,2443,,0,0,,,,0,0,4,0,12858,C10AA05,5 MG,C10,C10A,C10AA,C10AA05,81 MG,1,,,,,1,1,,,,,"","",,,,,,,,,,,,1,0,0,0,0,1,1,0,0,0,0,,0.95,242.6,2,021309CJB,370.486,3.69,40,157.1,40,126.238,8,13810,13810,35.22,1,1,1,81,0,8,0,0,0,0,0,0,0,0,0,0,0,217,71,0,0,0,0,0,0,1,,,,,8,6,,0,1,1,0,0,0,0,,1,1,0,2,0,567,1,0,0,61,30.2655554725908,0,0,1,1,1,,0,0,0,0,0,,0,,,,0,0,0,,,0,117.4,0,26.2751159196291,3.26862232853745,1,0,0,1,72,0,0,,17594,,,,10.6699725227546,1,Q1,low,low,Q1-Q3,Q1-Q3,,,,,,
1,2810456369,2017-09-30,969.4,2,1,191,49,147,105,0.85,3,109.3,5.8,11214,886.916742909424,6.78775111421687,1.20684835779175,0.188012298590228,1,,44.9,,1134.57,1,1038.032936871,6.94508279431201,1,64.63,0,11214,0,3,12,11214,0,,,2,4356,5624,11214,13287,13287,2073,,0,0,,,,0,0,4,0,11214,C10AB04,600 MG,C10,C10A,C10AB,C10AB04,325 MG,1,,,,,1,1,,,,,"","",,,,,,,,,,,,1,0,0,0,0,1,1,0,0,0,0,,4.8,113.1,2,012009CJB,363.026,3.24,9,166.8,9,137.613,8,12631,12631,44.9,0,1,1,325,0,2,0,0,0,0,0,0,0,0,0,0,0,180,58.5,0,0,0,0,0,0,1,,,,,3,2,,0,1,0,0,0,0,0,1,1,1,0,2,0,2275,2,0,0,72,36.979955616716,0,0,0,1,0,141,0,1,0,1,1,13586,1,15004,,,0,0,0,,,0,112.6,0,27.4473924977127,3.31227117246775,1,0,0,1,68,0,0,,16423,13586,2,5209,13.0428932780798,1,Q2,low,low,Q1-Q3,Q1-Q3,MI,14.2614647501711,1,1,1,0
1,2810456429,2017-08-29,1067.5,2,1,167,60,70,97,0.87,17.9,91.3,5.2,11063,1169.22234392114,7.06409414348995,2.10369609856263,0.743695844596365,0,,49.82,,1526.54,1,1672.00438116101,7.42177841395282,1,61.62,0,11063,0,3,,11063,0,,,1,4472,5626,11063,13256,13256,2193,,0,0,,,,0,0,4,0,11063,C02,TABLET,C02,C02,C02,C02,325 MG,1,,1,,,,,,,,,"","",,,,,,,,,,,,1,0,1,0,0,0,0,0,0,0,0,,0.72,31.46,2,011209CJB,660.742,2.28,2,231.5,2,148.397,8,12617,12617,49.82,1,1,1,325,0,8,0,0,0,0,0,0,0,0,0,0,1,151,64.75,0,0,0,0,0,0,1,,,,,2,6,,0,1,1,0,0,0,1,,1,1,0,2,0,2275,2,1,0,78,25.3222921138527,0,0,1,0,1,141,0,1,0,1,0,,0,,,,0,0,0,,,0,93,1,196.0569550931,5.27840520422792,2,0,0,0,83,0,1,14131,,7660,6,,14.087016191821,1,Q3,low,low,Q1-Q3,Q1-Q3,Angina,,,,,
1,2810456519,2018-02-03,1533.5,2,1,211,60,106,100,0.97,3,129.5,5.8,11889,1184.16988416988,7.07679728840281,1.6490765171504,0.500215444653975,1,,46.5,,1367.85,1,1056.25482625483,6.96248474789628,1,64.42,0,11889,0,3,,11889,0,,,2,,,11889,13896,13896,2007,,0,0,,,,0,0,4,0,11889,C09AA07,10 MG,C09,C09A,C09AA,C09AA07,"",,,,,1,,,,,,,"","",,,,,,,,,,,,0,0,0,0,1,0,0,0,0,0,0,,,118.6,2,021809bCJ,352.104,1.81,45,118.2,45,77.337,8,12739,12739,46.5,1,1,1,81,0,2,0,0,0,0,0,0,0,0,0,0,0,233,64.25,0,0,0,0,0,0,1,,,,,4,1,,0,1,1,0,0,0,0,1,1,1,0,2,0,567,1,0,0,61,39.683984347605,0,0,1,0,1,,0,0,0,0,0,,0,,,,0,0,0,,,0,129.8,0,23.1660231660232,3.14268668651065,1,0,0,0,63,0,1,,16520,,,,18.7963473677759,1,Q3,low,high,Q1-Q3,Q1-Q3,,,,,,
1,2810456520,2018-01-28,270.3,2,1,203,70,79,102,0.67,3,45.6,5.4,11865,592.763157894737,6.38479492275015,,,,,54.16,,383.75,1,841.55701754386,6.73525376836916,1,67.52,0,11865,0,3,,11865,0,,,2,4312,5699,11865,13618,13618,1753,,0,0,,,,0,0,4,0,11865,M01AX05,1500 + 1200 MG,M01,M01A,M01AX,M01AX25,81 MG,1,1,,,,,,,,,,M01AX25,"",,1,,,,,,,,,,1,1,0,0,0,0,0,0,0,0,0,,1.45,46.24,2,021709CJB,409.434,1.36,42,273.1,42,146.73,8,12765,12765,54.16,0,1,1,81,0,2,0,0,0,0,0,0,0,0,0,0,0,187,62.75,0,0,0,0,0,0,1,,,,,5,6,,0,1,0,0,0,0,0,1,1,1,0,2,0,567,1,0,0,66,33.3902567774977,0,0,0,0,0,,0,0,0,0,0,,0,,,,0,0,0,,,0,117.2,0,65.7894736842105,4.18645985112991,2,0,0,0,92,0,0,,16549,,,,6.44307780320366,1,Q1,low,low,Q1-Q3,Q1-Q3,,,,,,
1,2810457076,2017-10-30,1221.8,2,1,148,43,84,170,0.52,3,102,6.6,12437,1197.8431372549,7.08827783291949,1.97827661115134,0.682226067281389,0,,28.78,,1273.65,1,1248.67647058824,7.1298394458173,1,61.41,0,12437,0,3,,12437,0,,,2,,5890,12437,14570,14570,2133,,0,0,,,,0,0,4,0,12437,C10AA05,2/240 MG,C09,C09A,C09AA,C09AA10,"",,,,,,1,1,,,,,C09AA10,"",,,,,1,,,,,,,0,0,0,0,1,1,1,0,0,0,0,,3.92,77.88,2,012609CJB,279.318,2.03,15,188.6,15,128.562,8,13768,13768,28.78,1,2,1,81,1,2,0,0,0,0,0,0,0,0,0,0,0,230,61.5,0,0,0,0,0,0,1,,,,,8,1,,0,1,1,1,0,0,0,1,1,1,0,2,0,1134,2,0,0,62,42.7546363718545,0,0,1,1,1,,0,0,0,0,0,,0,,,,0,0,1,,,0,88.2,0,29.4117647058824,3.38139475436598,1,1,0,1,102,0,1,,17559,,,,11.7435601691657,1,Q3,low,low,Q1-Q3,Q1-Q3,,,,,,
1,2810457243,2018-02-10,849.1,2,1,195,51,124,157,0.6,3,46.5,6.5,12173,1826.02150537634,7.5098948384001,0.76468253968254,-0.268294512091103,1,,47.04,,1608.92,1,3460.04301075269,8.14903629882789,1,66.77,0,12173,0,3,41,12173,1,2455,14628,2,4388,6026,12173,14105,14105,1932,14628,1,0,2455,14628,,0,1,4,1,12173,C10AX09,80 MG,C10,C10A,C10AA,C10AA01,81 MG,1,,,1,1,1,,1,,1,,C10AA01,"",,,,,,1,1,,,,,1,0,0,1,1,1,1,1,0,1,0,,0.48,85.63,2,021909bCJ,220.878,0.99,47,129.5,47,119.045,8,12949,12949,47.04,1,3,2,81,1,2,0,0,0,0,0,0,0,0,0,0,0,178,65.5,0,0,0,0,0,0,1,,,,,4,6,,0,1,1,1,0,0,0,1,1,1,0,2,0,243,1,0,0,67,29.1704423511405,0,1,1,1,1,,0,0,0,0,0,,0,,1,1,0,0,0,,,0,119.2,0,64.5161290322581,4.16691525505694,2,1,0,1,94,1,1,15946,13382,14628,41,2455,19.425760695493,0,Q4,high,high,Q1-Q3,Q4,CHF,6.72142368240931,1,0,0,0
1,2810457478,2017-11-13,652.4,2,1,168,49,73,95,1.39,3,98.4,5.4,11654,663.008130081301,6.49678725267674,1.48253968253968,0.393756618843264,1,,19.2,,1148.81,1,1167.48983739837,7.06261128492133,1,57.98,0,11654,0,3,,11654,0,,,1,4402,5652,11654,13680,13680,2026,,0,0,,,,0,0,4,0,11654,C10AA02,20 MG,C10,C10A,C10AA,C10AA02,81 MG,1,,,,1,1,1,,,,,"","",,,,,,,,,,,,1,0,0,0,1,1,1,0,0,0,0,,1.19,31.04,2,012709CJB,370.056,1.51,16,208,16,162.639,8,12956,12956,19.2,1,3,1,81,0,8,0,0,0,0,0,0,0,0,0,0,0,180,67.75,0,0,0,0,0,0,1,,,,,3,7,,0,1,1,0,0,0,0,,1,1,0,2,0,1701,2,0,0,72,27.5714444213573,0,0,1,1,1,,0,0,0,0,0,,0,,,,0,0,0,,,0,104.4,0,30.4878048780488,3.41732676359204,2,0,0,1,50,0,0,,16747,,,,13.260162601626,1,Q1,low,low,Q1-Q3,Q1-Q3,,,,,,
1,2810457519,2018-02-08,988.5,2,1,164,44,200,109,0.89,14.6,103.8,6,11888,952.312138728324,6.85889285786698,1.13418217433888,0.125911839968275,1,,42.9,,993.96,1,957.57225433526,6.86440117965448,1,58.48,0,11888,0,3,,11888,0,,,1,4325,5637,11888,13976,13976,2088,11888,1,1,-7563,4325,,0,0,4,0,11888,C10AX06,1000 MG,C10,C10A,C10AX,C10AX06,81 MG,1,,,1,1,1,1,1,,,1,"","",,,,,,,,,,,,1,0,0,1,1,1,1,1,0,0,1,,1.44,124.4,2,021909CJB,334.682,1.47,46,236.9,46,178.596,8,12700,12700,42.9,1,1,1,81,0,8,0,0,0,0,0,0,0,1,0,0,0,212,70.75,0,0,0,0,0,0,1,,,,,4,8,,0,1,1,0,0,1,0,,1,1,0,2,0,567,1,0,0,75,29.7775241257134,0,0,1,1,1,,0,0,0,0,0,,0,,1,3,1,1,1,,,0,80,1,140.655105973025,4.94631083696464,2,0,0,1,84,0,0,,16481,,,,11.3370492705753,1,Q2,low,low,Q1-Q3,Q1-Q3,,,,,,
1,2810457559,2017-11-23,925.1,2,1,221,53,126,113,1.04,4.7,137.6,5.3,11801,672.311046511628,6.51072110026612,1.22975641869651,0.206816116193015,1,,33.1,,1239.68,1,900.93023255814,6.80342782126743,1,69.42,0,11801,0,3,,11801,0,,,1,4279,5637,11801,14002,14002,2201,,0,0,,,,0,0,4,0,11801,M01AX05,TAB,M01,M01A,M01AX,M01AX25,81 MG,1,1,,,1,1,1,1,,,,M01AX25,"",,1,,,,,,1,,,,1,1,0,0,1,1,1,1,0,0,0,,0.24,86.94,2,013009CJB,342.372,0.82,20,340.6,20,215.474,8,13043,13043,33.1,1,1,1,81,0,8,0,0,0,0,0,0,0,0,0,0,0,150,67.75,0,0,0,0,0,0,1,,,,,4,2,,0,1,1,0,0,0,0,,1,1,0,2,0,567,1,0,0,58,22.9762036844644,0,0,1,1,1,,0,0,0,0,0,,0,,,,0,0,0,,,0,142.8,1,34.156976744186,3.53096686219891,2,0,0,1,79,0,0,,16831,,,,8.5102664115396,1,Q1,low,low,Q1-Q3,Q1-Q3,,,,,,
1,2810457632,2017-12-16,656.1,2,1,138,34,103,116,1.03,3,63.6,5.8,11351,1031.60377358491,6.93886993199285,1.80888888888889,0.592712783238175,0,,49.34,,473.7,1,744.811320754717,6.61313092557172,1,63.62,0,11351,0,3,,11351,0,,,1,4177,,11351,13430,13430,2079,,0,0,,,,0,0,4,0,11351,C09CA01,100 MG,C09,C09C,C09CA,C09CA01,"",,,,,1,,,,,,,"","",,,,,,,,,,,,0,0,0,0,1,0,0,0,0,0,0,,1.71,35.99,2,020509CJB,298.166,2.56,28,163.1,28,152.474,8,12485,12485,49.34,1,1,1,81,0,8,0,0,0,0,0,0,0,0,0,0,0,213,73.25,1,1,0,0,0,0,1,,,,,4,1,,0,1,1,0,0,0,0,,1,1,0,2,0,567,1,0,1,61,27.9106504700447,0,0,1,0,1,,0,0,0,0,0,,0,,,,0,0,0,,,0,83.4,0,47.1698113207547,3.85375409730417,2,0,0,0,78,0,0,,16271,,,,13.2256894049347,1,Q2,low,low,Q1-Q3,Q1-Q3,,,,,,
1,2810458125,2018-02-10,1272.2,2,1,213,52,225,103,0.85,6.9,114,5.4,12513,1115.9649122807,7.0174747018383,1.62128475551294,0.483218893897808,1,,23.48,,1149.05,1,1007.93859649123,6.91566253059651,1,42.98,2,12513,1,2,,12513,0,,,1,4606,5757,12513,,,,15461,1,0,2679,15192,,0,0,3,0,12513,C02CA04,2 MG,C02,C02C,C02CA,C02CA04,81 MG,1,,1,,,,,,,,,"","",,,,,,,,,,,,1,0,1,0,0,0,0,0,0,0,0,,1.09,58.75,2,021909bCJ,346.23,3.6,47,220.5,47,161.51,8,13286,13286,23.48,1,1,1,81,0,8,0,0,0,0,0,0,0,0,0,0,0,214,69.25,0,0,0,0,0,0,1,,,,,5,1,,0,1,1,0,0,0,0,,1,1,0,2,0,567,1,0,0,64,31.3747179645437,0,0,1,0,1,,0,0,0,0,0,,0,,1,1,0,0,0,,,0,116,1,60.5263157894737,4.10307824219086,2,0,0,0,92,0,0,,17067,,,,12.1300533943555,1,Q2,low,low,Q1-Q3,Q1-Q3,,,,,,
1,2810458722,2018-02-17,303.7,2,1,165,74,51,92,0.96,5.1,32.4,5.5,12762,937.345679012346,6.84305213524151,1.95933333333333,0.672604279328616,0,,62.5,,497.63,1,1535.89506172839,7.33686859218651,1,71.94,0,12762,0,3,,12762,0,,,1,4516,5718,12762,,,,,0,0,,,,0,0,4,0,12762,C09AA03,5 MG/10 MG,C10,C10A,C10AA,C10AA05,81 MG,1,,,,1,,,,,,,C10AA05,"",,,,,,1,1,,,,,1,0,0,0,1,1,1,0,0,0,0,,3.41,72.58,2,022009CJB,296.65,3.08,48,275.1,48,146.806,8,13488,13488,62.5,1,1,1,81,0,8,1,1,1,0,0,0,0,0,0,0,0,180,70.75,0,0,1,1,,,1,,,,,3,1,,0,1,1,0,0,0,0,,1,1,2,2,0,567,1,0,1,62,25.2828035029642,1,0,1,1,1,,0,0,0,0,0,,0,,,,0,0,0,,,0,80.8,1,157.407407407407,5.05883739591413,2,0,0,1,84,0,0,,13643,,,,11.1588771310994,1,Q2,low,low,Q1-Q3,Q1-Q3,,,,,,
1,2810461258,2018-01-28,654,2,1,143,48,75,105,0.84,3,109.5,5.7,12302,597.260273972603,6.39235298818873,1.52864864864865,0.424384108944093,1,,37.16,,891.37,1,814.036529680365,6.70200524175281,1,61.35,0,12302,0,3,,12302,0,,,1,4579,5708,12302,14300,14300,1998,,0,0,,,,0,0,4,0,12302,C10AA05,50/25 MG,C03,C03A,C03AA,C03AA03,325 MG,1,,,,,1,1,1,,,,C03AA03,"",,,,,,,,1,,,,1,0,0,0,0,1,1,1,0,0,0,,0.47,171.1,2,021709CJB,381.408,1.68,42,225.9,42,173.938,8,13205,13205,37.16,1,6,2,325,0,8,0,0,0,0,0,0,0,0,0,0,0,164,64.25,0,0,0,0,0,0,1,,,,,7,6,,0,1,1,0,0,0,0,,1,1,0,2,0,1950,2,0,0,66,27.9320748197735,0,0,1,1,1,,0,0,0,0,0,,0,,,,0,0,0,,,0,80,0,27.3972602739726,3.31044301839369,1,0,0,1,91,0,0,,16989,,,,6.56329971398465,1,Q1,low,low,Q1-Q3,Q1-Q3,,,,,,
1,2810461744,2017-11-26,1049.6,2,1,190,40,191,100,0.72,3.7,82.8,5.7,11598,1267.63285024155,7.1449065427867,,,,,34.68,,10,1,12.0772946859903,2.49132721759092,1,73.2,0,11598,0,3,,11598,0,,,2,,6181,11598,13509,13509,1911,,0,0,,,,0,0,4,0,11598,C09CA01,50 MG,C09,C09C,C09CA,C09CA01,"",,,,,1,,,1,,,,"","",,,,,,,,,,,,0,0,0,0,1,0,0,1,0,0,0,,2.87,103.5,2,020309CJB,715.364,2.95,22,196.7,22,123.266,8,12806,12806,34.68,1,2,1,500,0,2,0,0,0,0,0,0,0,0,0,0,0,188,63.25,0,0,0,0,0,0,1,,,,,8,1,,0,1,1,0,0,0,0,1,1,1,0,2,0,7000,2,0,0,62,33.0401798143658,0,0,1,0,1,,0,0,0,0,0,,0,,,,0,0,0,,,0,111.8,0,44.6859903381643,3.7996600372411,2,0,0,0,90,0,1,,16594,,,,14.0848094471283,1,Q3,low,low,Q1-Q3,Q1-Q3,,,,,,
1,2810462128,2017-10-25,1199.2,2,1,178,35,259,120,0.85,6.3,73.3,5.9,11489,1636.01637107776,7.40001952388387,1.25404858299595,0.226377183881275,1,,54.5,,741.3,1,1011.32332878581,6.91901497875816,1,67.22,0,11489,0,3,,11489,0,,,1,4361,5692,11489,,,,13708,1,0,670,12159,,0,0,4,0,11489,C07AA12,2.5 MG,C07,C07A,C07AA,C07AA12,"",,,1,1,,,,1,,,,"","",,,,,,,,,,,,0,0,1,1,0,0,0,1,0,0,0,,6.01,173.4,2,012209CJB,331.33,2.16,12,142.9,12,112.005,8,12855,12855,54.5,1,1,1,81,0,8,0,0,0,0,1,0,0,0,0,0,0,264,70.25,0,0,0,0,0,0,1,,,,,5,2,,0,1,1,0,0,0,0,,1,1,0,2,1,567,1,0,0,72,37.6111733594017,0,0,1,0,1,,0,0,0,0,0,,0,,1,1,0,0,1,,,0,91.2,1,85.9481582537517,4.45374430348702,2,0,0,0,87,0,1,14418,,14418,29,2929,18.804785874457,0,Q3,high,high,Q1-Q3,Q1-Q3,Death,8.01916495550993,1,0,0,0
1,2810462260,2018-02-10,1285.9,2,1,210,70,136,109,0.63,35.9,74.3,5.3,13092,1730.6864064603,7.45627337554077,1.81879194630872,0.598172514934242,0,,46.58,,1013.73,1,1364.37415881561,7.21845111076942,1,63.19,0,13092,0,3,,13092,0,,,2,4514,5812,13092,,,,15281,1,0,2153,15245,,0,0,4,0,13092,C07AB03,100 MG,C07,C07A,C07AB,C07AB03,81 MG,1,,,1,,,,1,,,,"","",,,,,,,,,,,,1,0,0,1,0,0,0,1,0,0,0,,0.52,97.8,2,021909bCJ,204.968,1.47,47,188.8,47,157.933,8,13859,13859,46.58,1,1,1,81,0,2,0,0,0,0,0,0,0,0,0,0,0,133,64,0,0,0,0,0,0,1,,,,,8,6,,0,1,1,0,0,0,0,1,1,1,0,2,0,567,1,0,0,75,22.8295476122202,0,0,1,0,1,,0,0,0,0,0,,0,,1,4,0,0,1,,,0,112.8,1,483.176312247645,6.18038162275266,3,0,0,0,88,1,1,,17369,,,,19.6668909825034,1,Q4,high,high,Q1-Q3,Q4,,,,,,
1,2810465336,2017-10-01,391.4,2,1,133,52,79,109,1.28,3,57.4,5.5,11589,681.881533101045,6.52485593762455,2.80529706513959,1.03150943894267,0,,40.18,,298.52,1,520.06968641115,6.25396281492576,1,50.71,1,11589,1,2,1,11589,0,,,1,4438,5649,11589,13658,13658,2069,,0,0,,,,0,0,3,0,11589,C10AX06,1000 MG,C10,C10A,C10AX,C10AX06,325 MG,1,,,1,,1,1,,,,,"","",,,,,,,,,,,,1,0,0,1,0,1,1,0,0,0,0,,1.31,68.41,2,012009CJB,309.89,1.38,9,154.2,9,111.9,8,13002,13002,40.18,0,1,1,325,0,8,0,0,0,0,0,0,0,0,0,0,0,153,68,0,0,0,0,0,0,1,,,,,3,7,,0,1,0,0,0,0,0,,1,1,0,2,0,2275,2,0,0,67,23.2637229980342,0,0,0,1,0,,0,0,0,0,1,2779,0,,,,0,0,0,,,0,65.2,0,52.2648083623693,3.95632326432473,2,0,0,1,58,0,0,,16794,2779,1,5205,11.7565781569146,1,Q1,low,low,Q1-Q3,Q1-Q3,MI,14.2505133470226,1,1,1,0
1,2810465976,2018-01-06,730.5,2,1,223,55,139,103,1.15,3,56.2,5.2,12336,1299.82206405694,7.1699826602792,2.08685714285714,0.735659174797299,0,,59.34,,475.41,1,845.925266903915,6.74043101871127,1,62.92,0,12336,0,3,,12336,0,,,1,4616,5756,12336,14353,14353,2017,,0,0,,,,0,0,4,0,12336,B01AC06,81 MG,B01,B01A,B01AC,B01AC06,81 MG,1,,,,,,,,,,,"","",,,,,,,,,,,,1,0,0,0,0,0,0,0,0,0,0,,0.95,77.96,2,021109CJB,456.602,1.11,35,240,35,188.142,8,13368,13368,59.34,0,3,2,81,0,8,0,0,0,0,0,0,0,0,0,0,0,182,71.25,0,0,0,0,0,0,1,,,,,7,7,,0,1,0,0,0,0,0,,1,1,0,2,0,243,1,0,0,69,25.2061933486748,0,0,0,0,0,,0,0,0,0,0,,0,,,,0,0,0,,,0,140.2,0,53.3807829181495,3.9774508107506,2,0,0,0,65,0,1,,17153,,,,19.9972625239529,1,Q3,low,high,Q1-Q3,Q1-Q3,,,,,,
7,2810466219,2017-08-12,1760.5,2,1,147,49,58,99,1.08,3,224.6,5.9,3213,783.837934105076,6.66420228227886,2.47066492829205,0.904487316149271,0,0.8,38.98,39.4,958.2,2,426.625111308994,6.05590566813277,1,67.22,0,3213,0,3,,3213,0,,,1,3213,5200,,,5200,1987,,0,0,,,,0,0,4,0,3213,C10AX09,10 MG,C10,C10A,C10AA,C10AA01,81 MG,1,,,,,1,,,,,,C10AA01,"",,,,,,1,1,,,,,1,0,0,0,0,1,1,0,0,0,0,,0.16,31.83,2,122908CJB,439.606,1.75,2,131.4,2,142.9,3,,,38.98,0,1,1,81,0,,0,0,0,0,0,0,,,,,0,152,67.25,0,0,0,0,0,0,,,1,,,8,6,,0,1,0,0,,,0,,2,3,0,2,0,567,1,0,0,66,23.630049056646,0,0,0,1,0,,0,0,0,0,0,,0,,,,0,0,0,,,0,86.4,0,13.3570792520036,2.5920465253459,1,0,0,1,71,0,0,,7810,,,,11.0399709028884,1,Q1,low,low,Q1-Q3,Q1-Q3,,,,,,
1,2810466430,2017-11-21,534.6,2,1,274,70,129,106,0.77,3,56.8,5.7,12372,941.197183098592,6.8471526639658,3.97476066144474,1.37996453533624,0,,31.32,,1114.66,1,1962.42957746479,7.58193856491834,1,,0,12372,,,,12372,0,,,2,4859,5824,12372,14455,14455,2083,,0,0,,,,0,0,,0,12372,C10AX06,1200 MG,C10,C10A,C10AX,C10AX06,"",,,,,,1,,,,,,"","",,,,,,,,,,,,0,0,0,0,0,1,0,0,0,0,0,,2.22,76.41,2,012709bCJ,377.454,1.42,18,192.9,18,125.619,8,13647,13647,31.32,0,1,1,81,0,2,0,0,0,0,0,0,0,0,0,0,0,134,61.75,0,0,0,0,0,0,1,,,,,7,0,,0,1,0,0,0,0,0,1,1,1,0,2,0,567,1,0,0,60,24.7079371045759,0,0,0,0,0,,0,0,0,0,0,,0,,,,0,0,0,,,0,178.2,0,52.8169014084507,3.96683124192314,2,0,1,0,84,0,0,,17438,,,,11.2047283702213,1,Q2,low,low,Q1-Q3,Q1-Q3,,,,,,
1,2810466938,2017-10-22,989.9,2,1,216,59,74,102,0.83,5.2,72.4,5.8,11568,1367.26519337017,7.22056781452218,1.94144144144144,0.663430708231468,0,,30.12,,1090.42,1,1506.10497237569,7.31728210870342,1,55.89,0,11568,0,3,,11568,0,,,1,4365,5656,11568,13633,13633,2065,,0,0,,,,0,0,4,0,11568,M01AE01,200 MG,M01,M01A,M01AE,M01AE01,81 MG,1,1,,,,,,,,,,"","",,,,,,,,,,,,1,1,0,0,0,0,0,0,0,0,0,,1.49,50.08,2,012109CJB,359.536,0.99,11,231.2,11,157.323,8,12953,12953,30.12,0,1,1,81,0,8,0,0,0,0,0,0,0,0,0,0,0,184,68.5,0,0,0,0,0,0,1,,,,,7,7,,0,1,0,0,0,0,0,,1,1,0,2,0,567,1,0,0,70,27.5703508410587,0,0,0,0,0,,0,0,0,0,0,,0,,,,0,0,0,,,0,142.2,1,71.8232044198895,4.27420760517785,2,0,0,0,89,0,1,16329,,16329,28,4761,15.3625302625861,0,Q3,high,low,Q1-Q3,Q1-Q3,Death,13.0349075975359,1,1,1,0
1,2810467372,2017-11-18,267.7,2,1,239,98,68,90,0.89,3,46.6,5.6,12286,574.463519313305,6.3534365953828,2.61271676300578,0.960390585334452,0,,48.46,,498.31,1,1069.3347639485,6.97479201817447,1,67.3,0,12286,0,3,,12286,0,,,2,5226,6409,12286,15004,15004,2718,,0,0,,,,0,0,4,0,12286,B01AC06,81 MG,B01,B01A,B01AC,B01AC06,81 MG,1,,,,,,,,,,,"","",,,,,,,,,,,,1,0,0,0,0,0,0,0,0,0,0,,0.6,26.4,2,012909CJB,290.204,1.06,19,128.8,19,128.772,8,13534,13534,48.46,0,1,1,81,0,2,0,0,0,0,0,0,0,0,0,0,0,177,69,0,0,0,0,0,0,1,,,,,8,6,,0,1,0,0,0,0,0,1,1,1,0,2,0,567,1,0,0,60,26.1385021824864,0,0,0,0,0,,0,0,0,0,0,,0,,,,0,0,0,,,0,127.4,0,64.3776824034335,4.16476702651865,2,0,0,0,70,0,0,,17325,,,,8.20662170447578,1,Q1,low,low,Q1-Q3,Q1-Q3,,,,,,
1,2810467608,2017-10-01,1248.9,2,1,116,56,50,106,0.94,3.7,140.5,5.6,11442,888.896797153025,6.78998114008333,1.34785568413887,0.298514947514704,1,,34.98,,1305.95,1,929.501779359431,6.83464872147858,1,71.95,0,11442,0,3,,11442,0,,,1,4347,5712,11442,,,,,0,0,,,,0,0,4,0,11442,C10AA05,20 MG,C10,C10A,C10AA,C10AA05,325 MG,1,,,,1,1,1,,,,,"","",,,,,,,,,,,,1,0,0,0,1,1,1,0,0,0,0,,0.53,125.1,2,012009CJB,388.414,1.51,9,128.9,9,112.605,8,12857,12857,34.98,1,1,1,325,0,8,0,0,0,0,0,0,0,0,0,1,0,158,64,0,0,0,0,0,0,1,,,,,3,5,,0,0,1,0,1,0,0,,1,1,0,,0,2275,2,0,0,74,27.1208159603819,0,0,1,1,1,140,0,1,1,0,0,,0,,,,0,0,1,,,0,50,0,26.3345195729537,3.27088060985852,1,0,0,1,80,0,0,13480,,8203,11,,11.1112099644128,1,Q2,low,low,Q1-Q3,Q1-Q3,Atherothrombotic Infarction of Brain,,,,,
1,2810468800,2018-01-26,428.5,2,1,171,47,94,96,0.64,3,43.1,5.4,12071,994.199535962877,6.90193792691622,,,,,31.68,,471.79,1,1094.6403712297,6.99818116020555,1,69.48,0,12071,0,3,,12071,0,,,2,4907,5892,12071,14044,14044,1973,,0,0,,,,0,0,4,0,12071,M01AX25,1200 MG,M01,M01A,M01AX,M01AX25,325 MG,1,1,,,,,,,,,,"","",,,,,,,,,,,,1,1,0,0,0,0,0,0,0,0,0,,2.33,63.14,2,021409CJB,279.84,0.93,41,233.2,41,142.081,8,13003,13003,31.68,0,1,1,325,0,2,0,0,0,0,0,0,0,0,0,0,0,165,62.5,0,0,0,0,0,0,1,,,,,7,2,,0,1,0,0,0,0,0,1,1,1,0,2,0,2275,2,0,0,73,29.6981585963172,0,0,0,0,0,,0,0,0,0,0,,0,,,,0,0,1,,,0,105.2,0,69.6055684454757,4.24284457054054,2,0,0,0,89,0,0,,16787,,,,11.1707813029537,1,Q2,low,low,Q1-Q3,Q1-Q3,,,,,,
1,2810470848,2017-12-23,852.8,2,1,159,93,52,103,1.25,3,141.1,5.4,12168,604.394046775337,6.4042263805409,1.13424821002387,0.125970061446401,1,,40.48,,1493.95,1,1058.78809355067,6.96488022505991,1,60.95,0,12168,0,3,,12168,0,,,1,,5754,12168,14292,14292,2124,14413,1,0,603,12771,,0,0,4,0,12168,C10AA02,20 MG,C10,C10A,C10AA,C10AA02,81 MG,1,,,,1,1,1,,,,,"","",,,,,,,,,,,,1,0,0,0,1,1,1,0,0,0,0,,0.44,70.93,2,020609CJB,344.326,0.75,30,170.9,30,105.193,8,13269,13269,40.48,1,1,1,81,0,8,0,0,0,0,0,0,0,0,0,0,0,183,70.75,0,0,0,0,0,0,1,,,,,8,1,,0,1,1,0,0,0,0,,1,1,0,2,0,567,1,0,0,65,25.7041835613469,0,0,1,1,1,,0,0,0,0,0,,0,,1,1,0,0,1,,,0,55.6,0,21.2615166548547,3.05689870879148,1,0,0,1,60,0,0,14427,,14427,28,2259,10.0732341129223,0,Q1,low,low,Q1-Q3,Q1-Q3,Death,6.18480492813142,1,0,0,0
7,2810471173,2017-08-10,3032.5,2,1,177,52,73,94,0.79,26.9,244,6.1,3232,1242.82786885246,7.1251446015131,1.40163191296464,0.337637209893865,1,3.3,30.1,31.52,1195.26,2,489.860655737705,6.19412097461664,1,72.28,0,3232,0,3,,3232,0,,,1,3232,5009,,,5009,1777,,0,0,,,,0,0,4,0,3232,C10AX06,1000 MG,C10,C10A,C10AX,C10AX06,81 MG,1,,,,,1,,,,,,"","",,,,,,,,,,,,1,0,0,0,0,1,0,0,0,0,0,,3.59,68.13,2,122208CJB,247.554,3.34,1,67.4,1,80.929,3,,,30.1,0,1,1,81,0,,0,0,0,0,0,0,,,,,0,211,70.75,0,0,0,0,0,0,,1,,,,4,1,,0,1,0,0,,,0,,2,2,0,2,0,567,1,0,0,60,29.6370641062525,0,0,0,0,0,,0,0,0,0,0,,0,,,,0,0,0,,,0,110.4,1,110.245901639344,4.70271334029673,2,0,1,0,113,0,1,,7894,,,,10.9984767155085,1,Q3,low,low,Q1-Q3,Q1-Q3,,,,,,
1,2810471283,2017-10-30,1358.4,2,1,156,53,87,148,0.86,3.1,54.6,6.3,12350,2487.91208791209,7.81919911879432,1.17182130584192,0.158559210112024,1,,33.98,,1462.71,1,2678.95604395604,7.89318246177881,1,,0,12350,,,41,12350,1,1774,14124,1,4502,5814,12350,14650,14650,2300,15530,1,0,1774,14124,,0,1,,1,12350,C10AA05,10 MG,C10,C10A,C10AA,C10AA05,"",,,,,,1,1,,,1,,"","",,,,,,,,,,,,0,0,0,0,0,1,1,0,0,1,0,,2.55,68.76,2,012309CJB,601.446,6.14,14,219.6,14,141.89,8,13687,13687,33.98,0,1,1,325,1,8,0,0,0,0,0,0,0,0,0,0,0,192,70.5,0,0,0,0,0,0,1,,,,,5,8,,0,1,0,1,0,0,0,,1,1,0,2,0,2275,2,0,0,68,27.1599275656677,0,1,0,1,0,,0,0,0,0,0,,0,,1,1,0,0,1,,,0,85.6,0,56.7765567765568,4.03912350772238,2,1,0,1,89,1,1,16741,,11818,30,,27.9540684035066,1,Q4,high,high,Q4,Q4,IC,,,,,
1,2810471575,2018-02-03,789.7,2,1,141,48,52,99,0.93,3,65.6,5.4,12707,1203.81097560976,7.09324761654158,1.39123102866779,0.330188987336956,1,,41.82,,216.91,1,330.655487804878,5.80107701100359,1,66.29,0,12707,0,3,,12707,0,,,2,4550,5781,12707,14322,14322,1615,,0,0,,,,0,0,4,0,12707,C10AX06,2400 MG,C10,C10A,C10AX,C10AX06,81 MG,1,,1,1,,1,1,,,,,"","",,,,,,,,,,,,1,0,1,1,0,1,1,0,0,0,0,,0.28,24.77,2,021809bCJ,264.65,0.82,45,125.1,45,100.926,8,13544,13544,41.82,1,1,1,81,0,2,0,0,0,0,0,0,0,0,0,0,0,123,64,0,0,0,0,0,0,1,,,,,7,2,,0,1,1,0,0,0,0,1,1,1,0,2,0,567,1,0,0,62,21.1130402729555,0,0,1,1,1,,0,0,0,0,0,,0,,,,0,0,0,,,0,82.6,0,45.7317073170732,3.8227918717002,2,0,0,1,66,0,1,,17325,,,,18.2395602365115,1,Q3,low,high,Q1-Q3,Q1-Q3,,,,,,
1,2810472324,2017-08-30,3561.5,2,1,155,60,102,108,0.74,73.1,79.7,5.3,11729,4468.63237139272,8.40483768361033,3.38490926456543,1.21932710085443,0,,32.4,,1614.52,1,2025.74654956085,7.61369357804967,1,63.06,0,11729,0,3,,11729,0,,,1,4566,5712,11729,13939,13939,2210,14195,1,0,2466,14195,,0,0,4,0,11729,C09AA03,60 MG,C09,C09A,C09AA,C09AA03,81 MG,1,,,1,1,,,,,,,"","",,,,,,,,,,,,1,0,0,1,1,0,0,0,0,0,0,,1.31,80.71,2,011209CJB,516.822,11.65,3,207.8,3,130.82,8,13274,13274,32.4,1,1,1,81,1,8,0,0,0,0,0,0,0,0,0,0,0,218,67,0,0,0,0,0,0,1,,,,,4,2,,0,1,1,1,0,0,0,,1,1,0,2,0,567,1,0,0,70,34.1438508673409,0,0,1,0,1,,0,0,0,0,0,,0,,1,1,0,0,0,,,0,74.6,1,917.189460476788,6.8213140599417,3,0,0,0,93,1,1,14205,,14205,27,2476,48.049810445083,0,Q4,high,high,Q4,Q4,,6.77891854893908,1,0,0,0
1,2810473325,2017-10-07,1297.9,2,1,225,65,170,108,1.02,3,101.4,5.5,12167,1279.98027613412,7.15459994752472,1.28571428571429,0.251314428280906,1,,65.7,,794.14,1,783.175542406312,6.66335686295331,1,70.71,0,12167,0,3,,12167,0,,,1,4564,5789,12167,14239,14239,2072,,0,0,,,,0,0,4,0,12167,M01AX25,600 MG,M01,M01A,M01AX,M01AX25,81 MG,1,1,,,1,,,,,,,"","",,,,,,,,,,,,1,1,0,0,1,0,0,0,0,0,0,,4.17,52.01,2,012009CJB,453.932,7.21,10,186.4,10,140.842,8,13568,13568,65.7,1,1,1,81,0,8,0,0,0,0,0,0,0,0,0,0,0,182,66.25,0,0,0,0,0,0,1,,,,,4,6,,0,1,1,0,0,0,0,,1,1,0,2,0,567,1,0,0,79,29.1544756816819,0,0,1,0,1,,0,0,0,0,0,,0,,,,0,0,1,,,0,126,0,29.585798816568,3.38729447649316,1,0,0,0,70,0,1,,17360,,,,18.2854325162018,1,Q3,low,high,Q1-Q3,Q1-Q3,,,,,,
1,2810473501,2017-12-23,304.5,2,1,192,57,161,116,0.79,3.8,25.3,5.9,11642,1203.55731225296,7.09303687740457,2.8035034272658,1.03086985907623,0,,52.2,,228.62,1,903.636363636364,6.80642702685225,1,,0,11642,,,,11642,0,,,2,4348,5634,11642,13614,13614,1972,,0,0,,,,0,0,,0,11642,C10AA05,5 MG,C09,C09A,C09AA,C09AA07,81 MG,1,,,1,1,1,1,,,,,C09AA07,"",,,,,1,,,,,,,1,0,0,1,1,1,1,0,0,0,0,,0.83,115.7,2,020609CJB,,,30,190.8,30,115.397,8,12741,12741,52.2,1,1,1,81,0,2,0,0,0,0,0,0,0,0,0,0,0,153,62.25,0,0,0,0,0,0,1,,,,,2,0,,0,1,1,0,0,0,0,1,1,1,0,2,0,567,1,0,0,85,27.7599277799804,0,0,1,1,1,,0,0,0,0,0,,0,,,,0,0,1,,,0,102.8,0,150.197628458498,5.011951949981,2,0,0,1,68,0,1,,16527,,,,17.6993722390142,1,Q3,low,low,Q1-Q3,Q1-Q3,,,,,,
1,2810474186,2018-01-14,2836.8,2,1,107,27,83,126,0.89,3,96.3,6,12359,2945.79439252336,7.98813380250396,1.94191176470588,0.663672933567034,0,,24.66,,1065.29,1,1106.22014537902,7.00870420872998,1,61.73,0,12359,0,3,,12359,0,,,1,4565,5716,12359,,,,,0,0,,,,0,0,4,0,12359,C10AA05,10 MG,C10,C10A,C10AA,C10AA05,325 MG,1,,,1,1,1,1,,,,,"","",,,,,,,,,,,,1,0,0,1,1,1,1,0,0,0,0,,0.44,69.15,2,021409CJB,375.082,2.4,41,148.1,41,133.254,8,13297,13297,24.66,1,1,1,325,0,8,0,0,0,0,0,0,0,0,0,0,0,169,65.5,0,0,0,0,0,0,1,,,,,3,6,,0,1,1,0,0,0,0,,1,1,0,2,0,2275,2,0,0,81,27.6955323446222,0,0,1,1,1,141,0,1,0,1,0,,0,,,,0,0,1,1,9471,1,63.4,0,31.1526479750779,3.43889924884617,2,0,0,1,80,1,1,14604,,7021,6,,36.8224299065421,1,Q4,high,high,Q4,Q4,Angina,,,,,
1,2810474201,2017-12-31,1166.4,2,1,189,51,68,106,0.96,3,117.2,5.7,11790,995.221843003413,6.90296567009957,,,,,47.92,,1007.68,1,859.795221843003,6.75669424675784,1,55.5,1,11790,0,3,2,11790,0,,,1,4313,5700,11790,13747,13747,1957,,0,0,,,,0,0,4,0,11790,B01AC06,81 MG,B01,B01A,B01AC,B01AC06,81 MG,1,,,,,,,,,,,"","",,,,,,,,,,,,1,0,0,0,0,0,0,0,0,0,0,,3.5,38.94,2,021009CJB,403.946,2.44,33,253.8,33,177.196,8,12847,12847,47.92,0,1,1,81,0,8,0,0,0,0,0,0,0,0,0,0,0,178,68.5,0,0,0,0,0,0,1,,,,,,6,,0,1,0,0,0,0,0,,1,1,0,2,0,567,1,0,0,76,26.6713176614589,0,0,0,0,0,140,0,1,1,0,1,5778,0,,,,0,0,1,,,0,124.4,0,25.5972696245734,3.24248569050733,1,0,0,0,76,0,0,,16606,5778,2,4816,13.0950242500449,0,Q2,low,low,Q1-Q3,Q1-Q3,MI,13.1854893908282,1,1,1,0
1,2810475459,2017-09-13,1342.5,2,1,203,28,313,105,0.91,4.8,176.4,5.5,12174,761.054421768708,6.63470486879842,1.08577555396712,0.0822945279302915,1,,43.34,,979.54,1,555.294784580499,6.319499116128,1,65.88,0,12174,0,3,,12174,0,,,1,4594,5791,12174,14464,14464,2290,,0,0,,,,0,0,4,0,12174,C07AB03,25 MG,C07,C07A,C07AB,C07AB03,81 MG,1,,1,1,,,,,,,,"","",,,,,,,,,,,,1,0,1,1,0,0,0,0,0,0,0,,0.91,53.6,2,011409CJB,183.752,2.69,6,353.6,6,203.299,8,13644,13644,43.34,1,1,1,81,0,8,0,0,0,0,0,0,0,0,0,0,0,197,68.25,0,0,0,0,0,0,1,,,,,4,7,,0,0,1,0,0,0,0,,1,1,0,,0,567,1,0,0,67,29.7349030877267,0,0,1,0,1,,0,0,0,0,0,,0,,,,0,0,0,,,0,112.4,1,27.2108843537415,3.30361705332329,1,0,0,0,87,0,0,,17437,,,,8.74775197435296,1,Q1,low,low,Q1-Q3,Q1-Q3,,,,,,
1,2810475611,2017-10-22,2513.8,2,1,230,51,73,97,0.87,4,177.6,5.7,12408,1415.42792792793,7.25518718692076,1.9826435246996,0.684431067719581,0,,23.72,,1695.26,1,954.538288288288,6.86122775581156,1,65.38,0,12408,0,3,1,12408,0,,,2,4469,5810,12408,14521,14521,2113,,0,0,,,,0,0,4,0,12408,M01AE01,200 MG,M01,M01A,M01AE,M01AE01,81 MG,1,1,,,,,,,,,,"","",,,,,,,,,,,,1,1,0,0,0,0,0,0,0,0,0,,0.49,98.14,2,012109CJB,386.636,1.72,11,184.7,11,142.157,8,13800,13800,23.72,2,1,2,81,0,2,0,0,0,0,0,0,0,0,0,0,0,148,65.25,0,0,0,0,0,0,1,,,,,8,8,,0,1,1,0,0,0,0,1,1,1,0,2,0,81,1,0,0,69,24.4402866927018,0,0,0,0,1,141,0,1,1,1,1,14739,0,,,,0,0,1,,,0,164.4,1,22.5225225225225,3.11451580954396,1,0,0,0,68,0,1,,17592,14739,1,5184,20.8151165871754,1,Q3,high,high,Q1-Q3,Q1-Q3,MI,14.1930184804928,1,1,1,0
7,2810475629,2018-11-24,7608.9,2,1,190,89,64,92,1.13,544.6,147.4,5.6,4676,5162.07598371778,8.54909409999157,2.78496240601504,1.02423437455027,0,2.4,23.9,24.74,1580.03,2,1071.93351424695,6.97721931941538,1,66.01,0,4676,0,3,12,4676,0,,,2,4676,6867,,,6867,2191,,0,0,,,,0,0,4,0,4676,C09AA03,20 MG,C09,C09A,C09AA,C09AA03,81 MG,1,,,1,1,,,,,,,"","",,,,,,,,,,,,1,0,0,1,1,0,0,0,0,0,0,,5.91,60.36,2,123008CJB,245.802,1.31,3,181.8,3,104.403,3,,,23.9,1,1,1,81,0,,0,0,0,0,0,0,,,,,0,164,64.75,0,0,0,0,0,0,1,1,,,,6,3,,0,1,1,0,,,0,,1,1,0,2,0,567,1,0,0,71,27.5023569978268,0,0,1,0,1,,0,0,0,0,0,,1,1840,,,0,0,0,,,0,88.2,1,3694.70827679783,8.21465687946656,3,0,0,0,49,1,1,,8914,1840,12,4238,105.348489463628,0,Q4,high,high,Q4,Q4,TIA,11.6030116358658,1,1,0,0
1,2810476759,2018-01-28,480.4,2,1,177,56,69,96,0.77,3,46.1,5.6,12347,1042.08242950108,6.94897632619132,2.28544949026877,0.826562718466155,0,,49.8,,320.93,1,696.160520607375,6.54558026679928,1,64.91,0,12347,0,3,,12347,0,,,2,4577,5722,12347,14401,14401,2054,,0,0,,,,0,0,4,0,12347,M01AX25,25 MG,M01,M01A,M01AX,M01AX25,81 MG,1,1,,1,,,,,,,,"","",,,,,,,,,,,,1,1,0,1,0,0,0,0,0,0,0,,0.51,37.65,2,021809CJB,463.364,0.94,43,262.1,43,170.041,8,13236,13236,49.8,0,1,1,81,0,2,0,0,0,0,0,0,0,0,0,0,0,170,65.25,0,0,0,0,0,0,1,,,,,3,8,,0,1,0,0,0,0,0,1,1,1,0,2,0,567,1,0,0,68,28.0733022821575,0,0,0,0,0,,0,0,0,0,0,,0,,,,0,0,0,,,0,107.2,0,65.0759219088937,4.17555461764764,2,0,0,0,79,0,0,,17017,,,,13.1909168291277,1,Q2,low,low,Q1-Q3,Q1-Q3,,,,,,
1,2810476810,2017-08-29,1161.3,2,1,156,38,99,108,0.97,24.2,185.9,5.7,12168,624.690693921463,6.43725663751241,2.22415795586527,0.799378397187016,0,,41.88,,1455.13,1,782.748789671867,6.66281181395411,1,59.1,0,12168,0,3,41,12168,1,5124,17292,1,4806,5782,12168,,,,,0,0,,,,0,1,4,1,12168,C10AX09,10 MG,C10,C10A,C10AA,C10AA01,81 MG,1,,,1,1,1,,,,,,C10AA01,"",,,,,,1,1,,,,,1,0,0,1,1,1,1,0,0,0,0,,11.02,68.3,2,010909CJB,,,2,209.9,2,137.36,8,13734,13734,41.88,1,2,1,81,0,8,1,0,0,78,0,0,0,0,0,0,0,162,,0,0,0,0,0,0,1,,,,,3,6,,0,1,1,0,0,0,0,,1,1,1,2,0,1134,2,0,0,81,,0,0,1,1,1,,0,0,0,0,0,,0,,,,0,0,1,,,0,98.2,1,130.177514792899,4.86889901741738,2,0,0,1,73,0,0,17300,,17292,41,,8.55740676604744,1,Q1,low,low,Q1-Q3,Q1-Q3,CHF,,,,,
1,2810477064,2018-01-13,591.9,2,1,222,68,43,98,0.76,3,74.4,5.3,12268,795.564516129032,6.67905194584573,2.15486725663717,0.767729123810304,0,,31,,612.13,1,822.755376344086,6.71265892240445,1,68.49,0,12268,0,3,,12268,0,,,2,,5863,12268,14227,14227,1959,,0,0,,,,0,0,4,0,12268,M01AX25,400 MG,M01,M01A,M01AX,M01AX25,81 MG,1,1,,,,1,1,,,,,"","",,,,,,,,,,,,1,1,0,0,0,1,1,0,0,0,0,,1.65,38.24,2,021309CJB,412.906,0.95,39,206.5,39,152.417,8,13227,13227,31,0,1,1,81,0,2,0,0,0,0,0,0,0,0,0,0,0,157,68.75,0,0,0,0,0,0,1,,,,,7,8,,0,1,0,0,0,0,0,1,1,1,0,2,0,567,1,0,0,53,23.3539238648725,0,0,0,1,0,,0,0,0,0,0,,0,,,,0,0,0,,,0,145.4,0,40.3225806451613,3.6969116258112,2,0,0,1,90,0,0,,17011,9697,11,4743,8.83960573476703,0,Q1,low,low,Q1-Q3,Q1-Q3,Atherothrombotic Infarction of Brain,12.9856262833676,1,1,1,0
1,2810478056,2017-11-23,2137.8,2,1,176,36,127,127,1.49,6.1,94,6.1,11489,2274.25531914894,7.72940794555793,1.58600148920328,0.461216062180233,1,,33.42,,586.19,1,623.606382978724,6.43551937282515,1,55.36,0,11489,0,3,40,11489,1,2309,13798,1,4343,5652,11489,13604,13604,2115,10734,1,1,-755,10734,,0,1,4,1,11489,C10AA02,5-20 MG,C09,C09A,C09AA,C09AA07,81 MG,1,,,1,1,1,1,1,,,1,C09AA07,"",,,,,1,,,1,,,,1,0,0,1,1,1,1,1,0,0,1,,3.28,77.6,2,020209CJB,389.794,2.99,21,219.4,21,161.734,8,12719,12719,33.42,1,2,2,81,0,8,0,0,0,0,0,0,0,1,0,0,2,217,69.75,0,0,0,0,0,0,1,,,,,4,6,,0,1,1,0,0,1,1,,1,1,0,2,0,162,1,1,0,84,31.3600627201254,0,0,1,1,1,,0,0,0,0,0,,0,,1,2,1,0,1,,,0,114.6,1,64.8936170212766,4.1727492678914,2,1,0,1,42,1,1,14227,,13798,40,,54.1489361702128,1,Q4,high,high,Q4,Q4,CHF,,,,,
1,2810479404,2017-10-25,2870.7,2,1,180,58,127,96,0.78,3.4,97.4,5.6,11536,2947.33059548255,7.98865515679293,,,,,38.5,,1694.19,1,1739.41478439425,7.46130400482878,1,69.2,0,11536,0,3,,11536,0,,,2,4365,5677,11536,,,,,0,0,,,,0,0,4,0,11536,M01AE01,600 MG,M01,M01A,M01AE,M01AE01,325 MG,1,1,,,,1,1,1,,,,"","",,,,,,,,,,,,1,1,0,0,0,1,1,1,0,0,0,,2.74,49.04,2,012209CJB,249.854,1.93,12,184.9,12,129.667,8,12911,12911,38.5,1,3,2,325,0,2,0,0,0,0,0,0,0,0,1,0,1,156,61.25,0,0,0,0,0,0,1,,,,,3,6,,0,1,1,0,0,0,1,1,1,1,0,2,0,975,2,1,0,80,29.2360048276948,0,0,1,1,1,,0,0,0,0,0,,0,,,,0,0,0,,,0,96.6,0,34.9075975359343,3.55270449995576,2,0,0,1,72,1,1,15517,,11073,30,,40.9351471594798,1,Q4,high,high,Q4,Q4,IC,,,,,
1,2810479635,2017-12-14,960.6,2,1,133,34,62,101,1.21,3,110.7,5.6,11328,867.750677506775,6.76590443550423,2.16013628620102,0.770171315169075,0,,31.24,,962.57,1,869.530261969286,6.76795313706367,1,64.26,0,11328,0,3,2,11328,0,,,1,4294,5648,11328,,,,11730,1,0,402,11730,,0,0,4,0,11328,C10AA05,10 MG,C10,C10A,C10AA,C10AA05,81 MG,1,,,1,1,1,1,,,,,"","",,,,,,,,,,,,1,0,0,1,1,1,1,0,0,0,0,,5.82,21.01,2,020309bCJ,328.974,1.61,24,94.2,24,143.062,8,12515,12515,31.24,1,1,1,81,0,8,0,0,0,0,0,0,0,0,0,1,0,175,66.25,0,0,0,0,0,0,1,,,,,3,2,,1,0,1,0,1,0,0,,1,1,0,1,0,567,1,0,0,80,28.0331496939249,0,0,1,1,1,141,0,1,1,1,1,9522,0,,1,1,0,0,0,,,0,86.6,0,27.10027100271,3.29954372793566,1,0,0,1,56,0,0,,16303,9522,2,4975,15.495547812621,0,Q2,low,low,Q1-Q3,Q1-Q3,MI,13.6208076659822,1,1,1,0
1,2810479724,2017-10-25,569.8,2,1,157,54,147,122,0.76,11.8,48,5.8,12251,1187.08333333333,7.07925459714401,1.44682752457551,0.36937324536571,1,,24.08,,1719.28,1,3581.83333333333,8.18363005259715,1,75.56,0,12251,0,3,,12251,0,,,2,4564,5785,12251,,,,,0,0,,,,0,0,4,0,12251,C10AA05,40 MG,C10,C10A,C10AA,C10AA05,325 MG,1,,,,,1,1,,,,,"","",,,,,,,,,,,,1,0,0,0,0,1,1,0,0,0,0,,5.86,90.8,2,012209CJB,337.542,3.42,12,224.8,12,146.777,8,13625,13625,24.08,1,1,1,325,0,2,0,0,0,0,0,0,0,0,0,0,1,130,59.25,0,0,0,0,0,0,1,,,,,3,0,,0,1,1,0,0,0,1,1,1,1,0,2,0,2275,2,1,0,76,26.0358796634914,0,0,1,1,1,,0,0,0,0,0,,0,,,,0,0,0,,,0,73.6,1,245.833333333333,5.50465379954587,2,0,0,1,76,0,1,16630,,16630,28,4379,15.6195175438597,0,Q3,low,low,Q1-Q3,Q1-Q3,Death,11.9890485968515,1,1,0,0
1,2810480174,2017-09-23,1649.9,2,1,159,53,127,115,0.61,3.9,32.7,5.9,11792,5045.56574923547,8.52626506708228,2.48510638297872,0.910315468684068,0,,50.28,,553.83,1,1693.66972477064,7.43465288853547,1,67.73,0,11792,0,3,,11792,0,,,2,4614,5722,11792,13941,13941,2149,,0,0,,,,0,0,4,0,11792,C10AX06,1200 MG,C10,C10A,C10AX,C10AX06,"",,,,1,,1,1,,,,,"","",,,,,,,,,,,,0,0,0,1,0,1,1,0,0,0,0,,0.27,57.72,2,011609CJB,806.632,0.75,7,151.4,7,134.164,8,13232,13232,50.28,1,1,1,81,0,2,0,0,0,0,0,0,0,0,0,0,0,136,62.75,0,0,0,0,0,0,1,,,,,3,2,,0,1,1,0,0,0,0,1,1,1,0,2,0,567,1,0,0,64,24.2838231109074,0,0,1,1,1,,0,0,0,0,0,,0,,,,0,0,1,,,0,80.6,1,119.266055045872,4.78135675421453,2,0,0,1,96,1,1,,17018,14394,7,5226,52.5579765545362,1,Q4,high,high,Q4,Q4,Coronary Insufficiency,14.3080082135524,1,1,1,0
1,2810482151,2017-09-30,1442.9,2,1,103,52,64,132,1.37,3,141.7,5.6,11308,1018.27805222301,6.92586829559467,1.35289452815226,0.302246392086705,1,,40.08,,1467.77,1,1035.82921665491,6.94295756044167,1,58.52,1,11308,0,3,1,11308,1,3539,14847,1,4455,5809,11308,13909,13909,2601,,0,0,,,,0,1,4,1,11308,C10AD02,500 MG,C10,C10A,C10AD,C10AD02,81 MG,1,,,1,1,1,1,,,,1,"","",,,,,,,,,,,,1,0,0,1,1,1,1,0,0,0,1,,0.81,82.26,2,011609CJB,740.118,2.17,8,102.1,8,78.357,8,12734,12734,40.08,1,1,1,81,1,8,0,0,0,0,0,0,1,1,,1,1,241,70.25,0,0,0,0,0,0,1,,,,,7,8,,0,1,1,1,1,1,1,,1,1,0,2,0,567,1,1,0,75,34.3344423470296,0,0,1,1,1,141,0,1,1,1,1,715,0,,,,0,0,0,,,0,38.2,0,21.1714890613973,3.05265542095361,1,1,0,1,50,0,0,,16333,684,6,5025,20.3655610444601,0,Q2,low,high,Q1-Q3,Q1-Q3,Angina,13.7577002053388,1,1,1,0
7,2810482157,2017-08-12,1193.6,2,1,149,36,131,207,0.8,7.4,135.2,8.8,4581,882.840236686391,6.78314425182872,3.87053571428571,1.3533929249255,0,1.5,50.78,49.7,1190.22,2,880.340236686391,6.7803084653473,1,72.59,0,4581,0,3,,4581,0,,,2,4581,6413,,,6413,1832,,0,0,,,,0,0,4,0,4581,C10AX09,10 MG,C10,C10A,C10AX,C10AX09,81 MG,1,,,,,1,1,,,1,,"","",,,,,,,,,,,,1,0,0,0,0,1,1,0,0,1,0,,1.1,51.63,2,122208CJB,411.742,1.1,1,95.4,1,89.103,3,,,50.78,0,1,1,81,1,,0,0,0,0,0,0,,,,,0,149,62.75,0,0,0,0,0,0,,1,,,,7,1,,0,0,0,1,,,0,,2,2,0,,0,567,1,0,0,63,26.6050709082736,0,1,0,1,0,,0,0,0,0,0,,0,,,,0,0,0,,,0,86.8,1,54.7337278106509,4.0024801155834,2,1,0,1,91,0,0,,9255,,,,9.70154106248781,1,Q2,low,low,Q1-Q3,Q1-Q3,,,,,,
1,2810482457,2018-01-08,1581.7,2,1,120,43,66,105,1.01,14.1,184.1,5.6,12368,859.152634437806,6.7559465947185,1.95672514619883,0.671272232050064,0,,40.72,,1022.74,1,555.535035306899,6.31993167695027,1,68.58,0,12368,0,3,,12368,0,,,1,4654,5732,12368,14507,14507,2139,,0,0,,,,0,0,4,0,12368,C10AX09,10 MG,C10,C10A,C10AX,C10AX09,81 MG,1,,,1,1,1,1,,,,,"","",,,,,,,,,,,,1,0,0,1,1,1,1,0,0,0,0,,1.52,73.81,2,021109bCJ,326.22,1.8,37,227.8,37,140.518,8,13372,13372,40.72,1,1,1,81,0,8,0,0,0,0,0,0,0,0,0,0,0,184,70,0,0,0,0,0,0,1,,,,,7,1,,0,1,1,0,0,0,0,,1,1,0,2,0,567,1,0,0,62,26.4014242314199,0,0,1,1,1,143,1,0,0,0,0,,0,,,,0,0,0,,,0,63.8,1,76.5888104291146,4.33845098812723,2,0,0,1,79,0,0,,17157,,,,10.8753498030102,1,Q2,low,low,Q1-Q3,Q1-Q3,,,,,,
7,2810483086,2018-11-24,2644.6,2,1,174,47,96,123,0.85,7.4,183.7,5.5,4087,1439.6298312466,7.27214129788973,1.20676328502415,0.187941804426108,1,,36.54,,2111.29,1,1149.31409907458,7.04692060783151,1,67.93,0,4087,0,3,1,4087,0,,,1,4087,,,,,,,0,0,,,,0,0,4,0,4087,C10AX09,10 MG,C10,C10A,C10AA,C10AA01,325 MG,1,,,1,1,1,,,,,,C10AA01,"",,,,,,1,1,,,,,1,0,0,1,1,1,1,0,0,0,0,,2.3,71.4,2,010809CJB,157.142,1.29,5,206.5,5,135.183,3,,,36.54,1,1,1,325,1,,0,0,0,0,0,0,,,,,0,166,66,,,,,,,,,,,,,,,,,1,1,,,0,,,,0,,0,2275,2,0,0,64,26.7932767270493,0,0,1,1,1,140,0,1,1,0,1,2003,0,,,,0,0,0,,,0,107.8,1,40.28307022319,3.69593128697118,2,0,0,1,92,0,1,,6956,2003,1,2869,15.6481503396369,0,Q3,high,low,Q1-Q3,Q1-Q3,MI,7.854893908282,1,0,0,0
7,2810483387,2017-08-12,701,2,1,179,88,29,108,0.99,5.6,52.3,5.6,4592,1340.34416826004,7.20068170195181,2.78691983122363,1.02493698282725,0,2.5,30.34,31.44,910.45,2,1740.82217973231,7.46211279769507,1,62.83,0,4592,0,3,,4592,0,,,1,4592,6560,,,6560,1968,,0,0,,,,0,0,4,0,4592,C10AA01,10 MG,C10,C10A,C10AA,C10AA01,81 MG,1,,,,1,1,1,,,,,"","",,,,,,,,,,,,1,0,0,0,1,1,1,0,0,0,0,,8.62,47.38,2,122208CJB,301.16,3.87,1,169.5,1,106.68,3,,,30.34,1,1,1,81,0,,1,1,1,0,0,0,,,,,0,151,71.75,0,0,0,0,0,0,,1,,,,8,1,,0,1,1,0,,,0,,2,2,2,2,0,567,1,0,0,74,20.622378289033,1,0,1,1,1,,0,0,0,0,0,,0,,,,0,0,1,,,0,85.2,1,107.074569789675,4.67352550565236,2,0,0,1,87,0,1,,9269,,,,15.4062548075866,1,Q3,high,low,Q1-Q3,Q1-Q3,,,,,,
1,2810483754,2017-09-17,522.4,2,1,210,74,70,93,0.8,3,80.3,5.3,11385,650.560398505604,6.4778341429976,2.78603807796918,1.02462054287698,0,,44.58,,486.63,1,606.01494396015,6.40690464576551,1,66.12,0,11385,0,3,,11385,0,,,2,4418,5506,11385,13923,13923,2538,,0,0,,,,0,0,4,0,11385,B01AC06,81 MG,B01,B01A,B01AC,B01AC06,81 MG,1,,,,,,,,,,,"","",,,,,,,,,,,,1,0,0,0,0,0,0,0,0,0,0,,0.57,44.65,2,011509CJB,434.158,0.7,7,199.1,7,136.851,8,12840,12840,44.58,0,1,1,81,0,2,0,0,0,0,0,0,0,0,0,0,0,151,65.5,0,0,0,0,0,0,1,,,,,7,0,,0,1,0,0,0,0,0,1,1,1,0,2,0,567,1,0,0,60,24.7457123315855,0,0,0,0,0,,0,0,0,0,0,,0,,,,0,0,0,,,0,122,0,37.359900373599,3.62059794669753,2,0,0,0,80,0,0,,16633,,,,8.13200498132005,1,Q1,low,low,Q1-Q3,Q1-Q3,,,,,,
1,2810483782,2017-11-13,1508.5,2,1,197,50,132,103,0.88,20,185.8,5.3,11693,811.89451022605,6.69937041820747,3.05689655172414,1.11740020253374,0,,22,,1344.23,1,723.482238966631,6.5840759970026,1,53.9,1,11693,1,2,,11693,0,,,2,4368,5630,11693,13727,13727,2034,,0,0,,,,0,0,3,0,11693,C07AB03,50 MG,C07,C07A,C07AB,C07AB03,162 MG,1,,,1,,,,1,,,,"","",,,,,,,,,,,,1,0,0,1,0,0,0,1,0,0,0,,1.01,86.67,2,012709bCJ,319.498,0.31,17,98.2,17,80.767,8,12981,12981,22,1,1,1,160,0,2,0,0,0,0,0,0,0,0,0,0,0,150,63.5,1,0,1,1,0,0,1,,,,,3,7,,0,1,1,0,0,0,0,1,1,1,0,2,0,1120,2,0,1,64,26.1546806186179,0,0,1,0,1,,0,0,0,0,0,,0,,,,0,0,0,,,0,120.6,1,107.642626480086,4.67881672615639,2,0,0,0,69,0,0,,16772,,,,11.7665871047254,1,Q1,low,low,Q1-Q3,Q1-Q3,,,,,,
1,2810484088,2017-09-30,1709.9,2,1,151,48,103,115,1,17.9,104.1,5.9,12182,1642.55523535062,7.40400837862172,1.00373831775701,0.00373134761285818,1,,35.74,,844.93,1,811.652257444765,6.69907199405621,1,52.36,2,12182,1,2,13,12182,0,,,1,4556,5831,12182,14478,14478,2296,12182,1,1,-705,11477,,0,0,3,0,12182,C10AA05,20 MG,C10,C10A,C10AA,C10AA05,81 MG,1,,,1,1,1,1,1,,,1,"","",,,,,,,,,,,,1,0,0,1,1,1,1,1,0,0,1,,3.46,316.3,2,011609CJB,476.956,4.5,9,148.1,9,135.398,8,13603,13603,35.74,1,1,1,81,0,8,0,0,0,0,0,0,0,1,1,1,1,251,69.75,0,0,0,0,0,0,1,,,,,4,2,,0,0,1,0,1,1,1,,1,1,0,,0,567,1,1,0,73,36.2736209343387,0,0,1,1,1,140,0,1,1,0,0,,1,12776,1,3,1,1,0,,,0,82.4,1,171.95004803074,5.14720401620792,2,0,0,1,74,0,1,16748,,6649,6,,22.196692369603,1,Q3,high,high,Q1-Q3,Q1-Q3,Angina,,,,,
1,2810486379,2017-11-25,219.8,2,1,176,58,71,112,1,3,78.5,5.5,12469,280,5.63478960316925,,,,,49.32,,527.3,1,671.71974522293,6.50984120773615,1,70.5,0,12469,0,3,,12469,0,,,1,4577,5923,12469,14570,14570,2101,14150,1,0,1681,14150,,0,0,4,0,12469,C09AA03,10 MG,C09,C09A,C09AA,C09AA03,81 MG,1,,,1,1,,,,,,,"","",,,,,,,,,,,,1,0,0,1,1,0,0,0,0,0,0,,0.2,32.82,2,020209CJB,197.704,0.84,22,322.4,22,181.159,8,13684,13684,49.32,1,1,1,81,0,8,0,0,0,0,0,0,0,,0,0,0,148,69.25,0,0,0,0,0,0,1,,,,,7,6,,0,1,1,0,0,,0,,1,1,0,2,0,567,1,0,0,72,21.6984030782825,0,0,1,0,1,,0,0,0,0,0,,0,,1,4,0,0,0,,,0,103.8,0,38.2165605095541,3.64326894286188,2,0,0,0,75,0,0,,17424,,,,3.73333333333333,1,Q1,low,low,Q1-Q3,Q1-Q3,,,,,,
1,2810486657,2018-01-06,448.7,2,1,184,44,81,136,0.88,21.4,90.8,5.5,12809,494.162995594714,6.20286541336278,1.59633027522936,0.467707416985385,1,,46.62,,537.95,1,592.455947136564,6.38427651942076,1,66.01,0,12809,0,3,,12809,0,,,1,4551,5790,12809,15010,15010,2201,,0,0,,,,0,0,4,0,12809,M01AX25,1200 MG,M01,M01A,M01AX,M01AX25,81 MG,1,1,,1,1,,,1,,,,"","",,,,,,,,,,,,1,1,0,1,1,0,0,1,0,0,0,,0.65,94.76,2,021109CJB,340.306,1.69,36,220.4,36,206.271,8,13827,13827,46.62,1,1,1,81,0,8,0,0,0,0,0,0,0,0,0,0,0,212,71.5,0,0,0,0,0,0,1,,,,,8,8,,0,1,1,0,0,0,0,,1,1,0,2,0,567,1,0,0,77,29.1560972383033,0,0,1,0,1,,0,0,0,0,0,,0,,,,0,0,1,,,0,123.8,1,235.68281938326,5.4624869154027,2,1,0,0,83,0,0,,17612,,,,5.95377103126161,1,Q1,low,low,Q1-Q3,Q1-Q3,,,,,,
1,2810486767,2017-12-02,1157.7,2,1,175,99,56,107,0.97,5.5,111.5,5.8,12589,1038.29596412556,6.9453361522996,1.65292662819456,0.502547430796619,1,,46.34,,553.63,1,496.529147982063,6.20764218867456,1,61.31,0,12589,0,3,,12589,0,,,2,4515,5856,12589,14827,14827,2238,,0,0,,,,0,0,4,0,12589,M01AX05,"",M01,M01A,M01AX,M01AX25,81 MG,1,1,,,,,,,,,,M01AX25,"",,1,,,,,,,,,,1,1,0,0,0,0,0,0,0,0,0,,0.72,45.84,2,020409CJB,413.014,1.27,26,212.6,26,99.868,8,13749,13749,46.34,0,1,1,81,0,2,0,0,0,0,0,0,0,0,0,0,0,164,64.5,0,0,0,0,0,0,1,,,,,7,1,,0,1,0,0,0,0,0,1,1,1,0,2,0,567,1,0,0,55,27.7159667353407,0,0,0,0,0,,0,0,0,0,0,,0,,,,0,0,1,,,0,64.8,1,49.3273542600897,3.89847878032039,2,0,0,0,66,0,0,,17536,,,,15.7317570322055,1,Q2,low,low,Q1-Q3,Q1-Q3,,,,,,
1,2810486830,2018-02-03,825.6,2,1,217,88,73,124,1.09,74,49.9,6.7,12061,1654.50901803607,7.41125957795792,3.02620689655172,1.1073099859805,0,,43.98,,1206.68,1,2418.19639278557,7.79077724904504,1,,0,12061,,,,12061,0,,,2,,5698,12061,,,,,0,0,,,,0,0,,0,12061,C10AA03,40 MG,C10,C10A,C10AA,C10AA03,81 MG,1,,,,1,1,1,,1,,,"","",,,,,,,,,,,,1,0,0,0,1,1,1,0,1,0,0,,7.38,31.32,2,021909CJB,367.83,5.32,45,166.2,45,112.558,8,12886,12886,43.98,1,1,1,81,1,2,0,0,0,0,0,0,0,0,0,0,0,176,62.25,0,0,0,0,0,0,1,,,,,7,0,,0,1,1,1,0,0,0,1,1,1,0,2,0,567,1,0,0,67,31.932988818801,0,1,1,1,1,,0,0,0,0,0,,0,,,,0,0,0,,,0,114.4,1,1482.96593186373,7.30179936942883,3,1,0,1,52,0,1,15496,,15496,29,3435,31.8174811160783,0,Q3,high,high,Q4,Q1-Q3,Death,9.40451745379877,1,0,0,0
1,2810486912,2017-12-02,2663.1,2,1,226,65,194,128,1.1,26.8,227.6,5.7,11417,1170.07908611599,7.0648266204783,1.27795031055901,0.245257474572716,1,,54.36,,1615.49,1,709.793497363796,6.56497407894727,1,70.49,0,11417,0,3,,11417,0,,,2,4313,5651,11417,,,,,0,0,,,,0,0,4,0,11417,M01AX05,1500/1200 MG,M01,M01A,M01AX,M01AX25,81 MG,1,1,,1,,1,1,,,,,M01AX25,"",,1,,,,,,,,,,1,1,0,1,0,1,1,0,0,0,0,,4.3,124.9,2,020409CJB,417.068,3.61,26,213,26,131.83,8,12573,12573,54.36,1,1,1,81,0,2,0,0,0,0,0,0,0,0,0,0,0,197,69.75,0,0,0,0,0,0,1,,,,,5,6,,0,1,1,0,0,0,0,1,1,1,0,2,0,567,1,0,0,72,28.4697343588236,0,0,1,1,1,,0,0,0,0,0,,0,,,,0,0,0,2,8166,1,122.2,1,117.750439367311,4.76856746424677,2,1,0,1,50,0,1,,16360,,,,23.4015817223199,1,Q3,low,high,Q4,Q1-Q3,,,,,,
1,2810487351,2018-02-03,1217.7,2,1,178,54,143,95,0.9,45,200.8,5.4,11892,606.424302788845,6.40757991068348,1.49717514124294,0.403580093412393,1,,31.56,,1762.46,1,877.719123505976,6.77732663756394,1,,0,11892,,,,11892,0,,,1,4241,5668,11892,,,,,0,0,,,,0,0,,0,11892,C10AA05,10 MG,C10,C10A,C10AA,C10AA05,325 MG,1,,,1,1,1,1,,,,,"","",,,,,,,,,,,,1,0,0,1,1,1,1,0,0,0,0,,0.35,94.57,2,021909CJB,493.064,0.89,46,132.7,46,104.474,8,12714,12714,31.56,1,1,1,325,0,8,0,0,0,0,0,0,0,0,0,0,0,231,70.5,0,0,0,0,0,0,1,,,,,4,1,,0,1,1,0,0,0,0,,1,1,0,2,0,2275,2,0,0,61,32.676787852444,0,0,1,1,1,,0,0,0,0,0,,0,,,,0,0,0,,,0,95.4,1,224.103585657371,5.41210838093488,2,0,0,1,92,0,0,,16495,,,,6.5915685085744,1,Q1,low,low,Q1-Q3,Q1-Q3,,,,,,
1,2810487413,2017-09-30,814.1,2,1,183,63,66,113,1.39,10.8,87.7,5.3,12285,928.278221208666,6.83333149518989,1.27047619047619,0.239391783324,1,,44.12,,1193.28,1,1360.63854047891,7.21570938360041,1,56.33,2,12285,0,3,40,12285,1,3241,15526,1,4571,5788,12285,14353,14353,2068,,0,0,,,,0,1,4,1,12285,C10AA03,120 MG,C10,C10A,C10AA,C10AA03,81 MG,1,,,,1,1,1,,,,,"","",,,,,,,,,,,,1,0,0,0,1,1,1,0,0,0,0,,1.48,63.54,2,012009CJB,245.404,1.61,9,130.4,9,112.596,8,13701,13701,44.12,1,1,1,81,0,8,0,0,0,0,0,0,0,0,0,0,0,181,66.75,0,0,0,0,0,0,1,,,,,4,7,,0,1,1,0,0,0,0,,1,1,0,2,0,567,1,0,0,66,28.5615417841112,0,0,1,1,1,141,0,1,0,1,0,,0,,,,0,0,0,,,0,106.8,1,123.147092360319,4.81337951373417,2,0,0,1,52,0,0,17225,,8606,6,,17.8515042540128,1,Q2,low,high,Q1-Q3,Q1-Q3,Angina,,,,,
1,2810487891,2018-01-28,2022.8,2,1,183,57,91,99,0.75,21,231.9,5.1,11942,872.272531263476,6.77110191093243,2.18148487626031,0.78000578083245,0,,59.76,,1488.57,1,641.901681759379,6.46443514828529,1,67.02,0,11942,0,3,,11942,0,,,1,4545,6006,11942,14049,14049,2107,,0,0,,,,0,0,4,0,11942,C10AX06,1000 MG,C10,C10A,C10AX,C10AX06,325 MG,1,,,,,1,1,,,,,"","",,,,,,,,,,,,1,0,0,0,0,1,1,0,0,0,0,,1.02,46.14,2,021709CJB,274.992,1.02,42,241,42,162.296,8,12849,12849,59.76,0,1,1,325,0,8,0,0,0,0,0,0,0,0,0,0,0,204,72.5,0,0,0,0,0,0,1,,,,,7,1,,0,1,0,0,0,0,0,,1,1,0,2,0,2275,2,0,0,59,27.2872498182571,0,0,0,1,0,,0,0,0,0,0,,0,,,,0,0,0,,,0,107.8,1,90.5562742561449,4.50597147244407,2,0,0,1,100,0,0,,16633,,,,8.72272531263476,1,Q2,low,low,Q1-Q3,Q1-Q3,,,,,,
1,2810488246,2017-11-26,708.2,2,1,146,42,104,92,1.51,27.2,64.4,5.5,11648,1099.68944099379,7.00278309255559,3.80959752321981,1.33752354660845,0,,55.54,,1170.01,1,1816.78571428571,7.50482412764161,1,62.32,0,11648,0,3,,11648,0,,,1,4526,5471,11648,,,,,0,0,,,,0,0,4,0,11648,M01AH01,200 MG,M01,M01A,M01AH,M01AH01,81 MG,1,1,,,1,1,1,1,,,,"","",,,,,,,,,,,,1,1,0,0,1,1,1,1,0,0,0,,1.38,66.77,2,020309bCJ,,,,,,,,,,55.54,1,1,1,81,0,8,1,0,0,72,1,0,0,0,0,0,0,167,66.75,0,0,1,1,0,0,1,,,,,3,6,,0,1,1,0,0,0,0,,1,1,1,2,1,567,1,0,1,75,26.3523617566109,0,0,1,1,1,,0,0,0,0,0,,0,,,,0,0,1,,,0,83.2,1,422.360248447205,6.04585861917378,3,0,0,1,45,0,0,12280,,8027,30,,24.4375431331953,1,Q2,low,high,Q4,Q1-Q3,IC,,,,,
1,2810492144,2017-12-23,635.1,2,1,155,64,115,93,,3,61.9,5.5,11690,1026.00969305331,6.93343247310647,3.03240324032403,1.10935545376692,0,,21.84,,385.39,1,622.600969305331,6.4339058148732,1,,0,11690,,,41,11690,1,2997,14687,1,4293,5663,11690,13848,13848,2158,,0,0,,,,0,1,,1,11690,C10AA05,40 MG,C10,C10A,C10AA,C10AA05,81 MG,1,,,,,1,1,,,,,"","",,,,,,,,,,,,1,0,0,0,0,1,1,0,0,0,0,,,139,2,020709CJB,,,31,282.9,31,180.702,8,12783,12783,21.84,1,1,1,81,0,8,0,0,0,0,0,0,0,0,0,0,0,196,67,0,0,0,0,0,0,1,,,,,7,7,,0,1,1,0,0,0,0,,1,1,0,2,0,567,1,0,0,78,30.6981411467835,0,0,0,1,1,,0,0,0,0,0,,0,,,,0,0,0,,,0,68,0,48.4652665589661,3.8808473879597,2,0,0,1,,0,0,,16256,14687,41,4566,,0,Q2,low,,,Q1-Q3,CHF,12.5010266940452,1,1,1,0
1,2810492312,2017-09-06,2459.8,2,1,127,36,155,129,0.83,15,183.1,6.2,11355,1343.41889677772,7.20297305911594,1.03665814151748,0.0360022138726368,1,,51.8,,1408.58,1,769.295466957947,6.64547511802318,1,56.44,2,11355,0,3,41,11355,1,1348,12703,1,4341,5687,11355,13470,13470,2115,15167,1,0,852,12207,,0,1,4,1,11355,C10AA05,20 MG,C10,C10A,C10AA,C10AA05,81 MG,1,,,1,1,1,1,,,,,"","",,,,,,,,,,,,1,0,0,1,1,1,1,0,0,0,0,,3.3,80.55,2,011309CJB,514.942,2.29,4,197.2,4,144.453,8,12860,12860,51.8,1,1,1,81,0,8,0,0,0,0,0,0,0,0,0,0,0,184,66.75,0,0,0,0,0,0,1,,,,,3,2,,0,1,1,0,0,0,0,,1,1,0,2,0,567,1,0,0,72,29.0349375042899,0,0,1,1,1,,0,0,0,0,0,,0,,1,1,0,0,0,,,0,60,1,81.9224467504096,4.40577302840388,2,1,0,1,88,0,1,15170,,12703,41,,15.2661238270195,1,Q3,high,low,Q1-Q3,Q1-Q3,CHF,,,,,
1,2810493281,2017-09-06,1323.3,2,1,181,60,51,103,0.75,3,75.2,5.5,11153,1759.70744680851,7.4729028508113,1.87193460490463,0.626972444167779,0,,39.28,,815.85,1,1084.90691489362,6.98924946956938,1,64.19,0,11153,0,3,,11153,0,,,1,3789,5642,11153,13743,13743,2590,,0,0,,,,0,0,4,0,11153,B01AC06,325 MG,B01,B01A,B01AC,B01AC06,325 MG,1,,,,,,,,,,,"","",,,,,,,,,,,,1,0,0,0,0,0,0,0,0,0,0,,1.25,60.93,2,011309CJB,307.914,2.28,4,236.1,4,156.752,8,12651,12651,39.28,0,1,3,325,0,8,0,0,0,0,0,0,0,0,0,0,0,219,67.5,0,0,0,0,0,0,1,,,,,8,8,,0,1,0,0,0,0,0,,1,1,0,2,0,74.7126436781609,1,0,0,74,33.7942009217352,0,0,0,0,0,,0,0,0,0,0,,0,,,,0,0,1,,,0,110.8,0,39.8936170212766,3.68621633669445,2,0,0,0,90,1,1,15567,,15567,27,4414,19.552304964539,0,Q4,high,high,Q1-Q3,Q4,,12.0848733744011,1,1,1,0
1,2810495615,2017-09-17,620.6,2,1,155,37,364,71,1.28,9.3,105,5.8,11795,591.047619047619,6.38189658784485,0.980574324324324,-0.0196168337460594,1,,40.48,,754.27,1,718.352380952381,6.57696022992521,1,63.69,0,11795,0,3,2,11795,1,-965,10830,1,4568,5706,11795,,,,12134,1,0,339,12134,,1,0,2,1,11795,M01AE02,220 MG,M01,M01A,M01AE,M01AE02,325 MG,1,1,,1,1,1,1,,,1,,"","",,,,,,,,,,,,1,1,0,1,1,1,1,0,0,1,0,,1.58,126.2,2,011509CJB,664.714,3.44,7,152.9,7,110.786,8,13246,13246,40.48,1,1,1,325,1,8,0,0,0,0,0,0,1,0,0,1,0,218,67.5,0,0,0,0,0,0,1,,,,,3,6,,0,1,1,1,1,0,0,,1,1,0,2,0,2275,2,0,0,82,33.6398895020012,0,1,1,1,1,140,0,1,1,0,1,10835,0,,1,1,0,0,0,1,13129,0,45.2,1,88.5714285714286,4.48380932898382,2,1,0,1,52,0,0,13166,,10830,41,,11.3663003663004,1,Q1,low,low,Q1-Q3,Q1-Q3,CHF,,,,,
1,2810495909,2017-08-26,1862,2,1,170,42,122,102,1.17,4.1,111.9,4.8,11957,1663.98570151921,7.41697102850722,3.47627737226277,1.24596200061279,0,,35.38,,1020.8,1,912.243074173369,6.81590648326074,1,57.93,0,11957,0,3,,11957,0,,,1,4578,5779,11957,14855,14855,2898,,0,0,,,,0,0,4,0,11957,M01AE01,40 MG,C03,C03A,C03AA,C03AA03,81 MG,1,1,,1,,,,,,,,C03AA03,"",,,,,,,,1,,,,1,1,0,1,0,0,0,1,0,0,0,,0.56,49.65,2,010909CJB,601.096,2.49,1,192.7,1,217.989,8,13546,13546,35.38,0,1,1,81,0,8,0,0,0,0,0,0,0,0,0,0,0,181,72.5,0,0,0,0,0,0,1,,,,,4,8,,0,1,0,0,0,0,0,,1,1,0,2,0,567,1,0,0,78,24.2107461622771,0,0,0,0,0,,0,0,0,0,0,,0,,,,0,0,1,,,0,103.6,1,36.6398570151921,3.60113663737452,2,0,0,0,59,0,1,17117,,5178,6,,28.2031474833765,1,Q3,high,high,Q4,Q1-Q3,Angina,,,,,
1,2810497395,2018-01-01,3175,2,1,133,45,70,91,1.06,3.4,193.3,5.1,12286,1642.52457320228,7.4039897111006,1.40863787375415,0.342623190483082,1,,38.46,,1202.53,1,622.105535437144,6.43310974946747,1,62.2,0,12286,0,3,2,12286,1,408,12694,1,4617,5715,12286,14246,14246,1960,,0,0,,,,0,1,4,1,12286,C10AA03,10 MG,C10,C10A,C10AA,C10AA03,81 MG,1,,1,,,1,1,,,,,"","",,,,,,,,,,,,1,0,1,0,0,1,1,0,0,0,0,,1.54,37.61,2,021009CJB,225.368,1.68,33,190.4,33,137.1,8,13338,13338,38.46,1,1,1,81,0,8,0,0,0,0,0,0,0,0,0,0,0,210,65.25,0,0,0,0,0,0,1,,,,,3,6,,0,1,1,0,0,0,0,,1,1,0,2,0,567,1,0,0,75,34.6787851720769,0,0,1,1,1,140,0,1,1,0,1,12693,0,,,,0,0,0,,,0,74,0,17.5892395240559,2.86728732438997,1,0,0,1,68,0,1,16503,,12693,2,,24.1547731353276,1,Q3,high,high,Q4,Q1-Q3,MI,,,,,
1,2810498040,2017-12-16,550.3,2,1,128,62,78,106,1.68,21.2,77.8,5.5,11812,707.3264781491,6.56149233886946,2.47625899280576,0.906748950646748,0,,36.6,,737.47,1,947.904884318766,6.85425416422425,1,59.31,0,11812,0,3,,11812,0,,,1,4617,5649,11812,,,,,0,0,,,,0,0,4,0,11812,C09AA03,10 MG,C09,C09A,C09AA,C09AA03,81 MG,1,,,1,1,,,,,,,"","",,,,,,,,,,,,1,0,0,1,1,0,0,0,0,0,0,,4.1,71.95,2,020409bCJ,298.576,1.3,27,245.7,27,130.134,8,12951,12951,36.6,1,1,1,81,0,8,0,0,0,0,0,0,0,0,0,0,0,184,69.25,0,0,0,0,0,0,1,,,,,8,6,,0,1,1,0,0,0,0,,1,1,0,2,0,567,1,0,0,79,26.9763930162431,0,0,1,0,1,,0,0,0,0,0,,0,,,,0,0,1,,,0,50.4,1,272.493573264782,5.60761502947576,2,0,0,0,38,0,0,13860,16342,13860,28,2048,18.6138546881342,0,Q1,low,high,Q1-Q3,Q1-Q3,Death,5.60711841204654,1,0,0,0
1,2810498169,2017-12-02,590.1,2,1,155,42,81,113,1.08,3,74,5.5,12197,797.432432432433,6.68139710684705,1.3641975308642,0.310566366285369,1,,35.66,,528.73,1,714.5,6.57158299736992,1,65.53,0,12197,0,3,,12197,0,,,1,4622,5721,12197,14028,14028,1831,12197,1,1,-86,12111,,0,0,4,0,12197,C10AA01,1,C10,C10A,C10AA,C10AA01,162 MG,1,,,1,1,1,1,,,,,"","",,,,,,,,,,,,1,0,0,1,1,1,1,0,0,0,0,,0.16,58.64,2,020409CJB,378.98,0.15,25,121.7,25,126.152,8,13362,13362,35.66,1,2,1,81,0,8,0,0,0,0,0,0,0,1,0,0,0,238,,0,0,0,0,0,0,1,,,,,7,6,,0,1,1,0,0,1,0,,1,1,0,2,0,1134,2,0,0,64,,0,0,1,1,1,,0,0,0,0,0,,0,,1,3,1,1,0,,,0,96.8,0,40.5405405405405,3.70230247444608,2,0,0,1,72,0,0,,17150,,,,11.0754504504505,1,Q1,low,low,Q1-Q3,Q1-Q3,,,,,,
1,2810498271,2018-02-03,846.1,2,1,128,60,47,103,0.98,3,100,5.8,11694,846.1,6.74063755593046,2.34986772486772,0.854359039281549,0,,46.74,,501.97,1,501.97,6.2185403569498,1,66.4,0,11694,0,3,,11694,0,,,1,4309,5692,11694,13728,13728,2034,,0,0,,,,0,0,4,0,11694,C10AA05,10 MG,C10,C10A,C10AA,C10AA05,81 MG,1,,,,,1,1,,,,,"","",,,,,,,,,,,,1,0,0,0,0,1,1,0,0,0,0,,0.53,42.41,2,021809bCJ,304.596,4.02,45,162.8,45,103.85,8,12537,12537,46.74,1,1,1,81,0,8,0,0,0,0,0,0,0,0,0,0,0,184,71.75,0,0,0,0,1,1,1,,,,,4,7,,0,1,1,0,0,0,0,,1,1,0,2,0,567,1,0,1,66,25.1292556634574,0,0,1,1,1,,0,0,0,0,0,,0,,,,0,0,1,,,0,58.6,0,30,3.40119738166216,2,0,0,1,80,0,0,,16318,10092,6,4624,10.57625,0,Q1,low,low,Q1-Q3,Q1-Q3,Angina,12.6598220396988,1,1,1,0
1,2810500909,2017-11-23,647.9,2,1,147,52,48,144,1.02,3,98.6,6.3,11312,657.09939148073,6.48783528783541,,,,,36.9,,461.67,1,468.225152129818,6.14894927452337,1,57.2,0,11312,0,3,,11312,0,,,1,,4723,11312,13355,13355,2043,,0,0,,,,0,0,4,0,11312,C10AA04,37.5/25,C03,C03A,C03AA,C03AA03,81 MG,1,,,1,,1,1,1,,,,C03AA03,"",,,,,,,,1,,,,1,0,0,1,0,1,1,1,0,0,0,,4.82,28.15,2,013009CJB,307.45,1.67,21,114.8,21,98.196,8,12546,12546,36.9,1,1,1,81,1,8,0,0,0,0,0,0,0,0,0,0,0,172,70.5,0,0,0,0,0,0,1,,,,,3,7,,0,1,1,1,0,0,0,,1,1,0,2,0,567,1,0,0,66,24.330768444244,0,0,1,1,1,,0,0,0,0,0,,0,,,,0,0,0,,,0,85.4,0,30.4259634888438,3.41529630604166,2,1,0,1,76,0,0,,16334,,,,8.64604462474645,1,Q1,low,low,Q1-Q3,Q1-Q3,,,,,,
1,2810500937,2017-09-27,1727.1,2,1,142,47,117,116,0.8,3,139.4,5.6,11357,1238.95265423242,7.12202166801154,1.67891972993248,0.518150568693162,0,,37.3,,1113.25,1,798.601147776184,6.68286163186348,1,61.19,0,11357,0,3,2,11357,0,,,2,4340,5342,11357,13688,13688,2331,,0,0,,,,0,0,4,0,11357,C10AA05,10 MG,C10,C10A,C10AA,C10AA05,81 MG,1,,,1,,1,1,,,,,"","",,,,,,,,,,,,1,0,0,1,0,1,1,0,0,0,0,,2.53,76.41,2,011609CJB,336.676,6.89,8,151.4,8,109.538,8,12784,12784,37.3,1,1,1,81,1,2,0,0,0,0,0,0,0,0,0,0,1,178,63.5,0,0,0,0,0,0,1,,,,,3,0,,0,0,1,1,0,0,1,1,1,1,0,,0,567,1,1,0,66,31.0368876674265,0,0,1,1,1,141,0,1,1,1,1,13300,0,,,,0,0,0,,,0,71.6,0,21.5208034433286,3.06902006932382,1,0,0,1,77,0,1,,16303,13300,2,4946,16.0902942108107,0,Q3,low,low,Q1-Q3,Q1-Q3,MI,13.5414099931554,1,1,1,0
1,2810501097,2018-01-01,804.2,2,1,197,38,160,100,2.63,6.7,118.2,5.4,11522,680.372250423012,6.52264007547927,,,,,54.5,,790.1,1,668.44331641286,6.50495160074478,1,69.63,0,11522,0,3,2,11522,1,1555,13077,1,,,11522,,,,,0,0,,,,0,1,4,1,11522,C10AA02,10 MG,C10,C10A,C10AA,C10AA02,"",,,,1,1,1,1,1,,,,"","",,,,,,,,,,,,0,0,0,1,1,1,1,1,0,0,0,,5.23,122.2,2,021009CJB,443.236,3.06,34,252.1,34,184.636,8,12567,12567,54.5,1,1,1,81,0,8,1,0,0,55,0,0,0,0,0,0,1,192,69.75,0,0,0,0,0,0,1,,,,,3,7,,0,1,1,0,0,0,1,,1,1,1,2,0,567,1,1,0,69,27.7471522684981,0,0,1,1,1,,0,0,0,0,1,13077,0,,,,0,0,0,,,0,127,1,56.6835871404399,4.03748470040706,2,0,0,1,24,0,0,13082,,13077,2,,28.3488437676255,1,Q1,low,high,Q4,Q1-Q3,MI,,,,,
1,2810502255,2018-01-08,223.7,2,1,124,30,129,109,0.8,3,16.7,6.1,11683,1339.52095808383,7.20006733506147,,,,,25.94,,62.31,1,373.11377245509,5.92188339312151,1,64.67,0,11683,0,3,12,11683,0,,,1,3998,5106,11683,14339,14339,2656,,0,0,,,,0,0,4,0,11683,C10AA05,10 MG,C10,C10A,C10AA,C10AA05,81 MG,1,,,,,1,1,,,,,"","",,,,,,,,,,,,1,0,0,0,0,1,1,0,0,0,0,,0.45,60.78,2,021109bCJ,365.36,2.01,37,184.1,37,145.401,8,12686,12686,25.94,0,1,1,81,0,8,0,0,0,0,0,0,0,0,0,0,0,162,66.25,0,0,0,0,0,0,1,,,,,7,6,,0,1,0,0,0,0,0,,1,1,0,2,0,567,1,0,0,85,25.9506871452333,0,0,0,1,0,141,0,1,0,1,0,,1,12514,,,0,0,0,,,0,68.2,0,179.640718562874,5.19095884822754,2,0,0,1,81,0,1,,16471,8161,6,4788,16.5372957788127,0,Q3,high,low,Q1-Q3,Q1-Q3,Angina,13.1088295687885,1,1,1,0
1,2810502859,2017-09-27,4852.3,2,1,142,27,189,92,0.91,108.8,216,5.3,11040,2246.43518518519,7.71709987662959,0.864535768645358,-0.145562599763459,1,,50.48,,1348.65,1,624.375,6.43675114940282,1,56.71,0,11040,0,3,41,11040,1,2128,13168,1,,5621,11040,13254,13254,2214,,0,0,,,,0,1,4,1,11040,C10AX06,81 MG,C10,C10A,C10AX,C10AX06,81 MG,1,,,,,1,,,,,,"","",,,,,,,,,,,,1,0,0,0,0,1,0,0,0,0,0,,2.47,182.9,2,011609CJB,399.858,6.09,8,222.3,8,196.845,8,12476,12476,50.48,0,1,1,81,0,8,0,0,0,0,0,0,0,0,0,0,0,264,68.75,1,1,0,0,0,0,1,,,,,7,6,,0,0,0,0,0,0,0,,1,1,0,,0,567,1,0,1,71,39.2702923587665,0,0,0,0,0,141,0,1,0,1,0,,0,,,,0,0,0,,,0,77.2,1,503.703703703704,6.22198820571981,3,0,1,0,84,1,1,15215,,13168,41,,26.7432760141094,1,Q4,high,high,Q4,Q4,CHF,,,,,
1,2810502861,2018-01-01,1732.5,2,1,250,98,119,89,0.67,3,70.7,5.7,11518,2450.49504950495,7.80404534414962,4.14460285132383,1.42180697008218,0,,44.28,,549.66,1,777.454031117397,6.65602451834074,1,74.94,0,11518,0,3,,11518,0,,,2,4098,5564,11518,13688,13688,2170,,0,0,,,,0,0,4,0,11518,B01AC06,325 MG,B01,B01A,B01AC,B01AC06,325 MG,1,,,,,,,,,,,"","",,,,,,,,,,,,1,0,0,0,0,0,0,0,0,0,0,,1.47,8.44,2,021009CJB,438.136,1,34,212.8,34,110.909,8,12567,12567,44.28,0,1,3,325,0,2,0,0,0,0,0,0,0,0,0,0,0,126,62.5,0,0,0,0,0,0,1,,,,,5,7,,0,1,0,0,0,0,0,1,1,1,0,2,0,74.7126436781609,1,0,0,69,22.6785938371877,0,0,0,0,0,,0,0,0,0,0,,0,,,,0,0,0,,,0,128.2,0,42.4328147100424,3.74792199474772,2,0,0,0,90,1,1,,16352,,,,27.2277227722772,1,Q4,high,high,Q4,Q4,,,,,,
1,2810503096,2017-11-13,2049.3,2,1,225,79,203,93,0.76,7,139.2,5,12519,1472.19827586207,7.29451198849369,1.98731707317073,0.686785524654297,0,,22.32,,1906.4,1,1369.54022988506,7.2222303638723,1,72.27,0,12519,0,3,,12519,0,,,2,4490,5771,12519,14566,14566,2047,,0,0,,,,0,0,4,0,12519,C10AX06,TAB,C10,C10A,C10AX,C10AX06,81 MG,1,,,,,1,1,,,,,"","",,,,,,,,,,,,1,0,0,0,0,1,1,0,0,0,0,,0.66,28.47,2,012709bCJ,464.594,1.07,18,193.6,18,103.383,8,13789,13789,22.32,0,1,1,81,0,2,0,0,0,0,0,0,0,0,0,0,0,150,65,0,0,0,0,0,0,1,,,,,8,1,,0,1,0,0,0,0,0,1,1,1,0,2,0,567,1,0,0,55,24.9614700412833,0,0,0,1,0,,0,0,0,0,0,,0,,,,0,0,0,,,0,105.4,1,50.2873563218391,3.91775368013713,2,0,0,1,88,0,1,,17580,,,,16.729525862069,1,Q3,high,low,Q1-Q3,Q1-Q3,,,,,,
1,2810503483,2017-09-02,1229.1,2,1,112,40,50,105,1.09,3,153.3,5.6,12110,801.761252446184,6.68681087333126,1.30192719486081,0.26384562429727,1,,37.7,,1262.43,1,823.502935420744,6.71356711417812,1,,0,12110,,,,12110,0,,,1,4593,5790,12110,14262,14262,2152,,0,0,,,,0,0,,0,12110,C10AA05,5/10 MG,C09,C09A,C09AA,C09AA07,325 MG,1,,,,,1,1,,,,,C09AA07,"",,,,,1,,,,,,,1,0,0,0,1,1,1,0,0,0,0,,1.22,112.5,2,011209CJB,179.298,2.13,3,269.8,3,148.502,8,13637,13637,37.7,1,1,1,325,0,8,0,0,0,0,0,0,0,0,0,0,0,204,68.75,0,0,0,0,0,0,1,,,,,8,1,,0,1,1,0,0,0,0,,1,1,0,2,0,2275,2,0,0,60,30.3452259135923,0,0,1,1,1,,0,0,0,0,0,,0,,,,0,0,0,,,0,62,0,19.5694716242661,2.97397078177248,1,0,0,1,73,0,0,,17430,11714,11,5320,10.9830308554272,1,Q1,low,low,Q1-Q3,Q1-Q3,Atherothrombotic Infarction of Brain,14.5653661875428,1,1,1,0
1,2810503718,2017-11-13,684.4,2,1,158,32,154,127,1.05,3,141.9,6.3,11602,482.31148696265,6.17859014384013,1.35344160866203,0.302650688145702,1,,60.48,,1098.61,1,774.214235377026,6.65184862518327,1,69.27,0,11602,0,3,1,11602,0,,,1,4304,5686,11602,13625,13625,2023,,0,0,,,,0,0,4,0,11602,C10AX06,1200 MG,C10,C10A,C10AX,C10AX06,325 MG,1,,,1,1,1,1,,,1,,"","",,,,,,,,,,,,1,0,0,1,1,1,1,0,0,1,0,,1.02,79.72,2,012709CJB,585.294,0.78,16,217,16,153.713,8,12900,12900,60.48,0,1,1,325,1,8,0,0,0,0,0,0,0,0,0,1,0,182,65,0,0,0,0,0,0,1,,,,,8,2,,0,1,0,1,1,0,0,,1,1,0,2,0,2275,2,0,0,59,30.2865836500904,0,1,0,1,0,141,0,1,1,1,1,8570,0,,,,0,0,0,,,0,95.2,0,21.1416490486258,3.05124498348425,1,1,0,1,77,0,0,,16691,5070,7,5089,6.26378554496948,1,Q1,low,low,Q1-Q3,Q1-Q3,Coronary Insufficiency,13.9329226557153,1,1,1,0
1,2810504293,2017-10-22,2113.4,2,1,194,47,100,101,1.42,40.6,121.7,5.8,11258,1736.56532456861,7.45966449000154,,,,,191.32,,769.69,1,632.448644207067,6.44959902237565,1,42.97,1,11258,1,2,4,11258,1,1081,12339,1,4309,5637,11258,,,,11258,1,1,-120,11138,,0,1,3,1,11258,C07AB02,50 MG,C07,C07A,C07AB,C07AB02,81 MG,1,,,1,,,,,,,1,"","",,,,,,,,,,,,1,0,0,1,0,0,0,0,0,0,1,,2.97,34.99,2,012109CJB,676.804,7.12,10,298.3,10,222.095,8,12652,12652,191.32,,1,1,81,,8,0,0,0,0,0,0,0,0,0,0,0,177,70.5,0,0,0,0,0,0,1,,,,,3,6,,0,1,,,0,0,0,,1,1,0,2,0,567,1,0,0,85,25.0380582245999,0,0,0,0,0,,0,0,0,0,1,9782,0,,1,3,1,1,0,2,7018,1,127,1,333.607230895645,5.80996434559634,3,0,0,0,45,1,1,13234,15509,9782,4,4251,38.5903405459691,0,Q4,high,high,Q4,Q4,MI,11.6386036960986,1,1,0,0
1,2810504334,2018-02-01,807.5,2,1,124,50,69,108,0.9,3,147.9,5.8,12039,545.977011494253,6.30257687136815,1.82326369282891,0.600628132975442,0,,39.38,,1274.14,1,861.487491548344,6.75866053647586,1,71.45,0,12039,0,3,,12039,0,,,1,4616,5917,12039,14275,14275,2236,,0,0,,,,0,0,4,0,12039,C10AA05,10 MG,C10,C10A,C10AA,C10AA05,81 MG,1,,,,1,1,1,,,,,"","",,,,,,,,,,,,1,0,0,0,1,1,1,0,0,0,0,,3.3,91.38,2,021809bCJ,203.712,1.03,44,171,44,90.437,8,12896,12896,39.38,1,1,1,81,0,8,0,0,0,0,0,0,0,0,0,0,0,241,72.5,0,0,0,0,0,0,1,,,,,4,1,,0,1,1,0,0,0,0,,1,1,0,2,0,567,1,0,0,60,32.2364078735292,0,0,1,1,1,,0,0,0,0,0,,0,,,,0,0,1,,,0,60.2,0,20.2839756592292,3.00983119793349,1,0,0,1,93,0,0,,16677,,,,5.87072055370164,1,Q1,low,low,Q1-Q3,Q1-Q3,,,,,,
1,2810504471,2017-12-16,269.7,2,1,178,53,82,98,0.86,3.9,32.7,5.7,12452,824.770642201835,6.71510533823057,2.55980570734669,0.939931360043558,0,,49.4,,323.06,1,987.951070336391,6.8956331725705,1,63.6,0,12452,0,3,,12452,0,,,2,4574,6754,12452,14626,14626,2174,,0,0,,,,0,0,4,0,12452,C07AB02,10/20 MG,C09,C09A,C09AA,C09AA07,81 MG,1,,,1,,,,,,,,C09AA07,"",,,,,1,,,,,,,1,0,0,1,1,0,0,0,0,0,0,,0.18,23.64,2,020409bCJ,376.48,0.68,27,219.6,27,180.959,8,13590,13590,49.4,1,1,1,81,0,0,1,1,1,0,0,0,0,0,0,0,0,132,65.5,0,0,0,0,0,0,1,,,,,7,1,,0,1,1,0,0,0,0,0,1,1,2,2,0,567,1,0,0,47,21.6320134289357,1,0,1,0,1,,0,0,0,0,0,,0,,,,0,0,0,,,0,108.6,1,119.266055045872,4.78135675421453,2,0,0,0,80,0,0,,17377,,,,10.3096330275229,1,Q1,low,low,Q1-Q3,Q1-Q3,,,,,,
1,2810504667,2017-12-24,315,2,1,201,67,76,105,0.9,3,54.5,5.4,11843,577.981651376147,6.35954212314453,2.91257805530776,1.06903861863837,0,,31.1,,312.96,1,574.238532110092,6.35304487116535,1,58.14,0,11843,0,3,,11843,0,,,1,4440,5722,11843,13824,13824,1981,,0,0,,,,0,0,4,0,11843,M01AX05,"",M01,M01A,M01AX,M01AX25,81 MG,1,1,,,,1,,,,,,M01AX25,"",,1,,,,,,,,,,1,1,0,0,0,1,0,0,0,0,0,,0.14,37.14,2,020709CJB,371.558,0.57,31,164.3,31,153.884,8,12933,12933,31.1,0,1,1,81,0,8,0,0,0,0,0,0,0,0,0,0,0,159,72,0,0,0,0,0,0,1,,,,,7,2,,0,0,0,0,0,0,0,,1,1,0,,0,567,1,0,0,69,21.5644181288363,0,0,0,0,0,,0,0,0,0,0,,0,,,,0,0,0,,,0,118.8,0,55.045871559633,4.00816686598105,2,0,1,0,87,0,0,,16719,,,,6.64346725719709,1,Q1,low,low,Q1-Q3,Q1-Q3,,,,,,
1,2810505343,2017-11-26,1660.8,2,1,170,62,99,199,1.09,122.6,140.4,9.2,11821,1182.90598290598,7.07572938736795,,,,,40.08,,10,1,7.12250712250712,1.96325978739043,1,42.63,2,11821,1,2,2,11821,1,2125,13946,1,4728,6198,11821,,,,7383,1,1,-4438,7383,,0,1,3,1,11821,C10AA05,10 MG,C10,C10A,C10AA,C10AA05,325 MG,1,,,,1,1,1,,,1,,"","",,,,,,,,,,,,1,0,0,0,1,1,1,0,0,1,0,,0.93,20.09,2,020309CJB,327.142,1.38,23,202.5,23,145.677,8,13029,13029,40.08,1,1,1,325,1,8,0,0,0,0,0,0,0,0,0,0,0,170,67.25,0,0,0,0,0,0,1,,,,,2,6,,0,1,1,1,0,0,0,,1,1,0,2,0,2275,2,0,0,77,26.4283443396699,0,1,1,1,1,141,0,1,0,1,1,5962,0,,1,1,1,0,0,,,0,88.2,1,873.219373219373,6.77218681089254,3,1,0,1,65,0,1,13954,16132,5962,2,4311,18.198553583169,0,Q3,low,high,Q1-Q3,Q1-Q3,MI,11.8028747433265,1,1,0,0
1,2810505395,2017-09-30,939.8,2,1,231,50,192,122,1.15,12,80.8,6.1,12313,1163.11881188119,7.05886030712976,,,,,71.48,,1113.65,1,1378.2797029703,7.22859140845854,1,,,,,,,12313,0,,,1,4622,5785,12313,,,,,0,0,,,,0,0,,0,12313,C09AA03,5 MG,C09,C09A,C09AA,C09AA03,"",,,1,,1,,,1,,,,"","",,,,,,,,,,,,0,0,1,0,1,0,0,1,0,0,0,,8.01,104.2,2,011609CJB,857.856,10.75,8,239.3,8,178.139,8,13736,13736,71.48,1,1,1,81,0,8,0,0,0,0,0,0,0,0,0,0,0,220,72,0,0,0,0,0,0,1,,,,,4,6,,0,1,1,0,0,0,0,,1,1,0,2,0,567,1,0,0,75,29.8375596751194,0,0,1,0,1,,0,0,0,0,0,,0,,,,0,0,0,,,0,142.6,1,148.514851485149,5.00068496324309,2,0,0,0,62,0,1,13726,,13726,28,1413,18.7599808367934,0,Q3,low,high,Q1-Q3,Q1-Q3,Death,3.86858316221766,0,0,0,0
1,2810506401,2017-11-21,1148.1,2,1,115,33,120,130,1.31,131,55.9,6,11791,2053.84615384615,7.6274694869268,2.95198522622345,1.08247790205885,0,,27.2,,617.05,1,1103.84615384615,7.00655586372623,1,42.89,2,11791,1,2,1,11791,1,1005,12796,1,4277,5653,11791,,,,12988,1,0,1190,12981,,0,1,3,1,11791,C10AA01,5 MG,C09,C09A,C09AA,C09AA07,325 MG,1,,,1,1,1,1,1,,,,C09AA07,"",,,,,1,,,,,,,1,0,0,1,1,1,1,1,0,0,0,,0.98,85.25,2,012909CJB,,,19,170.7,19,143.3,8,13045,13045,27.2,1,1,1,325,0,8,0,0,0,0,0,0,1,0,0,0,0,136,63.75,,,,,,,,,,,,,,,,,1,0,0,0,0,,1,1,0,,0,2275,2,0,0,80,23.5279529382588,0,0,1,1,1,141,0,1,0,1,1,2684,0,,2,1,0,0,1,,,0,58,1,2343.47048300537,7.75938822202224,3,1,0,1,51,1,1,12994,14504,2393,6,2713,40.2714932126697,0,Q4,high,high,Q4,Q4,Angina,7.42778918548939,1,0,0,0
1,2810506873,2018-07-06,20000,3,1,159,39,102,120,0.89,4.7,163.8,7.4,12906,12210.0122100122,9.41001156710525,0.915735167669819,-0.0880280743751391,1,,56.4,,1127.59,1,688.394383394383,6.53436190537671,1,,0,12906,,,,12906,0,,,1,4546,5836,12906,15175,15175,2269,15175,1,0,199,13105,,0,0,,0,12906,B01AC06,21 MG,B01,B01A,B01AC,B01AC06,21 MG,1,,,,,,,,,,,"","",,,,,,,,,,,,1,0,0,0,0,0,0,0,0,0,0,,2.18,112.7,2,021909bCJ,209.144,3.93,47,211.2,47,166.498,8,13680,13680,56.4,0,3,2,81,0,8,0,0,0,0,0,0,0,0,0,0,0,263,69.25,0,0,0,0,0,0,1,,,,,3,1,,0,1,0,0,0,0,0,,1,1,0,2,0,243,1,0,0,64,38.5586487134345,0,0,0,0,0,,0,0,0,0,0,,0,,1,3,0,0,1,,,0,99.6,1,28.6935286935287,3.35667161627918,1,0,0,0,90,1,1,,16756,,,,135.666802333469,1,Q4,high,high,Q4,Q4,,,,,,
1,2810507181,2017-09-07,1444.4,2,1,102,40,59,134,1.01,6.8,146.1,6.8,12358,988.637919233402,6.89632815663474,2.74566473988439,1.01002320953686,0,,27,,1152.82,1,789.062286105407,6.67084526082941,1,61.83,0,12358,0,3,,12358,0,,,1,4530,5840,12358,14478,14478,2120,,0,0,,,,0,0,4,0,12358,C10AA05,10 MG,C10,C10A,C10AA,C10AA05,81 MG,1,,,1,1,1,1,,,,,"","",,,,,,,,,,,,1,0,0,1,1,1,1,0,0,0,0,,1.1,66.39,2,011409CJB,328.078,1.53,5,118.6,5,89.332,8,13841,13841,27,1,1,1,81,1,8,0,0,0,0,0,0,0,0,0,0,0,195,68.5,0,0,0,0,0,0,1,,,,,7,1,,0,1,1,1,0,0,0,,1,1,0,2,0,567,1,0,0,68,29.2185783369915,0,0,1,1,1,141,0,1,0,1,0,,0,,,,0,0,1,,,0,50.2,1,46.5434633812457,3.84038657240754,2,1,0,1,76,0,0,,17634,14574,6,5276,13.0083936741237,1,Q2,low,low,Q1-Q3,Q1-Q3,Angina,14.444900752909,1,1,1,0
1,2810507814,2017-12-24,912.4,2,1,166,53,70,94,0.54,14.4,60.4,5,12462,1510.59602649007,7.32025957145756,,,,,19.34,,784.09,1,1298.16225165563,7.16870489072755,1,68.77,0,12462,0,3,12,12462,0,,,2,4585,5770,12462,,,,10992,1,1,-1537,10925,,0,0,4,0,12462,"","","","","","","",,,,,,,,,,,,"","",,,,,,,,,,,,0,0,0,0,0,0,0,0,0,0,0,,0.38,20.62,2,020709CJB,,,31,257.8,31,228.297,8,13546,13546,19.34,0,1,2,81,0,2,1,1,1,0,0,0,0,0,0,0,0,110,61.5,0,0,0,0,0,0,1,,,,,5,6,,0,0,0,0,0,0,0,1,1,1,2,,0,81,1,0,0,80,20.4478695691478,1,0,0,0,0,,0,0,0,0,0,,1,9937,1,1,1,0,0,1,13631,0,99,1,238.41059602649,5.47399438062332,2,0,0,0,89,0,1,15089,,9937,12,,16.9729890616861,1,Q3,high,low,Q1-Q3,Q1-Q3,TIA,,,,,
1,2810507982,2017-10-25,2093.2,2,1,205,54,182,90,0.55,3,66.6,5.6,11972,3142.94294294294,8.0529148829398,2.21477272727273,0.795149792035309,0,,39.62,,1216.59,1,1826.71171171171,7.5102727506661,1,66.56,0,11972,0,3,,11972,0,,,2,,6282,11972,14059,14059,2087,,0,0,,,,0,0,4,0,11972,M01AE01,200/30 MG,M01,M01A,M01AE,M01AE01,81 MG,1,1,,,,,,,,,,"","",,,,,,,,,,,,1,1,0,0,0,0,0,0,0,0,0,,22.27,60.59,2,012209CJB,,,12,107,12,71.469,8,13344,13344,39.62,0,2,1,81,0,3,0,0,0,0,0,0,0,0,0,0,0,159,63.75,0,0,0,0,0,0,1,,,,,4,2,,0,1,0,0,0,0,0,1,1,1,0,2,0,1134,2,0,0,55,27.5069449792879,0,0,0,0,0,,0,0,0,0,0,,0,,,,0,0,0,,,0,114.6,0,45.0450450450451,3.8076629901039,2,0,0,0,106,1,1,,17136,,,,29.6504051221032,1,Q4,high,high,Q4,Q4,,,,,,
1,2810508575,2017-09-15,920.8,2,1,133,31,97,138,1.24,3,86.4,8.1,11861,1065.74074074074,6.97142536758575,1.18355184743743,0.168519957577966,1,,15.08,,566.82,1,656.041666666667,6.48622430318718,1,63.79,0,11861,0,3,1,11861,0,,,1,4634,5859,11861,13989,13989,2128,,0,0,,,,0,0,4,0,11861,C10AA05,20 MG,C10,C10A,C10AA,C10AA05,81 MG,1,,1,1,1,1,1,,1,1,,"","",,,,,,,,,,,,1,0,1,1,1,1,1,0,1,1,0,,1.08,253.7,2,011409CJB,385.426,2.42,6,156.4,6,143.719,8,13329,13329,15.08,1,1,1,81,1,8,1,1,1,0,0,0,0,0,0,1,1,214,65.75,0,0,0,0,0,0,1,,,,,3,10,,0,0,1,1,1,0,1,,1,1,2,,0,567,1,1,0,56,34.8038967557933,1,1,1,1,1,140,0,1,1,0,1,11204,0,,,,0,0,0,,,0,82.6,0,34.7222222222222,3.54737989184024,2,1,0,1,65,0,0,,17122,11204,1,5261,16.3960113960114,1,Q2,low,low,Q1-Q3,Q1-Q3,MI,14.403832991102,1,1,1,0
1,2810509527,2017-10-25,399.6,2,1,165,37,184,145,1.07,9.1,27.4,5.9,11476,1458.39416058394,7.28509121936847,,,,,50.66,,168.59,1,615.29197080292,6.42209690442178,1,66.24,0,11476,0,3,,11476,0,,,1,4322,5643,11476,13722,13722,2246,,0,0,,,,0,0,4,0,11476,C03DA01,50 MG,C03,C03D,C03DA,C03DA01,81 MG,1,,,,,,,1,,,,"","",,,,,,,,,,,,1,0,0,0,0,0,0,1,0,0,0,,1.49,77.86,2,020209CJB,324.462,1.45,22,240.9,22,152.017,8,12698,12698,50.66,1,1,1,81,0,8,0,0,0,0,0,0,0,0,0,0,0,212,69.75,0,0,0,0,0,0,1,,,,,3,8,,0,1,1,0,0,0,0,,1,1,0,2,0,567,1,0,0,75,30.6374806298,0,0,1,0,1,,0,0,0,0,0,,0,,,,0,0,1,,,0,91.2,1,332.116788321168,5.80548667911092,3,1,0,0,68,0,1,14873,14620,14873,27,3397,21.4469729497639,0,Q3,high,high,Q1-Q3,Q1-Q3,,9.30047912388775,1,0,0,0
1,2810510579,2018-01-14,3535.6,2,1,147,77,82,107,0.97,25.2,142.2,5.7,11567,2486.35724331927,7.81857396380574,,,,,42.34,,1698.95,1,1194.76090014065,7.08570136078191,1,48.84,2,11567,1,2,5,11567,0,,,1,4271,5642,11567,13512,13512,1945,11567,1,1,-4551,7016,,0,0,3,0,11567,C10AX09,10 MG,C10,C10A,C10AX,C10AX09,81 MG,1,,,,,1,1,,,,1,"","",,,,,,,,,,,,1,0,0,0,0,1,1,0,0,0,1,,1.71,43.65,2,021409CJB,362.108,2.56,40,207.9,40,113.091,8,12512,12512,42.34,1,1,1,81,0,8,0,0,0,0,0,0,0,1,0,1,0,172,65.75,0,0,0,0,1,1,1,,,,,4,10,,0,1,1,0,1,1,0,,1,1,0,2,0,567,1,0,1,68,27.97322542989,0,0,1,1,1,141,0,1,1,1,1,3332,0,,1,3,1,1,0,,,0,53.6,1,177.215189873418,5.17736475613037,2,0,0,1,80,1,1,,16296,3332,5,4729,31.0794655414909,0,Q4,high,high,Q4,Q4,MI,12.9472963723477,1,1,1,0
1,2810511511,2018-01-10,526.6,2,1,217,82,100,94,0.71,16.4,35.2,5.7,11903,1496.02272727273,7.31056535044625,2.42439431913116,0.88558172788616,0,,48.24,,143.63,1,408.039772727273,6.01136465182777,1,59.02,0,11903,0,3,,11903,0,,,2,4376,5693,11903,14158,14158,2255,,0,0,,,,0,0,4,0,11903,B01AC06,81 MG,B01,B01A,B01AC,B01AC06,81 MG,1,,,,,,,,,,,"","",,,,,,,,,,,,1,0,0,0,0,0,0,0,0,0,0,,0.69,28.91,2,021209CJB,229.232,1.02,37,149,37,113.291,8,12897,12897,48.24,0,1,1,81,0,2,0,0,0,0,0,0,0,0,0,0,0,137,66.5,,,,,,,1,,,,,8,1,,0,0,0,0,0,0,0,1,1,1,0,,0,567,1,0,0,57,21.7812544845509,0,0,0,0,0,,0,0,0,0,0,,0,,,,0,0,0,,,0,115,1,465.909090909091,6.14399053120824,3,0,0,0,95,0,1,,16682,,,,15.7476076555024,1,Q3,high,low,Q1-Q3,Q1-Q3,,,,,,
1,2810512790,2018-01-06,250.4,2,1,201,98,57,92,0.71,3,35.7,5.5,11978,701.40056022409,6.55307913642844,5.26039603960396,1.66020631661564,0,,48.16,,239.71,1,671.456582633053,6.50944935658782,1,71.24,0,11978,0,3,,11978,0,,,2,4404,5663,11978,,,,,0,0,,,,0,0,4,0,11978,M01AE01,200 MG,M01,M01A,M01AE,M01AE01,325 MG,1,1,,,,,,1,,,,"","",,,,,,,,,,,,1,1,0,0,0,0,0,1,0,0,0,,0.82,33.82,2,021109CJB,235.396,1.26,35,195.2,35,114.663,8,13001,13001,48.16,1,1,1,325,0,2,0,0,0,0,0,0,0,0,0,0,0,132,64.25,0,0,0,0,1,1,1,,,,,7,0,,0,1,1,0,0,0,0,1,1,1,0,2,0,2275,2,0,1,81,22.4819138793299,0,0,1,0,1,,0,0,0,0,0,,0,,,,0,0,0,,,0,91.6,0,84.0336134453782,4.43121687886465,2,0,0,0,80,0,0,12947,13453,12947,27,969,8.76750700280112,0,Q1,low,low,Q1-Q3,Q1-Q3,,2.65297741273101,0,0,0,0
1,2810512853,2017-09-23,2029.4,2,1,174,35,134,96,0.78,3.7,141.1,5.5,11257,1438.27072997874,7.27119678897431,2.09904153354633,0.741480827944457,0,,49.94,,958.9,1,679.588944011339,6.52148812128896,1,63.25,0,11257,0,3,,11257,0,,,1,4314,5662,11257,,,,,0,0,,,,0,0,4,0,11257,C10AA01,20 MG,C10,C10A,C10AA,C10AA01,81 MG,1,,,,,1,1,,,,,"","",,,,,,,,,,,,1,0,0,0,0,1,1,0,0,0,0,,6.89,38.66,2,011509CJB,,,7,236.3,7,197.164,8,12699,12699,49.94,0,1,1,81,0,8,0,0,0,0,0,0,0,0,0,0,0,181,67,0,0,0,0,0,0,1,,,,,7,8,,0,1,0,0,0,0,0,,1,1,0,2,0,567,1,0,0,74,28.3487936100399,0,0,0,1,0,,0,0,0,0,0,,0,,,,0,0,1,,,0,112.2,0,26.2225372076541,3.26661923977355,1,0,0,1,89,0,1,12591,,12591,27,1334,16.16034528066,0,Q3,high,low,Q1-Q3,Q1-Q3,,3.65229295003422,0,0,0,0
1,2810513073,2018-02-22,4331.6,2,1,161,45,132,107,1,18.9,243.3,5.8,12246,1780.3534730785,7.48456720395284,2.06507592190889,0.725166991794717,0,,38.76,,1741.48,1,715.774763666256,6.57336554158615,1,57.79,0,12246,0,3,,12246,0,,,1,4350,5736,12246,,,,,0,0,,,,0,0,4,0,12246,C10AA05,10 MG,C09,C09A,C09AA,C09AA07,81 MG,1,,,,,1,1,,,,,C09AA07,"",,,,,1,,,,,,,1,0,0,0,1,1,1,0,0,0,0,,0.14,67.55,2,022109CJB,296.926,2.23,49,161.4,49,142.643,8,12897,12897,38.76,1,1,1,81,0,8,0,0,0,0,0,0,0,0,0,0,0,191,66.5,0,0,0,0,0,0,1,,,,,7,6,,0,1,1,0,0,0,0,,1,1,0,2,0,567,1,0,0,70,30.3665664711622,0,0,1,1,1,,0,0,0,0,0,,0,,,,0,0,0,,,0,89.6,1,77.6818742293465,4.35262195125826,2,0,0,1,76,1,1,,16652,,,,23.4257035931382,1,Q4,high,high,Q4,Q4,,,,,,
1,2810513850,2017-11-13,1079.2,2,1,185,38,256,140,0.98,28.8,67.4,7.5,11769,1601.18694362018,7.37850047296338,2.26150121065375,0.81602884526781,0,,43.1,,952.87,1,1413.75370919881,7.25400365108653,1,72.83,0,11769,0,3,41,11769,1,1975,13744,2,4286,5639,11769,13841,13841,2072,,0,0,,,,0,1,4,1,11769,C10AX06,1200 MG,C10,C10A,C10AX,C10AX06,81 MG,1,,,1,,1,,1,,1,,"","",,,,,,,,,,,,1,0,0,1,0,1,0,1,0,1,0,,2.35,155.5,2,012709CJB,533.796,2.49,16,172.9,16,147.549,8,13066,13066,43.1,1,1,1,81,1,2,0,0,0,0,0,0,0,0,0,0,0,167,60.25,1,1,0,0,0,0,1,,,,,6,8,,0,1,1,1,0,0,0,1,1,1,0,2,0,567,1,0,1,82,32.3450615049162,0,1,1,1,1,,0,0,0,0,0,,0,,,,0,0,0,,,0,95.8,1,427.299703264095,6.05748564820578,3,1,1,0,54,0,1,14988,,3536,6,,29.6516100670403,1,Q3,high,high,Q4,Q1-Q3,Angina,,,,,
7,2810514087,2017-08-16,1065.2,2,1,200,52,107,101,0.75,3,127.3,5.3,3940,836.763550667714,6.72954153436451,2.00847457627119,0.697375516669466,0,0.3,28.26,28.38,875.92,2,688.075412411626,6.5338984429899,1,64.73,0,3940,0,3,1,3940,0,,,2,3940,,,,,,,0,0,,,,0,0,4,0,3940,C10AA07,5 MG,C10,C10A,C10AA,C10AA07,325 MG,1,,,1,,1,1,,,,,"","",,,,,,,,,,,,1,0,0,1,0,1,1,0,0,0,0,,0.36,20.81,2,010609CJB,361.968,1.25,4,189.2,4,110.424,3,,,28.26,0,1,1,325,0,,0,0,0,0,0,0,,,,,0,138,64.25,0,0,0,0,0,0,1,,,,,6,2,,1,0,0,0,,,0,,1,1,0,1,0,2275,2,0,0,54,23.5038190556631,0,0,0,1,0,,0,0,0,0,1,-540,0,,,,0,0,0,,,0,126.6,0,23.56637863315,3.15982106208689,1,0,0,1,90,0,0,,8447,-540,1,4507,9.29737278519682,0,Q1,low,low,Q1-Q3,Q1-Q3,MI,12.3394934976044,1,1,1,0
7,2810514176,2017-08-12,704.2,2,1,119,35,179,116,1.03,3,79.9,6.4,4638,881.351689612015,6.78145673993681,1.98682877406282,0.686539786762865,0,1.1,47.3,48.06,1181.17,2,1478.31038798498,7.29865508486266,1,75.72,0,4638,0,3,,4638,0,,,2,4638,6381,,,6381,1743,,0,0,,,,0,0,4,0,4638,C10AX09,"",C10,C10A,C10AA,C10AA01,81 MG,1,,,1,1,1,,,,,,C10AA01,"",,,,,,1,1,1,,,,1,0,0,1,1,1,1,1,0,0,0,,1.36,140.5,2,122908CJB,430.946,2.21,2,105.8,2,92.952,3,,,47.3,1,1,1,81,0,,0,0,0,0,0,0,,,,,0,187,65.25,0,0,0,0,0,0,,1,,,,7,1,,0,1,1,0,,,0,,2,2,0,2,0,567,1,0,0,65,30.8806325103732,0,0,1,1,1,140,0,1,1,0,0,,0,,,,0,0,0,,,0,48.2,0,37.5469336670839,3.62559171487802,2,0,0,1,66,0,0,,9230,8441,11,4592,13.3538134789699,0,Q2,low,low,Q1-Q3,Q1-Q3,Atherothrombotic Infarction of Brain,12.5722108145106,1,1,1,0
1,2810515822,2018-01-06,1162.4,2,1,157,40,118,107,1.26,3,110.3,5.5,12025,1053.85312783318,6.96020837198471,2.35593220338983,0.856936489224972,0,,45.32,,877.28,1,795.358114233908,6.67879247138437,1,64.54,0,12025,0,3,,12025,0,,,1,4906,5655,12025,14179,14179,2154,,0,0,,,,0,0,4,0,12025,B01AC06,81 MG,B01,B01A,B01AC,B01AC06,81 MG,1,,,,,,,,,,,"","",,,,,,,,,,,,1,0,0,0,0,0,0,0,0,0,0,,2.06,69.5,2,021109CJB,495.416,1.26,36,216,36,172.623,8,13046,13046,45.32,0,1,1,81,0,8,0,0,0,0,0,0,0,0,0,0,0,166,69.25,0,0,0,0,0,0,1,,,,,7,6,,0,1,0,0,0,0,0,,1,1,0,2,0,567,1,0,0,82,24.3373980472628,0,0,0,0,0,,0,0,0,0,0,,0,,,,0,0,0,,,0,93.4,0,27.1985494106981,3.30316364139079,1,0,0,0,53,0,0,16754,,16754,27,4729,19.8840212798714,0,Q2,low,high,Q1-Q3,Q1-Q3,,12.9472963723477,1,1,1,0
1,2810515853,2018-02-08,4548.1,2,1,117,36,101,109,0.95,50.8,277.8,6.1,12573,1637.18502519798,7.40073359798345,1.77040261153428,0.571206984863351,0,,46.42,,1669.18,1,600.856731461483,6.39835652252578,1,,0,12573,,,4,12573,1,1359,13932,1,4648,5806,12573,15034,15034,2461,,0,0,,,,0,1,,1,12573,C10AX09,20 MG,C10,C10A,C10AA,C10AA01,81 MG,1,,,1,,1,,,,,,C10AA01,"",,,,,1,1,1,,,,,1,0,0,1,1,1,1,0,0,0,0,,1,108.6,2,021909CJB,360.032,2.97,46,178.1,46,166.069,8,13376,13376,46.42,1,1,1,81,0,8,,,,,,,0,0,0,0,0,206,64,0,0,0,0,0,0,1,,,,,8,8,,0,1,1,0,0,0,0,,1,1,,2,,567,1,0,0,83,35.3600511888524,,0,1,1,1,141,0,1,0,1,1,13359,0,,,,0,0,1,,,0,60.8,1,182.865370770338,5.20875020324633,2,0,0,1,74,0,1,15842,,13359,4,,22.1241219621349,1,Q3,high,high,Q1-Q3,Q1-Q3,MI,,,,,
1,2810516102,2017-09-17,831.4,2,1,140,44,84,102,0.71,3,66.9,5.5,12358,1242.75037369208,7.12508224567245,2.85889570552147,1.05043543331888,0,,31.12,,773.1,1,1155.60538116592,7.05237962518034,1,59.44,0,12358,0,3,,12358,0,,,2,4687,5845,12358,14529,14529,2171,,0,0,,,,0,0,4,0,12358,C10AA05,10 MG,C10,C10A,C10AA,C10AA05,"",,,,,,1,1,,,,,"","",,,,,,,,,,,,0,0,0,0,0,1,1,0,0,0,0,,2.42,66.81,2,011509CJB,439.658,1.88,6,176.1,6,105.603,8,13815,13815,31.12,0,1,1,81,0,2,0,0,0,0,0,0,0,0,0,0,0,201,64.75,0,0,0,0,0,0,1,,,,,7,2,,0,1,0,0,0,0,0,1,1,1,0,2,0,567,1,0,0,68,33.7071570522146,0,0,0,1,0,,0,0,0,0,0,,0,,,,0,0,0,,,0,79.2,0,44.8430493273543,3.80316860051606,2,0,0,1,88,0,1,15088,,15088,27,2730,14.12216333741,0,Q3,low,low,Q1-Q3,Q1-Q3,,7.47433264887064,1,0,0,0
1,2810516215,2018-01-13,156.3,1,1,152,105,59,92,0.81,3,18.4,5.4,12295,849.456521739131,6.74459675880058,2.61297798377752,0.960490560853351,0,,27.12,,159.33,1,865.923913043478,6.76379704447557,1,72,0,12295,0,3,,12295,0,,,2,4583,5707,12295,14405,14405,2110,,0,0,,,,0,0,4,0,12295,C03CA01,20 MG,C03,C03C,C03CA,C03CA01,325 MG,1,,,,,,,1,,,,"","",,,,,,,,,,,,1,0,0,0,0,0,0,1,0,0,0,,1.46,43.97,2,021309CJB,291.85,1.21,39,122.6,39,58.056,8,13257,13257,27.12,0,1,1,325,0,2,0,0,0,0,0,0,0,0,0,0,0,103,61.25,0,0,0,0,0,0,1,,,,,3,6,,0,1,0,0,0,0,0,1,1,1,0,2,0,2275,2,0,0,77,19.3032595977728,0,0,0,0,0,,0,0,0,0,0,,0,,,,0,0,0,,,0,35.2,0,163.04347826087,5.09401690303531,2,0,0,0,70,0,0,,16264,,,,12.1350931677019,1,Q1,low,low,Q1-Q3,Q1-Q3,,,,,,
1,2810517338,2018-12-17,1149.8,2,1,149,47,111,128,0.85,3,144.1,6.4,11636,797.918112421929,6.68200597617181,1.65749778172138,0.505309104749012,1,,27.88,,1599.44,1,1109.95142262318,7.01207152994619,1,68.38,0,11636,0,3,,11636,0,,,1,4363,5686,11636,,,,12435,1,0,95,11731,,0,0,4,0,11636,C10AA05,10/125 MG,C03,C03A,C03AA,C03AA03,325 MG,1,,1,1,1,1,1,1,,,,C03AA03,"",,,,,,,,1,,,,1,0,1,1,1,1,1,1,0,0,0,,0.98,37.45,2,020509CJB,186.572,5.85,28,202.2,28,171.051,8,12762,12762,27.88,1,1,1,325,0,8,0,0,0,0,0,0,0,0,,0,0,160,64.75,,,,,,,,,,,,,,,,,1,0,0,0,0,,1,1,0,,0,2275,2,0,0,76,26.8315678027579,0,0,1,1,1,,0,0,0,0,0,,0,,1,1,0,0,1,1,12382,0,79.8,0,20.8188757807078,3.03586006464477,1,1,0,1,85,0,0,12448,,11090,11,,9.38727191084623,1,Q1,low,low,Q1-Q3,Q1-Q3,Atherothrombotic Infarction of Brain,,,,,
1,2810517604,2018-02-03,341.4,2,1,122,35,110,174,2.5,3,32.7,7.3,12491,1044.03669724771,6.95084991844522,0.937282229965157,-0.0647708361577819,1,,55.04,,501.35,1,1533.18042813456,7.33509956805482,1,68.4,0,12491,0,3,41,12491,1,1294,13785,1,4651,5732,12491,,,,9240,1,1,-3251,9240,,0,1,4,1,12491,C10AB04,600 MG,C10,C10A,C10AB,C10AB04,81 MG,1,,1,1,1,1,1,1,1,,,"","",,,,,,,,,,,,1,0,1,1,1,1,1,1,1,0,0,,0.56,51.05,2,021909CJB,372.42,2.45,46,222.9,46,147.454,8,13306,13306,55.04,1,1,1,81,1,8,0,0,0,0,0,0,0,0,0,0,0,251,66.25,0,0,0,0,0,0,,,,,,,,,,,1,1,0,0,0,,1,1,0,,0,567,1,0,0,72,40.2075461324294,0,1,1,1,1,141,0,1,1,1,0,,0,,1,6,1,0,0,,,0,65,0,91.743119266055,4.51899248974704,2,1,0,1,25,0,0,15852,,6698,6,,41.7614678899083,1,Q2,low,high,Q4,Q1-Q3,Angina,,,,,
1,2810517745,2017-09-13,1417.1,2,1,167,50,209,90,1.05,9.8,88.2,5.3,11415,1606.68934240363,7.38193103180617,1.38501872659176,0.325713660552775,1,,41.34,,749.02,1,849.229024943311,6.74432890840576,1,,4,11415,,,2,11415,1,-9378,2037,1,4358,5669,11415,,,,11670,1,0,255,11670,,1,0,,1,11415,M01AX25,120 MG,C03,C03A,C03AA,C03AA03,325 MG,1,1,,1,1,1,1,,,,,C03AA03,"",,,,,,,,1,,,,1,1,0,1,1,1,1,1,0,0,0,,0.84,30.17,2,011409CJB,284.278,3.67,5,222.5,5,185.418,8,12898,12898,41.34,1,1,1,325,0,8,0,0,0,0,0,0,0,0,0,0,0,163,66,0,0,0,0,0,0,1,,,,,7,6,,0,1,1,0,0,0,0,,1,1,0,2,0,2275,2,0,0,80,26.3090608825846,0,0,1,1,1,141,0,1,0,1,1,2037,0,,1,1,0,0,0,,,0,75.2,1,111.111111111111,4.71053070164592,2,0,0,1,67,0,1,12898,,1360,6,,23.9804379463228,1,Q3,high,high,Q4,Q1-Q3,Angina,,,,,
1,2810517841,2017-12-31,752.6,2,1,160,33,132,112,1.33,4.7,54.7,6.1,11916,1375.86837294333,7.22684035471949,,,,,56,,498.43,1,911.206581352834,6.81476963483827,1,61.81,1,11916,0,3,,11916,0,,,2,4380,,11916,,,,,0,0,,,,0,0,4,0,11916,C09CA08,20 MG,C09,C09C,C09CA,C09CA08,"",,,,,1,,,1,,,,"","",,,,,,,,,,,,0,0,0,0,1,0,0,1,0,0,0,,3.78,119.9,2,020909CJB,437.56,4.12,33,202.6,33,152.903,8,12976,12976,56,1,1,1,81,0,2,0,0,0,0,0,0,0,0,0,0,0,158,62,0,0,0,0,0,0,1,,,,,2,6,,0,1,1,0,0,0,0,1,1,1,0,2,0,567,1,0,0,77,28.8987674749543,0,0,1,0,1,,0,0,0,0,0,,0,,,,0,0,0,,,0,100.6,1,85.9232175502742,4.45345407827021,2,0,0,0,38,0,1,13375,,13375,28,1459,36.207062445877,0,Q3,high,high,Q4,Q1-Q3,Death,3.99452429842574,0,0,0,0
7,2810517992,2017-08-13,1800.2,2,1,173,54,94,103,0.89,28.5,105.9,5.9,3754,1699.90557129367,7.43832798220372,2.31803797468354,0.84072112730431,0,3.7,44.9,42.6,1504.24,2,1420.4343720491,7.25871799962795,1,67.66,0,3754,0,3,,3754,0,,,2,3754,,,,,,,0,0,,,,0,0,4,0,3754,C07AB03,50 MG,C07,C07A,C07AB,C07AB03,81 MG,1,,,1,,,,1,,,,"","",,,,,,,,,,,,1,0,0,1,0,0,0,1,0,0,0,,3.16,90.75,2,010509CJB,401.098,3.18,3,143.1,3,78.49,3,,,44.9,1,1,1,81,0,,0,0,0,0,0,0,,,,,0,227,62.25,0,0,0,0,0,0,,,,,,1,0,1,1,0,1,0,,,0,,,,0,1,0,567,1,0,0,60,41.1862980787945,0,0,1,0,1,,0,0,0,0,0,,0,,,,0,0,0,,,0,100.2,1,269.121813031162,5.59516411364938,2,0,0,0,70,0,1,,8086,,,,24.2843653041953,1,Q3,high,high,Q4,Q1-Q3,,,,,,
1,2810518042,2017-11-26,2443.9,2,1,183,50,112,250,0.87,86.6,59.7,9.4,12314,4093.63484087102,8.31718856851364,1.07467811158798,0.0720211856602429,1,,57.76,,532.97,1,892.747068676717,6.79430330299307,1,65.53,0,12314,0,3,,12314,0,,,1,4533,5762,12314,15182,15182,2868,,0,0,,,,0,0,4,0,12314,C09AA03,10 MG,C09,C09A,C09AA,C09AA03,"",,,,,1,,,,1,,,"","",,,,,,,,,,,,0,0,0,0,1,0,0,0,1,0,0,,1.64,15.26,2,020309bCJ,452.002,3.06,24,152.8,24,141.966,8,13495,13495,57.76,1,2,2,81,1,8,1,1,1,0,0,0,0,0,0,0,0,207,77,0,0,0,0,0,0,1,,,,,3,1,,0,1,1,1,0,0,0,,1,1,2,2,0,162,1,0,0,46,24.5467787275598,1,1,1,0,1,,0,0,0,0,0,,0,,,,0,0,0,,,0,110.6,1,1450.58626465662,7.27972307415197,3,1,0,0,103,1,1,,17283,,,,39.7440275812721,1,Q4,high,high,Q4,Q4,,,,,,
1,2810518297,2017-11-18,435.7,2,1,197,77,43,104,0.8,3,39.1,5.4,12488,1114.32225063939,7.01600165212017,1.82142857142857,0.599621122549122,0,,50.82,,411.11,1,1051.43222506394,6.95790853758651,1,61.88,0,12488,0,3,,12488,0,,,1,4594,5856,12488,14632,14632,2144,14781,1,0,2277,14765,,0,0,4,0,12488,B01AC06,81 MG,B01,B01A,B01AC,B01AC06,81 MG,1,,,,,,,,,,,"","",,,,,,,,,,,,1,0,0,0,0,0,0,0,0,0,0,,3.78,39.77,2,013009CJB,322.756,3.03,20,293.3,20,139.499,8,13734,13734,50.82,0,1,1,81,0,8,0,0,0,0,0,0,0,0,0,0,0,173,69.25,0,0,0,0,0,0,1,,,,,7,8,,0,1,0,0,0,0,0,,1,1,0,2,0,567,1,0,0,63,25.363673868533,0,0,0,0,0,,0,0,0,0,0,,0,,1,2,0,0,0,,,0,111.4,0,76.7263427109975,4.34024510065893,2,0,0,0,95,0,0,,17522,,,,11.7297079014672,1,Q2,low,low,Q1-Q3,Q1-Q3,,,,,,
7,2810520133,2017-08-19,1208.2,2,0,125,44,141,131,0.96,3,152.9,6.4,3384,790.189666448659,6.67227300075772,2.51039260969977,0.92043915911872,0,1.1,45.66,44.98,1633.66,2,1068.44996729889,6.97396424848635,1,64.24,0,3384,0,3,,3384,0,,,1,3384,,,,,,,0,0,,,,0,0,4,0,3384,C10AX09,20 MG,C10,C10A,C10AA,C10AA01,81 MG,1,,,,1,1,,,,1,,C10AA01,"",,,,,,1,1,,,,,1,0,0,0,1,1,1,0,0,1,0,,0.29,244.2,2,010609CJB,321.842,0.83,4,157.8,4,102.031,3,,,45.66,1,1,1,81,1,,0,0,0,0,0,0,,,,,0,232,72.5,0,0,0,0,0,0,,,1,,,7,1,,0,1,1,1,,,0,,2,3,0,2,0,567,1,0,0,50,31.0325586168414,0,1,1,1,1,,0,0,0,0,0,,0,,,,0,0,0,,,0,52.8,0,19.6206671026815,2.97658345471523,1,1,0,1,92,0,0,,5253,,,,8.58901811357238,1,Q1,low,low,Q1-Q3,Q1-Q3,,,,,,
1,2810520294,2018-01-28,1721.4,2,1,201,54,107,95,0.93,6.6,111.5,5.7,11895,1543.85650224215,7.34203878730329,1.86535008976661,0.623448751171943,0,,36.94,,954.41,1,855.973094170404,6.75223894360382,1,58.83,0,11895,0,3,,11895,0,,,1,4698,5658,11895,13894,13894,1999,,0,0,,,,0,0,4,0,11895,M01AE01,200 MG,M01,M01A,M01AE,M01AE01,325 MG,1,1,,,,,,,,,,"","",,,,,,,,,,,,1,1,0,0,0,0,0,0,0,0,0,,1.2,23.95,2,021709CJB,332.276,1.1,42,276.5,42,199.86,8,12799,12799,36.94,0,1,1,325,0,8,0,0,0,0,0,0,0,0,0,0,0,174,70,0,0,0,0,0,0,1,,,,,8,1,,0,1,0,0,0,0,0,,1,1,0,2,0,2275,2,0,0,56,24.9665642188427,0,0,0,0,0,,0,0,0,0,0,,0,,,,0,0,0,,,0,125.6,1,59.1928251121076,4.08080033711434,2,0,0,0,91,0,1,,16583,,,,16.9654560685951,1,Q3,high,low,Q1-Q3,Q1-Q3,,,,,,
1,2810520758,2017-12-31,2123.5,2,1,178,63,75,89,0.88,33.5,160.2,5.5,12343,1325.53058676654,7.18956810110716,4.43264503441495,1.48899647911111,0,,29.34,,1032.36,1,644.419475655431,6.46834987377509,1,68.58,0,12343,0,3,4,12343,1,1190,13533,2,5071,6181,12343,14337,14337,1994,,0,0,,,,0,1,4,1,12343,C10AA01,10 MG,C10,C10A,C10AA,C10AA01,81 MG,1,,,1,,1,1,,,,,"","",,,,,,,,,,,,1,0,0,1,0,1,1,0,0,0,0,,0.63,25.57,2,021009CJB,184.864,1.89,33,241.3,33,153.16,8,13401,13401,29.34,1,4,2,81,0,2,0,0,0,0,0,0,0,0,0,0,0,127,64.5,0,0,0,0,0,0,1,,,,,6,6,,0,1,1,0,0,0,0,1,1,1,0,2,0,324,1,0,0,83,21.4629742401724,0,0,1,1,1,140,0,1,1,0,1,5626,0,,,,0,0,0,,,0,100,1,209.113607990012,5.3428776831789,2,0,0,1,61,0,1,,17186,5626,4,4843,21.7300096191236,0,Q3,high,high,Q1-Q3,Q1-Q3,MI,13.2594113620808,1,1,1,0
1,2810521239,2017-09-07,598.1,2,1,143,53,83,108,1.07,7.3,37.1,5.6,12357,1612.12938005391,7.38531118042521,2.01344743276284,0.699848393574893,0,,35.14,,376.84,1,1015.74123989218,6.92337391055517,1,53.72,1,12357,1,2,12,12357,0,,,1,4621,5824,12357,14514,14514,2157,,0,0,,,,0,0,3,0,12357,C10AA01,40 MG,C10,C10A,C10AA,C10AA01,81 MG,1,,,1,1,1,1,1,,,,"","",,,,,,,,,,,,1,0,0,1,1,1,1,1,0,0,0,,1.96,66.93,2,011309CJB,287.842,3.08,5,173.6,5,148.921,8,13841,13841,35.14,1,1,1,81,0,8,0,0,0,0,0,0,0,0,0,1,1,208,66.5,0,0,0,0,0,0,1,,,,,3,6,,0,1,1,0,1,0,1,,1,1,0,2,0,567,1,1,0,81,33.0693498743547,0,0,1,1,1,140,0,1,1,0,1,11983,1,9157,,,0,0,1,,,0,73.4,1,196.765498652291,5.28201265752309,2,0,0,1,65,0,1,15674,,9157,12,,24.8019904623678,1,Q3,high,high,Q4,Q1-Q3,TIA,,,,,
1,2810522741,2017-12-24,1118.5,2,1,154,32,139,145,1,6.1,147.8,6.4,12407,756.765899864682,6.62905395840418,1.00074962518741,0.000749344358780758,1,,49.9,,1656.53,1,1120.79161028417,7.02179050952384,1,,2,12407,,,12,12407,1,3230,15637,1,4528,5728,12407,14409,14409,2002,12407,1,1,-1582,10825,,0,1,,1,12407,C10AA05,40 MG,C10,C10A,C10AA,C10AA05,325 MG,1,,,1,,1,1,,,,1,"","",,,,,,,,,,,,1,0,0,1,0,1,1,0,0,0,1,,2.91,282.5,2,020709CJB,1603.774,16.27,31,177.8,31,155.494,8,13490,13490,49.9,1,1,1,325,0,8,0,0,0,0,0,0,0,1,0,0,0,275,69.25,0,0,0,0,0,0,1,,,,,7,1,,0,1,1,0,0,1,0,,1,1,0,2,0,2275,2,0,0,64,40.3179786927547,0,0,1,1,1,,0,0,0,0,0,,1,15466,1,3,1,1,1,,,0,94.2,1,41.2719891745602,3.7201840416473,2,1,0,1,79,0,0,16353,,15466,12,,9.57931518816053,1,Q1,low,low,Q1-Q3,Q1-Q3,TIA,,,,,
1,2810522826,2017-08-30,936.1,2,1,167,42,57,191,0.97,8.3,157.2,7.9,11881,595.483460559797,6.38937361437068,0.81917211328976,-0.199461066670651,1,,59.22,,925.84,1,588.956743002545,6.37835273953281,1,62.6,0,11881,0,3,4,11881,0,,,1,4446,5728,11881,14746,14746,2865,14746,1,0,2742,14623,,0,0,4,0,11881,C09AA03,20 MG,C09,C09A,C09AA,C09AA03,81 MG,1,,,1,1,,,,,1,,"","",,,,,,,,,,,,1,0,0,1,1,0,0,0,0,1,0,,4.35,58.62,2,011209CJB,276.98,2.54,3,224.7,3,185.284,8,13413,13413,59.22,1,1,1,81,1,8,0,0,0,0,0,0,0,0,0,0,0,260,68.25,0,0,0,0,0,0,1,,,,,4,8,,0,1,1,1,0,0,0,,1,1,0,2,0,567,1,0,0,61,39.2440345320251,0,1,1,0,1,,0,0,0,0,1,1350,0,,1,3,0,0,0,,,0,113.6,1,52.7989821882952,3.96649191378958,2,1,0,0,84,0,0,,16922,1350,4,5041,7.08908881618805,0,Q1,low,low,Q1-Q3,Q1-Q3,MI,13.8015058179329,1,1,1,0
1,2810522857,2018-12-17,282.4,2,1,149,53,51,112,0.95,3.8,22.5,5.7,12550,1255.11111111111,7.1349793823968,3.62848605577689,1.28881549675689,0,,19.34,,578.56,1,2571.37777777778,7.85219713454147,1,67.56,0,12550,0,3,,12550,0,,,1,4579,5796,12550,14476,14476,1926,,0,0,,,,0,0,4,0,12550,C10AA02,40 MG,C10,C10A,C10AA,C10AA02,81 MG,1,,1,,,1,1,,,,,"","",,,,,,,,,,,,1,0,1,0,0,1,1,0,0,0,0,,0.59,42.28,2,020509CJB,344.006,2.37,29,182.1,29,124.132,8,13665,13665,19.34,0,1,1,81,0,8,0,0,0,0,0,0,0,0,0,0,0,160,65.5,0,0,0,0,0,0,1,,,,,8,8,,0,1,0,0,0,0,0,,1,1,0,2,0,567,1,0,0,78,26.2206223381038,0,0,0,1,0,,0,0,0,0,0,,0,,,,0,0,1,,,0,85.8,0,168.888888888889,5.1292410365041,2,0,0,1,76,0,1,,17166,0,6,4616,16.5146198830409,0,Q3,low,low,Q1-Q3,Q1-Q3,Angina,12.6379192334018,1,1,1,0
1,2810523254,2017-10-28,1178.4,2,1,232,35,175,92,1.02,3,205.5,5.6,12430,573.430656934307,6.35163701720022,1.34008810572687,0.29273536234379,1,,38.56,,1257.99,1,612.160583941606,6.416994640155,1,68.09,0,12430,0,3,,12430,0,,,1,4533,6011,12430,14563,14563,2133,,0,0,,,,0,0,4,0,12430,C09AA03,10 MG,C09,C09A,C09AA,C09AA03,325 MG,1,,,,1,,,,,,,"","",,,,,,,,,,,,1,0,0,0,1,0,0,0,0,0,0,,1.25,189.8,2,012309CJB,327.734,1.12,13,106.3,13,131.249,8,13781,13781,38.56,1,1,1,325,0,8,0,0,0,0,0,0,0,0,0,0,0,259,70,0,0,0,0,0,0,1,,,,,8,10,,0,1,1,0,0,0,0,,1,1,0,2,0,2275,2,0,0,47,37.1628743257486,0,0,1,0,1,,0,0,0,0,0,,0,,,,0,0,0,,,0,162,0,14.5985401459854,2.68092153371396,1,0,0,0,87,0,0,,17573,,,,6.5911569762564,1,Q1,low,low,Q1-Q3,Q1-Q3,,,,,,
1,2810523707,2018-02-17,498.1,2,1,188,81,145,90,0.68,3,33.8,5,12714,1473.66863905325,7.29551024357836,1.97423664122137,0.680181812864556,0,,34.2,,518.8,1,1534.91124260355,7.33622783594141,1,70.58,0,12714,0,3,2,12714,0,,,2,4475,5713,12714,,,,,0,0,,,,0,0,4,0,12714,C10AX06,1200 MG,C10,C10A,C10AX,C10AX06,81 MG,1,,,,,1,1,,,,,"","",,,,,,,,,,,,1,0,0,0,0,1,1,0,0,0,0,,1.03,86.11,2,022009CJB,318.98,1.64,48,154.8,48,94.505,8,13419,13419,34.2,0,1,1,81,0,2,1,0,0,64,0,0,0,0,0,0,0,154,62.5,,,,,,,1,,,,,3,7,,0,0,0,0,0,0,0,1,1,1,1,,0,567,1,0,0,67,27.7182813565627,0,0,0,1,0,,0,0,0,0,1,13632,0,,,,0,0,0,,,0,78,0,88.7573964497041,4.48590676516127,2,0,0,1,91,0,1,13761,,13632,2,,16.1941608687171,1,Q3,high,low,Q1-Q3,Q1-Q3,MI,,,,,
1,2810524695,2017-10-22,1213.9,2,1,136,51,71,102,0.84,15.2,72.6,5.6,12223,1672.03856749311,7.4217988600611,1.57053571428571,0.451416780448418,1,,29.3,,727.89,1,1002.60330578512,6.91035520203634,1,67.29,0,12223,0,3,,12223,0,,,2,4552,5788,12223,14288,14288,2065,,0,0,,,,0,0,4,0,12223,C10AA05,20 MG,C10,C10A,C10AA,C10AA05,81 MG,1,,1,1,,1,1,,,,,"","",,,,,,,,,,,,1,0,1,1,0,1,1,0,0,0,0,,1.27,63.67,2,012109CJB,364.054,2.22,10,82.3,10,66.429,8,13617,13617,29.3,1,1,1,81,0,2,0,0,0,0,0,0,0,0,0,1,0,150,64.25,0,0,0,0,0,0,1,,,,,4,2,,0,1,1,0,1,0,0,1,1,1,0,2,0,567,1,0,0,77,25.5476294083294,0,0,1,1,1,140,0,1,1,0,0,,0,,,,0,0,0,,,0,70.8,1,209.366391184573,5.34408578500362,2,0,0,1,67,0,1,,17409,11538,7,5186,24.9557995148226,1,Q3,high,high,Q4,Q1-Q3,Coronary Insufficiency,14.1984941820671,1,1,1,0
1,2810525321,2018-01-08,1729.9,2,1,180,96,49,92,0.82,4.4,125.4,6,12238,1379.50558213716,7.2294804401422,,,,,18.02,,1038.53,1,828.17384370016,6.71922308850716,1,66.63,0,12238,0,3,,12238,0,,,2,4601,5735,12238,14701,14701,2463,10350,1,1,-1888,10350,,0,0,4,0,12238,M01AX05,160/25 MG,C03,C03A,C03AA,C03AA03,81 MG,1,1,,1,1,1,1,,,,1,C03AA03,"",,,,,,,,1,,,,1,1,0,1,1,1,1,1,0,0,1,,0.57,29.61,2,021109bCJ,338.34,1.02,36,143.6,36,106.346,8,13246,13246,18.02,1,3,2,81,0,2,0,0,0,0,0,0,0,0,0,0,0,116,57.75,0,0,0,0,0,0,1,,,,,4,0,,0,0,1,0,0,0,0,1,1,1,0,,0,243,1,0,0,78,24.454547138138,0,0,1,1,1,,0,0,0,0,0,,0,,1,1,1,0,1,,,0,74.2,1,35.0877192982456,3.55785119170753,2,0,0,1,69,0,1,,15618,,,,19.992834523727,1,Q3,high,high,Q1-Q3,Q1-Q3,,,,,,
1,2810525838,2017-08-30,3191.2,2,1,203,44,135,161,0.68,10.7,104.6,6.6,12265,3050.8604206501,8.02317893494847,1.17733990147783,0.163257572889724,1,,52.54,,981.9,1,938.718929254302,6.84451610453251,1,64.07,0,12265,0,3,,12265,0,,,2,4528,6552,12265,15330,15330,3065,,0,0,,,,0,0,4,0,12265,C10AX09,10 MG,C10,C10A,C10AX,C10AX09,325 MG,1,,,,1,1,,,,1,,"","",,,,,,,,,,,,1,0,0,0,1,1,0,0,0,1,0,,9.39,114.4,2,011209CJB,435.296,4.91,2,308.2,2,220.218,8,13811,13811,52.54,1,1,1,325,1,2,0,0,0,0,0,0,0,0,0,0,0,173,60.25,0,0,0,0,0,0,1,,,,,4,0,,0,0,1,1,0,0,0,1,1,1,0,,0,2275,2,0,0,66,33.5071595230569,0,1,1,1,1,,0,0,0,0,0,,0,,,,0,0,0,,,0,132,1,102.294455066922,4.62785546881918,2,1,1,0,91,1,1,,17605,,,,33.5259386884626,1,Q4,high,high,Q4,Q4,,,,,,
1,2810526660,2018-01-06,1846.4,2,1,178,50,115,105,0.82,72.2,165.4,5.9,12215,1116.32406287787,7.01779647971228,1.65287588294652,0.502516730083027,1,,62.62,,1449.27,1,876.221281741233,6.77561866376462,1,64.09,0,12215,0,3,,12215,0,,,1,4592,5733,12215,14269,14269,2054,,0,0,,,,0,0,4,0,12215,C10AA04,80 MG,C10,C10A,C10AA,C10AA04,81 MG,1,,,,,1,1,1,,,,"","",,,,,,,,,,,,1,0,0,0,0,1,1,1,0,0,0,,1.22,71.34,2,021109CJB,279.514,1.46,35,280.9,35,198.021,8,13240,13240,62.62,1,1,1,81,0,8,0,0,0,0,0,0,0,0,0,0,0,190,68.5,0,0,0,0,0,0,1,,,,,6,8,,0,1,1,0,0,0,0,,1,1,0,2,0,567,1,0,0,75,28.4693840206584,0,0,1,1,1,,0,0,0,0,0,,0,,,,0,0,1,,,0,105,1,436.517533252721,6.07882854229133,3,0,0,1,87,0,0,,17025,,,,12.8313110675617,1,Q2,low,low,Q1-Q3,Q1-Q3,,,,,,
1,2810527779,2017-11-13,620.7,2,1,160,51,66,117,0.97,5.1,53.6,5.3,12424,1158.0223880597,7.05446899133094,,,,,30.62,,281.22,1,524.664179104478,6.26275839907401,1,65.71,0,12424,0,3,,12424,0,,,2,4509,5792,12424,14555,14555,2131,,0,0,,,,0,0,4,0,12424,C10AA05,37.5/25 MG 1/2,C03,C03A,C03AA,C03AA03,81 MG,1,,,1,,1,1,1,,,,C03AA03,"",,,,,,,,1,,,,1,0,0,1,0,1,1,1,0,0,0,,1.21,74.73,2,012709bCJ,418.728,1.47,17,199.3,17,125.981,8,13709,13709,30.62,1,1,1,81,0,2,0,0,0,0,0,0,0,0,0,0,0,115,59.25,0,0,0,0,0,0,1,,,,,3,6,,0,1,1,0,0,0,0,1,1,1,0,2,0,567,1,0,0,84,23.0317397023193,0,0,1,1,1,,0,0,0,0,0,,0,,,,0,0,1,,,0,95.8,1,95.1492537313433,4.55544675063566,2,0,0,1,54,0,1,14896,,14896,27,2472,21.4448590381426,0,Q3,low,high,Q1-Q3,Q1-Q3,,6.76796714579055,1,0,0,0
7,2810528294,2017-08-12,724.2,2,1,240,42,135,104,0.82,7.3,49.3,5.9,3316,1468.96551724138,7.29231370227099,2.51663747810858,0.922923676423015,0,1.6,51.06,52.22,319.79,2,648.661257606491,6.47491063530693,1,81.17,0,3316,0,3,,3316,0,,,2,3316,5095,,,5095,1779,,0,0,,,,0,0,4,0,3316,C10AX06,1000 MG,C10,C10A,C10AX,C10AX06,325 MG,1,,,,1,1,,,,,,"","",,,,,,,,,,,,1,0,0,0,1,1,0,0,0,0,0,,0.72,60.18,2,122908CJB,312.826,1.26,2,172,2,165.859,3,,,51.06,1,2,2,325,0,,0,0,0,0,0,0,,,,,0,132,60.75,0,0,0,0,0,0,,1,,,,8,6,,0,1,1,0,,,0,,2,2,0,2,0,650,2,0,0,78,25.147046178866,0,0,1,0,1,,0,0,0,0,0,,0,,,,0,0,0,,,0,171,1,148.073022312373,4.99770554608784,2,0,1,0,79,0,1,,7908,,,,18.5945002182453,1,Q3,high,high,Q1-Q3,Q1-Q3,,,,,,
1,2810529655,2017-10-07,932.8,2,1,146,41,194,100,1.06,25.1,112.3,5.4,12316,830.632235084595,6.72218713983992,1.53869047619048,0.430931714545225,1,,44.18,,699.8,1,623.152270703473,6.43479090417728,1,63.25,0,12316,0,3,,12316,0,,,1,4641,5800,12316,14403,14403,2087,,0,0,,,,0,0,4,0,12316,C10AA05,5 MG,C10,C10A,C10AA,C10AA05,81 MG,1,,,1,1,1,1,,,,,"","",,,,,,,,,,,,1,0,0,1,1,1,1,0,0,0,0,,1.15,58.41,2,012009CJB,574.218,0.81,10,210.4,10,115.473,8,13723,13723,44.18,1,1,1,81,0,8,0,0,0,0,0,0,0,0,0,0,0,199,66.25,0,0,0,0,0,0,1,,,,,8,6,,0,0,1,0,0,0,0,,1,1,0,,0,567,1,0,0,69,31.8776959376632,0,0,1,1,1,,0,0,0,0,0,,0,,,,0,0,1,,,0,66.2,1,223.508459483526,5.40944926337548,2,0,0,1,71,0,0,,17515,,,,11.6990455645718,1,Q1,low,low,Q1-Q3,Q1-Q3,,,,,,
1,2810529656,2018-01-08,1133.8,2,1,160,58,90,113,0.84,3,89.2,6,11966,1271.07623318386,7.14761924829233,2.40416141235813,0.877201157662771,0,,33.64,,784.94,1,879.977578475336,6.77989642814236,1,62.02,0,11966,0,3,,11966,0,,,1,,,11966,14051,14051,2085,14731,1,0,1053,13019,,0,0,4,0,11966,M01AX05,"",M01,M01A,M01AX,M01AX25,81 MG,1,1,,1,1,1,1,,,,,M01AX25,"",,1,,,,,,,,,,1,1,0,1,1,1,1,0,0,0,0,,0.53,94.46,2,021109bCJ,317.132,1.47,37,167.5,37,124.409,8,12973,12973,33.64,1,2,1,81,0,8,0,0,0,0,0,0,0,0,0,0,0,275,72.5,0,0,0,0,0,0,1,,,,,3,1,,0,0,1,0,0,0,0,,1,1,0,,0,1134,2,0,0,61,36.7842828432387,0,0,1,1,1,,0,0,0,0,0,,0,,1,6,0,0,0,,,0,84,0,33.6322869955157,3.51548652806428,2,0,0,1,95,0,1,,16758,,,,13.379749822988,1,Q3,low,low,Q1-Q3,Q1-Q3,,,,,,
1,2810531001,2017-10-22,924.1,2,1,153,67,46,96,0.88,3,97.8,5.7,11418,944.887525562372,6.85106589984132,1.696875,0.528788324140163,0,,24.9,,897.84,1,918.036809815951,6.82223748765532,1,60.62,0,11418,0,3,,11418,0,,,1,4625,5670,11418,,,,11051,1,1,-367,11051,,0,0,4,0,11418,C10AA05,5 MG,C10,C10A,C10AA,C10AA05,325 MG,1,,,1,1,1,1,,,,,"","",,,,,,,,,,,,1,0,0,1,1,1,1,0,0,0,0,,1.12,19.88,2,012109CJB,408.93,2.79,11,161.9,11,112.681,8,12811,12811,24.9,1,1,1,325,0,8,0,0,0,0,0,0,0,1,0,0,0,191,70.75,0,0,0,0,0,0,1,,,,,8,2,,0,1,1,0,0,1,0,,1,1,0,2,0,2275,2,0,0,67,26.8278637170342,0,0,1,1,1,141,0,1,0,1,0,,0,,1,1,1,0,0,,,0,76.8,0,30.6748466257669,3.42344299060948,2,0,0,1,89,0,0,,16603,11005,6,5185,10.6167137703637,1,Q2,low,low,Q1-Q3,Q1-Q3,Angina,14.1957563312799,1,1,1,0
1,2810531424,2017-10-07,1032.5,2,1,194,58,127,89,0.88,5.6,133.8,5.2,11377,771.674140508221,6.64856236312915,,,,,40.54,,747.15,1,558.408071748879,6.32509000648137,1,65.58,0,11377,0,3,,11377,0,,,2,4312,5702,11377,13427,13427,2050,12561,1,0,1184,12561,,0,0,4,0,11377,C10AA05,10 MG,C10,C10A,C10AA,C10AA05,81 MG,1,,,,,1,1,,,,,"","",,,,,,,,,,,,1,0,0,0,0,1,1,0,0,0,0,,0.76,35.29,2,012009CJB,453.676,1.79,10,191.2,10,133.173,8,12778,12778,40.54,0,1,1,81,0,2,0,0,0,0,0,0,0,0,0,0,0,166,64.5,0,0,0,0,0,0,1,,,,,7,8,,0,1,0,0,0,0,0,1,1,1,0,2,0,567,1,0,0,69,28.0539663296742,0,0,0,1,0,,0,0,0,0,0,,0,,1,1,0,0,1,,,0,110.6,1,41.8535127055306,3.73417572902911,2,0,0,1,67,0,0,,16570,,,,11.5175244851973,1,Q1,low,low,Q1-Q3,Q1-Q3,,,,,,
1,2810531789,2017-11-26,1551.5,2,1,220,64,178,106,0.62,3,89.7,5.8,11358,1729.65440356745,7.45567690081178,,,,,46.26,,10,1,11.1482720178372,2.41128450991739,1,75.11,0,11358,0,3,,11358,0,,,2,4239,5630,11358,13478,13478,2120,,0,0,,,,0,0,4,0,11358,C10AX09,10 MG,C10,C10A,C10AX,C10AX09,81 MG,1,,,,1,1,,1,,,,"","",,,,,,,,,,,,1,0,0,0,1,1,0,1,0,0,0,,1.21,68.01,2,020309CJB,410.43,1.45,23,229.5,23,145.12,8,12565,12565,46.26,1,1,1,81,0,2,0,0,0,0,0,0,0,0,0,0,0,154,65.75,0,0,0,0,0,0,1,,,,,3,6,,0,1,1,0,0,0,0,1,1,1,0,2,0,567,1,0,0,72,25.0457948616457,0,0,1,1,1,,0,0,0,0,0,,0,,,,0,0,0,,,0,120.4,0,33.4448160535117,3.5098967985855,2,0,1,0,90,1,1,,16353,,,,19.2183822618605,1,Q4,high,high,Q1-Q3,Q4,,,,,,
1,2810532286,2017-10-25,1451.7,2,1,128,40,60,97,0.92,14.3,139.8,5.2,12327,1038.41201716738,6.94544791865576,,,,,29.4,,1427.04,1,1020.77253218884,6.92831500410628,1,69.89,0,12327,0,3,,12327,0,,,1,4627,5827,12327,14637,14637,2310,,0,0,,,,0,0,4,0,12327,M01AE02,200 MG,M01,M01A,M01AE,M01AE02,325 MG,1,1,,1,1,1,1,,,,,"","",,,,,,,,,,,,1,1,0,1,1,1,1,0,0,0,0,,0.23,81.14,2,020209CJB,311.914,0.78,21,220.2,21,155.027,8,13552,13552,29.4,1,3,1,325,0,8,0,0,0,0,1,1,0,0,0,0,0,223,71,0,0,0,0,0,0,1,,,,,3,6,,0,1,1,0,0,0,0,,1,1,0,2,2,6825,2,0,0,63,31.1023911077777,0,0,1,1,1,,0,0,0,0,0,,0,,,,0,0,0,,,0,76,1,102.288984263233,4.62780198644829,2,0,0,1,88,0,0,15043,15989,15043,27,2716,11.8001365587203,0,Q2,low,low,Q1-Q3,Q1-Q3,,7.43600273785079,1,0,0,0
1,2810532970,2017-09-17,1249.4,2,1,117,51,56,174,1.32,45.9,110.9,6.8,11032,1126.60054102795,7.02696000669124,,,,,53.8,,1566.57,1,1412.59693417493,7.2531850866305,1,66.75,0,11032,0,3,,11032,0,,,1,4162,5628,11032,13127,13127,2095,,0,0,,,,0,0,4,0,11032,C10AA01,40 MG,C10,C10A,C10AA,C10AA01,81 MG,1,,,1,1,1,1,,1,,,"","",,,,,,,,,,,,1,0,0,1,1,1,1,0,1,0,0,,2.28,1.39,1,011509CJB,428.92,1.22,6,98.3,6,63.505,8,12490,12490,53.8,0,1,1,81,1,8,0,0,0,0,0,0,0,0,0,0,0,176,67.5,0,0,0,0,0,0,1,,,,,7,6,,0,1,0,1,0,0,0,,1,1,0,2,0,567,1,0,0,72,27.1588098731753,0,1,0,1,0,140,0,1,1,0,0,,0,,,,0,0,0,,,0,54.8,1,413.886384129847,6.02559150169232,3,1,0,1,54,0,0,,16283,8110,6,5251,20.8629729819991,1,Q2,low,high,Q1-Q3,Q1-Q3,Angina,14.3764544832307,1,1,1,0
1,2810532982,2017-11-21,563.3,2,1,201,55,67,94,0.82,3,63.1,5.7,11286,892.709984152139,6.79426176234159,1.35771428571429,0.305802613564976,1,,35.08,,466.93,1,739.984152139461,6.60662876994113,1,66.59,0,11286,0,3,,11286,0,,,2,4377,5650,11286,13294,13294,2008,10527,1,1,-759,10527,,0,0,4,0,11286,M01AX25,1200 MG,M01,M01A,M01AX,M01AX25,81 MG,1,1,,1,1,1,,1,,,,"","",,,,,,,,,,,,1,1,0,1,1,1,0,1,0,0,0,,2.85,38.22,2,012909CJB,362.746,1.67,19,191.1,19,142.328,8,12541,12541,35.08,1,3,2,81,0,2,0,0,0,0,0,0,0,0,0,0,0,169,63,0,0,0,0,0,0,1,,,,,8,0,,0,1,1,0,0,0,0,1,1,1,0,2,0,243,1,0,0,66,29.9372027315483,0,0,1,1,1,,0,0,0,0,0,,0,,1,1,1,0,1,2,10529,1,132.6,0,47.5435816164818,3.86164679810308,2,0,1,0,75,0,0,,16332,,,,11.9027997886952,1,Q2,low,low,Q1-Q3,Q1-Q3,,,,,,
1,2810533125,2018-02-17,3576.5,2,1,118,34,113,160,0.85,13.6,131.3,6,12399,2723.91469916222,7.90982535222778,,,,,37.3,,3592.83,1,2736.35186595583,7.91438087645141,1,66.15,0,12399,0,3,2,12399,0,,,1,4305,5625,12399,14443,14443,2044,11743,1,1,-656,11743,,0,0,4,0,12399,C10AX09,80 MG,C10,C10A,C10AA,C10AA01,81 MG,1,,,1,1,1,,,,,,C10AA01,"",,,,,,1,1,,,,,1,0,0,1,1,1,1,0,0,0,0,,3.23,322.5,2,022009CJB,261.444,10.36,48,279.6,48,204.604,8,13096,13096,37.3,1,1,1,81,0,8,1,1,1,0,0,0,0,0,0,1,0,236,68.25,0,0,0,0,0,0,1,,,,,7,6,,0,1,1,0,1,0,0,,1,1,2,2,0,567,1,0,0,71,35.6215082675305,1,0,1,1,1,140,0,1,1,0,1,8215,0,,1,1,1,0,0,,,0,61.4,1,103.579588728104,4.64034029041539,2,1,0,1,88,1,1,14528,,8215,2,,30.9535761268435,1,Q4,high,high,Q4,Q4,MI,,,,,
1,2810533751,2017-11-23,380.2,2,1,131,40,51,82,0.93,5.8,49.8,6.1,12195,763.453815261044,6.63785263201181,1.152,0.1414995622737,1,,28.64,,350.25,1,703.313253012048,6.5558023871746,1,64.57,0,12195,0,3,14,12195,0,,,1,4455,5707,12195,14289,14289,2094,15204,1,0,1928,14123,,0,0,4,0,12195,C10AA02,40 MG,C10,C10A,C10AA,C10AA02,325 MG,1,,,1,1,1,1,,,1,,"","",,,,,,,,,,,,1,0,0,1,1,1,1,0,0,1,0,,0.73,111.4,2,013009CJB,458.222,2.19,20,240.6,20,110.79,8,13440,13440,28.64,1,1,1,325,1,8,0,0,0,0,0,0,0,0,0,0,2,175,64.75,0,0,0,0,0,0,1,,,,,3,6,,0,1,1,1,0,0,1,,1,1,0,2,0,2275,2,1,0,79,29.3470272842664,0,1,1,1,1,,0,0,0,0,0,,1,15203,1,1,0,0,0,,,0,80.8,1,116.465863453815,4.7575982125039,2,1,0,1,78,0,0,15210,,15203,14,,9.78786942642364,1,Q1,low,low,Q1-Q3,Q1-Q3,Intracerebral Hemmorhage,,,,,
1,2810534089,2017-09-27,701.7,2,1,163,44,99,88,0.71,3,84,5.4,11259,835.357142857143,6.72785934940302,1.76626323751891,0.568866149691366,0,,46.3,,624.56,1,743.52380952381,6.61140078895681,1,,0,11259,,,,11259,0,,,1,4322,5755,11259,,,,,0,0,,,,0,0,,0,11259,C10AA04,80 MG,C10,C10A,C10AA,C10AA04,"",,,,1,,1,1,1,,,,"","",,,,,,,,,,,,0,0,0,1,0,1,1,1,0,0,0,,4.34,46.01,2,011609CJB,394.234,2.58,8,164,8,122.003,8,12699,12699,46.3,1,1,1,325,0,8,0,0,0,0,0,0,0,0,0,0,0,242,67,0,0,0,0,0,0,1,,,,,3,1,,0,1,1,0,0,0,0,,1,1,0,2,0,2275,2,0,0,56,37.9028069261307,0,0,1,1,1,,0,0,0,0,0,,0,,,,0,0,0,,,0,99.2,0,35.7142857142857,3.57555076880693,2,0,0,1,105,0,0,,16492,,,,7.95578231292517,1,Q1,low,low,Q1-Q3,Q1-Q3,,,,,,
1,2810534356,2017-09-07,773.6,2,1,149,37,121,102,0.52,3,20.4,5.7,11704,3792.1568627451,8.24069022927701,1.38029253271748,0.322295456934533,1,,47.72,,441.93,1,2166.32352941176,7.68078678363288,1,68.12,0,11704,0,3,5,11704,0,,,2,4830,5761,11704,13825,13825,2121,,0,0,,,,0,0,4,0,11704,C10AA05,20 MG,C10,C10A,C10AA,C10AA05,81 MG,1,,,,,1,1,,,,,"","",,,,,,,,,,,,1,0,0,0,0,1,1,0,0,0,0,,1.24,365.4,2,011309CJB,583.134,1.22,4,160.8,4,160.905,8,13196,13196,47.72,1,1,1,81,0,2,0,0,0,0,0,0,0,0,0,0,0,217,63,0,0,0,0,0,0,1,,,,,3,0,,0,1,1,0,0,0,0,1,1,1,0,2,0,567,1,0,0,63,38.4400768801538,0,0,1,1,1,,0,0,0,0,1,8491,0,,,,0,0,0,,,0,87.8,0,147.058823529412,4.99083266680008,2,0,0,1,102,1,1,,16989,7812,6,5285,37.1780084582853,1,Q4,high,high,Q4,Q4,Angina,14.4695414099932,1,1,1,0
1,2810534615,2017-10-28,2225.7,2,1,152,45,131,101,1.1,10.7,165.2,5.6,11208,1347.27602905569,7.2058400767648,2.28765880217786,0.82752893747506,0,,50.2,,1481.99,1,897.088377723971,6.79915438309615,1,,0,11208,,,12,11208,1,3625,14833,1,,5637,11208,,,,,0,0,,,,0,1,,1,11208,C10AB05,145 MG,C10,C10A,C10AB,C10AB05,160 MG,1,,,1,,1,1,,,,,"","",,,,,,,,,,,,1,0,0,1,0,1,1,0,0,0,0,,4.35,55.56,2,012309CJB,491.77,3.75,13,235.5,13,114.663,8,12561,12561,50.2,1,1,1,160,1,8,0,0,0,0,0,0,0,0,1,0,0,214,71.75,0,0,0,0,0,0,1,,,,,3,6,,0,1,1,1,0,0,0,,1,1,0,2,0,1120,2,1,0,71,29.2264169129341,0,0,1,1,1,,0,0,0,0,0,,1,9651,,,0,0,1,1,12657,0,80.8,1,64.769975786925,4.17084215936312,2,0,0,1,67,0,1,15939,,4100,30,,20.1085974485924,1,Q3,high,high,Q1-Q3,Q1-Q3,IC,,,,,
1,2810534770,2017-11-26,531.8,2,1,131,50,84,92,2.65,603.2,67,5.5,11805,793.731343283582,6.67674504540605,1.22645739910314,0.204129850401917,1,,48.14,,601.72,1,898.089552238806,6.80026978742675,1,,3,11805,,,1,11805,1,649,12454,1,4536,5639,11805,,,,,0,0,,,,0,1,,1,11805,C10AA01,325 MG,C10,C10A,C10AA,C10AA01,325 MG,1,,,,,1,1,,,,,"","",,,,,,,,,,,,1,0,0,0,0,1,1,0,0,0,0,,7.38,76.11,2,020309bCJ,474.584,5.17,25,335.5,25,193.706,8,12985,12985,48.14,0,1,1,325,0,8,1,1,1,0,0,0,0,0,0,0,1,231,68.5,0,0,0,0,0,0,1,,,,,7,6,,0,1,0,0,0,0,1,,1,1,2,2,0,2275,2,1,0,79,34.6127774145899,1,0,0,1,0,141,0,1,0,1,1,6044,0,,,,0,0,0,,,0,64.2,1,9002.98507462687,9.10531147628492,3,0,0,1,22,0,0,12508,14619,5087,30,2814,36.078697421981,0,Q1,low,high,Q4,Q1-Q3,IC,7.70431211498973,1,0,0,0
1,2810534820,2018-01-10,264.7,2,1,174,49,51,90,0.61,3,35.1,5.5,11684,754.131054131054,6.62556616474933,3.37781954887218,1.21723039744191,0,,27.86,,157.25,1,448.005698005698,6.10480595109682,1,66.11,0,11684,0,3,,11684,0,,,2,4426,5639,11684,13752,13752,2068,,0,0,,,,0,0,4,0,11684,B01AC06,325 MG,B01,B01A,B01AC,B01AC06,325 MG,1,,,,,,,,,,,"","",,,,,,,,,,,,1,0,0,0,0,0,0,0,0,0,0,,8.97,50.27,2,021109bCJ,278.76,1.52,37,195.8,37,168.212,8,12680,12680,27.86,0,1,1,325,0,2,0,0,0,0,0,0,0,0,0,0,0,227,66,0,0,0,0,0,0,1,,,,,4,1,,0,1,0,0,0,0,0,1,1,1,0,2,0,2275,2,0,0,53,36.6389988978325,0,0,0,0,0,,0,0,0,0,0,,0,,,,0,0,0,,,0,114.8,0,85.4700854700855,4.44816643717843,2,0,0,0,104,0,0,,16465,,,,7.25126013587552,1,Q1,low,low,Q1-Q3,Q1-Q3,,,,,,
1,2810534901,2017-12-31,579.5,2,1,175,61,79,105,0.95,3,118.4,5.2,12716,489.442567567568,6.19326712631799,1.02268602540835,0.0224325243269164,1,,35.78,,654.96,1,553.175675675676,6.31567562860638,1,61.54,0,12716,0,3,,12716,0,,,1,4496,5821,12716,14844,14844,2128,,0,0,,,,0,0,4,0,12716,M01AX05,1500 MG + 1200,M01,M01A,M01AX,M01AX25,81 MG,1,1,,,,,,,,,,M01AX25,"",,1,,,,,,,,,,1,1,0,0,0,0,0,0,0,0,0,,0.4,49.21,2,020909CJB,326.068,0.6,32,257.5,32,158.295,8,13787,13787,35.78,0,1,1,81,0,8,0,0,0,0,0,0,0,0,0,0,0,173,68.5,0,0,0,0,0,0,1,,,,,4,1,,0,1,0,0,0,0,0,,1,1,0,2,0,567,1,0,0,62,25.9221233451258,0,0,0,0,0,,0,0,0,0,0,,0,,,,0,0,1,,,0,98.2,0,25.3378378378378,3.23229884520034,1,0,0,0,85,0,0,,17573,,,,5.75814785373609,1,Q1,low,low,Q1-Q3,Q1-Q3,,,,,,
1,2810536384,2017-09-13,1580.7,2,1,156,53,83,99,1.16,3,161.3,5,12329,979.975201487911,6.88752726674028,1.23728813559322,0.212921997242672,1,,25.58,,1226.03,1,760.092994420335,6.63344078687426,1,67.03,0,12329,0,3,,12329,0,,,1,4529,5811,12329,14449,14449,2120,,0,0,,,,0,0,4,0,12329,C10AA05,10 MG,C10,C10A,C10AA,C10AA05,81 MG,1,,,1,1,1,1,1,,,,"","",,,,,,,,,,,,1,0,0,1,1,1,1,1,0,0,0,,0.45,170.2,2,011409CJB,260.04,2.43,5,120.6,5,99.201,8,13805,13805,25.58,1,1,1,81,0,8,0,0,0,0,0,0,0,0,0,1,0,194,69.75,0,0,0,0,0,0,1,,,,,8,1,,0,1,1,0,1,0,0,,1,1,0,2,0,567,1,0,0,55,28.0361851046283,0,0,1,1,1,140,0,1,1,0,0,,0,,,,0,0,0,,,0,86.4,0,18.598884066956,2.92310158251908,1,0,0,1,70,0,0,,17598,11312,6,5269,13.9996457355416,1,Q2,low,low,Q1-Q3,Q1-Q3,Angina,14.425735797399,1,1,1,0
1,2810536531,2017-12-02,296.1,2,1,245,64,148,96,0.68,3,32,5.7,12686,925.3125,6.83013151829591,1.86666666666667,0.624154309072994,0,,38.9,,402.69,1,1258.40625,7.13760131835602,1,81.06,0,12686,0,3,,12686,0,,,2,4504,5806,12686,,,,,0,0,,,,0,0,4,0,12686,M01AE01,200 MG,M01,M01A,M01AE,M01AE01,81 MG,1,1,,,1,1,,1,,,,"","",,,,,,,,,,,,1,1,0,0,1,1,0,1,0,0,0,,9.93,23.01,2,020409CJB,339.314,3.15,25,183.9,25,138.241,8,13853,13853,38.9,1,1,1,81,0,2,0,0,0,0,0,0,0,0,0,0,2,123,60.5,0,0,0,0,0,0,1,,,,,5,0,,0,1,1,0,0,0,1,1,1,1,0,2,0,567,1,1,0,73,23.6265317828088,0,0,1,0,1,,0,0,0,0,0,,0,,,,0,0,0,,,0,151.4,0,93.75,4.54063166485052,2,0,1,0,87,0,0,,17641,,,,10.635775862069,1,Q2,low,low,Q1-Q3,Q1-Q3,,,,,,
1,2810536600,2018-02-01,2441.3,2,1,221,72,104,95,0.92,18.7,186.8,5.3,12681,1306.90578158458,7.1754176234853,1.60475352112676,0.472970175397567,1,,40.94,,2089.5,1,1118.57601713062,7.01981174208132,1,41.79,2,12681,1,2,,12681,0,,,2,,5919,12681,15208,15208,2527,,0,0,,,,0,0,3,0,12681,C10AX06,37.5 / 25,C03,C03A,C03AA,C03AA03,81 MG,1,,,1,1,1,,1,,,,C03AA03,"",,,,,,,,1,,,,1,0,0,1,1,1,0,1,0,0,0,,1.48,37.16,2,021809bCJ,409.502,2.43,44,140.8,44,103.46,8,13545,13545,40.94,1,1,1,81,0,2,0,0,0,0,0,0,0,0,0,0,0,164,59.5,1,1,0,0,0,0,1,,,,,4,1,,0,1,1,0,0,0,0,1,1,1,0,2,0,567,1,0,1,68,32.5698328114402,0,0,1,0,1,,0,0,0,0,0,,0,,,,0,0,0,,,0,128.2,1,100.107066381156,4.60624027704794,2,0,1,0,64,0,1,,17326,,,,20.4204028372591,1,Q3,high,high,Q1-Q3,Q1-Q3,,,,,,
1,2810536685,2018-01-13,2081.9,2,1,228,66,125,109,0.87,9.1,168.2,5.6,12071,1237.75267538644,7.12105265573097,1.3213296398892,0.27863853255546,1,,34.72,,1126.93,1,669.99405469679,6.50726883875876,1,,1,12071,,,,12071,0,,,1,4285,5651,12071,14246,14246,2175,,0,0,,,,0,0,,0,12071,M01AX25,1200 MG,M01,M01A,M01AX,M01AX25,81 MG,1,1,,,,1,1,,,,,"","",,,,,,,,,,,,1,1,0,0,0,1,1,0,0,0,0,,3.54,91.59,2,021209CJB,382.148,1.51,38,182.9,38,148.778,8,13051,13051,34.72,0,1,1,81,0,8,0,0,0,0,0,0,0,0,0,0,0,199,69,0,0,0,0,0,0,1,,,,,8,1,,0,1,0,0,0,0,0,,1,1,0,2,0,567,1,0,0,55,29.3873555611005,0,0,0,1,0,,0,0,0,0,0,,0,,,,0,0,0,,,0,137,1,54.10225921522,3.99087594496609,2,0,0,1,97,0,1,,16835,,,,12.7603368596541,1,Q3,low,low,Q1-Q3,Q1-Q3,,,,,,
1,2810536822,2017-11-26,833.1,2,1,203,62,79,93,1.07,9.3,198.4,5.2,11432,419.909274193548,6.04003867411818,,,,,34.06,,1090.9,1,549.848790322581,6.30964331374103,1,68.42,0,11432,0,3,,11432,0,,,1,4355,5635,11432,13457,13457,2025,,0,0,,,,0,0,4,0,11432,M01AE01,200 MG,M01,M01A,M01AE,M01AE01,81 MG,1,1,,,,,,,,,,"","",,,,,,,,,,,,1,1,0,0,0,0,0,0,0,0,0,,0.14,27.79,2,020309bCJ,291.256,0.15,25,233.9,25,149.35,8,12606,12606,34.06,0,1,1,81,0,8,0,0,0,0,0,0,0,0,0,0,0,151,66.25,0,0,0,0,0,0,1,,,,,8,1,,0,1,0,0,0,0,0,,1,1,0,2,0,567,1,0,0,59,24.1886034501866,0,0,0,0,0,,0,0,0,0,0,,0,,,,0,0,0,,,0,125.2,1,46.875,3.84748448429058,2,0,0,0,76,0,0,,16394,,,,5.52512202886248,1,Q1,low,low,Q1-Q3,Q1-Q3,,,,,,
1,2810537395,2018-01-14,156.3,1,1,166,38,88,91,1.05,3,50.2,5.7,12757,311.354581673307,5.74093239671784,3.97269372693727,1.37944438524716,0,,48.78,,407.47,1,811.693227091634,6.69912246962937,1,64.9,0,12757,0,3,,12757,0,,,1,4449,5824,12757,14851,14851,2094,,0,0,,,,0,0,4,0,12757,M01AX25,1200 MG,M01,M01A,M01AX,M01AX25,160 MG,1,1,1,,,1,,,,,,"","",,,,,,,,,,,,1,1,1,0,0,1,0,0,0,0,0,,1.37,43.05,2,021309CJB,491.418,2.01,40,208.6,40,145.358,8,13705,13705,48.78,0,1,1,160,0,8,1,1,1,0,0,0,0,0,0,0,0,194,70.5,0,0,0,0,0,0,1,,,,,8,7,,0,1,0,0,0,0,0,,1,1,2,2,0,1120,2,0,0,60,27.4428434778101,1,0,1,0,1,,0,0,0,0,0,,0,,,,0,0,0,,,0,110.4,0,59.7609561752988,4.09035254095256,2,0,1,0,77,0,0,15487,,15487,27,2730,4.04356599575723,0,Q1,low,low,Q1-Q3,Q1-Q3,,7.47433264887064,1,0,0,0
1,2810538172,2017-12-16,1441.5,2,1,197,66,85,100,0.91,7,151.9,5.5,12135,948.979591836735,6.85538729346482,2.71247199402539,0.997860394030011,0,,39.48,,1233.06,1,811.757735352205,6.69920194016725,1,66.69,0,12135,0,3,,12135,0,,,1,4752,5851,12135,14277,14277,2142,,0,0,,,,0,0,4,0,12135,B01AC06,81 MG,B01,B01A,B01AC,B01AC06,81 MG,1,,,,,,,,,,,"","",,,,,,,,,,,,1,0,0,0,0,0,0,0,0,0,0,,1.7,32.94,2,020409bCJ,468.934,2.24,28,198.5,28,130.935,8,13269,13269,39.48,0,1,1,81,0,8,0,0,0,0,0,0,0,0,0,0,0,169,65.5,0,0,0,0,0,0,1,,,,,8,6,,0,1,0,0,0,0,0,,1,1,0,2,0,567,1,0,0,71,27.6955323446222,0,0,0,0,0,,0,0,0,0,0,,0,,,,0,0,1,,,0,114,1,46.0829493087558,3.83044301843572,2,0,0,0,84,0,0,,17055,,,,11.2973760932945,1,Q2,low,low,Q1-Q3,Q1-Q3,,,,,,
1,2810538289,2018-01-28,1728,2,0,129,29,129,140,1.26,3,141.1,6.4,12526,1224.66335931963,7.11042127649332,1.47868217054264,0.391151265802894,1,,43.64,,1232.33,1,873.373493975904,6.77236329249833,1,70.7,0,12526,0,3,,12526,0,,,1,4509,5723,12526,14497,14497,1971,,0,0,,,,0,0,4,0,12526,M01AX05,500/400 MG,M01,M01A,M01AX,M01AX25,81 MG,1,1,,1,1,1,1,,,,,M01AX25,"",,1,,,,,,1,,,,1,1,0,1,1,1,1,1,0,0,0,,3.52,113,2,021809CJB,518.34,4.53,43,172,43,126.543,8,13412,13412,43.64,1,1,1,81,0,8,0,0,0,0,0,0,0,0,0,0,0,193,67.75,0,0,0,0,0,0,1,,,,,8,7,,0,1,1,0,0,0,0,,1,1,0,2,0,567,1,0,0,79,29.5627154073442,0,0,1,1,1,,0,0,0,0,0,,0,,,,0,0,0,,,0,74.2,0,21.2615166548547,3.05689870879148,1,1,0,1,54,0,1,16129,,16129,21,3603,22.6789510985117,0,Q3,low,high,Q1-Q3,Q1-Q3,CHD Death,9.86447638603696,1,0,0,0
1,2810538357,2017-11-13,1430.8,2,1,181,48,75,93,0.88,3,150.8,5.3,12201,948.806366047745,6.8552047377991,1.55616438356164,0.44222406513866,1,,16.54,,1126.84,1,747.241379310345,6.61638826454393,1,68.56,0,12201,0,3,13,12201,0,,,1,4497,5720,12201,14609,14609,2408,14057,1,0,1747,13948,,0,0,4,0,12201,M01AE01,500 MG,M01,M01A,M01AE,M01AE01,81 MG,1,1,,,,1,1,,,,,"","",,,,,,,,,,,,1,1,0,0,0,1,1,0,0,0,0,,0.6,106.6,2,012709bCJ,208.924,0.69,17,199.9,17,198.964,8,13486,13486,16.54,0,1,1,81,0,8,0,0,0,0,0,0,0,1,0,0,0,223,64.25,0,0,0,0,0,0,1,,,,,8,6,,0,1,0,0,0,1,0,,1,1,0,2,0,567,1,0,0,74,37.9808090537164,0,0,0,1,0,143,1,0,0,0,0,,1,13951,1,2,0,0,1,,,0,118,0,19.893899204244,2.99041311207639,1,0,0,1,85,0,0,14633,13354,11419,6,1153,11.1624278358558,0,Q2,low,low,Q1-Q3,Q1-Q3,Angina,3.15674195756331,0,0,0,0
1,2810538859,2017-11-25,181,2,1,191,66,62,105,0.76,3,7.4,5.2,11705,2445.94594594595,7.80218721704379,,,,,24.24,,10,1,135.135135135135,4.90627527877201,1,64.96,0,11705,0,3,,11705,0,,,2,4383,5687,11705,13941,13941,2236,,0,0,,,,0,0,4,0,11705,C07AB03,25 MG,C07,C07A,C07AB,C07AB03,81 MG,1,,,1,,,,,,,,"","",,,,,,,,,,,,1,0,0,1,0,0,0,0,0,0,0,,0.48,33.31,2,020309CJB,281.144,1.28,22,237.3,22,143.9,8,12915,12915,24.24,0,1,1,81,0,2,0,0,0,0,0,0,0,0,0,0,0,108,62.25,0,0,0,0,0,0,1,,,,,3,7,,0,1,0,0,0,0,0,1,1,1,0,2,0,567,1,0,0,60,19.5952431388097,0,0,0,0,0,,0,0,0,0,0,,0,,,,0,0,0,,,0,112.6,0,405.405405405405,6.00488756744012,3,0,0,0,85,1,1,,16703,,,,28.7758346581876,1,Q4,high,high,Q4,Q4,,,,,,
1,2810540240,2017-10-30,1935.3,2,1,149,46,170,100,1.11,3,74.5,5.2,12398,2597.71812080537,7.86238869280888,3.80675422138837,1.33677691565997,0,,48.12,,1255.85,1,1685.70469798658,7.42993897374719,1,70.66,0,12398,0,3,,12398,0,,,1,4669,5789,12398,14469,14469,2071,,0,0,,,,0,0,4,0,12398,C10AX06,500 MG,C10,C10A,C10AX,C10AX06,81 MG,1,,,,,1,1,,,,,"","",,,,,,,,,,,,1,0,0,0,0,1,1,0,0,0,0,,0.84,84.9,2,012309CJB,352.216,1.2,14,172.8,14,89.579,8,13736,13736,48.12,0,4,2,81,,8,0,0,0,0,0,0,0,0,0,0,0,178,68.25,0,0,0,0,0,0,1,,,,,8,2,,0,1,0,,0,0,0,,1,1,0,2,0,324,1,0,0,62,26.8670697950018,0,0,0,1,0,,0,0,0,0,0,,0,,,,0,0,0,,,0,69,0,40.2684563758389,3.69556844226473,2,0,0,1,71,1,1,,17528,,,,36.5875791662728,1,Q4,high,high,Q4,Q4,,,,,,
1,2810541049,2018-02-22,1690,2,0,145,33,166,137,1.44,107,158.9,6.7,12896,1063.56198867212,6.96937892036254,1.72027373823781,0.542483428300584,0,,48.02,,849.1,1,534.361233480176,6.28107207745074,1,48.94,2,12896,1,2,13,12896,1,304,13200,1,4620,,12896,,,,12896,1,1,-940,11956,,0,1,3,1,12896,M01AH01,5 MG,C09,C09A,C09AA,C09AA07,81 MG,1,1,,1,1,1,,1,,1,1,C09AA07,"",,,,,1,,,,,,,1,1,0,1,1,1,0,1,0,1,1,,2.88,101,2,022109CJB,,,49,152.9,49,149.435,8,13552,13552,48.02,1,1,1,81,1,8,0,0,0,0,1,1,0,1,0,0,0,271,69.5,0,0,0,0,0,0,1,,,,,7,6,,0,1,1,1,0,1,0,,1,1,0,2,2,567,1,0,0,69,39.4462110801971,0,1,1,0,1,,0,0,0,0,0,,1,13224,1,3,1,1,1,,,0,78.8,1,673.379483952171,6.51230903990137,3,1,1,0,49,0,0,13834,,7059,6,,21.7053467075943,1,Q2,low,high,Q1-Q3,Q1-Q3,Angina,,,,,
1,2810541538,2017-12-14,2013.4,2,1,193,52,87,90,0.9,4.7,40.5,5.6,11831,4971.35802469136,8.51144832617092,,,,,46.02,,275.94,1,681.333333333333,6.52405166265549,1,70.72,0,11831,0,3,,11831,0,,,2,4745,6012,11831,,,,,0,0,,,,0,0,4,0,11831,C10AA05,10 MG,C10,C10A,C10AA,C10AA05,81 MG,1,,,,,1,1,,,,,"","",,,,,,,,,,,,1,0,0,0,0,1,1,0,0,0,0,,0.87,25.13,2,020309bCJ,524.794,2.92,24,238.3,24,193.849,8,13017,13017,46.02,0,1,1,81,0,2,0,0,0,0,0,0,0,0,0,0,0,131,60,0,0,0,0,0,0,1,,,,,3,6,,0,1,0,0,0,0,0,1,1,1,0,2,0,567,1,0,0,90,25.5843511687023,0,0,0,1,0,,0,0,0,0,0,,0,,,,0,0,1,,,0,123.6,1,116.049382716049,4.75401581358566,2,0,0,1,56,1,1,14866,,14866,28,3035,88.7742504409171,0,Q4,high,high,Q4,Q4,Death,8.30937713894593,1,0,0,0
1,2810541657,2018-12-17,2492.1,2,1,126,50,84,109,0.64,54,60.5,6.2,11925,4119.17355371901,8.32340782846443,2.52516233766234,0.926305352804172,0,,37.9,,1651.06,1,2729.02479338843,7.91169960582223,1,68.28,0,11925,0,3,,11925,0,,,2,4272,5625,11925,,,,12249,1,0,324,12249,,0,0,4,0,11925,C10AA05,20 MG,C10,C10A,C10AA,C10AA05,"",,,,1,,1,1,1,,,,"","",,,,,,,,,,,,0,0,0,1,0,1,1,1,0,0,0,,2.81,56.04,2,020609CJB,324.112,2,29,130.8,29,78.109,8,13036,13036,37.9,1,1,1,81,0,2,0,0,0,0,0,0,0,0,0,0,0,122,57.5,0,0,0,0,0,0,,1,,,,3,6,,0,0,1,0,0,0,0,1,2,2,0,,0,567,1,0,0,81,25.9435709797696,0,0,1,1,1,,0,0,0,0,0,,0,,1,1,0,0,0,,,0,59.2,1,892.561983471074,6.79409596050962,3,0,0,1,97,1,1,14938,,14938,28,3013,42.4657067393712,0,Q4,high,high,Q4,Q4,Death,8.24914442162902,1,0,0,0
1,2810542581,2018-01-28,720.7,2,1,190,53,50,107,0.92,3,65,5.2,12549,1108.76923076923,7.01100587802285,,,,,39.48,,649.48,1,999.2,6.90695495881137,1,65.01,0,12549,0,3,,12549,0,,,1,4539,5709,12549,14545,14545,1996,,0,0,,,,0,0,4,0,12549,C09AA05,10 MG,C09,C09A,C09AA,C09AA05,87 MG,1,,,,1,,,1,,,,"","",,,,,,,,,,,,1,0,0,0,1,0,0,1,0,0,0,,0.84,50.8,2,021809CJB,286.406,2.68,43,193.2,43,150.012,8,13449,13449,39.48,1,1,1,81,0,8,0,0,0,0,0,0,0,0,0,0,0,197,72.75,0,0,0,0,0,0,1,,,,,7,6,,0,0,1,0,0,0,0,,1,1,0,,0,567,1,0,0,68,26.1701277999219,0,0,1,0,1,,0,0,0,0,0,,0,,,,0,0,1,,,0,127,0,46.1538461538462,3.83198029775461,2,0,0,0,85,0,0,,17230,,,,13.0443438914027,1,Q2,low,low,Q1-Q3,Q1-Q3,,,,,,
1,2810542956,2017-10-07,1536.1,2,1,124,39,72,107,0.84,3,163.1,5.8,11272,941.814837522992,6.84780869211622,1.96756756756757,0.676798042558416,0,,45.22,,1257.23,1,770.833844267321,6.64747284355153,1,55.17,2,11272,0,3,1,11272,0,,,1,4280,5649,11272,13345,13345,2073,,0,0,,,,0,0,4,0,11272,M01AX25,1200 MG,M01,M01A,M01AX,M01AX25,81 MG,1,1,,1,1,1,1,,,,,"","",,,,,,,,,,,,1,1,0,1,1,1,1,0,0,0,0,,0.78,47.82,2,012009CJB,530.916,1.77,10,210.1,10,142.062,8,12672,12672,45.22,1,1,1,81,0,8,1,1,1,0,0,0,0,0,0,0,0,173,64.5,0,0,0,0,0,0,1,,,,,1,7,,0,0,1,0,0,0,0,,1,1,2,,0,567,1,0,0,67,29.2369649098411,1,0,1,1,1,140,0,1,1,0,1,3886,0,,,,0,0,0,,,0,70.6,0,18.3936235438381,2.91200405802328,1,0,0,1,91,0,0,15372,,3886,1,,10.3496135991538,1,Q2,low,low,Q1-Q3,Q1-Q3,MI,,,,,
7,2810543605,2017-08-10,3808.8,2,1,233,57,133,148,0.84,6.1,244.7,7.6,3403,1556.51818553331,7.35020667341977,1.84174932371506,0.610715839383791,0,0.1,30.7,30.64,1616.77,2,660.71516142215,6.49332282628602,1,,4,3403,,,,3403,0,,,2,3403,5055,,,5055,1652,,0,0,,,,0,0,,0,3403,C10AA05,80 MG,C10,C10A,C10AA,C10AA05,81 MG,1,,,,1,1,1,1,1,1,,"","",,,,,,,,,,,,1,0,0,0,1,1,1,1,1,1,0,,1.42,81.44,2,122208CJB,404.24,2.81,1,188.6,1,133.907,3,,,30.7,1,2,3,81,1,,1,1,1,0,0,0,,,,,0,288,67,0,0,0,0,0,0,,1,,,,3,10,,0,1,1,1,,,0,,2,2,2,2,0,37.2413793103448,1,0,0,68,45.1074727054778,1,1,1,1,1,141,0,1,0,1,0,,0,,,,0,0,0,,,0,149.4,1,24.928483857785,3.21601107971278,1,1,0,1,83,0,1,6891,16977,6891,26,3488,18.7532311510037,0,Q3,high,high,Q1-Q3,Q1-Q3,,9.54962354551677,1,0,0,0
1,2810544215,2017-11-18,1873.8,2,1,101,40,87,64,0.88,11.5,140.7,7.6,11997,1331.7697228145,7.19426395538484,0.897907949790795,-0.107687721734913,1,,41.82,,3006,1,2136.460554371,7.66690579218067,1,61.7,2,11997,0,3,4,11997,1,-4701,7296,1,4606,5761,11997,13982,13982,1985,12033,1,0,36,12033,,1,0,2,1,11997,C10AB04,600 MG,C10,C10A,C10AB,C10AB04,325 MG,1,,,1,1,1,1,,,1,,"","",,,,,,,,,,,,1,0,0,1,1,1,1,0,0,1,0,,3.86,96.37,2,012909CJB,386.724,4.79,19,206.1,19,112.081,8,13250,13250,41.82,,1,1,325,1,8,0,0,0,0,0,0,0,0,0,0,0,166,67,0,0,0,0,0,0,1,,,,,2,,,0,1,,1,0,0,0,,1,1,0,2,0,2275,2,0,0,78,25.9994460732962,0,1,0,1,0,141,0,1,0,1,1,3759,0,,1,1,0,0,0,,,0,43.6,1,81.7341862117982,4.403472350231,2,1,0,1,82,0,1,16066,,3759,4,,16.2410941806646,1,Q3,high,low,Q1-Q3,Q1-Q3,MI,,,,,
1,2810544763,2018-12-22,5126,2,1,229,76,104,120,0.92,8.3,212.5,5.7,12619,2412.23529411765,7.78830910454764,1.96647509578544,0.676242648576349,0,,40.1,,2055.46,1,967.275294117647,6.8744831437868,1,68.48,0,12619,0,3,,12619,0,,,1,4624,5724,12619,,,,,0,0,,,,0,0,4,0,12619,C10AA05,20 MG,C10,C10A,C10AA,C10AA05,81 MG,1,,,,,1,1,1,,,,"","",,,,,,,,,,,,1,0,0,0,0,1,1,1,0,0,0,,1.56,41.91,2,021909bCJ,353.484,1.85,47,186.8,47,151.493,8,13372,13372,40.1,1,1,1,81,0,8,0,0,0,0,0,0,0,0,,0,0,153,64.5,,,,,,,,,,,,,,,,,1,0,0,0,0,,1,1,0,,0,567,1,0,0,77,25.8569689665069,0,0,1,1,1,,0,0,0,0,0,,0,,,,0,0,0,,,0,132.2,1,39.0588235294118,3.66506880542022,2,0,0,1,80,1,1,14893,,14893,28,2274,30.1529411764706,0,Q4,high,high,Q4,Q4,Death,6.2258726899384,1,0,0,0
1,2810544855,2018-02-03,526.7,2,1,215,36,229,90,1.16,3,76.3,5.4,12859,690.301441677589,6.53712837418702,0.863505747126437,-0.146754725799212,1,,34.32,,653.07,1,855.923984272608,6.75218156877864,1,62.15,0,12859,0,3,,12859,0,,,1,4661,5833,12859,14898,14898,2039,14832,1,0,1973,14832,,0,0,4,0,12859,M01AE02,220 MG,M01,M01A,M01AE,M01AE02,81 MG,1,1,,,,1,,,,,,"","",,,,,,,,,,,,1,1,0,0,0,1,0,0,0,0,0,,0.68,36.09,2,021909CJB,277.68,1.83,45,176.5,45,194.716,8,13684,13684,34.32,0,1,1,81,0,8,0,0,0,0,0,0,0,0,0,0,0,164,68,0,0,0,0,0,0,1,,,,,8,8,,0,1,0,0,0,0,0,,1,1,0,2,0,567,1,0,0,68,24.9362782462589,0,0,,0,0,,0,0,0,0,0,,0,,1,2,0,0,1,,,0,133.2,0,39.3184796854522,3.67169462935984,2,0,1,0,64,0,0,16414,,16414,26,3555,10.7859600262123,0,Q1,low,low,Q1-Q3,Q1-Q3,,9.73305954825462,1,0,0,0
1,2810544908,2017-10-25,3238.4,2,1,137,35,166,104,1.28,7.6,98,5.1,12322,3304.48979591837,8.10303736697061,1.59449120122418,0.466554689249036,1,,37.64,,1928.77,1,1968.13265306122,7.58484048035137,1,69.65,0,12322,0,3,,12322,0,,,1,4590,5808,12322,14552,14552,2230,,0,0,,,,0,0,4,0,12322,C09AA03,10 MG,C09,C09A,C09AA,C09AA03,81 MG,1,,,,1,,,,,,,"","",,,,,,,,,,,,1,0,0,0,1,0,0,0,0,0,0,,0.53,87.02,2,012209CJB,286.536,1.7,12,219.4,12,224.972,8,13697,13697,37.64,1,1,1,81,0,8,0,0,0,0,0,0,0,0,0,0,0,184,69.75,0,0,0,0,0,0,,,,,,3,6,,0,1,1,0,0,0,0,,1,1,0,2,0,567,1,0,0,84,26.5910209239773,0,0,1,0,1,,0,0,0,0,0,,0,,,,0,0,0,,,0,68.8,1,77.5510204081633,4.35093604760385,2,0,0,0,51,1,1,16573,15564,16573,28,4251,64.7939175670268,0,Q4,high,high,Q4,Q4,Death,11.6386036960986,1,1,0,0
1,2810545299,2017-11-25,2803.5,2,1,255,53,131,95,0.83,3,100.6,5.5,11392,2786.77932405567,7.93264184388618,,,,,26.84,,1335.99,1,1328.02186878728,7.19144579736109,1,66.87,0,11392,0,3,,11392,0,,,1,4477,5620,11392,14255,14255,2863,,0,0,,,,0,0,4,0,11392,C10AX09,10 MG,C10,C10A,C10AX,C10AX09,81 MG,1,,,,,1,,,,,,"","",,,,,,,,,,,,1,0,0,0,0,1,0,0,0,0,0,,4.98,50.75,2,020209CJB,359.11,1.69,22,301.7,22,227.587,8,12609,12609,26.84,0,3,2,81,0,8,0,0,0,0,0,0,0,0,0,0,0,165,63.25,0,0,0,0,0,0,1,,,,,0,6,,0,1,0,0,0,0,0,,1,1,0,2,0,243,1,0,0,84,28.9980301562253,0,0,0,1,0,,0,0,0,0,0,,0,,,,0,0,1,1,11120,1,175.8,0,29.8210735586481,3.39521530998461,1,0,1,0,81,1,1,14473,,14473,28,3081,34.4046830130329,0,Q4,high,high,Q4,Q4,Death,8.435318275154,1,0,0,0
7,2810545589,2017-08-16,1428.7,2,0,160,69,50,145,0.74,3,87.8,5.9,4347,1627.22095671982,7.39462890421813,2.73352435530086,1.00559174924586,0,12.1,29.64,35.18,885.01,2,1007.9840546697,6.91570762972614,1,60.23,0,4347,0,3,,4347,0,,,2,4347,5853,,,5853,1506,,0,0,,,,0,0,4,0,4347,M01AB05,75 MG,M01,M01A,M01AB,M01AB05,81 MG,1,1,,,,,,,,1,,"","",,,,,,,,,,,,1,1,0,0,0,0,0,0,0,1,0,,7.86,150.4,2,010609CJB,363.52,14.08,4,178.6,4,80.872,3,,,29.64,1,2,2,81,1,,0,0,0,0,0,0,,,,,0,118,58.5,0,0,0,0,0,0,,1,,,,1,6,,1,0,1,1,,,0,,2,2,0,1,0,162,1,0,0,61,24.242415348736,0,1,0,0,1,,0,0,0,0,0,,0,,,,0,0,0,,,0,81,0,34.1685649202734,3.53130606700918,2,1,0,0,101,0,1,,8846,,,,16.1110985813843,1,Q3,high,low,Q1-Q3,Q1-Q3,,,,,,
1,2810546580,2018-01-01,1674.3,2,1,174,86,100,84,0.84,3,190.9,5.8,12584,877.056050288109,6.77657090171889,2.5909617612978,0.952029143191562,0,,30.34,,2037.89,1,1067.51702462022,6.9730906930976,1,70.88,0,12584,0,3,,12584,0,,,2,4421,5805,12584,14641,14641,2057,14782,1,0,2198,14782,,0,0,4,0,12584,B01AC06,81 MG,B01,B01A,B01AC,B01AC06,81 MG,1,,,,,,,,,,,"","",,,,,,,,,,,,1,0,0,0,0,0,0,0,0,0,0,,1.42,25.31,2,021009CJB,213.794,0.7,34,207.6,34,86.026,8,13634,13634,30.34,0,1,1,81,0,2,0,0,0,0,0,0,0,0,0,0,0,140,66.75,0,0,0,0,0,0,1,,,,,7,1,,0,1,0,0,0,0,0,1,1,1,0,2,0,567,1,0,0,60,22.0918002750032,0,0,0,0,0,,0,0,0,0,0,,0,,1,2,0,0,0,,,0,68,0,15.7150340492404,2.75461783691855,1,0,0,0,76,0,0,,17419,,,,11.5402111880014,1,Q2,low,low,Q1-Q3,Q1-Q3,,,,,,
1,2810547225,2018-12-08,6287.8,2,1,154,52,191,151,0.57,9.2,63.5,6.5,12389,9902.04724409449,9.20049680707687,,,,,21.72,,681.83,1,1073.74803149606,6.97891063999859,1,,0,12389,,,,12389,0,,,2,4573,5803,12389,,,,,0,0,,,,0,0,,0,12389,B01AC06,81 MG,B01,B01A,B01AC,B01AC06,81 MG,1,,,,,,,,,1,,"","",,,,,,,,,,,,1,0,0,0,0,0,0,0,0,1,0,,0.33,64.2,2,013009CJB,401,1.63,20,256.8,20,116.416,8,13635,13635,21.72,0,1,1,81,1,2,1,1,1,0,0,0,0,0,0,0,0,165,62.25,0,0,0,0,0,0,1,,,,,3,0,,0,1,0,1,0,0,0,1,1,1,2,2,0,567,1,0,0,81,29.9371770176259,1,1,0,0,0,,0,0,0,0,0,,0,,,,0,0,0,,,0,63.8,1,144.88188976378,4.97591885713849,2,1,0,0,87,1,1,16351,,16351,28,3962,113.816634989592,0,Q4,high,high,Q4,Q4,Death,10.8473648186174,1,1,0,0
1,2810548044,2017-11-26,778.4,2,1,112,36,63,98,0.92,3,41.9,5.4,11336,1857.75656324582,7.5271248899318,1.75258701787394,0.561092992259641,0,,35.92,,339.83,1,811.050119331742,6.69832985162852,1,64.87,0,11336,0,3,,11336,0,,,1,4164,5637,11336,,,,,0,0,,,,0,0,4,0,11336,C10AA05,20 MG,C10,C10A,C10AA,C10AA05,81 MG,1,,,1,1,1,1,,,,,"","",,,,,,,,,,,,1,0,0,1,1,1,1,0,0,0,0,,1.25,70.68,2,020309bCJ,409.072,2.74,24,116.8,24,107.694,8,12529,12529,35.92,1,1,1,81,0,8,0,0,0,0,0,0,0,0,0,0,0,173,68,0,0,0,0,0,0,1,,,,,3,8,,0,1,1,0,0,0,0,,1,1,0,2,0,567,1,0,0,80,26.3047325402609,0,0,1,1,1,,0,0,0,0,0,,0,,,,0,0,0,,,0,63.4,0,71.5990453460621,4.27108174072215,2,0,0,1,78,1,1,,16317,,,,23.8173918364849,1,Q4,high,high,Q4,Q4,,,,,,
7,2810548777,2017-08-22,866,2,1,244,106,51,88,0.84,3,154.6,8.4,4026,560.155239327296,6.32821395839721,2.0685618729097,0.726853618441856,0,,52.9,,2609.03,1,1687.60025873221,7.43106283356388,1,66.19,0,4026,0,3,,4026,0,,,2,4026,5832,,,5832,1806,,0,0,,,,0,0,4,0,4026,C10AX09,80 MG,C10,C10A,C10AA,C10AA01,325 MG,1,,,1,1,1,,,1,,,C10AA01,"",,,,,1,1,1,1,,,,1,0,0,1,1,1,1,1,1,0,0,,0.79,11.14,2,010809CJB,181.19,1.03,5,158.9,5,81.624,3,,,52.9,1,1,1,325,1,,0,0,0,0,0,0,,,,,0,144,65.25,0,0,0,0,0,0,,1,,,,7,6,,0,1,1,1,,,0,,2,2,0,2,0,2275,2,0,0,59,23.7797384037099,0,1,1,1,1,140,0,1,1,0,0,,0,,,,0,0,0,,,0,127.8,0,19.4049159120311,2.96552643149693,1,1,0,1,88,0,0,,8461,,,,6.36540044690109,1,Q1,low,low,Q1-Q3,Q1-Q3,,,,,,
1,2810549044,2017-09-17,974.9,2,1,120,42,85,99,1.48,101.8,77.1,5.5,11400,1264.46173800259,7.14240180705403,1.62130177514793,0.483229391464997,1,,35.04,,516.33,1,669.688715953308,6.50681300136881,1,,2,11400,,,12,11400,1,-848,10552,1,4653,5704,11400,13584,13584,2184,11400,1,1,-9497,1903,,1,0,,1,11400,C10AA05,40 MG,C10,C10A,C10AA,C10AA05,81 MG,1,,,1,1,1,1,1,,,1,"","",,,,,,,,,,,,1,0,0,1,1,1,1,1,0,0,1,,2.01,77.13,2,011509CJB,405.248,3.89,7,161.8,7,117.392,8,12856,12856,35.04,1,1,1,81,0,8,0,0,0,0,0,0,1,1,0,0,0,235,72.25,0,0,0,0,,,1,,,,,7,8,,0,1,1,0,0,1,0,,1,1,0,2,0,567,1,0,0,75,31.6517532976398,0,0,1,1,1,141,0,1,1,1,1,1854,1,11097,1,3,1,1,0,,,0,61,1,1320.36316472114,7.18566210252928,3,0,0,1,46,0,1,15999,,1854,1,,27.4882986522303,1,Q3,low,high,Q4,Q1-Q3,MI,,,,,
1,2810550695,2017-11-13,939.1,2,1,165,34,464,101,1.1,6.5,109.7,5.6,12215,856.061987237922,6.75234278851748,1.24626121635095,0.220148042334411,1,,116.58,,1341.64,1,1223.00820419325,7.10906884391754,1,66.54,0,12215,0,3,1,12215,1,-5509,6706,1,4515,5719,12215,,,,11491,1,1,-724,11491,,1,0,2,1,12215,C10AB05,145 MG,C10,C10A,C10AB,C10AB05,325 MG,1,,,1,1,1,1,1,,,,"","",,,,,,,,,,,,1,0,0,1,1,1,1,1,0,0,0,,10.11,76.2,2,012909CJB,299.458,24.69,18,323.3,18,140.375,8,13478,13478,116.58,1,1,1,325,0,8,1,0,0,62,0,0,0,0,0,,1,241,68.75,0,0,1,1,1,1,1,,,,,3,6,,0,1,1,0,,0,1,,1,1,1,2,0,2275,2,1,1,64,35.8490168881164,0,0,1,1,1,141,0,1,1,1,1,6706,0,,3,1,1,0,0,,,0,38.2,1,59.2525068368277,4.08180808860254,2,0,0,1,71,0,0,12730,,4407,6,,12.0572110878581,1,Q2,low,low,Q1-Q3,Q1-Q3,Angina,,,,,
1,2810550772,2017-08-23,331.2,2,1,217,65,70,103,0.77,3,27.2,4.7,12215,1217.64705882353,7.10467563519724,1.58981481481481,0.46361754077921,1,,61.14,,899.16,1,3305.73529411765,8.10341420685036,1,54.99,0,12215,1,2,,12215,0,,,1,4524,5812,12215,14427,14427,2212,,0,0,,,,0,0,3,0,12215,B01AC06,325 MG,B01,B01A,B01AC,B01AC06,325 MG,1,,,,,,,,,,,"","",,,,,,,,,,,,1,0,0,0,0,0,0,0,0,0,0,,0.23,37.02,2,010909CJB,525.326,1.16,1,226.1,1,172.766,8,13811,13811,61.14,0,1,1,325,0,8,0,0,0,0,0,0,0,0,0,0,0,170,69.25,0,0,0,0,0,0,1,,,,,3,6,,0,0,0,0,0,0,0,,1,1,0,,0,2275,2,0,0,77,24.9238413737029,0,0,0,0,0,,0,0,0,0,0,,0,,,,0,0,0,,,0,138,0,110.294117647059,4.7031505943483,2,0,0,0,88,0,1,,17605,,,,13.8368983957219,1,Q3,low,low,Q1-Q3,Q1-Q3,,,,,,
1,2810550905,2017-10-25,375.9,2,1,170,65,138,102,0.93,7,22.1,5.7,12274,1700.90497737557,7.43891572803452,0.936609686609687,-0.0654886399738915,1,,59.98,,363.76,1,1645.97285067873,7.40608688698114,1,69.98,0,12274,0,3,,12274,0,,,2,4593,5792,12274,14343,14343,2069,,0,0,,,,0,0,4,0,12274,M01AE01,20 MG,C10,C10A,C10AA,C10AA01,81 MG,1,1,,1,,1,,1,,,,C10AA01,"",,,,,,1,1,,,,,1,1,0,1,0,1,1,1,0,0,0,,3.26,78.54,2,012209CJB,330.974,2.5,12,99.1,12,78.252,8,13638,13638,59.98,1,1,1,81,0,2,0,0,0,0,0,0,0,0,0,0,0,173,61.25,0,0,0,0,0,0,1,,,,,3,6,,0,1,1,0,0,0,0,1,1,1,0,2,0,567,1,0,0,75,32.4219797127641,0,0,1,1,1,,0,0,0,0,0,,0,,,,0,0,1,,,0,77.4,1,316.742081447964,5.75808781951374,3,0,0,1,60,1,1,,17430,,,,28.3484162895928,1,,high,high,Q4,,,,,,,
1,2810552084,2018-01-26,2260.6,2,1,160,52,161,110,0.71,3,148.1,5.6,11795,1526.40108035111,7.33066800847097,1.98775510204082,0.687005912537863,0,,49.6,,1036.51,1,699.871708305199,6.55089704439699,1,68.41,0,11795,0,3,,11795,0,,,2,4255,5663,11795,14199,14199,2404,,0,0,,,,0,0,4,0,11795,C10AA04,80 MG,C10,C10A,C10AA,C10AA04,81 MG,1,,,,1,1,1,,,,,"","",,,,,,,,,,,,1,0,0,0,1,1,1,0,0,0,0,,1.24,167.7,2,021709CJB,448.45,1.62,42,185.4,42,110.919,8,12708,12708,49.6,1,1,1,81,0,2,0,0,0,0,0,0,0,0,0,0,0,162,65.75,0,0,0,0,0,0,1,,,,,8,2,,0,1,1,0,0,0,0,1,1,1,0,2,0,567,1,0,0,68,26.3468751141987,0,0,1,1,1,,0,0,0,0,0,,0,,,,0,0,0,,,0,75.8,0,20.2565833896016,3.00847984637649,1,0,0,1,88,0,1,,16492,,,,17.3454668221718,1,Q3,high,low,Q1-Q3,Q1-Q3,,,,,,
7,2810553830,2017-08-12,3687.8,2,1,285,103,67,88,0.82,3,87.8,6.3,3241,4200.2277904328,8.34289403861808,2.81241283124128,1.0340427737138,0,2.8,29.72,30.92,673.87,2,767.50569476082,6.64314589931763,1,67.93,0,3241,0,3,,3241,0,,,2,3241,5046,,,5046,1805,,0,0,,,,0,0,4,0,3241,B01AC06,81 MG,B01,B01A,B01AC,B01AC06,81 MG,1,,,,,,,,,,,"","",,,,,,,,,,,,1,0,0,0,0,0,0,0,0,0,0,,0.84,42.58,2,123008CJB,462.44,2.3,3,184,3,109.766,3,,,29.72,0,1,1,81,0,,0,0,0,0,0,0,,,,,0,146,64,0,0,0,0,0,0,,1,,,,7,6,,0,1,0,0,,,0,,2,2,0,2,0,567,1,0,0,66,25.0610071532643,0,0,0,0,0,,0,0,0,0,0,,0,,,,0,0,0,,,0,168.6,0,34.1685649202734,3.53130606700918,2,0,0,0,86,1,1,,7832,,,,48.8398580282884,1,Q4,high,high,Q4,Q4,,,,,,
1,2810553980,2017-12-31,817.6,2,1,191,39,238,88,0.88,3,58.5,5.3,12255,1397.60683760684,7.24251665119972,2.9098998887653,1.06811867810547,0,,61.52,,1060.93,1,1813.55555555556,7.50304459269297,1,62.75,0,12255,0,3,,12255,0,,,2,4594,5709,12255,14453,14453,2198,,0,0,,,,0,0,4,0,12255,B01AC06,325 MG,B01,B01A,B01AC,B01AC06,325 MG,1,,,,,,,,,,,"","",,,,,,,,,,,,1,0,0,0,0,0,0,0,0,0,0,,3.58,95.18,2,021009CJB,568.808,1.91,33,221.7,33,157.8,8,13312,13312,61.52,0,1,1,325,0,2,0,0,0,0,0,0,0,0,0,0,0,185,62,0,0,0,0,0,0,1,,,,,3,2,,0,1,0,0,0,0,0,1,1,1,0,2,0,2275,2,0,0,64,33.8371644485224,0,0,0,0,0,140,0,1,1,0,0,,0,,,,0,0,0,,,0,104.4,0,51.2820512820513,3.93734081341244,2,0,0,0,69,0,1,14790,,13755,7,,20.2551715595194,1,Q3,high,high,Q1-Q3,Q1-Q3,Coronary Insufficiency,,,,,
1,2810554226,2017-09-13,465.3,2,1,170,64,88,109,0.62,3,64.7,5.1,11799,719.165378670788,6.57809134333184,3.74742750233864,1.32106960520072,0,,31.02,,894.63,1,1382.73570324575,7.23181920945829,1,62.79,0,11799,0,3,,11799,0,,,2,4629,5708,11799,13920,13920,2121,,0,0,,,,0,0,4,0,11799,C07AB03,50 MG,C07,C07A,C07AB,C07AB03,81 MG,1,,1,1,,,,,,,,"","",,,,,,,,,,,,1,0,1,1,0,0,0,0,0,0,0,,0.89,81.41,2,022109CJB,435.124,27.07,5,247.7,5,152.903,8,13281,13281,31.02,1,1,1,81,0,2,0,0,0,0,0,0,0,0,0,0,0,184,62.5,0,0,0,0,0,0,1,,,,,3,1,,0,0,1,0,0,0,0,1,1,1,0,,0,567,1,0,0,65,33.1179465558931,0,0,1,0,1,,0,0,0,0,0,,0,,,,0,0,1,,,0,88.4,0,46.3678516228748,3.83660636614339,2,0,0,0,95,0,0,,17074,,,,7.57016188074514,1,Q1,low,low,Q1-Q3,Q1-Q3,,,,,,
1,2810554248,2018-01-08,1254.8,2,1,184,40,209,97,1.21,3,159,5.4,12266,789.182389937107,6.67099746008438,1.22082585278277,0.199527558242868,1,,46.88,,826.92,1,520.075471698113,6.25397393892498,1,65.74,0,12266,0,3,,12266,0,,,1,,6035,12266,,,,,0,0,,,,0,0,4,0,12266,C10AX06,850 MG,C10,C10A,C10AX,C10AX06,81 MG,1,,,,1,1,,,,,,"","",,,,,,,,,,,,1,0,0,0,1,1,0,0,0,0,0,,1.52,123.4,2,021109bCJ,409.166,1.32,37,283.8,37,187.894,8,13268,13268,46.88,1,1,1,81,0,8,0,0,0,0,0,0,0,0,0,0,0,211,69.75,0,0,0,0,0,0,1,,,,,7,1,,0,1,1,0,0,0,0,,1,1,0,2,0,567,1,0,0,59,30.4929642117349,0,0,1,0,1,,0,0,0,0,0,,0,,,,0,0,1,,,0,102.2,0,18.8679245283019,2.93746336543002,1,0,1,0,65,0,0,,17053,,,,12.141267537494,1,Q1,low,low,Q1-Q3,Q1-Q3,,,,,,
1,2810554652,2017-09-30,187.9,2,1,131,36,148,120,0.91,8.5,18.4,5.6,11452,1021.19565217391,6.92872942779257,2.9264,1.07377299865446,0,,37.6,,179.78,1,977.065217391304,6.88455340251841,1,64.74,0,11452,0,3,,11452,0,,,2,4333,5720,11452,13582,13582,2130,,0,0,,,,0,0,4,0,11452,C10AX06,1000 MG,C10,C10A,C10AX,C10AX06,81 MG,1,,,1,,1,1,1,,,,"","",,,,,,,,,,,,1,0,0,1,0,1,1,1,0,0,0,,1.2,56.76,2,011609CJB,446.058,1.04,8,117.3,8,82.949,8,12875,12875,37.6,1,1,1,81,0,2,0,0,0,0,0,0,0,0,0,0,0,152,66,0,0,0,0,0,0,1,,,,,4,8,,0,1,1,0,0,0,0,1,1,1,0,2,0,567,1,0,0,72,24.5336027862138,0,0,1,1,1,,0,0,0,0,0,,0,,,,0,0,1,,,0,65.4,1,461.956521739131,6.13547077786347,3,0,0,1,63,0,0,,16668,,,,16.2094547964113,1,Q2,low,low,Q1-Q3,Q1-Q3,,,,,,
1,2810555394,2018-02-17,170.7,2,1,139,36,193,85,0.68,3,23.6,5.1,12520,723.305084745763,6.58383110375692,2.95752539242844,1.08435290260817,0,,45.48,,249.28,1,1056.27118644068,6.96250023663891,1,62.9,0,12520,0,3,,12520,0,,,2,4609,5724,12520,,,,,0,0,,,,0,0,4,0,12520,M01AH01,37.5/25 MG,C03,C03A,C03AA,C03AA03,81 MG,1,1,,1,,1,1,1,,,,C03AA03,"",,,,,,,,1,,,,1,1,0,1,0,1,1,1,0,0,0,,4.96,95.9,2,022009CJB,207.418,1.23,48,258.7,48,150.941,8,13232,13232,45.48,1,1,1,81,0,2,0,0,0,0,0,0,0,0,0,0,0,191,65,0,0,0,0,0,0,1,,,,,3,2,,0,1,1,0,0,0,0,1,1,1,0,2,0,567,1,0,0,54,31.7842718525674,0,0,1,1,1,,0,0,0,0,0,,0,,,,0,0,1,,,0,64.4,0,127.118644067797,4.84512085561868,2,0,0,1,99,0,0,,16105,,,,7.30611196712892,1,Q1,low,low,Q1-Q3,Q1-Q3,,,,,,
1,2810555446,2018-06-28,20000,3,1,130,36,62,88,1.2,9.3,468.4,5,12006,4269.85482493595,8.35933510680066,1.95663052543786,0.671223874185907,0,,48.18,,3513.07,1,750.014944491887,6.62009313232102,1,67.54,0,12006,0,3,,12006,0,,,1,4468,5735,12006,14098,14098,2092,,0,0,,,,0,0,4,0,12006,M01AX05,2000 MG,M01,M01A,M01AX,M01AX05,81 MG,1,1,,,,,,,,,,"","",,,,,,,,,,,,1,1,0,0,0,0,0,0,0,0,0,,1.92,55.45,2,012009CJB,377.268,1.38,10,170.3,10,130.715,8,13414,13414,48.18,0,1,1,81,0,8,0,0,0,0,0,0,0,0,0,0,0,235,70.25,0,0,0,0,0,0,1,,,,,7,6,,0,1,0,0,0,0,0,,1,1,0,2,0,567,1,0,0,65,33.4796429524978,0,0,0,0,0,,0,0,0,0,0,,0,,,,0,0,0,,,0,81.6,1,19.8548249359522,2.98844704741779,1,0,0,0,63,1,1,,17206,,,,67.7754734116818,1,Q4,high,high,Q4,Q4,,,,,,
1,2810556226,2017-09-07,2132.6,2,1,289,111,91,144,0.63,72.3,143.9,7.4,12132,1482.00138985407,7.30114874367885,2.86398631308811,1.0522144701373,0,,33.9,,1773.25,1,1232.27936066713,7.11662087217697,1,65.04,0,12132,0,3,12,12132,1,2502,14634,2,4580,5845,12132,,,,14637,1,0,1011,13143,,0,1,4,1,12132,C09CA04,150 MG,C09,C09C,C09CA,C09CA04,50 MG,1,,,1,1,,,,,1,,"","",,,,,,,,,,,,1,0,0,1,1,0,0,0,0,1,0,,1.22,26.97,2,011309CJB,418.408,1.8,5,114.9,5,78.566,8,13617,13617,33.9,1,1,1,81,1,2,0,0,0,0,0,0,0,0,0,0,0,146,66.25,0,0,0,0,0,0,1,,,,,3,0,,0,1,1,1,0,0,0,1,1,1,0,2,0,567,1,0,0,85,23.3876563160745,0,1,1,0,1,,0,0,0,0,0,,1,14376,1,1,0,0,0,,,0,159.8,1,502.432244614316,6.21946079425353,3,1,0,0,82,0,1,14645,,14376,12,,18.0731876811471,1,Q3,high,high,Q1-Q3,Q1-Q3,TIA,,,,,
1,2810556232,2017-10-07,471.6,2,1,234,62,104,92,0.93,3,50.5,5.4,11203,933.861386138614,6.83932801836999,1.8420703384207,0.6108901230002,0,,37.24,,518.54,1,1026.81188118812,6.93421402001313,1,67.54,0,11203,0,3,4,11203,0,,,2,3907,5048,11203,14100,14100,2897,,0,0,,,,0,0,4,0,11203,"","","","","","","",,,,,,,,,,,,"","",,,,,,,,,,,,0,0,0,0,0,0,0,0,0,0,0,,0.35,20.06,2,012009CJB,513.384,1.34,10,210.2,10,177.329,8,12610,12610,37.24,0,1,1,325,0,2,1,1,1,0,0,0,0,1,0,0,0,120,63.25,,,,,,,,,,,,4,6,,0,0,0,0,0,1,0,1,1,1,2,,0,2275,2,0,0,81,21.0894764772548,1,0,0,0,0,,0,0,0,0,1,14484,0,,,,0,0,0,,,0,151.2,0,59.4059405940594,4.08439423136893,2,0,0,0,58,0,0,,15694,14484,4,4491,16.1010583817002,0,Q2,low,low,Q1-Q3,Q1-Q3,MI,12.2956878850103,1,1,1,0
1,2810556806,2018-12-17,1300.3,2,1,226,66,99,105,1.17,16,152.5,5.7,12148,852.655737704918,6.7483558759979,2.8521327014218,1.04806703071988,0,,33.56,,904.13,1,592.872131147541,6.38497874530354,1,72.36,0,12148,0,3,,12148,0,,,2,4548,5724,12148,14194,14194,2046,,0,0,,,,0,0,4,0,12148,M01AX25,400 MG,M01,M01A,M01AX,M01AX25,81 MG,1,1,,,1,,,1,,,,"","",,,,,,,,,,,,1,1,0,0,1,0,0,1,0,0,0,,0.69,34.43,2,020509CJB,453.646,1.68,29,247.2,29,156.728,8,13269,13269,33.56,1,1,1,81,0,2,0,0,0,0,0,0,0,0,0,0,0,154,65.75,0,0,0,0,0,0,1,,,,,3,6,,0,1,1,0,0,0,0,1,1,1,0,2,0,567,1,0,0,78,25.0457948616457,0,0,1,0,1,,0,0,0,0,0,,0,,,,0,0,0,,,0,140.2,1,104.918032786885,4.65317940517445,2,0,0,0,45,0,0,,17055,,,,18.9479052823315,1,Q1,low,high,Q1-Q3,Q1-Q3,,,,,,
1,2810557104,2017-12-23,204,2,1,221,119,78,94,0.81,3,20.4,5.7,11510,1000,6.90775527898214,,,,,43.12,,555.81,1,2724.55882352941,7.91006179436795,1,72.17,0,11510,0,3,,11510,0,,,2,,5096,11510,13634,13634,2124,,0,0,,,,0,0,4,0,11510,C03DB02,37.5/25 MG,C03,C03A,C03AA,C03AA03,81 MG,1,,,,,,,1,,,,C03AA03,"",,,,,,,,1,,,,1,0,0,0,0,0,0,1,0,0,0,,2.36,28.18,2,020609CJB,,,30,215.9,30,93.38,8,12611,12611,43.12,1,1,1,81,0,2,0,0,0,0,0,0,0,0,0,0,0,125,64.25,0,0,0,0,0,0,1,,,,,6,0,,0,1,1,0,0,0,0,1,1,1,0,2,0,567,1,0,0,63,21.2896911736079,0,0,1,0,1,,0,0,0,0,0,,0,,,,0,0,0,,,0,86.4,0,147.058823529412,4.99083266680008,2,0,0,0,77,0,0,,16397,,,,12.987012987013,1,Q2,low,low,Q1-Q3,Q1-Q3,,,,,,
1,2810557368,2017-08-29,431.7,2,1,262,48,151,94,0.96,3,18.9,5.5,11923,2284.12698412698,7.73373916648393,1.4430176565008,0.366736515684167,1,,36.82,,201.96,1,1068.57142857143,6.97407792191321,1,66.35,0,11923,0,3,,11923,0,,,2,4580,5722,11923,14120,14120,2197,,0,0,,,,0,0,4,0,11923,C03DB02,37.5/25 MG,C03,C03A,C03AA,C03AA03,81 MG,1,,,,,,,1,,,,C03AA03,"",,,,,,,,1,,,,1,0,0,0,0,0,0,1,0,0,0,,5.04,50.95,2,011209CJB,312.984,2.54,2,148.5,2,167.022,8,13475,13475,36.82,1,1,1,81,0,2,0,0,0,0,0,0,0,0,0,0,0,122,62.5,0,0,0,0,0,0,1,,,,,3,6,,0,1,1,0,0,0,0,1,1,1,0,2,0,567,1,0,0,72,21.958638477277,0,0,1,0,1,,0,0,0,0,0,,0,,,,0,0,1,,,0,183.8,0,158.730158730159,5.06720564558465,2,0,0,0,59,1,1,,17269,,,,38.7140166801184,1,Q4,high,high,Q4,Q4,,,,,,
1,2810559735,2017-08-26,2857.5,2,1,130,58,77,111,0.58,16.4,193,5.7,11749,1480.56994818653,7.30018239275217,1.2219298245614,0.200431432391265,1,,45.34,,1134.64,1,587.896373056995,6.37655069606956,1,54.12,0,11749,1,2,,11749,0,,,2,,6282,11749,14059,14059,2310,,0,0,,,,0,0,3,0,11749,M01AE02,500 MG,M01,M01A,M01AE,M01AE02,81 MG,1,1,,1,,,,,,,,"","",,,,,,,,,,,,1,1,0,1,0,0,0,0,0,0,0,,45.81,91.61,2,010909CJB,630.426,3.17,1,187.1,1,102.469,8,13342,13342,45.34,1,1,1,81,0,2,0,0,0,0,0,0,0,0,0,0,0,213,63.5,0,0,0,0,0,0,1,,,,,7,6,,0,1,1,0,0,0,0,1,1,1,0,2,0,567,1,0,0,61,37.1396464784374,0,0,1,0,1,,0,0,0,0,0,,0,,,,0,0,0,,,0,56.6,1,84.9740932642487,4.4423464249074,2,0,0,0,99,0,1,,17136,,,,14.9552520018841,1,Q3,high,low,Q1-Q3,Q1-Q3,,,,,,
1,2810559990,2017-11-26,876.2,2,1,149,43,47,106,1.07,8.1,96.4,6.2,11387,908.921161825726,6.81225835975139,1.01968134957826,0.0194901761141346,1,,62.44,,1251.37,1,1298.10165975104,7.16865821449842,1,67.35,0,11387,0,3,,11387,0,,,1,4244,5653,11387,13486,13486,2099,,0,0,,,,0,0,4,0,11387,C10AB04,600 MG,C10,C10A,C10AB,C10AB04,81 MG,1,,,,1,1,1,,,1,,"","",,,,,,,,,,,,1,0,0,0,1,1,1,0,0,1,0,,0.54,29.23,2,020309bCJ,443.238,0.67,25,200.2,25,181.059,8,12567,12567,62.44,1,1,1,81,1,8,0,0,0,0,0,0,0,0,0,0,0,207,70,0,0,0,0,0,0,1,,,,,4,1,,0,1,1,1,0,0,0,,1,1,0,2,0,567,1,0,0,57,29.7016022603474,0,1,1,1,1,,0,0,0,0,0,,0,,,,0,0,0,,,0,96.6,1,84.0248962655602,4.43111313904403,2,1,0,1,77,0,0,,16355,,,,11.8041709328016,1,Q2,low,low,Q1-Q3,Q1-Q3,,,,,,
1,2810561152,2017-09-23,507.5,2,1,240,75,88,99,0.71,3.7,56.3,5.5,11224,901.420959147424,6.80397236175839,3.31417624521073,1.19820909960919,0,,58.18,,627.32,1,1114.24511545293,7.01593242810867,1,71.5,0,11224,0,3,,11224,0,,,2,4309,5636,11224,13436,13436,2212,,0,0,,,,0,0,4,0,11224,C09AA03,10 MG   12.5 MG,C03,C03A,C03AA,C03AA03,81 MG,1,,,1,1,,,,,,,C03AA03,"",,,,,,,,1,,,,1,0,0,1,1,0,0,1,0,0,0,,2.91,55.43,2,011509CJB,433.212,1.97,7,229.9,7,132.344,8,12665,12665,58.18,1,1,1,81,0,2,0,0,0,0,0,0,0,0,0,0,0,179,63.25,0,0,0,0,0,0,1,,,,,8,1,,0,1,1,0,0,0,0,1,1,1,0,2,0,567,1,0,0,63,31.4584690785717,0,0,1,0,1,,0,0,0,0,0,,0,,,,0,0,0,,,0,147.4,0,65.7193605683837,4.18539356348667,2,0,0,0,91,0,0,,16458,,,,9.90572482579587,1,Q2,low,low,Q1-Q3,Q1-Q3,,,,,,
1,2810563610,2017-11-21,3327.8,2,1,172,61,161,140,0.96,8.7,228.3,6.3,11748,1457.64345159877,7.28457633643375,2.33132530120482,0.846436904673239,0,,28.76,,2296.34,1,1005.84318878668,6.9135814625522,1,71.24,0,11748,0,3,41,11748,1,1218,12966,2,4866,5829,11748,13828,13828,2080,9803,1,1,-2074,9674,,0,1,4,1,11748,M01AX01,80/12.5,C03,C03A,C03AA,C03AA03,325 MG,1,1,,1,1,1,1,,,,,C03AA03,"",,,,,,,,1,,,,1,1,0,1,1,1,1,1,0,0,0,,4.76,228.8,2,012709bCJ,475.722,1.06,18,143.7,18,102.659,8,13024,13024,28.76,1,4,2,325,1,2,0,0,0,0,0,0,0,1,0,0,0,257,66.75,0,0,0,0,0,0,1,,,,,4,0,,0,1,1,1,0,1,0,1,1,1,0,2,0,1300,2,0,0,57,40.5542333619701,0,0,1,1,1,,0,0,0,0,0,,0,,1,1,1,0,0,,,0,78.8,1,38.107752956636,3.64041775110693,2,1,0,1,66,0,1,,16815,9674,7,5067,22.0855068424057,1,Q3,high,high,Q1-Q3,Q1-Q3,Coronary Insufficiency,13.8726899383984,1,1,1,0
1,2810563813,2018-01-13,471.3,2,1,172,75,72,107,0.86,7.3,32,5.8,12055,1472.8125,7.29492911711805,2.0101282916948,0.698198546747978,0,,43.38,,402.83,1,1258.84375,7.13794891990883,1,63.35,0,12055,0,3,2,12055,0,,,2,4280,5629,12055,14044,14044,1989,,0,0,,,,0,0,4,0,12055,C10AA03,40 MG,C10,C10A,C10AA,C10AA03,81 MG,1,,,,,1,1,,,,,"","",,,,,,,,,,,,1,0,0,0,0,1,1,0,0,0,0,,1.2,49.4,2,021309CJB,701.462,2.56,38,234.9,38,135.66,8,13031,13031,43.38,0,1,1,81,0,1,0,0,0,0,0,0,0,0,0,0,2,129,61,0,0,0,0,0,0,1,,,,,2,6,,0,1,0,0,0,0,1,0,1,1,0,2,0,567,1,1,0,80,24.374496478098,0,0,0,1,0,,0,0,0,0,1,5840,0,,,,0,0,0,,,0,82.6,1,228.125,5.42989372433676,2,0,0,1,64,0,1,,16815,1372,30,4760,23.0126953125,0,Q3,high,high,Q1-Q3,Q1-Q3,IC,13.0321697467488,1,1,1,0
1,2810564024,2018-02-22,1071.7,2,1,169,52,121,107,0.86,7.1,124.9,5.2,12657,858.04643714972,6.75465822057551,2.08591065292096,0.735205523888006,0,,44.12,,2064.21,1,1652.6901521217,7.41015963446847,1,67.77,0,12657,0,3,12,12657,0,,,1,4619,5741,12657,,,,13322,1,0,665,13322,,0,0,4,0,12657,C10AA05,40 MG,C10,C10A,C10AA,C10AA05,160 MG,1,,,1,1,1,1,,,,,"","",,,,,,,,,,,,1,0,0,1,1,1,1,0,0,0,0,,1.31,82.29,2,022109CJB,378.088,2.18,49,197.3,49,137.317,8,13314,13314,44.12,1,4,2,160,0,8,1,1,1,0,0,0,0,0,0,1,0,152,66,0,0,0,0,0,0,1,,,,,6,1,,0,1,1,0,1,0,0,,1,1,2,2,0,640,2,0,0,58,24.5336027862138,1,0,1,1,1,140,0,1,1,0,1,12918,1,10973,1,1,0,0,0,,,0,92.8,1,56.8454763811049,4.04033664589787,2,0,0,1,96,0,0,,17094,10973,12,4437,8.93798372030958,0,Q2,low,low,Q1-Q3,Q1-Q3,TIA,12.1478439425051,1,1,1,0
1,2810564367,2017-08-26,626.7,2,1,109,49,81,92,0.84,3,64.9,6.1,12063,965.639445300462,6.87279051950868,2.79384203480589,1.02741772194438,0,,48.46,,592.44,1,912.850539291217,6.81657216433682,1,66.66,1,12063,0,3,1,12063,0,,,1,4524,5826,12063,14478,14478,2415,10215,1,1,-2575,9488,,0,0,4,0,12063,C10AX09,10 MG,C10,C10A,C10AX,C10AX09,325 MG,1,,,1,1,1,1,,,1,,"","",,,,,,,,,,,,1,0,0,1,1,1,1,0,0,1,0,,0.37,25.22,2,010909CJB,210.718,1.52,1,143.3,1,101.173,8,13651,13651,48.46,1,1,1,325,1,8,0,0,0,0,0,0,0,0,0,0,0,183,67,0,0,0,0,1,1,1,,,,,6,7,,0,0,1,1,0,0,0,,1,1,0,,0,2275,2,0,1,64,28.6620399482724,0,1,1,1,1,140,0,1,1,0,1,6342,0,,1,1,1,0,1,2,9511,1,43.8,0,46.2249614791988,3.8335199439402,2,1,0,1,93,0,0,,17445,6342,1,5382,10.3832198419405,1,Q2,low,low,Q1-Q3,Q1-Q3,MI,14.735112936345,1,1,1,0
1,2810564486,2018-02-03,682.3,2,1,151,81,90,113,0.52,3,53.8,5.9,12579,1268.2156133829,7.14536616264173,2.7906186267845,1.02626330128509,0,,32.32,,878.45,1,1632.80669144981,7.39805570963142,1,65.93,0,12579,0,3,,12579,0,,,2,4633,5769,12579,14707,14707,2128,,0,0,,,,0,0,4,0,12579,C10AX09,20 MG,C10,C10A,C10AA,C10AA01,81 MG,1,,,,,1,,,,,,C10AA01,"",,,,,,1,1,,,,,1,0,0,0,0,1,1,0,0,0,0,,0.26,20.8,2,021809bCJ,298.002,0.65,45,152.4,45,97.115,8,13418,13418,32.32,0,1,1,81,0,2,1,1,1,0,0,0,0,0,0,0,0,127,65.75,0,0,1,1,,,1,,,,,3,6,,0,1,0,0,0,0,0,1,1,1,2,2,0,567,1,0,1,66,20.6546490092792,1,0,0,1,0,,0,0,0,0,0,,0,,,,0,0,0,,,0,52,0,55.7620817843866,4.02109410048251,2,0,0,1,100,0,1,,17199,,,,12.682156133829,1,Q3,low,low,Q1-Q3,Q1-Q3,,,,,,
1,2810566002,2018-02-10,918.4,2,1,177,76,131,110,0.65,3,115.5,5.3,12568,795.151515151515,6.67853268159155,1.38510101010101,0.325773068460804,1,,49.26,,1441.43,1,1247.99134199134,7.12929061139837,1,74.39,0,12568,0,3,,12568,0,,,2,,5708,12568,14024,14024,1456,,0,0,,,,0,0,4,0,12568,M01AX05,1500 MG,M01,M01A,M01AX,M01AX05,160 MG,1,1,,1,,1,1,,,,,"","",,,,,,,,,,,,1,1,0,1,0,1,1,0,0,0,0,,3.04,35.65,2,021909bCJ,173.804,1.21,48,166.2,48,117.45,8,13307,13307,49.26,1,1,1,160,0,2,0,0,0,0,0,0,0,0,0,0,0,141,62.25,0,0,0,0,0,0,1,,,,,8,8,,0,1,1,0,0,0,0,1,1,1,0,2,0,1120,2,0,0,75,25.5826785423349,0,0,1,1,1,,0,0,0,0,0,,0,,,,0,0,0,,,0,74.8,0,25.974025974026,3.2570970376884,1,0,0,1,87,0,0,,16514,,,,9.13967258794845,1,Q1,low,low,Q1-Q3,Q1-Q3,,,,,,
1,2810566631,2017-10-29,1238.5,2,1,206,74,105,110,0.78,3.1,122.9,5.5,12491,1007.72986167616,6.91545541834552,,,,,32.26,,1289.44,1,1049.17819365338,6.9557624639923,1,63.83,0,12491,0,3,,12491,0,,,2,4537,5824,12491,,,,,0,0,,,,0,0,4,0,12491,C10AA03,20/12.5 MG,C03,C03A,C03AA,C03AA03,81 MG,1,,,,1,1,1,,,,,C03AA03,"",,,,,,,,1,,,,1,0,0,0,1,1,1,1,0,0,0,,1.06,36.62,2,012609CJB,247.412,0.91,15,189.8,15,128.077,8,13807,13807,32.26,1,4,2,81,0,2,0,0,0,0,0,0,0,0,0,0,0,156,62.75,0,0,0,0,0,0,1,,,,,4,2,,0,1,1,0,0,0,0,1,1,1,0,2,0,324,1,0,0,61,27.8549735683938,0,0,1,1,1,,0,0,0,0,0,,0,,,,0,0,1,,,0,111,0,25.2237591537836,3.22778637390125,1,0,0,1,82,0,0,,17598,,,,12.2893885570263,1,Q2,low,low,Q1-Q3,Q1-Q3,,,,,,
1,2810566821,2017-09-02,1329.1,2,1,170,79,63,86,0.6,3,67.6,5.8,12294,1966.12426035503,7.58381950336646,2.37034099920698,0.863033826319018,0,,42.24,,670.46,1,991.804733727811,6.89952624690895,1,55.4,0,12294,0,3,,12294,0,,,2,4565,5805,12294,14465,14465,2171,,0,0,,,,0,0,4,0,12294,B01AC06,81 MG,B01,B01A,B01AC,B01AC06,81 MG,1,,,,,,,,,,,"","",,,,,,,,,,,,1,0,0,0,0,0,0,0,0,0,0,,0.23,39.76,2,011209CJB,337.856,1.93,3,218.9,3,127.648,8,13819,13819,42.24,0,1,1,81,0,2,0,0,0,0,0,0,0,0,0,0,0,142,64.75,0,0,0,0,0,0,1,,,,,4,,,0,1,0,0,0,0,0,1,1,1,0,2,0,567,1,0,0,56,23.8130164249476,0,0,0,0,0,,0,0,0,0,0,,0,,,,0,0,1,,,0,78.4,0,44.3786982248521,3.79275958460133,2,0,0,0,102,1,1,,17612,,,,19.2757280426964,1,Q4,high,high,Q1-Q3,Q4,,,,,,
1,2810567072,2018-02-17,2051.4,2,1,111,34,168,143,1.12,111.6,197.7,6.1,12092,1037.63277693475,6.94469722168483,1.19729344729345,0.180063548822859,1,,49.04,,827.86,1,418.745574102175,6.03726351377518,1,74.38,0,12092,0,3,,12092,0,,,1,,,12092,,,,,0,0,,,,0,0,4,0,12092,C10AX09,40 MG,C10,C10A,C10AA,C10AA01,325 MG,1,,,,1,1,,1,,1,,C10AA01,"",,,,,1,1,1,1,,,,1,0,0,0,1,1,1,1,0,1,0,,0.28,152.6,2,022009CJB,378.546,1.19,48,207.9,48,139.213,8,12802,12802,49.04,1,1,1,325,1,8,1,0,0,45,0,0,0,0,0,0,0,221,72.25,0,0,0,0,0,0,1,,,,,7,1,,0,0,1,1,0,0,0,,1,1,1,,0,2275,2,0,0,72,29.7661169309719,0,1,1,1,1,,0,0,0,0,0,,0,,,,0,0,0,,,0,43.4,1,564.491654021244,6.33592559875278,3,1,0,1,65,0,0,,16583,,,,15.9635811836115,1,Q2,low,low,Q1-Q3,Q1-Q3,,,,,,
1,2810567543,2017-12-14,404,2,1,169,45,76,95,2,37.3,116.9,5.6,11657,345.594525235244,5.84526619547122,2.0229990800368,0.704581103433552,0,,53.08,,666.63,1,570.256629597947,6.34608648687149,1,77.87,0,11657,0,3,,11657,0,,,1,4328,5698,11657,13664,13664,2007,14688,1,0,2987,14644,,0,0,4,0,11657,C10AA05,10 MG,C10,C10A,C10AA,C10AA05,325 MG,1,,,,1,1,1,1,,,,"","",,,,,,,,,,,,1,0,0,0,1,1,1,1,0,0,0,,0.74,33.02,2,020309bCJ,608.504,3.22,24,142.2,24,129.782,8,12845,12845,53.08,1,1,1,325,0,8,0,0,0,0,0,0,0,0,0,0,0,162,64.5,0,0,0,0,0,0,1,,,,,8,6,,0,1,1,0,0,0,0,,1,1,0,2,0,2275,2,0,0,78,27.3779671410073,0,0,1,1,1,,0,0,0,0,0,,0,,1,6,0,0,1,,,0,108.8,1,319.076133447391,5.76542973715388,3,0,0,1,31,0,0,,16633,,,,11.1482104914595,1,Q1,low,low,Q1-Q3,Q1-Q3,,,,,,
1,2810569323,2017-09-17,352.9,2,1,164,32,278,171,1.2,3,21.8,6.5,11773,1618.80733944954,7.38944494687427,1.2833607907743,0.24948225481125,1,,40.96,,216.7,1,994.036697247706,6.90177412473536,1,68.52,0,11773,0,3,41,11773,1,-504,11269,2,4609,5775,11773,13859,13859,2086,11269,1,1,-504,11269,,1,0,2,1,11773,M01AE01,200 MG,M01,M01A,M01AE,M01AE01,81 MG,1,1,,1,1,1,,1,,1,,"","",,,,,,,,,,,,1,1,0,1,1,1,0,1,0,1,0,,1.35,131.1,2,011509CJB,477.478,2.71,7,189.1,7,144.967,8,13224,13224,40.96,1,1,1,81,1,2,0,0,0,0,0,0,1,1,0,0,0,169,64,0,0,0,0,0,0,1,,,,1,7,6,,0,0,1,1,0,1,0,1,1,1,0,,0,567,1,0,0,76,29.0089740335731,0,1,1,0,1,,0,0,0,0,0,,0,,1,1,1,0,0,,,0,76.4,0,137.614678899083,4.9244575978552,2,1,1,0,44,0,1,16081,,11269,41,,36.7910758965805,1,Q3,high,high,Q4,Q1-Q3,CHF,,,,,
1,2810569578,2017-10-01,2181.1,2,1,143,32,144,110,0.67,8.2,127.9,5.2,11955,1705.31665363565,7.4415060930811,1.62597276264591,0.486106259845043,1,,30.1,,1194.78,1,934.151681000782,6.83963882440193,1,69.12,0,11955,0,3,12,11955,0,,,2,4634,5735,11955,14224,14224,2269,,0,0,,,,0,0,4,0,11955,C10AA05,20 MG,C10,C10A,C10AA,C10AA05,325 MG,1,,,1,,1,1,,,,,"","",,,,,,,,,,,,1,0,0,1,0,1,1,0,0,0,0,,2.68,81.53,2,012009CJB,356.05,2.09,9,101.2,9,95.143,8,13371,13371,30.1,1,1,1,325,0,2,0,0,0,0,0,0,0,1,0,0,0,156,65,0,0,0,0,0,0,1,,,,,3,6,,0,1,1,0,0,1,0,1,1,1,0,2,0,2275,2,0,0,66,25.9599288429346,0,0,1,1,1,,0,0,0,0,0,,1,12299,,,0,0,0,,,0,82.2,1,64.1125879593432,4.16064072466755,2,0,0,1,92,1,1,,17163,12299,12,5208,18.5360505829962,1,Q4,high,high,Q1-Q3,Q4,TIA,14.258726899384,1,1,1,0
1,2810569592,2018-01-28,156.3,1,1,200,66,84,105,0.6,4.2,14.7,5.9,12169,1063.26530612245,6.96909992963083,2.88843648208469,1.06071534606653,0,,39.4,,161.54,1,1098.91156462585,7.00207548221755,1,75.24,0,12169,0,3,,12169,0,,,2,,,12169,14213,14213,2044,,0,0,,,,0,0,4,0,12169,C10AA05,10 MG,C10,C10A,C10AA,C10AA05,325 MG,1,,,,,1,1,,,,,"","",,,,,,,,,,,,1,0,0,0,0,1,1,0,0,0,0,,1.27,64.3,2,021809CJB,264.572,1.11,43,176.4,43,110.624,8,13055,13055,39.4,0,1,1,160,0,2,0,0,0,0,0,0,0,0,0,0,0,206,63.75,0,0,0,0,0,0,1,,,,,7,6,,0,1,0,0,0,0,0,1,1,1,0,2,0,1120,2,0,0,64,35.6379287153038,0,0,0,1,0,,0,0,0,0,0,,0,,,,0,0,0,,,0,117.2,1,285.714285714286,5.65499231048677,2,0,0,1,96,0,0,,14917,,,,11.0756802721088,1,Q2,low,low,Q1-Q3,Q1-Q3,,,,,,
1,2810570056,2018-02-01,744.4,2,1,182,68,106,104,0.62,3,60.5,5.9,12560,1230.4132231405,7.11510534571939,2.1822272215973,0.780346016543469,0,,36.46,,715.99,1,1183.45454545455,7.07619302133396,1,61.27,0,12560,0,3,,12560,0,,,2,4518,5710,12560,14544,14544,1984,,0,0,,,,0,0,4,0,12560,C10AA05,10 MG,C10,C10A,C10AA,C10AA05,81 MG,1,,,,1,1,1,,,,,"","",,,,,,,,,,,,1,0,0,0,1,1,1,0,0,0,0,,0.96,76.6,2,021809CJB,320.392,0.82,44,108.5,44,60.961,8,13435,13435,36.46,1,1,1,81,0,2,0,0,0,0,0,0,0,0,0,0,0,150,62.5,0,0,0,0,0,0,1,,,,,3,2,,0,1,1,0,0,0,0,1,1,1,0,2,0,567,1,0,0,55,26.998325996652,0,0,1,1,1,,0,0,0,0,0,,0,,,,0,0,0,,,0,92.8,0,49.5867768595041,3.90372420261345,2,0,0,1,102,0,1,,17216,,,,12.0628747366715,1,Q3,low,low,Q1-Q3,Q1-Q3,,,,,,
1,2810571060,2017-12-24,1332.7,2,1,156,37,157,108,0.95,6.1,140.4,5.7,11759,949.216524216524,6.85563693298206,1.50895140664962,0.411414976914399,1,,15.78,,998.2,1,710.968660968661,6.56662835143189,1,70.66,0,11759,0,3,,11759,0,,,1,4346,5708,11759,13744,13744,1985,,0,0,,,,0,0,4,0,11759,C10AA02,40 MG,C10,C10A,C10AA,C10AA02,81 MG,1,,,,1,1,1,1,,,,"","",,,,,,,,,,,,1,0,0,0,1,1,1,1,0,0,0,,0.79,128.8,2,020709CJB,230.968,1.46,31,210.7,31,177.92,8,12846,12846,15.78,1,1,1,81,0,8,0,0,0,0,0,0,0,0,0,0,0,217,71.25,0,0,0,0,0,0,1,,,,,8,8,,0,1,1,0,0,0,0,,1,1,0,2,0,567,1,0,0,64,30.0535382234199,0,0,1,1,1,,0,0,0,0,0,,0,,,,0,0,1,,,0,87.6,1,43.4472934472934,3.77154855856969,2,0,0,1,84,0,0,,16632,,,,11.3001967168634,1,Q2,low,low,Q1-Q3,Q1-Q3,,,,,,
1,2810571559,2018-02-03,195.9,2,1,115,42,141,292,0.68,5.8,11.2,9.6,12061,1749.10714285714,7.46686073263754,1.39840182648402,0.335330032042436,1,,26.72,,196.91,1,1758.125,7.47200317924412,1,54.15,1,12061,1,2,2,12061,1,-1867,10194,2,,5691,12061,,,,,0,0,,,,1,0,1,1,12061,C10AX06,80 MG,C10,C10A,C10AX,C10AX06,"",,,1,1,1,1,1,1,,1,,"","",,,,,,,,,,,,0,0,1,1,1,1,1,1,0,1,0,,2.78,36.71,2,021909CJB,297.852,1.88,45,85.7,45,67.325,8,12893,12893,26.72,1,1,1,81,1,2,1,0,0,52,0,0,1,0,0,1,0,184,66,0,0,0,0,0,0,1,,,,,4,10,,0,1,1,1,1,0,0,1,1,1,1,2,0,567,1,0,0,56,29.6985717938378,0,1,1,1,1,140,0,1,1,0,1,10194,0,,,,0,0,1,,,0,44.8,1,517.857142857143,6.24969941823346,3,1,0,1,98,1,1,12417,,10194,2,,17.8480320699709,1,Q4,high,high,Q1-Q3,Q4,MI,,,,,
1,2810571639,2018-02-08,2460.2,2,1,187,57,126,84,0.74,3,56.1,5.8,12805,4385.38324420677,8.38603229989413,2.59003051881994,0.951669658970185,0,,53.98,,330.48,1,589.090909090909,6.37858051654795,1,64.69,0,12805,0,3,,12805,0,,,2,5196,,12805,15049,15049,2244,,0,0,,,,0,0,4,0,12805,M01AX05,10/20 MG,M01,M01A,M01AX,M01AX25,81 MG,1,1,,,,1,,,,,,M01AX25,"",,1,,,1,,,,,,,1,1,0,0,1,1,0,0,0,0,0,,0.61,27.49,2,021909CJB,332.802,0.83,46,307.6,46,191.048,8,13596,13596,53.98,1,3,2,81,0,2,1,1,0,52,0,0,0,0,0,0,0,142,64.5,0,0,0,0,0,0,1,,,,,8,1,,0,1,1,0,0,0,0,1,1,1,1,2,0,243,1,0,0,53,23.9979711976731,1,0,1,0,1,,0,0,0,0,0,,0,,,,0,0,0,,,0,104.8,0,53.475935828877,3.9792317551216,2,0,1,0,92,1,1,,17377,,,,47.6672091761606,1,Q4,high,high,Q4,Q4,,,,,,
1,2810572034,2017-10-28,885.6,2,1,104,39,67,127,1.38,3.4,126.6,5.6,12491,699.526066350711,6.55040305767244,1.84699453551913,0.613559742641598,0,,26.06,,1672.91,1,1321.41390205371,7.186457580241,1,61.84,0,12491,0,3,1,12491,0,,,1,4510,5805,12491,14595,14595,2104,,0,0,,,,0,0,4,0,12491,C10AX09,10 MG,C10,C10A,C10AX,C10AX09,81 MG,1,,,1,1,1,1,,,,,"","",,,,,,,,,,,,1,0,0,1,1,1,1,0,0,0,0,,0.34,84.72,2,012309CJB,384.722,0.8,14,97.6,14,99.458,8,13835,13835,26.06,1,1,1,81,0,8,0,0,0,0,0,0,0,0,0,1,0,183,68.5,0,0,0,0,0,0,1,,,,,4,1,,0,1,1,0,1,0,0,,1,1,0,2,0,567,1,0,0,65,27.420511977792,0,0,1,1,1,140,0,1,1,0,1,10671,0,,,,0,0,0,,,0,51.6,0,26.8562401263823,3.29049820089418,1,1,0,1,53,0,0,,17627,10607,6,5136,13.1986050254851,1,Q1,low,low,Q1-Q3,Q1-Q3,Angina,14.0616016427105,1,1,1,0
1,2810572427,2017-11-18,2774.6,2,1,169,33,229,127,0.84,20.1,207.1,6.6,12113,1339.73925639788,7.20023028923318,1.51923076923077,0.418204133885594,1,,53.34,,1933.24,1,933.481409946886,6.83892104842557,1,62.11,0,12113,0,3,41,12113,1,3549,15662,1,4639,5717,12113,14187,14187,2074,,0,0,,,,0,1,4,1,12113,C09AA03,20 MG,C09,C09A,C09AA,C09AA03,325 MG,1,,,,1,,,,,,,"","",,,,,,,,,,,,1,0,0,0,1,0,0,0,0,0,0,,4.66,195.4,2,012909CJB,329.794,3.97,19,203.7,19,145.044,8,13362,13362,53.34,1,4,2,325,0,8,0,0,0,0,0,0,0,0,0,0,0,221,63.75,0,0,0,0,0,0,1,,,,,5,6,,0,1,1,0,0,0,0,,1,1,0,2,0,1300,2,0,0,72,38.2329235246706,0,0,1,0,1,,0,0,0,0,0,,0,,,,0,0,0,,,0,90.2,1,97.0545630130372,4.57527332564563,2,1,0,0,87,0,1,,17153,15662,41,5040,15.3993017976767,0,Q3,high,low,Q1-Q3,Q1-Q3,CHF,13.7987679671458,1,1,1,0
1,2810572480,2017-08-23,4217.6,2,1,208,82,56,100,0.61,5.7,145,4.9,11238,2908.68965517241,7.97545796843565,,,,,41.2,,1692.37,1,1167.15172413793,7.06232163595048,1,69.43,0,11238,0,3,,11238,0,,,2,,,11238,13806,13806,2568,,0,0,,,,0,0,4,0,11238,M01AE02,375 MG,M01,M01A,M01AE,M01AE02,"",,1,,,,,,,,,,"","",,,,,,,,,,,,0,1,0,0,0,0,0,0,0,0,0,,3.13,40.3,2,010909CJB,,,1,197.3,1,129.401,8,12838,12838,41.2,0,1,1,81,0,2,0,0,0,0,0,0,0,0,0,0,0,118,62.5,0,0,0,0,0,0,1,,,,,4,1,,0,1,0,0,0,0,0,1,1,1,0,2,0,567,1,0,0,60,21.2386831173662,0,0,0,0,0,,0,0,0,0,0,,0,,,,0,0,0,,,0,114.8,1,39.3103448275862,3.67148771140207,2,0,0,0,99,1,1,,16632,,,,29.3807035876001,1,Q4,high,high,Q4,Q4,,,,,,
1,2810572949,2017-11-13,504.7,2,1,176,54,55,144,0.84,3,58.3,5.5,11427,865.694682675815,6.76353228597786,1.31196172248804,0.271523515163403,1,,54.2,,1251.04,1,2145.86620926244,7.67129857700785,1,71.29,0,11427,0,3,,11427,0,,,1,4239,5644,11427,13682,13682,2255,13754,1,0,2327,13754,,0,0,4,0,11427,C07AB03,12.5 MG,C07,C07A,C07AB,C07AB03,"",,,,1,,,,1,,,,"","",,,,,,,,,,,,0,0,0,1,0,0,0,1,0,0,0,,0.8,234,2,012709CJB,185.344,0.15,17,230.3,17,157.685,8,12718,12718,54.2,1,1,1,81,0,8,0,0,0,0,0,0,0,0,0,0,0,173,63.5,0,0,0,0,0,0,1,,,,,8,6,,0,1,1,0,0,0,0,,1,1,0,2,0,567,1,0,0,85,30.1650649801393,0,0,1,0,1,143,1,0,0,0,0,,0,,1,1,0,0,0,,,0,111,0,51.4579759862779,3.9407654742938,2,1,0,0,80,0,0,15318,,8458,6,,10.8211835334477,1,Q2,low,low,Q1-Q3,Q1-Q3,Angina,,,,,
1,2810573267,2018-02-10,1411.9,2,1,141,42,147,189,0.85,3.2,120.2,7.4,11707,1174.62562396007,7.06870475790246,,,,,41.48,,1667.52,1,1387.28785357737,7.23510593560783,1,70.58,0,11707,0,3,1,11707,0,,,2,,,11707,,,,,0,0,,,,0,0,4,0,11707,C10AX09,10 MG,C10,C10A,C10AX,C10AX09,325 MG,1,,,1,1,1,1,,,1,,"","",,,,,,,,,,,,1,0,0,1,1,1,1,0,0,1,0,,2.34,167.1,2,021909CJB,340.986,2.26,46,215.9,46,131.706,8,12495,12495,41.48,0,1,1,325,1,2,1,0,0,55,0,0,0,0,0,0,0,260,65.75,0,0,0,0,0,0,1,,,,,3,1,,0,1,0,1,0,0,0,1,1,1,1,2,0,2275,2,0,0,58,42.2851082079732,0,1,0,1,0,140,0,1,1,0,1,10880,0,,,,0,0,0,,,0,69.6,0,26.6222961730449,3.28174906668671,1,1,0,1,76,0,1,,16276,10880,1,4569,15.455600315264,0,Q3,low,low,Q1-Q3,Q1-Q3,MI,12.5092402464066,1,1,1,0
1,2810574091,2018-02-17,493.8,2,1,141,44,83,87,0.94,4.7,42,6.9,12124,1175.71428571429,7.0696311446158,2.54056517775752,0.932386567206718,0,,65.74,,303.85,1,723.452380952381,6.58403472628609,1,60.7,0,12124,0,3,,12124,0,,,2,,5960,12124,,,,14197,1,0,164,12288,,0,0,4,0,12124,M01AE01,300 MG,M01,M01A,M01AE,M01AE01,325 MG,1,1,,,1,1,1,,,1,,"","",,,,,,,,,,,,1,1,0,0,1,1,1,0,0,1,0,,1.19,65.44,2,022009CJB,555.156,2.71,48,113.2,48,107.051,8,12830,12830,65.74,1,1,1,325,1,2,0,0,0,0,0,0,0,0,0,0,0,201,60.25,0,0,1,0,0,0,1,,,,,3,0,,0,1,1,1,0,0,0,1,1,1,0,2,0,2275,2,0,1,73,38.9302836077135,0,1,1,1,1,141,0,1,1,1,0,,0,,1,2,0,0,1,,,0,80.4,1,111.904761904762,4.71764816941478,2,1,0,1,60,0,1,,16611,14119,6,4487,19.5952380952381,0,Q3,low,high,Q1-Q3,Q1-Q3,Angina,12.2847364818617,1,1,1,0
1,2810575217,2017-12-23,3120.6,2,1,161,34,179,100,1.25,4.4,224.1,5.7,11950,1392.50334672021,7.23885837518829,1.6520572450805,0.502021326484195,1,,33.86,,1225.18,1,546.711289602856,6.3039208561411,1,67.12,0,11950,0,3,14,11950,0,,,1,4882,5638,11950,14766,14766,2816,,0,0,,,,0,0,4,0,11950,C10AA01,10 MG,C10,C10A,C10AA,C10AA01,81 MG,1,,,1,,1,1,,,,,"","",,,,,,,,,,,,1,0,0,1,0,1,1,0,0,0,0,,3.61,86.12,2,020609CJB,402.106,2.48,30,229.5,30,198.731,8,13057,13057,33.86,1,1,1,81,0,8,0,0,0,0,0,0,0,0,0,0,0,194,70.5,0,0,0,0,0,0,1,,,,,4,6,,0,1,1,0,0,0,0,,1,1,0,2,0,567,1,0,0,74,27.4428434778101,0,0,1,1,1,140,0,1,1,0,1,14218,1,16230,,,0,0,0,,,0,91.2,1,19.6340919232486,2.97726743909947,1,0,0,1,56,0,1,16230,,14218,1,,24.8661311914324,1,Q3,high,high,Q4,Q1-Q3,MI,,,,,
7,2810576369,2017-08-19,1055.1,2,1,137,51,66,129,1.21,3,139.1,6.5,4826,758.519051042416,6.63136791520674,1.96214219759926,0.674036834357527,0,,29.36,,739.61,1,531.710999281093,6.27610010730233,1,67.9,0,4826,0,3,,4826,0,,,1,4826,6294,,,6294,1468,,0,0,,,,0,0,4,0,4826,C10AA07,40/6.25 MG,C03,C03A,C03AA,C03AA03,81 MG,1,,,,1,1,1,,,,,C03AA03,"",,,,,,,,1,,,,1,0,0,0,1,1,1,1,0,0,0,,1.27,87.32,2,010809CJB,187.106,2.64,5,131.3,5,93.823,3,,,29.36,0,1,1,81,2,,0,0,0,0,0,0,,,,,0,186,66.25,0,0,0,0,0,0,,1,,,,8,8,,0,0,0,1,,,0,,2,2,0,,0,567,1,0,0,82,29.7952333889716,0,0,0,1,0,141,0,1,0,1,0,,0,,,,0,0,1,,,0,72.8,0,21.5672178289001,3.07117446872085,1,1,0,1,64,0,0,,9262,0,8,4436,11.8518601725377,0,Q1,low,low,Q1-Q3,Q1-Q3,MI,12.145106091718,1,1,1,0
1,2810576434,2017-10-22,743.6,2,1,117,46,75,96,0.99,3,84.2,5.4,12446,883.135391923991,6.7834785205871,3.29360694554065,1.19198330027041,0,,27.42,,1013.47,1,1203.6460807601,7.09311062979909,1,70.06,0,12446,0,3,,12446,0,,,1,4515,5921,12446,14485,14485,2039,15072,1,0,2626,15072,,0,0,4,0,12446,C10AA05,20 MG,C10,C10A,C10AA,C10AA05,325 MG,1,,,,,1,1,,,,,"","",,,,,,,,,,,,1,0,0,0,0,1,1,0,0,0,0,,0.87,74.19,2,012109CJB,569.734,1.46,11,191.2,11,130.458,8,13834,13834,27.42,0,1,1,325,0,8,0,0,0,0,0,0,0,0,0,1,0,181,68.5,0,0,0,0,0,0,1,,,,,7,7,,0,1,0,0,1,0,0,,1,1,0,2,0,2275,2,0,0,68,27.1208342512588,0,0,0,1,0,140,0,1,1,0,0,,0,,1,2,0,0,1,,,0,56,0,35.6294536817102,3.57317264640197,2,0,0,1,78,0,0,,17626,,,,11.3222486144101,1,Q2,low,low,Q1-Q3,Q1-Q3,,,,,,
1,2810576747,2018-02-01,962.9,2,1,164,36,111,147,0.99,4.7,109,6.4,11981,883.394495412844,6.78377186800519,1.14386584289497,0.134413615884214,1,,50.82,,1504.7,1,1380.45871559633,7.23017112552378,1,76.11,0,11981,0,3,13,11981,0,,,1,4321,5699,11981,14514,14514,2533,14515,1,0,362,12343,,0,0,4,0,11981,M01AE02,220 MG,M01,M01A,M01AE,M01AE02,81 MG,1,1,,,1,1,1,,,,,"","",,,,,,,,,,,,1,1,0,0,1,1,1,0,0,0,0,,1.97,233.7,2,021809CJB,406.614,3.33,44,199.6,44,190.19,8,12852,12852,50.82,1,1,1,81,0,8,0,0,0,0,0,0,0,0,0,0,0,274,70.5,0,0,0,0,0,0,1,,,,,6,8,,0,1,1,0,0,0,0,,1,1,0,2,0,567,1,0,0,64,38.759479963505,0,0,1,1,1,141,0,1,0,1,0,,1,14128,1,4,0,0,1,,,0,105.8,1,43.1192660550459,3.76396990546901,2,1,0,1,80,0,0,,16633,14128,13,4652,11.0424311926606,0,Q2,low,low,Q1-Q3,Q1-Q3,Cancer Death,12.7364818617385,1,1,1,0
1,2810577570,2018-01-06,3666.5,2,1,129,34,182,110,1.06,168.1,287.9,5.9,12622,1273.53247655436,7.14954979590382,1.16182937554969,0.149995810771789,1,,59.18,,1856.64,1,644.890587009378,6.46908066986295,1,70.77,0,12622,0,3,2,12622,0,,,1,4615,5793,12622,,,,,0,0,,,,0,0,4,0,12622,C10AX06,2000 MG,C10,C10A,C10AX,C10AX06,81 MG,1,,,1,1,1,,,,1,,"","",,,,,,,,,,,,1,0,0,1,1,1,0,0,0,1,0,,1.69,119.6,2,021109CJB,554.494,2.88,35,280.3,35,183.312,8,13646,13646,59.18,1,1,1,81,1,8,0,0,0,0,0,0,0,0,0,0,0,218,64.5,0,0,0,0,0,0,1,,,,,7,6,,0,1,1,1,0,0,0,,1,1,0,2,0,567,1,0,0,76,36.8419557823432,0,1,1,1,1,140,0,1,1,0,1,8009,0,,,,0,0,1,,,0,58.6,1,583.883292810004,6.36970112177858,3,1,1,0,68,0,1,13255,,8009,2,,18.7284187728582,1,Q3,low,high,Q1-Q3,Q1-Q3,MI,,,,,
1,2810582161,2018-01-01,1503.1,2,1,185,52,174,161,0.96,28.8,60.3,6,12615,2492.70315091211,7.82112300339413,2.25515210991168,0.813217425185976,0,,25.4,,1308.94,1,2170.71310116086,7.6828110105979,1,78.95,0,12615,0,3,2,12615,1,2293,14908,2,4678,5793,12615,15190,15190,2575,,0,0,,,,0,1,4,1,12615,M01AE02,220 MG,M01,M01A,M01AE,M01AE02,81 MG,1,1,,,1,1,1,1,,1,,"","",,,,,,,,,,,,1,1,0,0,1,1,1,1,0,1,0,,0.89,54.49,2,021009CJB,488.276,1.61,33,193,33,145.501,8,13667,13667,25.4,1,1,1,81,1,2,0,0,0,0,0,0,0,0,0,0,0,157,59,1,1,0,0,0,0,1,,,,,4,8,,0,0,1,1,0,0,0,1,1,1,0,,0,567,1,0,1,85,31.7103650581906,0,1,1,1,1,,0,0,0,0,1,15718,0,,,,0,0,0,,,0,98.2,1,477.611940298508,6.1687985623909,3,1,0,1,54,1,1,15799,,14908,41,,46.1611694613353,1,Q4,high,high,Q4,Q4,CHF,,,,,
1,2810582675,2018-01-28,825.7,2,1,133,37,102,91,1.25,3,107.7,5.8,11685,766.666666666667,6.64205211324913,3.18780620577028,1.15933297042602,0,,32.72,,1033,1,959.145775301764,6.86604307094539,1,57.78,2,11685,0,3,,11685,0,,,1,4410,5650,11685,13702,13702,2017,,0,0,,,,0,0,4,0,11685,C10AB05,145 MG,C10,C10A,C10AB,C10AB05,81 MG,1,,,1,,1,,1,,,,"","",,,,,,,,,,,,1,0,0,1,0,1,0,1,0,0,0,,1.15,51.29,2,021809CJB,318.882,1.17,43,186.7,43,120.703,8,12579,12579,32.72,1,1,1,81,0,8,0,0,0,0,0,0,0,0,0,0,0,201,68,0,0,0,0,0,0,1,,,,,3,1,,0,1,1,0,0,0,0,,1,1,0,2,0,567,1,0,0,61,30.5621458993783,0,0,1,1,1,,0,0,0,0,0,,0,,,,0,0,0,,,0,75.6,0,27.8551532033426,3.3270179834879,1,0,1,0,62,0,0,,16360,,,,12.3655913978495,1,Q1,low,low,Q1-Q3,Q1-Q3,,,,,,
1,2810584429,2017-09-15,4121.7,2,0,204,52,117,88,1.13,8,252,5.2,12249,1635.59523809524,7.39976207707468,1.43485763589301,0.361065635853176,1,,80.4,,2525.83,1,1002.31349206349,6.91006609904318,1,14.52,4,12249,1,1,1,12249,1,-562,11687,1,4660,5796,12249,,,,11972,1,1,-584,11665,,1,0,1,1,12249,C10AA01,40 MG,C10,C10A,C10AA,C10AA01,325 MG,1,,,,,1,1,1,,,,"","",,,,,,,,,,,,1,0,0,0,0,1,1,1,0,0,0,,1.94,279.7,2,011509CJB,424.018,2.55,6,239.7,6,221.79,8,13710,13710,80.4,1,1,1,325,0,8,0,0,0,0,0,0,1,1,0,0,0,167,65.25,0,0,0,0,0,0,1,,,,,5,1,,0,0,1,0,0,1,0,,1,1,0,,0,2275,2,0,0,64,27.5778910654135,0,0,1,1,1,141,0,1,0,1,1,4587,0,,2,1,1,0,0,,,0,128.6,1,31.7460317460318,3.45776773315055,2,0,0,1,68,0,1,16819,,4587,1,,24.0528711484594,1,Q3,high,high,Q4,Q1-Q3,MI,,,,,
1,2810584947,2017-10-28,649.9,2,1,197,83,59,129,0.82,4,54.9,5.8,12496,1183.78870673953,7.07647534237291,,,,,58.12,,609.66,1,1110.49180327869,7.01255826219845,1,62.75,0,12496,0,3,14,12496,0,,,2,4516,5811,12496,,,,12496,1,1,-228,12268,,0,0,4,0,12496,C07AB03,50 MG,C07,C07A,C07AB,C07AB03,81 MG,1,,,1,,,,,,,1,"","",,,,,,,,,,,,1,0,0,1,0,0,0,0,0,0,1,,0.97,65.72,2,012309CJB,399.446,2.31,14,197.2,14,118.821,8,13841,13841,58.12,1,1,1,81,0,2,0,0,0,0,0,0,0,1,0,0,0,130,65.25,0,0,0,0,0,0,1,,,,,7,6,,0,1,1,0,0,1,0,1,1,1,0,2,0,567,1,0,0,78,21.4678193922381,0,0,1,0,1,,0,0,0,0,0,,1,12766,2,3,1,1,1,,,0,102.2,1,72.8597449908925,4.28853629158654,2,1,0,0,69,0,1,12766,,12766,14,,17.1563580686888,1,Q3,low,low,Q1-Q3,Q1-Q3,Intracerebral Hemmorhage,,,,,
1,2810585097,2017-11-26,625.7,2,0,198,51,128,93,1.13,6.9,39.7,4.7,11927,1576.07052896725,7.36269002129926,1.82352941176471,0.60077386042893,0,,41.98,,880.05,1,2216.75062972292,7.70379772233493,1,47.29,2,11927,1,2,,11927,0,,,1,4272,5655,11927,,,,11927,1,1,-892,11035,,0,0,3,0,11927,C03CA01,20 MG,C03,C03C,C03CA,C03CA01,"",,,,,,,,1,,,,"","",,,,,,,,,,,,0,0,0,0,0,0,0,1,0,0,0,,11.29,17.36,2,020309bCJ,560.4,4.98,24,217.2,24,152.913,8,13117,13117,41.98,0,1,1,81,0,8,0,0,0,0,0,0,1,1,0,0,0,202,72.5,0,0,0,0,0,0,1,,,,,4,1,,0,1,0,0,0,1,0,,1,1,0,2,0,567,1,0,0,60,27.0197277612153,0,0,0,0,0,,0,0,0,0,0,,0,,1,3,1,1,1,,,0,121.4,1,173.803526448363,5.15792550289221,2,0,0,0,70,0,1,13477,,13477,28,1550,22.5152932709608,0,Q3,high,high,Q1-Q3,Q1-Q3,Death,4.24366872005476,1,0,0,0
1,2810585309,2017-12-14,2375.2,2,1,154,36,119,95,1.09,12.8,360.8,5.8,11819,658.314855875832,6.48968332124917,2.57363420427553,0.945318987294032,0,,42.36,,2179.74,1,604.140798226164,6.40380728041495,1,63.71,0,11819,0,3,,11819,0,,,1,4412,5665,11819,13817,13817,1998,,0,0,,,,0,0,4,0,11819,C10AA05,10 MG,C10,C10A,C10AA,C10AA05,325 MG,1,,,,,1,1,,,,,"","",,,,,,,,,,,,1,0,0,0,0,1,1,0,0,0,0,,1.34,66.98,2,020409bCJ,282.696,1.31,27,189,27,167.041,8,12971,12971,42.36,0,1,1,325,0,8,0,0,0,0,0,0,0,0,0,0,0,195,70.75,0,0,0,0,0,0,1,,,,,8,1,,1,0,0,0,0,0,0,,1,1,0,1,0,2275,2,0,0,62,27.3897037948779,0,0,0,1,0,,0,0,0,0,0,,0,,,,0,0,0,,,0,94.2,1,35.4767184035477,3.56887666171924,2,0,0,1,72,0,0,,16758,15043,11,4939,9.14326188716432,0,Q1,low,low,Q1-Q3,Q1-Q3,Atherothrombotic Infarction of Brain,13.5222450376454,1,1,1,0
1,2810585812,2017-10-30,4725.8,2,1,161,48,73,93,0.73,6.1,36.9,5.2,12377,12807.0460704607,9.45775077270708,3.63776337115073,1.2913690343166,0,,67.84,,650.99,1,1764.20054200542,7.4754529160491,1,,0,12377,,,,12377,0,,,1,4831,5876,12377,,,,,0,0,,,,0,0,,0,12377,C10AA05,20 MG,C10,C10A,C10AA,C10AA05,81 MG,1,,,,,1,1,,,,,"","",,,,,,,,,,,,1,0,0,0,0,1,1,0,0,0,0,,0.79,29.34,2,012609CJB,,,15,223.7,15,152.179,8,13709,13709,67.84,0,1,1,81,0,8,1,1,1,0,0,0,0,0,0,0,1,153,72.5,0,0,1,1,1,1,1,,,,,4,6,,0,1,0,0,0,0,1,,1,1,2,2,0,567,1,1,1,71,20.4654373636928,1,0,0,1,0,,0,0,0,0,0,,0,,,,0,0,1,,,0,98.4,1,165.311653116531,5.10783249911492,2,0,0,1,93,1,1,13144,,13144,27,767,137.710172800653,0,Q4,high,high,Q4,Q4,,2.09993155373032,0,0,0,0
1,2810587015,2018-02-22,585.2,2,1,133,38,216,120,1.05,6.2,63.5,5.7,12062,921.574803149606,6.82608394923541,1.41325536062378,0.345895809683905,1,,39.54,,706.33,1,1112.33070866142,7.01421283047133,1,62.95,0,12062,0,3,,12062,0,,,1,4306,5762,12062,13910,13910,1848,,0,0,,,,0,0,4,0,12062,C10AX09,80 MG,C10,C10A,C10AA,C10AA01,81 MG,1,,,1,,1,,,,,,C10AA01,"",,,,,,1,1,,,,,1,0,0,1,0,1,1,0,0,0,0,,2.73,190.5,2,022109CJB,411.36,2.45,50,154.8,50,101.745,8,12678,12678,39.54,1,1,1,81,0,8,0,0,0,0,1,1,0,0,0,0,0,280,71.5,0,0,0,0,0,0,1,,,,,4,1,,0,1,1,0,0,0,0,,1,1,0,2,2,567,1,0,0,62,38.5080529562497,0,0,1,1,1,,0,0,0,0,0,,0,,,,0,0,0,2,9566,1,51.8,1,97.6377952755906,4.58126466513454,2,0,0,1,76,0,0,,16458,,,,12.1259842519685,1,Q2,low,low,Q1-Q3,Q1-Q3,,,,,,
1,2810587357,2017-10-25,353.6,2,1,226,74,98,95,0.97,3,55.1,5.5,11603,641.742286751361,6.46418680059271,3.23589001447178,1.17430401050732,0,,43.1,,630.42,1,1144.13793103448,7.04240673375796,1,64.09,0,11603,0,3,,11603,0,,,2,4520,5722,11603,13680,13680,2077,,0,0,,,,0,0,4,0,11603,C10AX06,37.5/25 MG,C03,C03A,C03AA,C03AA03,"",,,,1,1,1,1,1,,,,C03AA03,"",,,,,,,,1,,,,0,0,0,1,1,1,1,1,0,0,0,,0.16,67.56,2,012209CJB,,,12,171.3,12,112.939,8,12969,12969,43.1,1,1,1,81,1,2,0,0,0,0,0,0,0,0,0,0,0,155,64,0,0,0,0,0,0,1,,,,,7,6,,0,1,1,1,0,0,0,1,1,1,0,2,0,567,1,0,0,59,26.6058637586025,0,0,1,1,1,,0,0,0,0,0,,0,,,,0,0,1,,,0,132.4,0,54.4464609800363,3.99721785149138,2,0,0,1,64,0,0,,16761,,,,10.02722323049,1,Q1,low,low,Q1-Q3,Q1-Q3,,,,,,
1,2810588271,2017-11-23,322.7,2,1,172,51,89,119,1.12,3,50.3,6,12586,641.55069582505,6.46388820794031,1.53814935064935,0.430579973423062,1,,55.58,,517.4,1,1028.6282306163,6.93598137863433,1,64.29,0,12586,0,3,,12586,0,,,1,4528,5812,12586,14645,14645,2059,,0,0,,,,0,0,4,0,12586,B01AC06,81 MG,B01,B01A,B01AC,B01AC06,81 MG,1,,,,,,,,,,,"","",,,,,,,,,,,,1,0,0,0,0,0,0,0,0,0,0,,114.23,45.37,2,013009CJB,171.236,6.03,21,190.2,21,135.307,8,13817,13817,55.58,0,1,1,81,0,8,0,0,0,0,0,0,0,0,0,0,0,176,69.25,0,0,0,0,1,1,1,,,,,6,1,,0,1,0,0,0,0,0,,1,1,0,2,0,567,1,0,1,63,25.803506363363,0,0,0,0,0,,0,0,0,0,0,,0,,,,0,0,1,,,0,103.2,0,59.6421471172962,4.08836249054455,2,0,0,0,70,0,0,,17605,,,,9.16500994035785,1,Q1,low,low,Q1-Q3,Q1-Q3,,,,,,
1,2810589400,2018-01-26,805.1,2,1,159,60,78,93,0.94,3,146.4,5.3,11575,549.931693989071,6.30979407776682,2.70626349892009,0.995568900809834,0,,48.2,,745.68,1,509.344262295082,6.23312413821378,1,68.63,0,11575,0,3,,11575,0,,,1,4202,5626,11575,13737,13737,2162,,0,0,,,,0,0,4,0,11575,C10AA05,20 MG,C10,C10A,C10AA,C10AA05,81 MG,1,,,,,1,1,,,,,"","",,,,,,,,,,,,1,0,0,0,0,1,1,0,0,0,0,,3.39,37.33,2,021709CJB,196.624,0.92,41,145,41,97.744,8,12501,12501,48.2,0,1,1,81,0,8,,,,,,,0,0,0,0,0,175,66.25,0,0,0,0,0,0,1,,,,,4,1,,0,0,0,0,0,0,0,,1,1,,,,567,1,0,0,57,28.0331496939249,,0,0,1,0,,0,0,0,0,0,,0,,,,0,0,0,,,0,83.4,0,20.4918032786885,3.02002496612304,1,0,0,1,90,0,0,,16285,,,,6.11035215543412,1,Q1,low,low,Q1-Q3,Q1-Q3,,,,,,
1,2810589508,2017-10-28,619,2,1,176,52,60,121,0.92,3,85.7,5.7,11218,722.287047841307,6.58242263306895,3.3538788522848,1.21011754238039,0,,30.98,,1077.63,1,1257.44457409568,7.13683682473665,1,63.07,0,11218,0,3,41,11218,1,4767,15985,1,4276,5632,11218,13291,13291,2073,,0,0,,,,0,1,4,1,11218,C10AA05,20 MG,C10,C10A,C10AA,C10AA05,325 MG,1,,,1,1,1,1,1,,,,"","",,,,,,,,,,,,1,0,0,1,1,1,1,1,0,0,0,,10.62,186.4,2,012209CJB,425.566,7.74,13,199.1,13,124.828,8,12577,12577,30.98,1,1,1,325,0,8,0,0,0,0,0,0,0,0,0,0,0,264,68,1,1,0,0,0,0,1,,,,,4,,,0,0,1,0,0,0,0,,1,1,0,,0,2275,2,0,1,61,40.1413259573924,0,0,1,1,1,,0,0,0,0,0,,0,,,,0,0,1,,,0,112,0,35.0058343057176,3.55551474204651,2,0,0,1,89,0,0,,16330,15985,41,5112,8.11558480720569,1,Q1,low,low,Q1-Q3,Q1-Q3,CHF,13.9958932238193,1,1,1,0
1,2810589990,2017-11-18,4818.9,2,1,134,60,78,113,1.08,16.9,159.9,5.4,12585,3013.69606003752,8.01092253138001,1.92377622377622,0.654290037670622,0,,45.02,,1976.79,1,1236.26641651032,7.11985116212909,1,61.53,0,12585,0,3,2,12585,1,418,13003,1,4533,5829,12585,,,,12228,1,1,-357,12228,,0,1,4,1,12585,M01AE01,20/25 MG,C03,C03A,C03AA,C03AA03,325 MG,1,1,,1,1,1,1,,,,,C03AA03,"",,,,,,,,1,,,,1,1,0,1,1,1,1,1,0,0,0,,4.68,92.35,2,013009CJB,408.816,2.36,20,195.3,20,98.463,8,13834,13834,45.02,1,1,1,325,0,8,1,1,1,0,0,0,0,1,0,1,0,191,68,0,0,0,0,0,0,1,,,,,3,1,,0,1,1,0,1,1,0,,1,1,2,2,0,2275,2,0,0,54,29.041641128265,1,0,1,1,1,140,0,1,1,0,1,11842,0,,1,1,1,0,0,,,0,58.4,1,105.691056910569,4.66052028107126,2,0,0,1,77,1,1,13470,,11842,2,,39.1389098706172,1,Q4,high,high,Q4,Q4,MI,,,,,
1,2810590184,2018-02-17,1487.5,2,1,160,57,77,111,1.04,3,123.9,5.2,12056,1200.56497175141,7.09054753477278,,,,,35.3,,1943.08,1,1568.26472962066,7.35772501932596,1,64.5,0,12056,0,3,2,12056,1,3308,15364,1,4287,5673,12056,14185,14185,2129,,0,0,,,,0,1,4,1,12056,C10AA01,100/25 MG,C03,C03A,C03AA,C03AA03,325 MG,1,,,1,1,1,1,,,,,C03AA03,"",,,,,,,,1,,,,1,0,0,1,1,1,1,1,0,0,0,,5.55,69.42,2,022009CJB,404.092,4.94,48,232.7,48,168.917,8,12761,12761,35.3,1,1,1,325,0,8,0,0,0,0,1,1,0,0,0,1,0,209,67.75,,,,,,,1,,,,,6,6,,0,1,1,0,1,0,0,,1,1,0,2,2,2275,2,0,0,68,32.0135104670204,0,0,1,1,1,140,0,1,1,0,1,9606,0,,,,0,0,0,,,0,87.6,0,24.2130750605327,3.18689277901515,1,0,0,1,73,0,1,,16542,9606,2,4486,16.446095503444,0,Q3,low,low,Q1-Q3,Q1-Q3,MI,12.2819986310746,1,1,1,0
1,2810590519,2017-11-26,3905.1,2,1,119,33,114,137,0.89,3,113.5,6.1,11657,3440.61674008811,8.14340601920716,1.42321428571429,0.35291789506102,1,,34.46,,3099.32,1,2730.67841409692,7.91230536063937,1,69.34,0,11657,0,3,,11657,0,,,1,4355,5694,11657,13483,13483,1826,,0,0,,,,0,0,4,0,11657,M01AX05,1500/1200 MG,M01,M01A,M01AX,M01AX25,81 MG,1,1,,,1,1,1,,,,,M01AX25,"",,1,,,,,,,,,,1,1,0,0,1,1,1,0,0,0,0,,3.5,117.2,2,020309bCJ,397.974,2.11,25,205.6,25,193.858,8,12830,12830,34.46,1,1,1,81,0,8,1,1,1,0,0,0,0,0,0,0,1,235,71,0,0,0,0,0,0,1,,,,,7,6,,0,1,1,0,0,0,1,,1,1,2,2,0,567,1,1,0,73,32.7760623781513,1,0,1,1,1,140,0,1,1,0,0,,0,,,,0,0,1,,,0,63.2,0,26.431718061674,3.27456473072879,1,1,0,1,85,1,1,15649,,8688,6,,40.4778440010365,1,Q4,high,high,Q4,Q4,Angina,,,,,
1,2810590660,2017-08-30,775.5,2,1,226,75,82,96,0.96,3,123.7,5.8,12153,626.919967663703,6.44081888920624,,,,,33.4,,1375.55,1,1112.00485044462,7.01391983671165,1,65.26,0,12153,0,3,,12153,0,,,2,4586,5805,12153,14339,14339,2186,,0,0,,,,0,0,4,0,12153,B01AC06,81 MG,B01,B01A,B01AC,B01AC06,81 MG,1,,,,,,,,,,,"","",,,,,,,,,,,,1,0,0,0,0,0,0,0,0,0,0,,3.59,30.67,2,011209CJB,345.758,3.18,3,333.5,3,139.166,8,13693,13693,33.4,0,1,1,81,0,2,1,1,1,0,0,0,0,0,0,0,0,113,59.25,0,0,0,0,0,0,1,,,,,1,6,,0,1,0,0,0,0,0,1,1,1,2,2,0,567,1,0,0,73,22.6311877074964,1,0,0,0,0,,0,0,0,0,0,,0,,,,0,0,0,,,0,134.6,0,24.2522231204527,3.1885082882518,1,0,0,0,59,0,0,,17486,,,,10.6257621637916,1,Q1,low,low,Q1-Q3,Q1-Q3,,,,,,
7,2810591867,2017-08-12,935.3,2,1,127,34,187,129,0.87,176.6,81,6.6,3207,1154.69135802469,7.05158836475616,1.13190862196021,0.123905253872748,1,2.3,40.38,39.08,1151.04,2,1421.03703703704,7.25914219182291,1,,0,3207,,,,3207,0,,,1,3207,5167,,,5167,1960,,0,0,,,,0,0,,0,3207,M01AX25,80 MG,C10,C10A,C10AA,C10AA01,81 MG,1,1,,1,1,1,,1,,1,,C10AA01,"",,,,,,1,1,,,,,1,1,0,1,1,1,1,1,0,1,0,,2.84,188.1,2,123008CJB,259.194,3.11,3,149.2,3,105.922,3,,,40.38,1,1,1,81,1,,0,0,0,0,0,0,,,,,0,333,66.25,0,0,0,0,0,0,,1,,,,8,6,,0,1,1,1,,,0,,2,2,0,2,0,567,1,0,0,69,53.3430791318685,0,1,1,1,1,140,0,1,1,0,0,,0,,,,0,0,0,,,0,55.6,1,2180.24691358025,7.68719341247956,3,1,0,1,102,0,1,,7797,,,,11.320503510046,1,Q3,low,low,Q1-Q3,Q1-Q3,,,,,,
1,2810593035,2018-01-06,1256.1,2,1,133,46,73,124,1.35,3.6,136.5,6.4,12106,920.21978021978,6.82461253305629,1.40586797066015,0.340654884754549,1,,24.96,,838.65,1,614.395604395604,6.42063902750384,1,61.09,0,12106,0,3,,12106,0,,,1,4389,5631,12106,14171,14171,2065,,0,0,,,,0,0,4,0,12106,C10AX06,25 MG,C03,C03A,C03AA,C03AA03,"",,,,1,1,1,1,,,1,,C03AA03,"",,,,,,,,1,,,,0,0,0,1,1,1,1,1,0,1,0,,1.76,83.51,2,021109CJB,645.376,1.86,36,84.5,36,77.185,8,13128,13128,24.96,1,1,1,81,1,8,0,0,0,0,0,0,0,0,0,0,0,156,61.25,0,0,0,0,0,0,1,,,,,3,6,,0,1,1,1,0,0,0,,1,1,0,2,0,567,1,0,0,77,29.2360048276948,0,1,1,1,1,,0,0,0,0,0,,0,,,,0,0,0,,,0,72.4,0,26.3736263736264,3.27236450981919,1,1,0,1,50,0,0,,16859,6322,6,4753,18.4043956043956,0,Q2,low,high,Q1-Q3,Q1-Q3,Angina,13.0130047912389,1,1,1,0
1,2810593906,2018-01-26,1055.1,2,1,237,72,150,108,1.39,3,173.2,5.5,12518,609.180138568129,6.4121140180078,5.47222222222222,1.69968479028188,0,,64.52,,830.04,1,479.237875288684,6.17219708226025,1,65.8,0,12518,0,3,,12518,0,,,1,4514,5776,12518,14611,14611,2093,,0,0,,,,0,0,4,0,12518,C10AX06,20 MG,C10,C10A,C10AX,C10AX06,81 MG,1,,,,1,1,,,,,,"","",,,,,,,,,,,,1,0,0,0,1,1,0,0,0,0,0,,1.64,158,2,021709CJB,440.71,1.21,42,232,42,149.321,8,13429,13429,64.52,1,1,1,81,0,8,0,0,0,0,0,0,0,0,0,0,0,160,63.25,0,0,0,0,0,0,1,,,,,7,7,,0,1,1,0,0,0,0,,1,1,0,2,0,567,1,0,0,66,28.119301969673,0,0,1,0,1,,0,0,0,0,0,,0,,,,0,0,0,,,0,135,0,17.3210161662818,2.85192057152191,1,0,1,0,52,0,0,,17213,,,,11.7150026647717,1,Q1,low,low,Q1-Q3,Q1-Q3,,,,,,
1,2810594739,2017-09-17,444.2,2,1,155,52,64,93,0.77,3,33.4,5.3,11501,1329.94011976048,7.19288919746576,2.43647912885662,0.890554017230105,0,,37.62,,304.33,1,911.167664670659,6.81472692496979,1,69.83,0,11501,0,3,,11501,0,,,2,4396,5655,11501,13601,13601,2100,,0,0,,,,0,0,4,0,11501,C10AA05,10 MG,C10,C10A,C10AA,C10AA05,325 MG,1,,,,,1,1,,,,,"","",,,,,,,,,,,,1,0,0,0,0,1,1,0,0,0,0,,1.04,24.57,2,011509CJB,582.974,1.01,7,208.3,7,114.615,8,12951,12951,37.62,0,1,1,325,1,2,0,0,0,0,0,0,0,0,0,0,0,150,63.75,0,0,0,0,0,0,1,,,,,3,0,,0,0,0,1,0,0,0,1,1,1,0,,0,2275,2,0,0,62,25.9499480936678,0,0,0,1,0,,0,0,0,0,0,,0,,,,0,0,0,,,0,90.2,0,89.8203592814372,4.49781166766759,2,0,0,1,83,0,1,,16744,,,,16.0233749368732,1,Q3,high,low,Q1-Q3,Q1-Q3,,,,,,
1,2810594921,2018-01-06,3513.3,2,1,152,54,82,104,1.09,8.8,143.6,5.4,12447,2446.58774373259,7.80244957509017,1.62301335028608,0.484284514183206,1,,43.54,,1068.24,1,743.899721448468,6.61190624274968,1,62.5,0,12447,0,3,,12447,0,,,1,4508,5719,12447,14598,14598,2151,,0,0,,,,0,0,4,0,12447,C10AA05,10 MG,C10,C10A,C10AA,C10AA05,81 MG,1,,,,1,1,1,,,,,"","",,,,,,,,,,,,1,0,0,0,1,1,1,0,0,0,0,,0.32,81.39,2,021109CJB,,,35,197.1,35,138.175,8,13478,13478,43.54,1,1,1,81,0,8,0,0,0,0,1,1,0,0,0,0,0,214,72.25,0,0,0,0,0,0,1,,,,,7,8,,0,1,1,0,0,0,0,,1,1,0,2,2,567,1,0,0,70,28.823298747638,0,0,1,1,1,,0,0,0,0,0,,0,,,,0,0,1,,,0,81.6,1,61.2813370473538,4.11547534385217,2,0,0,1,68,1,1,,17263,,,,35.9792315254793,1,Q4,high,high,Q4,Q4,,,,,,
1,2810595141,2017-09-07,3369.6,2,1,97,29,66,98,1,44,239.1,5.5,11480,1409.28481806775,7.25083763346347,2.32883240667196,0.845367028962195,0,,39.48,,1746.73,1,730.543705562526,6.59378905905541,1,66.8,0,11480,0,3,,11480,0,,,1,4392,5659,11480,13722,13722,2242,,0,0,,,,0,0,4,0,11480,C10AA01,20 MG,C10,C10A,C10AA,C10AA01,81 MG,1,,,,1,1,1,,,,,"","",,,,,,,,,,,,1,0,0,0,1,1,1,0,0,0,0,,0.53,71,2,011309CJB,442.724,2.94,5,181,5,121.684,8,12966,12966,39.48,1,1,1,81,0,8,0,0,0,0,0,0,0,0,0,0,0,188,70.75,0,0,0,0,0,0,1,,,,,3,6,,0,1,1,0,0,0,0,,1,1,0,2,0,567,1,0,0,71,26.4064836586515,0,0,1,1,1,,0,0,0,0,0,,0,,,,0,0,1,,,0,54.8,1,184.023421162693,5.21506303843612,2,0,0,1,75,0,1,15269,,15269,28,3789,18.7904642409034,0,Q3,high,high,Q1-Q3,Q1-Q3,Death,10.3737166324435,1,1,0,0
1,2810595776,2017-12-16,880.2,2,1,202,89,57,94,0.82,3,83.9,5.6,12306,1049.10607866508,6.95569372689192,2.53833605220228,0.931508768802125,0,,27.72,,1574.67,1,1876.84147794994,7.53734557801196,1,75.41,0,12306,0,3,,12306,0,,,2,4518,5728,12306,14505,14505,2199,15514,1,0,3208,15514,,0,0,4,0,12306,M01AX05,500/500 MG,M01,M01A,M01AX,M01AX25,81 MG,1,1,,,,,,,,,,M01AX25,"",,1,,,,,,,,,,1,1,0,0,0,0,0,0,0,0,0,,4.34,33.73,2,020509CJB,372.972,2.5,28,222.5,28,114.044,8,13435,13435,27.72,0,1,1,81,0,2,0,0,0,0,0,0,0,0,0,0,0,169,64,0,0,0,0,0,0,1,,,,,3,0,,0,1,0,0,0,0,0,1,1,1,0,2,0,567,1,0,0,72,29.0089740335731,0,0,0,0,0,,0,0,0,0,0,,0,,1,1,0,0,0,,,0,101.6,0,35.7568533969011,3.57674195417709,2,0,0,0,71,0,0,15519,14725,15519,28,3213,14.7761419530293,0,Q2,low,low,Q1-Q3,Q1-Q3,Death,8.79671457905544,1,0,0,0
1,2810597604,2018-01-06,685,2,1,206,84,138,94,0.86,3,78.4,5.6,12399,873.724489795918,6.77276509689396,1.16692073170732,0.154368426153649,1,,63.6,,1888.6,1,2408.92857142857,7.7869373514607,1,,0,12399,,,,12399,0,,,2,4474,5713,12399,15088,15088,2689,,0,0,,,,0,0,,0,12399,C10AX09,10 MG,C10,C10A,C10AX,C10AX09,81 MG,1,,,,1,1,1,1,,,,"","",,,,,,,,,,,,1,0,0,0,1,1,1,1,0,0,0,,4.17,92.89,2,021109CJB,471.454,1.68,35,269.4,35,144.224,8,13429,13429,63.6,1,1,1,81,0,2,1,1,1,0,0,0,0,0,0,0,0,167,62.75,1,1,0,0,0,0,1,,,,,4,1,,0,1,1,0,0,0,0,1,1,1,2,2,0,567,1,0,1,63,29.8191063200113,1,0,1,1,1,,0,0,0,0,0,,0,,,,0,0,0,,,0,94.4,0,38.265306122449,3.64454364029388,2,0,0,1,72,0,0,,17214,1782,30,4815,12.1350623582766,0,Q2,low,low,Q1-Q3,Q1-Q3,IC,13.1827515400411,1,1,1,0
1,2810597735,2017-08-26,2024.9,2,1,188,72,77,114,0.75,18.7,148.8,5.6,11403,1360.81989247312,7.21584265919432,1.79119930974978,0.582885400946028,0,,48.46,,2942.08,1,1977.20430107527,7.58943915676691,1,69.39,0,11403,0,3,4,11403,0,,,1,,,11403,13671,13671,2268,,0,0,,,,0,0,4,0,11403,M01AX25,5/20 MG,C09,C09A,C09AA,C09AA07,325 MG,1,1,,,,1,1,1,,,,C09AA07,"",,,,,1,,,,,,,1,1,0,0,1,1,1,1,0,0,0,,1.11,61.74,2,010909CJB,428.562,4.1,2,211,2,158.066,8,12970,12970,48.46,1,3,2,325,0,8,0,0,0,0,0,0,0,0,0,0,0,158,67.5,0,0,0,0,0,0,1,,,,,8,6,,0,1,1,0,0,0,0,,1,1,0,2,0,975,2,0,0,79,24.3812043179642,0,0,1,1,1,,0,0,0,0,1,13717,0,,,,0,0,0,,,0,100.6,1,125.672043010753,4.83367568044369,2,0,0,1,87,0,1,16247,,13717,4,,15.6416079594611,1,Q3,high,low,Q1-Q3,Q1-Q3,MI,,,,,
1,2810599007,2017-11-18,392.6,2,1,232,67,130,91,0.8,3,30,5.4,12551,1308.66666666667,7.1767640861683,3.37046632124352,1.21505110904767,0,,49.88,,219.45,1,731.5,6.59509722046018,1,70.58,0,12551,0,3,,12551,0,,,2,4585,5795,12551,14532,14532,1981,,0,0,,,,0,0,4,0,12551,C09AA03,20 MG,C09,C09A,C09AA,C09AA03,81 MG,1,,,,1,,,,,,,"","",,,,,,,,,,,,1,0,0,0,1,0,0,0,0,0,0,,4.19,95.55,2,012909CJB,381.464,3.28,19,241.7,19,167.222,8,13800,13800,49.88,1,1,1,81,0,2,0,0,0,0,0,0,0,0,0,0,0,202,65.75,0,0,0,0,0,0,1,,,,,4,1,,0,1,1,0,0,0,0,1,1,1,0,2,0,567,1,0,0,72,32.8522763769638,0,0,1,0,1,,0,0,0,0,0,,0,,,,0,0,0,,,0,139,0,100,4.60517018598809,2,0,0,0,74,0,1,,17591,,,,17.6846846846847,1,Q3,high,low,Q1-Q3,Q1-Q3,,,,,,
1,2810600263,2018-12-17,1524.9,2,1,284,64,178,107,0.97,8.6,122.1,5.8,11445,1248.89434889435,7.1300139179924,,,,,53.56,,1368.98,1,1121.19574119574,7.02215102084937,1,73.77,0,11445,0,3,,11445,0,,,2,,,11445,,,,13759,1,0,2314,13759,,0,0,4,0,11445,C10AX06,1000 MG,C10,C10A,C10AX,C10AX06,81 MG,1,,,,,1,,,,,,"","",,,,,,,,,,,,1,0,0,0,0,1,0,0,0,0,0,,4.22,68.29,2,020609CJB,383.334,1.75,29,262.2,29,124.456,8,12560,12560,53.56,0,1,1,81,0,2,1,0,0,47,0,0,0,0,0,0,0,186,65,0,0,0,0,0,0,1,,,,,3,0,,0,1,0,0,0,0,0,1,1,1,1,2,0,567,1,0,0,67,30.9522228511913,0,0,0,0,0,143,1,0,0,0,0,,0,,1,1,0,0,1,,,0,184.4,1,70.4340704340704,4.25467710112494,2,0,1,0,60,0,1,,16346,,,,20.8149058149058,1,Q3,low,high,Q1-Q3,Q1-Q3,,,,,,
1,2810600924,2017-10-30,571.4,2,1,204,81,53,103,0.8,3,15.1,5.6,12333,3784.1059602649,8.23856493196389,4.97794741306192,1.60501764002096,0,,18.64,,270.65,1,1792.38410596026,7.4913019154102,1,74.2,0,12333,0,3,,12333,0,,,2,4425,5795,12333,14526,14526,2193,,0,0,,,,0,0,4,0,12333,C07AB03,25 MG,C07,C07A,C07AB,C07AB03,"",,,,1,,,,1,,,,"","",,,,,,,,,,,,0,0,0,1,0,0,0,1,0,0,0,,3.78,28.49,2,012609CJB,361.698,11.17,14,179.2,14,121.884,8,13666,13666,18.64,1,3,2,160,0,2,0,0,0,0,0,0,0,0,0,0,0,117,62,0,0,0,0,0,0,1,,,,,3,0,,0,1,1,0,0,0,0,1,1,1,0,2,0,480,1,0,0,66,21.3997202187953,0,0,1,0,1,,0,0,0,0,0,,0,,,,0,0,0,,,0,112.4,0,198.675496688742,5.29167282382937,2,0,0,0,77,1,1,,17458,,,,49.1442332501935,1,Q4,high,high,Q4,Q4,,,,,,
7,2810601608,2017-08-12,293.4,2,1,142,83,87,99,0.87,4.2,36.8,6.8,4503,797.282608695652,6.68120920652209,1.93348365276212,0.659323377290461,0,3.5,43.48,45.66,549.84,2,1494.13043478261,7.30929966762656,1,75.86,0,4503,0,3,12,4503,0,,,2,4503,6209,,,6209,1706,,0,0,,,,0,0,4,0,4503,M01AE02,"180, 200 MG",M01,M01A,M01AE,M01AE01,"",,1,1,,1,1,1,,,1,,M01AE01,"",,1,,,,,,,,,,0,1,1,0,1,1,1,0,0,1,0,,0.91,45.26,2,122208CJB,408.758,0.9,1,119.6,1,65.02,3,,,43.48,1,1,1,325,1,,0,0,0,0,0,0,,,,,0,132,62,0,0,0,0,0,0,,1,,,,3,6,,0,0,1,1,,,0,,2,2,0,,0,2275,2,0,0,79,24.1432740929998,0,1,1,1,1,,0,0,0,0,0,,1,5308,,,0,0,0,,,0,41.6,1,114.130434782609,4.73734195909657,2,1,0,1,73,0,0,8914,,3439,30,,10.9216795711733,1,Q1,low,low,Q1-Q3,Q1-Q3,IC,,,,,
1,2810601650,2017-11-26,191.7,2,1,154,39,137,107,0.93,4.2,57.9,5.2,11691,331.088082901554,5.80238445146074,1.67450495049505,0.515517569649693,0,,32.74,,440.57,1,760.915371329879,6.63452214448964,1,62.51,2,11691,0,3,,11691,0,,,1,4340,5683,11691,13617,13617,1926,,0,0,,,,0,0,4,0,11691,C10AX09,20 MG,C10,C10A,C10AA,C10AA01,160 MG,1,,,1,1,1,,,,,,C10AA01,"",,,,,,1,1,,,,,1,0,0,1,1,1,1,0,0,0,0,,1.52,45.38,2,020309bCJ,380.854,1.18,24,344.7,24,211.149,8,12872,12872,32.74,1,1,1,160,0,8,0,0,0,0,0,0,0,0,0,0,1,179,69.5,0,0,0,0,0,0,1,,,,,8,6,,0,1,1,0,0,0,1,,1,1,0,2,0,1120,2,1,0,73,26.0548774293553,0,0,1,1,1,141,0,1,0,1,0,,0,,,,0,0,0,,,0,87.6,1,72.538860103627,4.28412241969251,2,0,0,1,81,0,0,14721,,14721,28,3030,4.08750719631549,0,Q1,low,low,Q1-Q3,Q1-Q3,Death,8.29568788501027,1,0,0,0
1,2810602961,2017-10-29,1478.9,2,1,175,50,143,94,1.7,4.8,243,5.9,11078,608.600823045268,6.41116258982027,2.59826589595376,0.954844259413896,0,,27.3,,1389.94,1,571.991769547325,6.349124602373,1,,,11078,,,,11078,0,,,1,,,11078,13569,13569,2491,,0,0,,,,0,0,,0,11078,C10AA05,10 MG,C10,C10A,C10AA,C10AA05,81 MG,1,,,,1,1,1,,,,,"","",,,,,,,,,,,,1,0,0,0,1,1,1,0,0,0,0,,2.02,56.87,2,012609CJB,480.898,2.07,15,116.9,15,127.1,8,12408,12408,27.3,1,1,1,81,0,8,0,0,0,0,0,0,0,0,0,0,0,244,71,0,0,0,0,0,0,1,,,,,4,6,,0,1,1,0,0,0,0,,1,1,0,2,0,567,1,0,0,74,34.0313158309316,0,0,1,1,1,,0,0,0,0,0,,0,,,,0,0,1,2,9268,1,96.4,1,19.7530864197531,2.98330975355543,1,0,0,1,39,0,0,,16199,,,,15.605149308853,1,Q1,low,low,Q1-Q3,Q1-Q3,,,,,,
1,2810605500,2017-09-06,1841.4,2,1,96,28,93,133,0.84,3,125.4,6.1,11552,1468.42105263158,7.29194298864302,2.18014705882353,0.779392332701728,0,,42.12,,1658.07,1,1322.22488038278,7.18707111213491,1,,0,11552,,,,11552,0,,,1,4363,,11552,,,,,0,0,,,,0,0,,0,11552,C10AX06,TAB,C10,C10A,C10AX,C10AX06,81 MG,1,,,,1,1,1,1,,1,,"","",,,,,,,,,,,,1,0,0,0,1,1,1,1,0,1,0,,0.23,72.5,2,011309CJB,335.326,2.22,4,122.7,4,118.102,8,13050,13050,42.12,1,1,1,81,1,8,0,0,0,0,0,0,0,0,0,0,0,155,66.75,0,0,0,0,0,0,1,,,,,8,6,,0,1,1,1,0,0,0,,1,1,0,2,0,567,1,0,0,66,24.4587788758964,0,1,1,1,1,,0,0,0,0,0,,0,,,,0,0,0,,,0,49.4,0,23.9234449760766,3.17485893945143,1,1,0,1,91,0,1,,16843,,,,16.1364950838635,1,Q3,high,low,Q1-Q3,Q1-Q3,,,,,,
1,2810605916,2017-11-26,2132.9,2,1,178,66,77,102,1.16,139.1,62.4,5.7,11686,3418.10897435897,8.13684274565969,,,,,49.34,,818.72,1,1312.05128205128,7.17934705566949,1,70.77,0,11686,0,3,12,11686,0,,,2,4272,5688,11686,13673,13673,1987,15114,1,0,3428,15114,,0,0,4,0,11686,C10AA05,100/25 MG,C03,C03A,C03AA,C03AA03,"",,,,,1,1,1,,,,,C03AA03,"",,,,,,,,1,,,,0,0,0,0,1,1,1,1,0,0,0,,5.58,82.83,2,020309CJB,367.366,15,23,198.6,23,123.008,8,12886,12886,49.34,1,3,2,325,0,2,0,0,0,0,0,0,0,0,0,0,0,197,66.25,0,0,0,0,0,0,1,,,,,4,6,,0,1,1,0,0,0,0,1,1,1,0,2,0,975,2,0,0,75,31.5573170840183,0,0,1,1,1,,0,0,0,0,0,,1,14643,2,1,0,0,0,,,0,96.6,1,2229.16666666667,7.70938310253615,3,0,0,1,46,1,1,15119,,14498,11,,74.3067168338908,1,Q4,high,high,Q4,Q4,Atherothrombotic Infarction of Brain,,,,,
1,2810606220,2017-12-24,234.5,2,1,221,65,125,116,0.78,3,41.1,6,12749,570.559610705596,6.34661765237224,2.05263157894737,0.719122666963206,0,,36.24,,277.25,1,674.574209245742,6.51408169071638,1,82.45,0,12749,0,3,,12749,0,,,2,4549,5818,12749,14860,14860,2111,,0,0,,,,0,0,4,0,12749,C10AX09,20 MG,C10,C10A,C10AA,C10AA01,81 MG,1,,,,1,1,,,,,,C10AA01,"",,,,,,1,1,1,,,,1,0,0,0,1,1,1,1,0,0,0,,0.85,136.1,2,020709CJB,271.688,0.81,32,143,32,87.169,8,13826,13826,36.24,1,1,1,81,0,2,0,0,0,0,0,0,0,0,0,0,0,136,63.75,0,0,0,0,0,0,1,,,,,3,0,,0,1,1,0,0,0,0,1,1,1,0,2,0,567,1,0,0,72,23.5279529382588,0,0,1,1,1,,0,0,0,0,0,,0,,,,0,0,0,,,0,131,0,72.992700729927,4.29035944614806,2,0,0,1,76,0,0,,17612,,,,7.50736329875784,1,Q1,low,low,Q1-Q3,Q1-Q3,,,,,,
1,2810607187,2018-01-01,2020.7,2,1,230,51,77,113,1.06,3,189.2,5.3,12161,1068.02325581395,6.97356479438976,1.84659090909091,0.613341187291586,0,,40.22,,1363.42,1,720.623678646935,6.58011705740074,1,58.69,0,12161,0,3,,12161,0,,,1,4847,5803,12161,14274,14274,2113,,0,0,,,,0,0,4,0,12161,M01AE01,200 MG,M01,M01A,M01AE,M01AE01,81 MG,1,1,,,,,,,,,,"","",,,,,,,,,,,,1,1,0,0,0,0,0,0,0,0,0,,1.47,68.19,2,021009CJB,348.156,0.84,34,236.2,34,187.785,8,13212,13212,40.22,0,1,1,81,0,8,0,0,0,0,0,0,0,0,0,0,0,174,69.5,0,0,0,0,0,0,1,,,,,3,6,,0,1,0,0,0,0,0,,1,1,0,2,0,567,1,0,0,76,25.3270875570269,0,0,0,0,0,,0,0,0,0,0,,0,,,,0,0,1,,,0,163.6,0,15.8562367864693,2.76356291103247,1,0,0,0,68,0,0,,16997,,,,15.7062243502052,1,Q2,low,low,Q1-Q3,Q1-Q3,,,,,,
1,2810607273,2017-10-30,1314.6,2,1,167,47,102,93,0.87,4.3,124.1,5.8,11717,1059.30701047542,6.96537020960701,3.60259179265659,1.28165352883246,0,,38.14,,920.49,1,741.732473811442,6.6089886307306,1,61.36,0,11717,0,3,,11717,0,,,1,,5496,11717,13777,13777,2060,,0,0,,,,0,0,4,0,11717,C10AA05,40 MG,C10,C10A,C10AA,C10AA05,325 MG,1,,,,,1,1,,,,,"","",,,,,,,,,,,,1,0,0,0,0,1,1,0,0,0,0,,1.74,37.38,2,012609CJB,332.252,2.81,14,179.3,14,145.748,8,13050,13050,38.14,0,1,1,325,0,8,0,0,0,0,0,0,0,0,0,0,0,179,70.75,0,0,0,0,0,0,1,,,,,4,6,,0,1,0,0,0,0,0,,1,1,0,2,0,2275,2,0,0,65,25.1423434835033,0,0,0,1,0,,0,0,0,0,0,,0,,,,0,0,0,,,0,99.6,1,34.6494762288477,3.54528260947109,2,0,0,1,91,0,0,,16842,,,,11.6407363788508,1,Q2,low,low,Q1-Q3,Q1-Q3,,,,,,
7,2810608866,2017-08-12,3544.8,2,1,201,45,174,150,1.11,50.1,98.6,6.7,3262,3595.13184584179,8.18733594426478,2.10939226519337,0.746399880025821,0,1.9,44.8,43.6,650.36,2,659.594320486816,6.49162498010686,1,59.31,0,3262,0,3,,3262,0,,,1,3262,5053,,,5053,1791,,0,0,,,,0,0,4,0,3262,M01AB01,25 MG,M01,M01A,M01AB,M01AB01,81 MG,1,1,,1,1,,,,,,,"","",,,,,,,,,,,,1,1,0,1,1,0,0,0,0,0,0,,0.35,99.9,2,123008CJB,438.328,5.59,3,248.2,3,213.131,3,,,44.8,1,1,1,81,0,,0,0,0,0,0,0,,,,,0,190,65.25,0,0,0,0,0,0,,,1,,,7,6,,0,1,1,0,,,0,,2,3,0,2,0,567,1,0,0,68,31.3760437271172,0,0,1,0,1,,0,0,0,0,0,,0,,,,0,0,0,,,0,121.2,1,508.113590263692,6.23070502546437,3,1,0,0,68,1,1,,7838,,,,52.8695859682616,1,Q4,high,high,Q4,Q4,,,,,,
1,2810609087,2018-01-14,472.2,2,1,179,46,69,85,0.83,3,21.2,5.5,11780,2227.35849056604,7.70857162896154,,,,,39,,342.43,1,1615.2358490566,7.38723626156201,1,52.95,1,11780,1,2,2,11780,1,2679,14459,1,4319,5652,11780,,,,14338,1,0,2550,14330,,0,1,3,1,11780,C09CA03,160/12.5 MG,C09,C09C,C09CA,C09CA03,325 MG,1,,,,1,,,,,,,"","",,,,,,,,,,,,1,0,0,0,1,0,0,0,0,0,0,,1.28,80.79,2,021409CJB,469.074,1.47,41,246.3,41,166.936,8,12715,12715,39,1,1,1,325,0,8,0,0,0,0,0,0,0,0,0,0,0,219,71,0,0,0,0,0,0,1,,,,,7,6,,0,1,1,0,0,0,0,,1,1,0,2,0,2275,2,0,0,73,30.5445006843198,0,0,1,0,1,141,0,1,0,1,1,14331,0,,1,1,0,0,0,,,0,119.2,0,141.509433962264,4.95236638597228,2,0,0,0,87,1,1,,16499,14092,6,4719,25.6018217306441,0,Q4,high,high,Q4,Q4,Angina,12.9199178644764,1,1,1,0
1,2810610370,2017-09-17,1539.4,2,1,182,80,68,106,0.53,3,90.6,5.1,11508,1699.11699779249,7.43786398203938,3.56544968833482,1.27129018569667,0,,32.72,,923.78,1,1019.62472406181,6.92718992099358,1,73.69,0,11508,0,3,,11508,0,,,2,4406,5693,11508,,,,,0,0,,,,0,0,4,0,11508,C10AX06,10 MG,C10,C10A,C10AX,C10AX06,"",,,,,1,1,,,,,,"","",,,,,,,,,,,,0,0,0,0,1,1,0,0,0,0,0,,14.14,37.76,2,011509CJB,384.936,7.63,6,167.8,6,98.468,8,12965,12965,32.72,1,1,1,325,0,2,0,0,0,0,0,0,0,0,0,0,0,127,63,0,0,0,0,0,0,1,,,,,4,0,,0,1,1,0,0,0,0,1,1,1,0,2,0,2275,2,0,0,73,22.4971878515186,0,0,1,0,1,,0,0,0,0,0,,0,,,,0,0,1,2,13722,0,88.4,0,33.112582781457,3.49991335460131,2,0,1,0,94,0,1,,16758,,,,18.0757127424733,1,Q3,high,high,Q1-Q3,Q1-Q3,,,,,,
1,2810611034,2018-01-14,339.9,2,1,178,31,138,115,1.37,42.8,29.8,5.7,11602,1140.60402684564,7.0393132491788,1.79708904109589,0.586168156432461,0,,64.08,,223.58,1,750.268456375839,6.62043108431891,1,53.85,1,11602,1,2,,11602,0,,,1,4277,5634,11602,,,,,0,0,,,,0,0,3,0,11602,C10AD02,500 MG,C10,C10A,C10AD,C10AD02,81 MG,1,,,1,1,1,,1,,,,"","",,,,,,,,,,,,1,0,0,1,1,1,0,1,0,0,0,,1.37,60.03,2,021409CJB,414.748,2.22,,,,,,,,64.08,1,1,1,81,0,8,0,0,0,0,0,0,0,0,0,0,0,147,65.25,0,0,0,0,0,0,1,,,,,4,6,,0,1,1,0,0,0,0,,1,1,0,2,0,567,1,0,0,85,24.2751496204538,0,0,1,1,1,,0,0,0,0,0,,0,,,,0,0,0,,,0,119.4,1,1436.24161073826,7.26978498805853,3,0,1,0,47,0,0,12397,,12397,27,795,24.2681707839497,0,Q2,low,high,Q4,Q1-Q3,,2.17659137577002,0,0,0,0
1,2810611344,2018-01-14,931.9,2,1,206,130,83,110,0.67,6.7,95,5.7,12375,980.947368421053,6.88851880717916,,,,,24.48,,1370.56,1,1442.69473684211,7.27426798881456,1,71.01,0,12375,0,3,,12375,0,,,2,4647,5882,12375,14402,14402,2027,,0,0,,,,0,0,4,0,12375,C10AA07,10 MG,C10,C10A,C10AA,C10AA07,81,1,,,,1,1,1,,,,,"","",,,,,,,,,,,,1,0,0,0,1,1,1,0,0,0,0,,0.76,80.39,2,021309CJB,256.33,1.26,40,172.7,40,96.438,8,13327,13327,24.48,1,1,1,81,0,2,0,0,0,0,0,0,0,0,0,0,0,132,65.25,0,0,0,0,0,0,1,,,,,4,7,,0,1,1,0,0,0,0,1,1,1,0,2,0,567,1,0,0,64,21.798093536734,0,0,1,1,1,,0,0,0,0,0,,0,,,,0,0,1,,,0,59.4,1,70.5263157894737,4.25598591377852,2,0,0,1,93,0,0,16454,,3846,30,,10.5478211658178,1,Q2,low,low,Q1-Q3,Q1-Q3,IC,,,,,
1,2810612453,2017-08-29,1930.1,2,1,237,59,176,95,0.73,15.8,131.4,5.8,11211,1468.87366818874,7.29225117396574,2.78335724533716,1.02365784129685,0,,75.08,,2465.16,1,1876.07305936073,7.53693607303,1,69.07,0,11211,0,3,,11211,0,,,2,4280,5650,11211,13407,13407,2196,,0,0,,,,0,0,4,0,11211,C10AA05,5 MG,C10,C10A,C10AA,C10AA05,81 MG,1,,,,,1,1,,,,,"","",,,,,,,,,,,,1,0,0,0,0,1,1,0,0,0,0,,7.36,61.54,2,010909CJB,387.488,3.8,2,222.3,2,123.532,8,12769,12769,75.08,0,1,1,81,0,2,1,1,1,0,0,0,0,0,1,0,1,163,64,0,0,0,0,0,0,1,,,,,5,1,,0,1,0,0,0,0,1,1,1,1,2,2,0,567,1,1,0,57,27.9790696300143,1,0,0,1,0,,0,0,0,0,0,,0,,,,0,0,0,,,0,142.8,1,120.243531202435,4.78951911296455,2,0,0,1,91,0,1,,16563,9259,30,5352,16.1414688811949,1,Q3,high,low,Q1-Q3,Q1-Q3,IC,14.652977412731,1,1,1,0
1,2810613363,2017-11-21,2867.1,2,1,165,51,97,89,0.74,7.5,84.3,5.8,12406,3401.06761565836,8.13184466592053,2.22873563218391,0.801434443594023,0,,33.38,,885.14,1,1049.9881376038,6.95653414556756,1,67.07,0,12406,0,3,12,12406,1,245,12651,2,4588,5815,12406,14430,14430,2024,15682,1,0,245,12651,,0,1,4,1,12406,"","","","","","","",,,,,,,,,,,,"","",,,,,,,,,,,,0,0,0,0,0,0,0,0,0,0,0,,1.85,64.45,2,012909CJB,284.322,1.75,19,130,19,86.607,8,13661,13661,33.38,0,1,1,325,0,2,0,0,0,0,0,0,0,0,0,0,0,158,62.25,0,0,0,0,0,0,1,,,,,3,2,,0,1,0,0,0,0,0,1,1,1,0,2,0,2275,2,0,0,80,28.6671149623327,0,0,0,0,0,143,1,0,0,0,0,,1,15682,1,1,0,0,0,,,0,94.6,1,88.9679715302491,4.48827643451659,2,0,0,0,77,1,1,16884,,12651,41,,44.1697092942645,1,Q4,high,high,Q4,Q4,CHF,,,,,
1,2810613773,2018-02-22,900.9,2,0,133,45,90,81,1.41,23.7,45.8,7.9,12085,1967.03056768559,7.58428035852535,,,,,39.9,,758.71,1,1656.57205240175,7.41250571756535,1,,,,,,12,12085,0,,,2,4348,5649,12085,,,,12085,1,1,-2786,9299,,0,0,,0,12085,C10AA01,20 MG,C10,C10A,C10AA,C10AA01,81 MG,1,,,1,1,1,1,1,1,1,1,"","",,,,,,,,,,,,1,0,0,1,1,1,1,1,1,1,1,,2.52,283.7,2,022109CJB,,,,,,,,,,39.9,1,1,1,81,0,2,0,0,0,0,0,0,0,1,0,0,0,184,61.5,0,0,0,0,0,0,1,,,,,3,6,,0,1,1,0,0,1,0,1,1,1,0,2,0,567,1,0,0,79,34.2037090974836,0,1,1,1,1,141,0,1,0,1,1,9299,1,15496,1,3,1,1,0,,,0,70,1,517.467248908297,6.24894623600308,3,1,0,1,35,1,1,,16492,1481,6,4407,56.2008733624454,0,Q4,high,high,Q4,Q4,Angina,12.0657084188912,1,1,1,0
1,2810614552,2017-09-17,841.5,2,1,209,70,101,94,0.7,3,118.5,5.2,12021,710.126582278481,6.56544323904377,,,,,46.12,,1343.52,1,1133.77215189873,7.03330553984816,1,70.32,0,12021,0,3,,12021,0,,,2,4524,5793,12021,14803,14803,2782,,0,0,,,,0,0,4,0,12021,M01AX05,"",M01,M01A,M01AX,M01AX25,81 MG,1,1,,1,,1,,,,,,M01AX25,"",,1,,,,,,,,,,1,1,0,1,0,1,0,0,0,0,0,,1.5,60.8,2,011509CJB,,,7,174.4,7,115.425,8,13470,13470,46.12,1,1,1,81,0,2,0,0,0,0,0,0,0,0,0,0,0,178,62.5,0,0,0,0,0,0,1,,,,,4,1,,0,1,1,0,0,0,0,1,1,1,0,2,0,567,1,0,0,56,32.038013516027,0,0,1,0,1,,0,0,0,0,0,,0,,,,0,0,1,,,0,118.8,0,25.3164556962025,3.23145460707506,1,0,1,0,97,0,0,,17263,,,,7.32089260080908,1,Q1,low,low,Q1-Q3,Q1-Q3,,,,,,
1,2810615106,2017-10-22,2580.5,2,1,148,77,50,84,0.81,3.6,86.1,5.4,11418,2997.09639953542,8.00539923214319,2.16133056133056,0.770724032661574,0,,21.9,,879.07,1,1020.98722415796,6.92852530501875,1,75.23,0,11418,0,3,,11418,0,,,2,4338,5670,11418,,,,,0,0,,,,0,0,4,0,11418,"","","","","","","",,,,,,,,,,,,"","",,,,,,,,,,,,0,0,0,0,0,0,0,0,0,0,0,,2.64,9.28,2,012109CJB,397.824,2.7,10,148.5,10,86.712,8,12811,12811,21.9,0,1,1,,0,3,0,0,0,0,0,0,0,0,0,0,0,115,64.5,0,0,0,0,0,0,1,,,,,8,1,,0,1,0,0,0,0,0,1,1,1,0,2,0,,1,0,0,68,19.4349766741718,0,0,0,0,0,,0,0,0,0,0,,0,,,,0,0,1,,,0,61,0,41.8118466898955,3.73317971301052,2,0,0,0,75,1,1,,16603,,,,39.961285327139,1,Q4,high,high,Q4,Q4,,,,,,
1,2810615289,2017-12-16,584.3,2,1,221,88,139,91,0.64,3.6,21.3,5.6,12267,2743.19248826291,7.9168776628331,3.26512455516014,1.18329791059498,0,,20.94,,320.68,1,1505.53990610329,7.31690685444746,1,63.61,0,12267,0,3,,12267,0,,,2,4536,5736,12267,14294,14294,2027,,0,0,,,,0,0,4,0,12267,M01AE01,200 MG,M01,M01A,M01AE,M01AE01,81 MG,1,1,,,,,,,,,,"","",,,,,,,,,,,,1,1,0,0,0,0,0,0,0,0,0,,4.65,36.37,2,020509CJB,253.5,0.7,28,208.9,28,114.168,8,13399,13399,20.94,0,1,1,81,0,2,0,0,0,0,0,0,0,0,0,0,0,128,64.75,0,0,0,0,0,0,1,,,,,8,1,,0,1,0,0,0,0,0,1,1,1,0,2,0,567,1,0,0,57,21.4652542422063,0,0,0,0,0,,0,0,0,0,0,,0,,,,0,0,0,,,0,105.2,0,169.014084507042,5.12998205172882,2,0,0,0,99,1,1,,17185,,,,27.7090150329587,1,Q4,high,high,Q4,Q4,,,,,,
1,2810615437,2017-10-30,1759.3,2,1,183,84,106,89,0.82,24.5,156.5,5.7,12415,1124.15335463259,7.02478545765288,2.2902397260274,0.828656495941935,0,,32.96,,1094.38,1,699.284345047923,6.55005744785538,1,67.09,0,12415,0,3,,12415,0,,,2,4522,5856,12415,14445,14445,2030,,0,0,,,,0,0,4,0,12415,C10AA05,10 MG,C10,C10A,C10AA,C10AA05,81 MG,1,,,,,1,1,,,,,"","",,,,,,,,,,,,1,0,0,0,0,1,1,0,0,0,0,,0.81,13.95,2,012709CJB,319.822,0.68,16,137.5,16,102.745,8,13717,13717,32.96,0,1,1,81,0,2,0,0,0,0,0,0,0,0,0,0,0,140,61.75,0,0,0,0,0,0,1,,,,,3,1,,0,1,0,0,0,0,0,1,1,1,0,2,0,567,1,0,0,71,25.8142626465718,0,0,0,1,0,,0,0,0,0,0,,0,,,,0,0,0,,,0,77.8,1,156.549520766773,5.05337238655261,2,0,0,1,72,0,0,,17508,,,,15.6132410365637,1,Q2,low,low,Q1-Q3,Q1-Q3,,,,,,
1,2810616886,2017-11-21,1485.4,2,1,127,44,96,104,1.11,10.7,90.2,6.1,12202,1646.78492239468,7.40658013415471,1.69025270758123,0.524878048869472,0,,42.92,,899.99,1,997.771618625277,6.90552441107098,1,,4,12202,,,1,12202,1,3478,15680,1,4522,5740,12202,14289,14289,2087,11532,1,1,-2856,9346,,0,1,,1,12202,C10AA05,40 MG,C10,C10A,C10AA,C10AA05,81 MG,1,,,1,1,1,1,,,,1,"","",,,,,,,,,,,,1,0,0,1,1,1,1,0,0,0,1,,2.87,99.75,2,012709bCJ,344.744,2.47,18,179,18,144.886,8,13479,13479,42.92,0,1,1,81,0,8,0,0,0,0,0,0,0,1,0,0,2,155,67.5,0,0,0,0,0,0,1,,,,,8,1,,0,1,0,0,0,1,1,,1,1,0,2,0,567,1,1,0,80,23.9182700587624,0,0,0,1,0,141,0,1,1,1,1,9346,0,,1,1,1,0,0,,,0,63.8,1,118.625277161863,4.77596959338142,2,0,0,1,62,0,1,15896,,9346,1,,26.561047135398,1,Q3,high,high,Q4,Q1-Q3,MI,,,,,
1,2810617317,2017-09-07,1948.3,2,1,146,37,54,97,0.8,11.3,175.1,4.8,12299,1112.67846944603,7.01452542314813,3.61429758935993,1.28489753226642,0,,57.04,,2700.64,1,1542.34151913192,7.3410570076369,1,63.22,0,12299,0,3,,12299,0,,,1,5596,6799,12299,,,,,0,0,,,,0,0,4,0,12299,M01AC01,20 MG,M01,M01A,M01AC,M01AC01,81 MG,1,1,,,,,,,,,,"","",,,,,,,,,,,,1,1,0,0,0,0,0,0,0,0,0,,16.46,41.82,2,011309CJB,365.464,10.68,4,267.8,4,179.616,8,13792,13792,57.04,0,1,1,81,0,8,0,0,0,0,1,0,0,0,0,0,0,194,69.75,0,0,0,0,1,0,1,,,,,4,10,,0,1,0,0,0,0,0,,1,1,0,2,1,567,1,0,1,62,28.0361851046283,0,0,0,0,0,,0,0,0,0,0,,0,,,,0,0,0,,,0,98.2,1,64.5345516847516,4.16720076540863,2,0,0,0,96,0,0,14039,,14039,28,1740,11.5904007233962,0,Q2,low,low,Q1-Q3,Q1-Q3,Death,4.76386036960986,1,0,0,0
1,2810618240,2017-08-30,2552.1,2,1,178,58,92,105,0.94,3,199.6,5.7,11740,1278.60721442886,7.15352665076068,1.70018621973929,0.530737786086104,0,,76.46,,1191.96,1,597.174348697395,6.39220911212599,1,61.56,0,11740,0,3,,11740,0,,,1,4635,5775,11740,13925,13925,2185,,0,0,,,,0,0,4,0,11740,B01AC06,81 MG,B01,B01A,B01AC,B01AC06,81 MG,1,,,,,,,,,,,"","",,,,,,,,,,,,1,0,0,0,0,0,0,0,0,0,0,,1.84,54.93,2,011209CJB,230.306,0.79,3,221.3,3,140.633,8,13280,13280,76.46,0,1,1,81,0,8,0,0,0,0,0,0,0,0,0,0,0,179,66.5,0,0,0,0,0,0,1,,,,,8,1,,0,1,0,0,0,0,0,,1,1,0,2,0,567,1,0,0,62,28.4587193630264,0,0,0,0,0,,0,0,0,0,0,,0,,,,0,0,0,,,0,101.6,0,15.0300601202405,2.71005220377288,1,0,0,0,87,0,1,,17073,,,,14.6966346486076,1,Q3,low,low,Q1-Q3,Q1-Q3,,,,,,
1,2810619763,2018-02-10,4619.9,2,,,,,,,21.4,167.7,,11836,2754.85986881336,7.92112185597881,,,,,,,2353.75,,1403.54800238521,7.24675859713029,1,65.11,0,11836,0,3,12,11836,1,2322,14158,2,4454,5651,11836,,,,11836,1,1,-355,11481,,0,1,4,1,11836,C10AA05,40 MG,C10,C10A,C10AA,C10AA05,81 MG,1,,,1,1,1,1,1,,,1,"","",,,,,,,,,,,,1,0,0,1,1,1,1,1,0,0,1,,,,,"",,,,,,,,,,,1,1,1,81,0,2,0,0,0,0,0,0,0,1,0,0,0,189,59.5,0,0,0,0,0,0,1,,,,,4,8,,0,0,1,0,0,1,0,1,1,1,0,,0,567,1,0,0,76,37.5347463497695,0,0,1,1,1,,0,0,0,0,0,,1,6626,2,3,1,1,1,,,0,,1,127.608825283244,4.84896953218078,2,,0,1,,1,1,,16352,4495,6,4516,,0,Q4,high,,,Q4,Angina,12.3641341546886,1,1,1,0
1,2810620500,2018-02-22,184.6,2,1,176,35,198,132,1.27,3,75.3,6.4,12082,245.152722443559,5.501881373251,1.80655391120507,0.591421114063713,0,,58.62,,935.1,1,1241.83266932271,7.12434352662365,1,69.69,0,12082,0,3,1,12082,0,,,1,,,12082,13925,13925,1843,,0,0,,,,0,0,4,0,12082,C10AA05,40 MG,C10,C10A,C10AA,C10AA05,81 MG,1,,,1,1,1,1,,,,,"","",,,,,,,,,,,,1,0,0,1,1,1,1,0,0,0,0,,6.36,125.3,2,022109CJB,290.294,4.22,50,204.2,50,177.982,8,12727,12727,58.62,1,1,1,81,0,8,1,0,0,30,0,0,0,0,0,1,0,240,69.75,0,0,0,0,0,0,1,,,,,6,1,,0,1,1,0,1,0,0,,1,1,1,2,0,567,1,0,0,58,34.6839403356226,0,0,1,1,1,140,0,1,1,0,1,8983,0,,,,0,0,0,,,0,101.4,0,39.8406374501992,3.6848874328444,2,1,0,1,62,0,0,,16507,8983,1,4425,3.9540761684445,0,Q1,low,low,Q1-Q3,Q1-Q3,MI,12.1149897330596,1,1,1,0
1,2810621015,2017-10-07,2235.9,2,1,200,65,146,114,0.92,8.9,161.7,5.7,11987,1382.74582560297,7.23182652996079,,,,,50.58,,1564.54,1,967.557204700062,6.87477454946102,1,58.63,0,11987,0,3,,11987,0,,,2,4561,5786,11987,,,,,0,0,,,,0,0,4,0,11987,C07AB03,25 MG,C07,C07A,C07AB,C07AB03,81 MG,1,,,1,,,,,,,,"","",,,,,,,,,,,,1,0,0,1,0,0,0,0,0,0,0,,6.96,63.09,2,012009CJB,402.486,2.94,10,202.2,10,120.236,8,13393,13393,50.58,1,1,1,81,0,2,0,0,0,0,0,0,0,0,0,0,0,171,61.25,0,0,0,0,0,0,1,,,,,3,8,,0,0,1,0,0,0,0,1,1,1,0,,0,567,1,0,0,73,32.0471591380501,0,0,1,0,1,,0,0,0,0,0,,0,,,,0,0,0,,,0,105.8,1,55.0401978973408,4.00806378913717,2,0,0,0,62,0,1,,17185,,,,22.3023520258543,1,Q3,high,high,Q1-Q3,Q1-Q3,,,,,,
1,2810621730,2017-12-14,591.3,2,0,166,69,68,94,0.77,3,58.2,5.4,11789,1015.9793814433,6.92360833407748,1.63957597173145,0.494437654583018,1,,47.76,,566.08,1,972.646048109966,6.88002024222212,1,67.68,0,11789,0,3,,11789,0,,,1,4932,5849,11789,13798,13798,2009,,0,0,,,,0,0,4,0,11789,M01AX05,"",M01,M01A,M01AX,M01AX25,325 MG,1,1,,1,1,1,1,1,,,,M01AX25,"",,1,,,,,,,,,,1,1,0,1,1,1,1,1,0,0,0,,0.6,69.09,2,020309bCJ,455.844,1.31,24,189.6,24,119.279,8,12978,12978,47.76,1,1,1,325,0,8,0,0,0,0,0,0,0,0,0,0,0,212,68.75,0,0,0,0,0,0,1,,,,,7,8,,0,1,1,0,0,0,0,,1,1,0,2,0,2275,2,0,0,67,31.5352347729489,0,0,1,1,1,,0,0,0,0,0,,0,,,,0,0,0,,,0,83.4,0,51.5463917525773,3.94248221291285,2,0,0,1,94,0,0,,16766,,,,10.80829129195,1,Q2,low,low,Q1-Q3,Q1-Q3,,,,,,
1,2810622429,2018-01-14,851.6,2,1,140,56,103,128,1.14,3,111.2,6.4,11539,765.827338129496,6.64095673719093,,,,,68.2,,2107.68,1,1895.39568345324,7.54718289965313,1,68.06,0,11539,0,3,17,11539,0,,,2,,5621,11539,,,,,0,0,,,,0,0,4,0,11539,C10AA05,100-25 MG,C03,C03A,C03AA,C03AA03,81 MG,1,,,1,1,1,1,1,,1,,C03AA03,"",,,,,,,,1,,,,1,0,0,1,1,1,1,1,0,1,0,,1.11,64.44,2,021409CJB,275.424,3.97,40,175.9,40,98.134,8,12485,12485,68.2,1,1,1,81,1,2,0,0,0,0,0,0,0,0,0,0,0,193,60.75,1,1,0,0,0,0,1,,,,,3,6,,0,1,1,1,0,0,0,1,1,1,0,2,0,567,1,0,1,74,36.7680296403117,0,1,1,1,1,,0,0,0,0,0,,1,14842,,,0,0,0,,,0,63.4,0,26.9784172661871,3.29503718583376,1,1,0,1,47,0,0,15452,,14842,17,,16.2941986836063,1,Q1,low,low,Q1-Q3,Q1-Q3,CVA,,,,,
1,2810623596,2018-01-14,2772.1,2,1,161,47,86,115,0.81,15.1,103.6,5.7,11909,2675.7722007722,7.89199329085789,1.61852107809261,0.481512817526179,1,,32.98,,1091.66,1,1053.72586872587,6.96008760867508,1,,0,11909,,,,11909,0,,,2,4308,5702,11909,13715,13715,1806,,0,0,,,,0,0,,0,11909,C10AA05,40 MG,C10,C10A,C10AA,C10AA05,325MG,1,,,,,1,1,1,,,,"","",,,,,,,,,,,,1,0,0,0,0,1,1,1,0,0,0,,5.73,94.73,2,021409CJB,270.764,1.55,40,172.6,40,102.764,8,12849,12849,32.98,1,4,2,325,0,2,0,0,0,0,0,0,0,0,0,0,2,167,65.75,0,0,0,0,0,0,1,,,,,2,0,,0,1,1,0,0,0,1,1,1,1,0,2,0,1300,2,1,0,68,27.1600502720443,0,0,1,1,1,,0,0,0,0,0,,0,,,,0,0,0,,,0,96.8,1,145.752895752896,4.98191269297763,2,0,0,1,75,1,1,,16633,9057,30,4724,35.6769626769627,0,Q4,high,high,Q4,Q4,IC,12.933607118412,1,1,1,0
1,2810624039,2017-08-23,2655.8,2,1,156,36,127,112,0.98,6.6,291.4,4.7,11864,911.393273850378,6.81497449878321,1.38869979577944,0.328367910664385,1,,45.76,,1728.26,1,593.08853809197,6.38534369323554,1,68.4,0,11864,0,3,,11864,0,,,1,4522,5718,11864,14140,14140,2276,14969,1,0,2293,14157,,0,0,4,0,11864,B01AC06,81 MG,B01,B01A,B01AC,B01AC06,81 MG,1,,,,,,,,,,,"","",,,,,,,,,,,,1,0,0,0,0,0,0,0,0,0,0,,1.21,91.93,2,010809CJB,284.486,1.77,1,205.6,1,181.921,8,13475,13475,45.76,0,1,1,81,0,8,0,0,0,0,0,0,0,0,0,0,0,184,69.5,0,0,0,0,0,0,1,,,,,7,1,,0,1,0,0,0,0,0,,1,1,0,2,0,567,1,0,0,57,26.7826673016837,0,0,0,0,0,,0,0,0,0,0,,0,,1,2,0,0,0,,,0,94.6,1,22.6492793411119,3.12012803425341,1,0,0,0,85,0,0,16003,,16003,27,4139,10.7222738100044,0,Q2,low,low,Q1-Q3,Q1-Q3,,11.3319644079398,1,1,0,0
7,2810626156,2017-08-19,553.5,2,0,144,43,91,103,1,3,113.5,6.2,4404,487.665198237886,6.18962910121533,2.63846928499496,0.97019893270997,0,0.1,42.22,42.28,873.47,2,769.577092511013,6.64584113346023,1,68.19,0,4404,0,3,1,4404,0,,,1,4404,6241,,,6241,1837,,0,0,,,,0,0,4,0,4404,C10AA05,10 MG,C10,C10A,C10AA,C10AA05,325 MG,1,,,1,1,1,1,,,,,"","",,,,,,,,,,,,1,0,0,1,1,1,1,0,0,0,0,,0.27,85.02,2,010609CJB,302.44,0.51,4,209.6,4,135.641,3,,,42.22,1,1,1,325,0,,0,0,0,0,0,0,,,,,0,158,68,0,0,0,0,0,0,,,1,,,8,1,,0,0,1,0,,,0,,2,3,0,,0,2275,2,0,0,64,24.0239753835909,0,0,1,1,1,140,0,1,1,0,1,2676,0,,,,0,0,0,,,0,82.8,0,26.431718061674,3.27456473072879,1,0,0,1,79,0,0,,8874,2650,6,4470,6.17297719288463,0,Q1,low,low,Q1-Q3,Q1-Q3,Angina,12.2381930184805,1,1,1,0
1,2810626284,2017-10-25,4988.6,2,1,154,49,117,104,0.8,9.7,140,5.5,11412,3563.28571428571,8.17843835163747,1.63181818181818,0.489694842135917,1,,23.06,,1545.43,1,1103.87857142857,7.0065852311397,1,55.88,0,11412,0,3,,11412,0,,,2,4319,5658,11412,13483,13483,2071,11412,1,1,-1437,9975,,0,0,4,0,11412,M01AE01,200 MG,M01,M01A,M01AE,M01AE01,81 MG,1,1,,1,1,,,,,,,"","",,,,,,,,,,,,1,1,0,1,1,0,0,0,0,0,0,,2.8,57.68,2,012109CJB,404.11,2.17,11,205.9,11,131.582,8,12792,12792,23.06,1,1,1,81,0,2,0,0,0,0,0,0,0,0,0,0,0,198,65.5,0,0,0,0,0,0,1,,,,,3,0,,0,1,1,0,0,0,0,1,1,1,0,2,0,567,1,0,0,75,32.4480201434035,0,0,1,0,1,,0,0,0,0,0,,0,,1,3,1,1,0,,,0,81.6,1,69.2857142857143,4.23823874188217,2,0,0,0,72,1,1,,16584,,,,49.4900793650794,1,Q4,high,high,Q4,Q4,,,,,,
1,2810626440,2018-02-01,1545.5,2,1,144,33,134,106,1.11,3,189.3,5.7,12940,816.428948758584,6.70493988934499,2.07294832826748,0.72897190707809,0,,45.98,,1829.46,1,966.434231378764,6.87361324809582,1,74.45,0,12940,0,3,1,12940,0,,,1,4515,5772,12940,14897,14897,1957,12660,1,1,-1097,11843,,0,0,4,0,12940,C10AX06,1000 MG,C10,C10A,C10AX,C10AX06,325 MG,1,,,1,1,1,1,,,,1,"","",,,,,,,,,,,,1,0,0,1,1,1,1,0,0,0,1,,0.21,79.76,2,021809CJB,326.202,4.06,44,172.3,44,160.334,8,13811,13811,45.98,1,1,1,325,0,8,0,0,0,0,0,0,0,1,0,1,0,209,71,0,0,0,0,0,0,1,,,,,4,1,,0,1,1,0,1,1,0,,1,1,0,2,0,2275,2,0,0,60,29.149774625675,0,0,1,1,1,140,0,1,1,0,1,5651,0,,1,1,1,0,0,,,0,84.2,0,15.8478605388273,2.76303450943497,1,0,0,1,72,0,0,,17592,5548,7,4652,11.3392909549803,0,Q1,low,low,Q1-Q3,Q1-Q3,Coronary Insufficiency,12.7364818617385,1,1,1,0
1,2810627730,2017-11-26,1181.2,2,1,168,68,120,81,0.92,4.2,130.4,5.7,11501,905.828220858896,6.80884968636531,0.887671232876712,-0.119153837790162,1,,41.18,,1206.38,1,925.138036809816,6.82994295536247,1,63.64,0,11501,0,3,2,11501,0,,,1,4313,5645,11501,,,,,0,0,,,,0,0,4,0,11501,C10AA05,20 MG,C10,C10A,C10AA,C10AA05,"",,,,,,1,1,,,,,"","",,,,,,,,,,,,0,0,0,0,0,1,1,0,0,0,0,,4.66,65.74,2,020309CJB,530.98,8.41,23,90.3,23,74.88,8,12697,12697,41.18,0,1,1,81,0,8,0,0,0,0,0,0,0,0,0,,0,186,67.5,0,0,0,0,0,0,1,,,,,3,2,,0,0,0,0,,0,0,,1,1,0,,0,567,1,0,0,79,28.7019240705148,0,0,0,1,0,,0,0,0,0,1,10354,0,,,,0,0,0,,,0,76,1,32.2085889570552,3.47223315477891,2,0,0,1,79,0,0,15817,,10354,2,,11.4661800108721,1,Q2,low,low,Q1-Q3,Q1-Q3,MI,,,,,
1,2810629468,2018-01-14,1308.7,2,1,196,41,97,108,0.92,10.1,109.3,5.2,12144,1197.34675205855,7.08786334786703,3.6160071942446,1.28537043208675,0,,34.52,,1629.59,1,1490.93321134492,7.30715751922416,1,72.24,0,12144,0,3,,12144,0,,,1,4249,5628,12144,14169,14169,2025,,0,0,,,,0,0,4,0,12144,C07AB03,25 MG,C07,C07A,C07AB,C07AB03,81 MG,1,,,1,,,,1,,,,"","",,,,,,,,,,,,1,0,0,1,0,0,0,1,0,0,0,,0.35,83.3,2,021409CJB,340.048,7.44,40,200.1,40,154.513,8,13086,13086,34.52,1,1,1,81,0,8,0,0,0,0,0,0,0,0,0,0,0,198,71.75,0,0,0,0,0,0,1,,,,,8,2,,0,1,1,0,0,0,0,,1,1,0,2,0,567,1,0,0,68,27.0412642465465,0,0,1,0,1,,0,0,0,0,0,,0,,,,0,0,1,,,0,135.6,1,92.4062214089662,4.52619430764686,2,0,0,0,85,0,1,,16870,,,,14.0864323771595,1,Q3,low,low,Q1-Q3,Q1-Q3,,,,,,
1,2810629522,2017-12-14,469.1,2,1,176,67,46,98,0.62,3,44.6,5.4,12167,1051.79372197309,6.95825229229649,3.85176991150442,1.34853275993596,0,,28.38,,235.8,1,528.699551569507,6.27042031506534,1,67.95,0,12167,0,3,,12167,0,,,2,4616,5726,12167,,,,,0,0,,,,0,0,4,0,12167,C07AB03,50 MG,C07,C07A,C07AB,C07AB03,81 MG,1,,,1,,,,1,,,,"","",,,,,,,,,,,,1,0,0,1,0,0,0,1,0,0,0,,1.58,21.82,2,020309bCJ,380.264,1.35,24,178.7,24,120.398,8,13355,13355,28.38,1,1,1,81,0,2,0,0,0,0,0,0,0,0,0,0,0,120,65.25,0,0,0,0,0,0,1,,,,,4,6,,0,1,1,0,0,0,0,1,1,1,0,2,0,567,1,0,0,63,19.8164486697582,0,0,1,0,1,,0,0,0,0,0,,0,,,,0,0,0,,,0,99.8,0,67.2645739910314,4.20863370862423,2,0,0,0,96,0,0,,17143,,,,10.9561846038864,1,Q2,low,low,Q1-Q3,Q1-Q3,,,,,,
1,2810629719,2018-02-01,4245.6,2,0,164,59,106,123,1.44,80,138.5,5.7,11700,3065.41516245487,8.02793829187438,,,,,40.6,,1207.7,1,871.985559566787,6.77077286364203,1,74.01,0,11700,0,3,13,11700,0,,,2,4266,5658,11700,,,,,0,0,,,,0,0,4,0,11700,C10AA02,40 MG,C10,C10A,C10AA,C10AA02,"",,,,1,1,1,1,,,,,"","",,,,,,,,,,,,0,0,0,1,1,1,1,0,0,0,0,,0.26,173.3,2,021809bCJ,561.342,1.73,44,242.6,44,150.426,8,12565,12565,40.6,1,1,1,81,0,2,0,0,0,0,0,0,0,0,0,0,0,116,60.75,0,0,0,0,0,0,1,,,,,3,0,,0,1,1,0,0,0,0,1,1,1,0,2,0,567,1,0,0,80,22.0989193693065,0,0,1,1,1,,0,0,0,0,0,,1,11770,,,0,0,1,,,0,83.8,1,577.617328519856,6.35891158802863,3,0,0,1,34,1,1,13302,,587,6,,90.1592694839669,1,Q4,high,high,Q4,Q4,Angina,,,,,
7,2810630209,2017-08-10,1755.1,2,0,158,48,91,180,0.99,118,153.4,6.6,3562,1144.13298565841,7.04240241138858,,,,0.2,48.34,48.48,1246,2,812.2555410691,6.69981499640233,1,64.18,0,3562,0,3,12,3562,0,,,1,3562,5293,,,5293,1731,,0,0,,,,0,0,4,0,3562,C09AA03,2.5 MG,C09,C09A,C09AA,C09AA03,"",,,,1,1,,,,,1,,"","",,,,,,,,,,,,0,0,0,1,1,0,0,0,0,1,0,,1.85,420.8,2,122208CJB,232.318,23.95,1,212.4,1,136.498,3,,,48.34,1,1,1,325,1,,0,0,0,0,0,0,,,,,0,239,67.75,0,0,0,0,0,0,,1,,,,7,3,,0,1,1,1,,,0,,2,2,0,2,0,2275,2,0,0,58,36.6087512039133,0,1,1,0,1,,0,0,0,0,0,,1,3521,,,0,0,0,,,0,91.8,1,769.230769230769,6.64539101451465,3,1,0,0,97,0,0,,8237,3521,12,4675,11.7951854191589,0,Q2,low,low,Q1-Q3,Q1-Q3,TIA,12.7994524298426,1,1,1,0
1,2810630709,2017-08-26,847.3,2,1,117,50,41,96,1.16,3,107.9,5,12217,785.264133456905,6.66602013692842,1.66245059288538,0.508292774541079,1,,33.62,,522.26,1,484.022242817424,6.18213086189502,1,67.85,0,12217,0,3,13,12217,0,,,1,4657,5777,12217,14625,14625,2408,11182,1,1,-1045,11172,,0,0,4,0,12217,C10AX06,1000 MG,C10,C10A,C10AX,C10AX06,81 MG,1,,,,1,1,1,,,,1,"","",,,,,,,,,,,,1,0,0,0,1,1,1,0,0,0,1,,1.32,42.69,2,010909CJB,351.006,2.49,2,149.8,2,98.301,8,13791,13791,33.62,1,1,1,81,0,8,0,0,0,0,0,0,0,1,0,0,0,211,71.25,0,0,0,0,0,0,1,,,,,7,1,,0,1,1,0,0,1,0,,1,1,0,2,0,567,1,0,0,63,29.2225648163208,0,0,1,1,1,,0,0,0,0,0,,1,16764,1,6,1,0,0,,,0,58.8,0,27.8035217794254,3.32516269538616,1,0,0,1,67,0,0,,17585,16764,13,5368,11.7203602008493,1,Q1,low,low,Q1-Q3,Q1-Q3,Cancer Death,14.6967830253251,1,1,1,0
1,2810631151,2018-01-01,502.6,2,1,104,56,48,102,0.78,3,56,5.7,12777,897.5,6.79961312036243,,,,,40.32,,1077.41,1,1923.94642857143,7.56213378706016,1,,,12777,,,,12777,0,,,2,,,12777,,,,,0,0,,,,0,0,,0,12777,C10AX06,25 MG,C10,C10A,C10AX,C10AX06,"",,,,,1,1,,1,,,,"","",,,,,,,,,,,,0,0,0,0,1,1,0,1,0,0,0,,11.84,139.8,2,021009CJB,362.562,4.22,34,264.8,34,124.818,8,13821,13821,40.32,1,1,1,81,0,2,1,1,1,0,0,0,0,0,0,0,0,228,64.25,0,0,0,0,0,0,1,,,,,6,0,,0,1,1,0,0,0,0,1,1,1,2,2,0,567,1,0,0,67,38.8323967006607,1,0,1,0,1,,0,0,0,0,0,,0,,,,0,0,0,,,0,38.4,0,53.5714285714286,3.9810158769151,2,0,1,0,79,0,0,15754,,15754,27,2977,11.3607594936709,0,Q2,low,low,Q1-Q3,Q1-Q3,,8.15058179329227,1,0,0,0
1,2810631565,2017-09-27,1143,2,1,206,60,112,239,0.7,178.3,132.9,8.2,11151,860.045146726862,6.7569848840637,2.7420464316423,1.00870451449139,0,,50.08,,1670.34,1,1256.83972911964,7.13635569777186,1,68.23,0,11151,0,3,12,11151,1,4716,15867,1,4474,5690,11151,,,,,0,0,,,,0,1,4,1,11151,B01AC06,325 MG,B01,B01A,B01AC,B01AC06,325 MG,1,,,,,,,,,1,,"","",,,,,,,,,,,,1,0,0,0,0,0,0,0,0,1,0,,0.67,77.34,2,011609CJB,363.302,1.54,8,180.2,8,143.067,8,12587,12587,50.08,1,1,1,325,0,8,0,0,0,0,0,0,0,0,0,0,0,212,71,0,0,0,0,0,0,1,,,,,4,7,,0,1,1,0,0,0,0,,1,1,0,2,0,2275,2,0,0,73,29.5681924432685,0,1,1,0,1,,0,0,0,0,1,7534,1,13860,,,0,0,1,,,0,123.6,1,1341.61023325809,7.20162583813203,3,1,0,0,94,0,0,15868,13685,7534,2,2534,9.14941645454109,0,Q2,low,low,Q1-Q3,Q1-Q3,MI,6.93771389459274,1,0,0,0
1,2810631853,2017-11-26,1107.4,2,1,247,60,151,106,0.6,3,48.8,5.8,11377,2269.26229508197,7.72721007751786,1.83130081300813,0.60502654111603,0,,50.44,,10,1,20.4918032786885,3.02002496612304,1,59.03,0,11377,0,3,13,11377,0,,,1,4462,5645,11377,13407,13407,2030,,0,0,,,,0,0,4,0,11377,C10AA05,10 MG,C10,C10A,C10AA,C10AA05,81 MG,1,,,,,1,1,,,,,"","",,,,,,,,,,,,1,0,0,0,0,1,1,0,0,0,0,,1.14,22.64,2,020309CJB,352.416,0.74,23,258,23,190.028,8,12581,12581,50.44,0,1,1,81,0,8,0,0,0,0,0,0,0,0,0,0,0,114,63.5,0,0,0,0,0,0,1,,,,,2,8,,0,1,0,0,0,0,0,,1,1,0,2,0,567,1,0,0,66,19.8775572701496,0,0,0,1,0,,0,0,0,0,0,,1,15864,,,0,0,0,,,0,156.8,0,61.4754098360656,4.11863725479115,2,0,0,1,105,1,1,,16369,15864,13,4992,21.6120218579235,0,Q4,high,high,Q1-Q3,Q4,Cancer Death,13.6673511293635,1,1,1,0
7,2810631966,2017-08-16,3473.5,2,1,185,43,171,112,0.81,10.1,105.3,6.3,3606,3298.67046533713,8.1012747769811,1.07865168539326,0.0757118217356964,1,0.9,47.9,47.28,859.7,2,816.429249762583,6.70494025802856,1,65.38,0,3606,0,3,,3606,0,,,2,3606,5243,,,5243,1637,,0,0,,,,0,0,4,0,3606,C10AB04,600 MG,C10,C10A,C10AB,C10AB04,81 MG,1,,,1,1,1,1,,,1,,"","",,,,,,,,,,,,1,0,0,1,1,1,1,0,0,1,0,,0.96,111.6,2,010609CJB,257.512,2.18,4,127.3,4,103.307,3,,,47.9,1,1,2,81,1,,0,0,0,0,0,0,,,,,0,188,63,0,0,0,0,0,0,,,,,,2,6,,1,0,1,1,,,0,,,,0,1,0,81,1,0,0,75,33.3029237487046,0,1,1,1,1,140,0,1,1,0,0,,0,,,,0,0,0,2,3911,0,107.8,1,95.9164292497626,4.56347728368942,2,1,0,1,71,1,1,,8084,,,,46.4601473991145,1,Q4,high,high,Q4,Q4,,,,,,
1,2810632197,2017-10-22,479.2,2,1,169,77,43,84,0.7,3.9,48.5,5.5,12337,988.041237113402,6.89572443484589,2.65090622537431,0.974901553378451,0,,26.12,,1337.32,1,2757.36082474227,7.92202927831894,1,66.78,0,12337,0,3,,12337,0,,,2,4513,5793,12337,14402,14402,2065,,0,0,,,,0,0,4,0,12337,M01AX25,1.2 MG,M01,M01A,M01AX,M01AX25,325 MG,1,1,,,,,,,,,,"","",,,,,,,,,,,,1,1,0,0,0,0,0,0,0,0,0,,32.93,12.88,2,012109CJB,448.28,14.89,11,158.2,11,106.494,8,13725,13725,26.12,0,1,1,325,0,2,0,0,0,0,0,0,0,0,0,0,1,106,65.25,0,0,0,0,0,0,1,,,,,3,6,,0,1,0,0,0,0,1,1,1,1,0,2,0,2275,2,1,0,82,17.5045296582864,0,0,0,0,0,,0,0,0,0,0,,0,,,,0,0,1,,,0,83.4,1,80.4123711340206,4.3871680341743,2,0,0,0,81,0,0,15163,,15163,28,2826,12.198039964363,0,Q2,low,low,Q1-Q3,Q1-Q3,Death,7.73716632443532,1,0,0,0
1,2810632203,2017-11-13,847.2,2,1,162,51,57,85,1.14,3,93.5,5.2,12460,906.096256684492,6.80914554398065,2.50939663699308,0.92004234057881,0,,124,,491.75,1,525.935828877005,6.26517920696262,1,,0,12460,,,,12460,0,,,1,4544,5789,12460,14548,14548,2088,,0,0,,,,0,0,,0,12460,B01AC06,81 MG,B01,B01A,B01AC,B01AC06,81 MG,1,,,,,,,,,,,"","",,,,,,,,,,,,1,0,0,0,0,0,0,0,0,0,0,,0.22,20.89,2,012709CJB,325.952,0.53,16,284.5,16,183.903,8,13758,13758,124,0,1,1,81,0,8,0,0,0,0,0,0,0,0,0,0,0,144,64,0,0,0,0,0,0,1,,,,,8,8,,0,1,0,0,0,0,0,,1,1,0,2,0,567,1,0,0,65,24.7177056854114,0,0,0,0,0,,0,0,0,0,0,,0,,,,0,0,0,,,0,99.6,0,32.0855614973262,3.46840613135561,2,0,0,0,67,0,0,,17549,,,,13.5238247266342,1,Q2,low,low,Q1-Q3,Q1-Q3,,,,,,
1,2810632549,2017-12-23,1188.4,2,1,179,83,71,101,0.97,3,114.8,5.5,11826,1035.19163763066,6.94234184569108,2.3816120906801,0.867777607411322,0,,33.16,,1449.05,1,1262.23867595819,7.14064215038422,1,70.32,0,11826,0,3,,11826,0,,,1,4388,6003,11826,13822,13822,1996,,0,0,,,,0,0,4,0,11826,C10AA05,10 MG,C10,C10A,C10AA,C10AA05,81 MG,1,,,,,1,1,,,,,"","",,,,,,,,,,,,1,0,0,0,0,1,1,0,0,0,0,,0.63,30,2,020709CJB,312.276,0.92,31,261.3,31,152.007,8,12919,12919,33.16,1,1,1,81,0,8,0,0,0,0,0,0,0,0,0,0,0,147,66.5,0,0,0,0,0,0,1,,,,,6,6,,0,1,1,0,0,0,0,,1,1,0,2,0,567,1,0,0,70,23.3711270746641,0,0,0,1,1,,0,0,0,0,0,,0,,,,0,0,0,,,0,81.8,0,26.1324041811847,3.26317608376478,1,0,0,1,79,0,0,,16431,,,,13.103691615578,1,Q2,low,low,Q1-Q3,Q1-Q3,,,,,,
1,2810633268,2017-10-25,1466.8,2,1,206,90,59,92,1.02,3,224.9,5.3,11854,652.200978212539,6.48035276321999,1.61488970588235,0.479266660771209,1,,27.96,,1918.55,1,853.06803023566,6.74883929839785,1,34.83,2,11854,1,2,,11854,0,,,1,4579,5790,11854,13932,13932,2078,,0,0,,,,0,0,3,0,11854,M01AX05,"",M01,M01A,M01AX,M01AX25,"",,1,,,1,,,,,,,M01AX25,"",,1,,,,,,,,,,0,1,0,0,1,0,0,0,0,0,0,,2,42.12,2,012209CJB,271.862,1.05,12,200.4,12,148.749,8,13219,13219,27.96,1,1,1,81,0,8,1,1,1,0,0,0,0,0,0,0,0,181,67.5,0,0,0,0,0,0,1,,,,,7,2,,0,1,1,0,0,0,0,,1,1,2,2,0,567,1,0,0,66,27.9303669718451,1,0,1,0,1,,0,0,0,0,0,,0,,,,0,0,0,,,0,104.2,0,13.3392618941752,2.59071170868498,1,0,0,0,76,0,0,,17011,,,,8.58159181858604,1,Q1,low,low,Q1-Q3,Q1-Q3,,,,,,
1,2810633695,2017-11-23,2430.1,2,1,198,76,288,104,1.1,1090.1,151.5,5.8,12189,1604.02640264026,7.38027224878991,,,,,39.58,,1938.01,1,1279.21452145215,7.15400151343479,1,61.85,0,12189,0,3,40,12189,1,1245,13434,2,4516,5706,12189,,,,,0,0,,,,0,1,4,1,12189,C10AA05,100/25 MG,C03,C03A,C03AA,C03AA03,81 MG,1,,,,1,1,1,,,,,C03AA03,"",,,,,,,,1,,,,1,0,0,0,1,1,1,1,0,0,0,,14.88,92.75,2,013009CJB,429.294,9.86,20,192.3,20,84.844,8,13432,13432,39.58,1,1,1,81,0,2,0,0,0,0,0,0,0,0,0,0,0,165,59.25,0,0,0,0,0,0,1,,,,,3,6,,0,1,1,0,0,0,0,1,1,1,0,2,0,567,1,0,0,85,33.045539572893,0,0,1,1,1,,0,0,0,0,0,,0,,,,0,0,0,,,0,64.4,1,7195.3795379538,8.88119436816703,3,0,0,1,46,0,1,14590,,13434,40,,34.8701391878318,1,Q3,high,high,Q4,Q1-Q3,CHF,,,,,
1,2810634765,2017-11-13,2473.7,2,1,166,39,117,141,0.79,3,127.9,5.9,11333,1934.08913213448,7.5673917618874,1.225,0.20294084399669,1,,47.24,,1156.17,1,903.964034401876,6.80678957464706,1,66.23,0,11333,0,3,,11333,0,,,1,4461,5621,11333,13440,13440,2107,,0,0,,,,0,0,4,0,11333,C10AA05,10 MG,C03,C03A,C03AA,C03AA03,81 MG,1,,,1,,1,1,1,,1,,C03AA03,"",,,,,,,,1,,,,1,0,0,1,0,1,1,1,0,1,0,,9.03,171.3,2,012709CJB,419.542,4.63,17,215,17,166.521,8,12625,12625,47.24,1,1,1,81,1,8,0,0,0,0,0,0,0,0,0,0,0,290,69,0,0,0,0,0,0,1,,,,,3,6,,0,1,1,1,0,0,0,,1,1,0,2,0,567,1,0,0,69,42.8257945362772,0,1,1,1,1,,0,0,0,0,0,,0,,,,0,0,1,,,0,103.6,0,23.4558248631744,3.15511885906545,1,1,0,1,92,1,1,13876,,13876,28,2543,21.0227079579835,0,Q4,high,high,Q1-Q3,Q4,Death,6.96235455167693,1,0,0,0
1,2810635141,2018-02-10,651.7,2,1,139,54,90,111,1.02,3,79.6,5.5,12887,818.718592964824,6.70774042647609,,,,,25.02,,783.24,1,983.969849246231,6.89159525557288,1,58.09,0,12887,0,3,,12887,0,,,1,,5981,12887,15122,15122,2235,,0,0,,,,0,0,4,0,12887,C10AX06,1200 U,C10,C10A,C10AX,C10AX06,81 MG,1,,,,1,1,1,,,,,"","",,,,,,,,,,,,1,0,0,0,1,1,1,0,0,0,0,,1.98,84.22,2,021909bCJ,385.414,1.21,47,229.4,47,177.701,8,13663,13663,25.02,1,1,1,81,0,8,0,0,0,0,0,0,0,0,,0,0,185,66.5,0,0,0,0,0,0,1,,,,,8,1,,0,1,1,0,0,0,0,,1,1,0,2,0,567,1,0,0,61,29.4126429170943,0,0,1,1,1,,0,0,0,0,0,,0,,,,0,0,1,,,0,67,0,37.6884422110553,3.62935347479991,2,0,0,1,79,0,0,,17444,,,,10.3635264932256,1,Q1,low,low,Q1-Q3,Q1-Q3,,,,,,
1,2810635237,2017-12-31,2138.9,2,1,202,46,225,99,0.47,100.4,76.3,5.9,11886,2803.27653997379,7.93854420486909,1.91614518147685,0.650315449891409,0,,89.9,,2175.96,1,2851.84796854522,7.95572247315162,1,59.77,0,11886,0,3,,11886,0,,,2,4434,6007,11886,14063,14063,2177,,0,0,,,,0,0,4,0,11886,B01AC06,81 MG,B01,B01A,B01AC,B01AC06,81 MG,1,,,,,,,,,,,"","",,,,,,,,,,,,1,0,0,0,0,0,0,0,0,0,0,,5.17,264.9,2,020909CJB,476.11,4.18,33,193,33,121.274,8,12945,12945,89.9,0,1,1,81,0,2,0,0,0,0,0,0,0,0,0,0,0,191,64.25,0,0,0,0,0,0,1,,,,,3,6,,0,1,0,0,0,0,0,1,1,1,0,2,0,567,1,0,0,62,32.5306481132728,0,0,0,0,0,,0,0,0,0,0,,0,,,,0,0,0,,,0,111,1,1315.85845347313,7.18224454794936,3,0,0,0,106,1,1,,16730,,,,26.4460050940923,1,Q4,high,high,Q4,Q4,,,,,,
1,2810635449,2017-10-22,202.1,2,1,201,60,50,108,0.87,12.5,24,5.5,11537,842.083333333333,6.73587898004972,1.6615087040619,0.507726047475826,1,,47.2,,822.28,1,3426.16666666667,8.13919732529762,1,66.39,0,11537,0,3,14,11537,0,,,1,3738,5692,11537,13717,13717,2180,,0,0,,,,0,0,4,0,11537,M01AH01,200 MG,M01,M01A,M01AH,M01AH01,325 MG,1,1,,,,,,1,,,,"","",,,,,,,,,,,,1,1,0,0,0,0,0,1,0,0,0,,1.52,94.69,2,012109CJB,383.836,3.15,11,280.2,11,219.142,8,12925,12925,47.2,1,1,1,325,0,8,0,0,0,0,0,0,0,0,0,0,0,214,66.75,0,0,0,0,0,0,1,,,,,8,6,,0,1,1,0,0,0,0,,1,1,0,2,0,2275,2,0,0,82,33.7688947060763,0,0,1,0,1,,0,0,0,0,0,,1,14862,,,0,0,1,,,0,131,1,520.833333333333,6.25543009294245,3,0,0,0,80,0,0,16440,,14862,14,,10.5260416666667,1,Q1,low,low,Q1-Q3,Q1-Q3,Intracerebral Hemmorhage,,,,,
1,2810636414,2017-10-28,1397.4,2,1,148,39,104,103,0.86,4.1,107.8,5.6,11145,1296.28942486085,7.16726117363155,1.53527751646284,0.428711157182104,1,,38.36,,867.07,1,804.332096474954,6.69001223921221,1,69.66,0,11145,0,3,,11145,0,,,1,,5638,11145,13873,13873,2728,,0,0,,,,0,0,4,0,11145,C10AA04,80 MG,C10,C10A,C10AA,C10AA04,81 MG,1,,,,1,1,1,1,,,,"","",,,,,,,,,,,,1,0,0,0,1,1,1,1,0,0,0,,0.79,101,2,012309CJB,594.328,3.23,13,217.6,13,147.244,8,12497,12497,38.36,1,1,1,81,0,8,0,0,0,0,0,0,0,0,0,0,0,245,70.25,0,0,0,0,0,0,1,,,,,8,8,,0,1,1,0,0,0,0,,1,1,0,2,0,567,1,0,0,79,34.9043086100509,0,0,1,1,1,,0,0,0,0,0,,0,,,,0,0,1,,,0,88.2,1,38.0333951762523,3.6384645942175,2,0,0,1,82,0,1,,16289,,,,15.8084076202543,1,Q3,low,low,Q1-Q3,Q1-Q3,,,,,,
1,2810638511,2017-10-29,259,2,1,157,55,126,97,0.8,7.7,33.2,6,11777,780.120481927711,6.65944837176519,2.67112299465241,0.982498981234022,0,,35.58,,437.97,1,1319.18674698795,7.18477072494565,1,64.19,0,11777,0,3,12,11777,1,-2031,9746,2,4358,5722,11777,14438,14438,2661,,0,0,,,,1,0,2,1,11777,C10AC04,625 MG,C10,C10A,C10AC,C10AC04,25 MG 200,1,,,1,,1,1,1,,,,"","",,,,,,,,,,,,1,0,0,1,0,1,1,1,0,0,0,1,0.26,41.94,2,012609CJB,472.634,1.46,15,138.6,15,103.25,8,13108,13108,35.58,1,2,1,25,0,2,0,0,0,0,0,0,0,0,0,0,0,110,60.5,0,0,0,0,0,0,1,,,,,4,8,,0,1,1,0,0,0,0,1,1,1,0,2,0,350,1,0,0,88,21.1294186675526,0,0,1,1,1,,0,0,0,0,0,,1,7661,,,0,0,1,,,0,76.8,1,231.927710843374,5.44642573191933,2,0,0,1,66,0,0,15860,,7661,12,,11.820007301935,1,Q1,low,low,Q1-Q3,Q1-Q3,TIA,,,,,
1,2810638534,2017-12-23,344.7,2,1,198,36,178,92,1.08,3,103.3,5.2,11892,333.688286544047,5.81020728338532,2.11663947797716,0.749829679103832,0,,42.08,,742.56,1,718.838334946757,6.57763648535536,1,,0,11892,,,,11892,0,,,1,4395,5648,11892,14057,14057,2165,,0,0,,,,0,0,,0,11892,C09AA03,20 MG,C09,C09A,C09AA,C09AA03,81 MG,1,,,,1,,,,,,,"","",,,,,,,,,,,,1,0,0,0,1,0,0,0,0,0,0,,0.91,57.63,2,020709CJB,348.17,1.97,30,204,30,198.612,8,12986,12986,42.08,1,1,1,81,0,8,0,0,0,0,0,0,0,0,0,0,0,175,64,0,0,0,0,0,0,1,,,,,7,5,,0,1,1,0,0,0,0,,1,1,0,2,0,567,1,0,0,61,30.0388784371319,0,0,1,0,1,,0,0,0,0,0,,0,,,,0,0,0,,,0,126.4,0,29.0416263310745,3.36873019152465,1,0,0,0,74,0,0,,16772,,,,4.50930116951414,1,Q1,low,low,Q1-Q3,Q1-Q3,,,,,,
1,2810638611,2017-08-30,901.4,2,1,186,91,63,118,0.97,3,50.1,5.8,12148,1799.20159680639,7.49509828815382,2.29782082324455,0.831961205648895,0,,52.58,,883.95,1,1764.37125748503,7.47554967784931,1,66.08,0,12148,0,3,1,12148,0,,,2,4586,5848,12148,14338,14338,2190,,0,0,,,,0,0,4,0,12148,M01AE01,37.5/25 MG,C03,C03A,C03AA,C03AA03,81 MG,1,1,,,,1,1,1,,,,C03AA03,"",,,,,,,,1,,,,1,1,0,0,0,1,1,1,0,0,0,,2.64,82.96,2,011209CJB,282.16,1.36,2,185.8,2,113.987,8,13693,13693,52.58,1,1,1,81,0,2,0,0,0,0,0,0,0,0,0,0,0,140,63.25,0,0,1,1,0,0,,,,,,,,,,,1,0,0,0,0,1,1,1,0,,0,567,1,0,1,61,24.6043892234639,0,0,1,1,1,,0,0,0,0,1,7285,0,,,,0,0,1,,,0,82.4,0,59.8802395209581,4.09234655955943,2,0,0,1,63,1,1,15618,,7285,1,,28.5587555048633,1,Q4,high,high,Q4,Q4,MI,,,,,
1,2810638744,2017-10-01,4145.8,2,1,161,49,139,103,0.8,3.7,125.9,4.9,12006,3292.93089753773,8.0995332975032,1.34199134199134,0.294154586957398,1,,70.6,,944.46,1,750.166799046863,6.62029558053258,1,63.68,0,12006,0,3,,12006,0,,,1,4493,5742,12006,14293,14293,2287,14646,1,0,2611,14617,,0,0,4,0,12006,C10AX09,80 MG,C10,C10A,C10AA,C10AA01,81 MG,1,,,,,1,,,,,,C10AA01,"",,,,,,1,1,,,,,1,0,0,0,0,1,1,0,0,0,0,,1.03,66.33,2,012009CJB,248.632,1.67,10,235.9,10,169.613,8,13414,13414,70.6,0,1,1,81,0,8,0,0,0,0,0,0,0,0,0,0,0,158,71.5,0,0,0,0,0,0,1,,,,,2,7,,0,1,0,0,0,0,0,,1,1,0,2,0,567,1,0,0,70,21.7295441681695,0,0,0,1,0,,0,0,0,0,0,,0,,1,1,0,0,0,1,14646,0,84.2,0,29.3884034948372,3.38060015758201,1,0,0,1,91,1,1,14856,,14856,27,2850,36.1860538190959,0,Q4,high,high,Q4,Q4,,7.80287474332649,1,0,0,0
1,2810641786,2017-11-23,823.5,2,1,182,30,336,106,1.16,3,76.9,5.8,12341,1070.87126137841,6.97622785909419,1.60422405876951,0.472640187201096,1,,44.16,,893.95,1,1162.48374512354,7.05831415467432,1,,0,12341,,,,12341,0,,,1,4564,5779,12341,,,,,0,0,,,,0,0,,0,12341,C09CA01,50 MG,C09,C09C,C09CA,C09CA01,81 MG,1,,,,1,,,,,,,"","",,,,,,,,,,,,1,0,0,0,1,0,0,0,0,0,0,,1.98,74.28,2,013009CJB,378.39,3,21,171.1,21,103.04,8,13573,13573,44.16,1,1,1,81,0,8,0,0,0,0,0,0,0,0,0,0,0,205,67.5,0,0,0,0,0,0,1,,,,,4,1,,0,1,1,0,0,0,0,,1,1,0,2,0,567,1,0,0,67,31.6338410454599,0,0,1,0,1,,0,0,0,0,0,,0,,,,0,0,0,,,0,84.8,0,39.0117035110533,3.66386169113865,2,0,0,0,65,0,0,,17251,,,,16.4749424827448,1,Q2,low,low,Q1-Q3,Q1-Q3,,,,,,
1,2810642094,2017-11-23,1521.4,2,1,218,67,97,101,0.58,16.4,162.1,5.8,12371,938.556446637878,6.84434299980966,3.27115188583079,1.18514218154449,0,,42.24,,1495.74,1,922.726711906231,6.82733310388503,1,62.8,0,12371,0,3,,12371,0,,,2,5063,6029,12371,14577,14577,2206,,0,0,,,,0,0,4,0,12371,M01AC01,20 MG,M01,M01A,M01AC,M01AC01,325 MG,1,1,,,,,,,,,,"","",,,,,,,,,,,,1,1,0,0,0,0,0,0,0,0,0,,2.42,58.37,2,013009CJB,643.39,1.78,20,295.8,20,187.094,8,13608,13608,42.24,0,4,2,325,0,2,0,0,0,0,0,0,0,0,0,0,0,148,60.25,0,0,0,0,0,0,1,,,,,3,6,,0,1,0,0,0,0,0,1,1,1,0,2,0,1300,2,0,0,73,28.6650844474706,0,0,0,0,0,,0,0,0,0,0,,0,,,,0,0,0,,,0,131.6,1,101.172115977791,4.61682318507066,2,0,0,0,91,0,0,16197,,16197,27,3826,10.3138071059107,0,Q2,low,low,Q1-Q3,Q1-Q3,,10.4750171115674,1,1,0,0
1,2810642173,2017-10-28,260.7,2,1,149,43,73,109,1.04,5,53.1,5.4,12425,490.960451977401,6.19636357867965,2.14087301587302,0.761213697186766,0,,24.46,,397.95,1,749.435028248588,6.61931962699206,1,76.29,0,12425,0,3,,12425,0,,,1,4550,5782,12425,14504,14504,2079,13697,1,0,720,13145,,0,0,4,0,12425,C10AA05,25 MG,C10,C10A,C10AA,C10AA05,81 MG,1,,,1,,1,1,,,,,"","",,,,,,,,,,,,1,0,0,1,0,1,1,0,0,0,0,,0.55,54.24,2,012309CJB,287.166,0.94,14,124.5,14,109.423,8,13771,13771,24.46,1,1,1,81,0,8,0,0,0,0,0,0,0,2,0,0,0,144,65.25,0,0,0,0,0,0,1,,,,,7,8,,0,1,1,0,0,1,0,,1,1,0,2,0,567,1,0,0,79,23.7797384037099,0,0,1,1,1,141,0,1,0,1,0,,0,,1,1,0,0,0,,,0,91.4,1,94.1619585687382,4.54501626316834,2,0,0,1,68,0,0,,17563,13639,6,5138,7.22000664672649,1,Q1,low,low,Q1-Q3,Q1-Q3,Angina,14.0670773442847,1,1,1,0
7,2810642906,2017-08-10,2959.6,2,1,139,46,134,97,0.73,6,57.8,6,4124,5120.4152249135,8.54099081336116,3.23609756097561,1.17436814737454,0,1.6,27,27.6,629.74,2,1089.51557093426,6.99348844609921,1,75.53,0,4124,0,3,,4124,0,,,2,4124,5966,,,5966,1842,,0,0,,,,0,0,4,0,4124,C10AA05,10 MG,C10,C10A,C10AA,C10AA05,81 MG,1,,,1,,1,1,1,,,,"","",,,,,,,,,,,,1,0,0,1,0,1,1,1,0,0,0,,0.89,58.46,2,122308CJB,310.776,1.41,1,125.5,1,94.8,3,,,27,1,3,2,81,0,,0,0,0,0,0,0,,,,,0,155,64.75,0,0,0,0,0,0,,,1,,,7,8,,0,1,1,0,,,0,,2,3,0,2,0,243,1,0,0,74,25.9930813089217,0,0,1,1,1,,0,0,0,0,0,,0,,,,0,0,0,,,0,66.2,1,103.806228373702,4.64252597253186,2,0,0,1,81,1,1,,8778,,,,63.2150027767098,1,Q4,high,high,Q4,Q4,,,,,,
1,2810642990,2018-01-28,532.3,2,1,221,65,94,96,1.18,3,86.4,5.3,11615,616.087962962963,6.42338975035679,1.32614107883817,0.282273280401465,1,,38.4,,626.03,1,724.571759259259,6.58558080345258,1,67.57,0,11615,0,3,,11615,0,,,1,4300,5650,11615,14077,14077,2462,,0,0,,,,0,0,4,0,11615,"","","","","","","",,,,,,,,,,,,"","",,,,,,,,,,,,0,0,0,0,0,0,0,0,0,0,0,,2.02,64.9,2,021809CJB,164.944,1.05,43,356.1,43,174.243,8,12515,12515,38.4,0,1,1,81,0,8,0,0,0,0,0,0,0,0,0,0,0,223,69.75,0,0,0,0,0,0,1,,,,,6,1,,0,1,0,0,0,0,0,,1,1,0,2,0,567,1,0,0,67,32.227161228516,0,0,0,0,0,,0,0,0,0,0,,0,,,,0,0,0,,,0,137.2,0,34.7222222222222,3.54737989184024,2,0,0,0,63,0,0,,16296,,,,9.77917401528513,1,Q1,low,low,Q1-Q3,Q1-Q3,,,,,,
1,2810643398,2017-08-30,2263.4,2,1,163,52,65,106,0.76,6.4,150.4,6.1,11571,1504.92021276596,7.31649516100419,,,,,36.56,,1782.08,1,1184.89361702128,7.07740827487366,1,,,,,,41,11571,1,1792,13363,2,4360,5645,11571,,,,13707,1,0,1792,13363,,0,1,,1,11571,B01AC06,81 MG,B01,B01A,B01AC,B01AC06,81 MG,1,,,,,,,,,,,"","",,,,,,,,,,,,1,0,0,0,0,0,0,0,0,0,0,,1.11,49.74,2,011209CJB,424.352,3.48,3,229.6,3,157.752,8,13112,13112,36.56,1,1,1,81,0,2,0,0,0,0,0,0,0,0,0,0,2,132,56.75,0,0,0,0,0,0,1,,,,,2,6,,0,0,1,0,0,0,1,1,1,1,0,,0,567,1,1,0,87,28.8169366728611,0,0,1,0,1,,0,0,0,0,0,,0,,1,1,0,0,0,,,0,98,1,42.5531914893617,3.75075485783202,2,0,0,0,71,0,1,14277,,13363,41,,21.1960593347318,1,Q3,high,high,Q1-Q3,Q1-Q3,CHF,,,,,
1,2810643685,2017-08-30,1351.8,2,1,146,44,111,115,1.21,3,218.2,5.8,11411,619.523373052246,6.42895042925538,1.69354838709677,0.526825965112432,0,,57.8,,1882.34,1,862.667277726856,6.76002907529114,1,61.51,0,11411,0,3,1,11411,0,,,1,4403,5698,11411,14476,14476,3065,14288,1,0,2807,14218,,0,0,4,0,11411,C10AX06,20 MG,C10,C10A,C10AX,C10AX06,325 MG,1,,,1,1,1,1,,,,,"","",,,,,,,,,,,,1,0,0,1,1,1,1,0,0,0,0,,0.2,109.4,2,011209CJB,366.05,1.56,2,191.2,2,166.564,8,12957,12957,57.8,1,1,1,325,0,8,0,0,0,0,0,0,0,0,0,0,0,193,68.5,1,1,0,0,0,0,1,,,,,4,6,,0,1,1,0,0,0,0,,1,1,0,2,0,2275,2,0,1,69,28.9189006104583,0,0,1,1,1,140,0,1,1,0,1,8101,0,,1,6,0,0,0,,,0,79.8,0,13.7488542621448,2.62095549425128,1,0,0,1,61,0,0,,16751,8101,1,5340,10.1561208697089,1,Q1,low,low,Q1-Q3,Q1-Q3,MI,14.6201232032854,1,1,1,0
1,2810644267,2017-11-25,360,2,1,159,64,51,108,1.08,3,50.1,5.4,12448,718.562874251497,6.57725320934743,,,,,26.34,,331.79,1,662.255489021956,6.49565141656171,1,75.09,0,12448,0,3,,12448,0,,,1,4580,5792,12448,14557,14557,2109,,0,0,,,,0,0,4,0,12448,C10AA02,10 MG,C10,C10A,C10AA,C10AA02,81 MG,1,,1,1,,1,1,,,,,"","",,,,,,,,,,,,1,0,1,1,0,1,1,0,0,0,0,,0.21,34.42,2,020209CJB,248.44,1.09,22,211.1,22,120.617,8,13664,13664,26.34,1,1,1,81,0,8,0,0,0,0,0,0,0,0,0,0,0,143,68,0,0,0,0,0,0,1,,,,,8,6,,0,1,1,0,0,0,0,,1,1,0,2,0,567,1,0,0,84,21.7432182269209,0,0,1,1,1,,0,0,0,0,0,,0,,,,0,0,1,,,0,84.8,0,59.8802395209581,4.09234655955943,2,0,0,1,63,0,0,16650,,16650,28,4202,11.4057599087539,0,Q1,low,low,Q1-Q3,Q1-Q3,Death,11.5044490075291,1,1,0,0
1,2810644910,2018-01-10,235.7,2,1,192,48,145,105,0.94,3,38.6,5.5,12234,610.621761658031,6.41447771945939,2.33179723502304,0.846639315747006,0,,32.52,,136.9,1,354.663212435233,5.87116864181171,1,73.81,0,12234,0,3,,12234,0,,,1,4620,5872,12234,14230,14230,1996,,0,0,,,,0,0,4,0,12234,M01AE01,20/125 MG,C03,C03A,C03AA,C03AA03,81 MG,1,1,,,1,1,,,,,,C03AA03,"",,,,,,,,1,,,,1,1,0,0,1,1,0,1,0,0,0,,1.06,79.66,2,021209CJB,237.686,1.2,37,210.4,37,145.282,8,13228,13228,32.52,1,1,1,81,0,8,0,0,0,0,0,0,0,0,0,0,0,214,72,0,0,0,0,0,0,1,,,,,8,1,,0,1,1,0,0,0,0,,1,1,0,2,0,567,1,0,0,59,29.0238080476161,0,0,1,0,1,,0,0,0,0,0,,0,,,,0,0,1,,,0,115,0,77.720207253886,4.35311529117946,2,0,1,0,88,0,0,,17013,,,,6.9388836552049,1,Q1,low,low,Q1-Q3,Q1-Q3,,,,,,
1,2810644965,2017-08-26,1344.5,2,1,163,31,129,146,1.15,10.4,114.9,6.3,11797,1170.14795474326,7.0648854768423,0.970397779833488,-0.0300492092429111,1,,38.82,,,1,,,1,60.58,0,11797,0,3,,11797,0,,,1,5043,5721,11797,14000,14000,2203,,0,0,,,,0,0,4,0,11797,M01AX05,TABLET,M01,M01A,M01AX,M01AX25,81 MG,1,1,,1,1,,,1,,,,M01AX25,"",,1,,,,,,,,,,1,1,0,1,1,0,0,1,0,0,0,,0.44,178.5,2,010909CJB,328.09,1.23,2,207.6,2,176.291,8,13370,13370,38.82,1,1,1,81,0,8,0,0,0,0,0,0,0,0,0,0,0,246,69.5,0,0,0,0,0,0,1,,,,,3,6,,0,1,1,0,0,0,0,,1,1,0,2,0,567,1,0,0,72,35.8072617185553,0,0,1,0,1,,0,0,0,0,0,,0,,,,0,0,1,,,0,106.2,1,90.5134899912968,4.50549890027475,2,1,0,0,63,0,1,,17164,,,,18.5737770594167,1,Q3,low,high,Q1-Q3,Q1-Q3,,,,,,
1,2810645268,2018-01-08,1293.2,2,1,147,38,66,116,1.13,56,128.5,5.3,11871,1006.3813229572,6.9141163275041,,,,,38.48,,1510.67,1,1175.6186770428,7.0695498216615,1,62.3,0,11871,0,3,,11871,0,,,1,4354,5730,11871,14022,14022,2151,7138,1,1,-4733,7138,,0,0,4,0,11871,C07AB03,25 MG,C07,C07A,C07AB,C07AB03,325 MG,1,,,1,,,,,,,,"","",,,,,,,,,,,,1,0,0,1,0,0,0,0,0,0,0,,1.89,114.1,2,021109bCJ,381.306,9.92,36,263,36,188.152,8,12882,12882,38.48,1,1,1,325,0,8,0,0,0,0,0,0,0,0,0,0,0,172,68.5,0,0,0,0,0,0,1,,,,,3,6,,0,1,1,0,0,0,0,,1,1,0,2,0,2275,2,0,0,83,25.7722844818592,0,0,1,0,1,141,0,1,0,1,0,,0,,1,1,1,0,0,,,0,95.8,1,435.79766536965,6.07717806538201,3,0,0,0,60,0,0,14580,,14580,28,2709,16.7730220492866,0,Q2,low,low,Q1-Q3,Q1-Q3,Death,7.41683778234086,1,0,0,0
1,2810645562,2017-08-23,729.8,2,1,154,47,97,113,0.62,3,38.2,5,11130,1910.47120418848,7.55510519437791,0.96533682145193,-0.0352782007686444,1,,42.68,,860.78,1,2253.35078534031,7.72017362531242,1,62.37,0,11130,0,3,,11130,0,,,2,4435,5671,11130,13385,13385,2255,,0,0,,,,0,0,4,0,11130,C10AB04,600 MG,C10,C10A,C10AB,C10AB04,81 MG,1,,,1,,1,,,,,,"","",,,,,,,,,,,,1,0,0,1,0,1,0,0,0,0,0,,8.64,74.28,2,010809CJB,293.404,3.44,1,147,1,147.787,8,12741,12741,42.68,0,1,1,81,0,2,0,0,0,0,0,0,0,0,0,0,0,178,63.5,0,0,0,0,0,0,1,,,,,3,6,,0,0,0,0,0,0,0,1,1,1,0,,0,567,1,0,0,65,31.0368876674265,0,0,0,1,0,,0,0,0,0,0,,0,,,,0,0,0,,,0,87.6,0,78.5340314136126,4.36353205203772,2,0,1,0,95,1,1,,16535,,,,20.110223201984,1,Q4,high,high,Q1-Q3,Q4,,,,,,
1,2810646438,2017-08-30,1007.9,2,1,164,39,77,99,0.6,6.8,72.6,5.5,11554,1388.29201101928,7.23582950151817,2.13994565217391,0.760780432530857,0,,25.62,,1024.06,1,1410.55096418733,7.25173566179025,1,,0,11554,,,,11554,0,,,2,5031,6431,11554,14618,14618,3064,,0,0,,,,0,0,,0,11554,C09CA01,37.5 / 25,C03,C03A,C03AA,C03AA03,325 MG,1,,,,1,,,1,,,,C03AA03,"",,,,,,,,1,,,,1,0,0,0,1,0,0,1,0,0,0,,6.81,103.7,2,011209CJB,281.964,3.73,3,171.3,3,126.567,8,13087,13087,25.62,1,4,2,325,0,0,1,1,1,0,0,0,0,0,0,0,0,228,62.25,0,0,0,0,0,0,1,,,,,7,1,,0,0,1,0,0,0,0,0,1,1,2,,0,1300,2,0,0,49,41.3677355152649,1,0,1,0,1,,0,0,0,0,0,,0,,,,0,0,0,,,0,109.6,1,93.66391184573,4.53971296933345,2,0,0,0,107,0,1,,16880,,,,12.974691691769,1,Q3,high,low,Q1-Q3,Q1-Q3,,,,,,
1,2810647039,2018-02-17,386.4,2,1,166,81,54,91,0.66,3,70.3,5.8,12031,549.644381223329,6.30927148950984,,,,,36.52,,827.64,1,1177.2972972973,7.07097666440267,1,69.69,0,12031,0,3,12,12031,0,,,2,4257,5650,12031,,,,,0,0,,,,0,0,4,0,12031,C10AA05,10 MG,C10,C10A,C10AA,C10AA05,325 MG,1,,,1,,1,1,,,,,"","",,,,,,,,,,,,1,0,0,1,0,1,1,0,0,0,0,,1.61,35.8,2,022009CJB,249.714,1.02,49,197.2,49,105.917,8,12727,12727,36.52,1,1,1,325,0,2,0,0,0,0,0,0,0,0,0,0,0,139,59.75,0,0,0,0,0,0,1,,,,,3,1,,0,1,1,0,0,0,0,1,1,1,0,2,0,2275,2,0,0,72,27.3743990354877,0,0,1,1,1,,0,0,0,0,0,,1,9949,,,0,0,0,,,0,74.2,0,42.674253200569,3.75359576883363,2,0,0,1,88,0,0,,16507,9949,12,4476,6.24595887753783,0,Q1,low,low,Q1-Q3,Q1-Q3,TIA,12.2546201232033,1,1,1,0
1,2810647134,2017-10-25,2067.4,2,1,152,44,94,93,1.15,5.6,191.8,5.4,12113,1077.89363920751,6.98276408167314,3.19599578503688,1.16189870907865,0,,38.48,,1073.68,1,559.791449426486,6.3275643026283,1,64.49,0,12113,0,3,,12113,0,,,1,4626,5728,12113,14253,14253,2140,,0,0,,,,0,0,4,0,12113,B01AC06,81 MG,B01,B01A,B01AC,B01AC06,81 MG,1,,,,,,,,,,,"","",,,,,,,,,,,,1,0,0,0,0,0,0,0,0,0,0,,1.7,67.44,2,020209CJB,340.344,1.97,21,266,21,176.415,8,13341,13341,38.48,0,1,1,81,0,8,0,0,0,0,0,0,0,0,0,0,0,170,67,0,0,0,0,0,0,1,,,,,4,6,,0,0,0,0,0,0,0,,1,1,0,,0,567,1,0,0,68,26.6259387497612,0,0,0,0,0,,0,0,0,0,0,,0,,,,0,0,1,,,0,89.2,1,29.1970802919708,3.3740687142739,1,0,0,0,65,0,0,,17129,,,,16.5829790647309,1,Q2,low,low,Q1-Q3,Q1-Q3,,,,,,
1,2810647492,2017-12-14,1088.3,2,1,200,59,98,138,0.74,26.2,49.5,5.6,12182,2198.58585858586,7.69556964111546,1.61686143572621,0.480486884731601,1,,37.1,,360.46,1,728.20202020202,6.59057850997811,1,67.99,0,12182,0,3,,12182,0,,,2,4701,5719,12182,14192,14192,2010,,0,0,,,,0,0,4,0,12182,B01AC06,81 MG,B01,B01A,B01AC,B01AC06,81 MG,1,,,,,,,,,,,"","",,,,,,,,,,,,1,0,0,0,0,0,0,0,0,0,0,,0.59,73.85,2,020309bCJ,374.874,1.02,24,157,24,120.836,8,13369,13369,37.1,0,15,3,81,0,2,0,0,0,0,0,0,0,0,0,0,0,130,60.75,0,0,0,0,0,0,1,,,,,7,7,,0,1,0,0,0,0,0,1,1,1,0,2,0,279.310344827586,1,0,0,62,24.7660303276711,0,0,0,0,0,,0,0,0,0,0,,0,,,,0,0,1,,,0,121.4,1,529.292929292929,6.27154202017454,3,1,0,0,87,1,1,,17157,,,,25.271101822826,1,Q4,high,high,Q4,Q4,,,,,,
1,2810648035,2017-08-30,584.9,2,1,193,56,52,89,1.06,3,79.5,5.8,11086,735.723270440252,6.60085405677679,3.57959183673469,1.27524878182746,0,,36.64,,357.5,1,449.685534591195,6.10854852646187,1,62.78,0,11086,0,3,,11086,0,,,1,4052,5210,11086,13270,13270,2184,7931,1,1,-3155,7931,,0,0,4,0,11086,M01AX05,750 MG,M01,M01A,M01AX,M01AX05,81 MG,1,1,,,,,,,,,,"","",,,,,,,,,,,,1,1,0,0,0,0,0,0,0,0,0,,2.21,23.28,2,011209CJB,314.054,1.57,3,230.2,3,164.154,8,12618,12618,36.64,0,1,1,81,0,8,0,0,0,0,0,0,0,1,0,0,0,174,70.75,0,0,0,0,0,0,1,,,,,8,8,,0,1,0,0,0,1,0,,1,1,0,2,0,567,1,0,0,68,24.4400433861987,0,0,0,0,0,,0,0,0,0,0,,0,,1,1,1,0,1,,,0,126.6,0,37.7358490566038,3.63061054598996,2,0,0,0,72,0,0,,16411,,,,10.2183787561146,1,Q1,low,low,Q1-Q3,Q1-Q3,,,,,,
1,2810648761,2018-02-01,3197.3,2,1,217,54,176,125,0.77,4.3,77.9,6.6,12387,4104.36456996149,8.31980621574182,1.41252699784017,0.345380297370965,1,,47.26,,714.71,1,917.471116816431,6.82162109912414,1,75.47,0,12387,0,3,41,12387,1,1441,13828,2,4551,5996,12387,,,,13833,1,0,1446,13833,,0,1,4,1,12387,M01AX05,TABLET,M01,M01A,M01AX,M01AX25,81 MG,1,1,,,,,,,,1,,M01AX25,"",,1,,,,,,,,,,1,1,0,0,0,0,0,0,0,1,0,,2.09,142.3,2,021809bCJ,308.31,1.21,44,205.2,44,125.59,8,13251,13251,47.26,1,1,1,81,1,2,0,0,0,0,0,0,0,0,0,0,0,197,66.75,0,0,0,0,0,0,1,,,,,7,2,,0,1,1,1,0,0,0,1,1,1,0,2,0,567,1,0,0,66,31.0863189583973,0,1,1,0,1,141,1,1,0,1,0,,0,,1,1,0,0,0,,,0,127.8,1,55.198973042362,4.01094434880495,2,1,0,0,80,1,1,13904,,13828,41,,51.3045571245186,1,Q4,high,high,Q4,Q4,CHF,,,,,
7,2810648976,2017-08-22,1284.4,2,1,168,58,42,86,0.82,3,89.4,5,3443,1436.68903803132,7.27009646602398,,,,,42.12,,783.74,1,876.666666666667,6.7761268365037,1,64.67,0,3443,0,3,,3443,0,,,2,3443,5214,,,5214,1771,,0,0,,,,0,0,4,0,3443,M01AX05,37.5/25 MG,C03,C03A,C03AA,C03AA03,81 MG,1,1,,,,1,,1,,,,C03AA03,"",,,,,,,,1,,,,1,1,0,0,0,1,0,1,0,0,0,,1.64,33.85,2,010809CJB,165.856,1.64,5,171.5,5,114.825,3,,,42.12,1,1,1,81,0,,0,0,0,0,0,0,,,,,0,188,62.25,0,0,0,0,0,0,,1,,,,8,2,,0,0,1,0,,,0,,2,2,0,,0,567,1,0,0,67,34.1102380564465,0,0,1,0,1,,0,0,0,0,0,,0,,,,0,0,0,,,0,101.6,0,33.5570469798658,3.51324688547078,2,0,1,0,86,0,1,,7847,,,,16.7056864887363,1,Q3,high,low,Q1-Q3,Q1-Q3,,,,,,
1,2810649318,2018-02-22,360.6,2,0,197,86,170,189,0.75,145.8,34.9,7.3,12924,1033.23782234957,6.94045266754893,1.896,0.63974640383283,0,,41.12,,387.23,1,1109.54154727794,7.01170218851961,1,66.14,0,12924,0,3,41,12924,1,-172,12752,2,4721,5772,12924,,,,12752,1,1,-172,12752,,1,0,2,1,12924,M01AX05,750/600 MG,M01,M01A,M01AX,M01AX25,325 MG,1,1,,1,1,1,,1,,,,M01AX25,"",,1,,,,1,1,,,,,1,1,0,1,1,1,1,1,0,0,0,,10.42,109.5,2,022009CJB,318.174,2.94,49,556.3,49,103.631,8,13597,13597,41.12,1,1,1,325,2,2,0,0,0,0,0,0,0,0,0,0,0,154,64.5,0,0,0,0,0,0,1,,,,,4,6,,0,1,1,1,0,0,0,1,1,1,0,2,0,2275,2,0,0,84,26.0259687636736,0,0,1,1,1,,0,0,0,0,0,,0,,1,1,1,0,0,2,13757,0,77,1,4177.65042979943,8.33750426934831,3,1,0,1,73,0,0,14731,,12752,41,,14.1539427719119,1,Q2,low,low,Q1-Q3,Q1-Q3,CHF,,,,,
1,2810649345,2018-12-15,7534.3,2,1,148,66,99,99,0.71,10.4,99.9,5.3,11502,7541.84184184184,8.9282217072778,1.62251082251082,0.483974839842474,1,,30.08,,942.46,1,943.403403403403,6.84949397843683,1,62.12,0,11502,0,3,,11502,0,,,2,4239,5639,11502,13499,13499,1997,,0,0,,,,0,0,4,0,11502,C10AA01,37.5/25,C03,C03A,C03AA,C03AA03,81 MG,1,,,,,1,1,1,,,,C03AA03,"",,,,,,,,1,,,,1,0,0,0,0,1,1,1,0,0,0,,0.87,153.8,2,021109CJB,484.596,1.75,35,233.9,35,148.483,8,12526,12526,30.08,1,1,1,81,0,2,0,0,0,0,0,0,0,0,0,0,0,152,60.25,0,0,0,0,0,0,1,,,,,3,0,,0,1,1,0,0,0,0,1,1,1,0,2,0,567,1,0,0,70,29.4398164595644,0,0,1,1,1,,0,0,0,0,0,,0,,,,0,0,0,,,0,62.2,1,104.104104104104,4.64539139947496,2,0,0,1,86,1,1,,16311,,,,87.695835370254,1,Q4,high,high,Q4,Q4,,,,,,
7,2810649649,2017-08-13,605.9,2,1,176,39,184,116,1.05,3,96.9,6.2,3259,625.283797729618,6.43820562304231,1.46426461901949,0.381353149902055,1,0.8,30.42,30.08,582.43,2,601.062951496388,6.39869967363621,1,69.83,0,3259,0,3,,3259,0,,,2,3259,5166,,,5166,1907,,0,0,,,,0,0,4,0,3259,C09CA08,40/12.5,C09,C09C,C09CA,C09CA08,325 MG,1,,,1,1,,,,,,,"","",,,,,,,,,,,,1,0,0,1,1,0,0,0,0,0,0,,3,95.39,2,010509CJB,252.316,1.76,3,112.7,3,102.821,3,,,30.42,1,1,1,325,0,,0,0,0,0,0,0,,,,,0,156,63,0,0,0,0,0,0,,1,,,,4,6,,0,0,1,0,,,0,,2,2,0,,0,2275,2,0,0,57,27.6343409829677,0,0,1,0,1,,0,0,0,0,0,,0,,,,0,0,0,,,0,100.2,0,30.9597523219814,3.43268804875353,2,0,0,0,68,0,0,,7796,,,,9.19534996661203,1,Q1,low,low,Q1-Q3,Q1-Q3,,,,,,
1,2810649733,2018-01-10,1550.9,2,1,269,89,174,121,0.88,10.9,121.6,6.5,11888,1275.41118421053,7.15102390302143,3.21857923497268,1.16894003081017,0,,52.74,,1210.75,1,995.682565789474,6.90342849773936,1,68.56,0,11888,0,3,,11888,0,,,2,4389,5720,11888,14008,14008,2120,,0,0,,,,0,0,4,0,11888,C07AB02,5/20 MG,C09,C09A,C09AA,C09AA07,81 MG,1,,,1,,,,,,,,C09AA07,"",,,,,1,,,,,,,1,0,0,1,1,0,0,0,0,0,0,,8.2,84.22,2,021209CJB,432.014,1.71,37,186,37,121.008,8,12883,12883,52.74,1,1,1,81,0,2,0,0,0,0,0,0,0,0,0,0,0,153,62.25,0,0,0,0,0,0,1,,,,,3,0,,0,1,1,0,0,0,0,1,1,1,0,2,0,567,1,0,0,77,27.7599277799804,0,0,1,0,1,,0,0,0,0,0,,0,,,,0,0,0,,,0,145.2,1,89.6381578947369,4.49578109868517,2,0,0,0,63,0,1,14479,,9615,6,,20.2446219715957,1,Q3,low,high,Q1-Q3,Q1-Q3,Angina,,,,,
1,2810650319,2017-09-17,2054.9,2,1,127,66,36,106,1.07,22.5,128.5,5.4,12335,1599.1439688716,7.37722374559864,1.74835742444152,0.558676732556058,0,,37.74,,1722.02,1,1340.09338521401,7.20049458097491,1,78.63,0,12335,0,3,41,12335,1,4291,16626,1,4537,5804,12335,,,,,0,0,,,,0,1,4,1,12335,C10AX06,20 MG,C10,C10A,C10AX,C10AX06,325 MG,1,,,,1,1,1,,,,,"","",,,,,,,,,,,,1,0,0,0,1,1,1,0,0,0,0,,3.59,46.92,2,011509CJB,496.952,1.96,6,117.6,6,91.142,8,13792,13792,37.74,1,2,1,325,0,8,0,0,0,0,0,0,0,0,0,1,0,165,66.25,0,0,0,0,0,0,1,,,,,7,8,,0,1,1,0,1,0,0,,1,1,0,2,0,4550,2,0,0,78,26.4312554257006,0,0,1,1,1,140,0,1,1,0,0,,0,,,,0,0,1,,,0,53.8,1,175.097276264591,5.16534168385724,2,0,0,1,66,0,1,16629,,16626,41,,24.2294540738121,1,Q3,high,high,Q4,Q1-Q3,CHF,,,,,
1,2810650413,2017-11-13,210.2,2,1,206,68,106,113,0.89,3,32.9,5.5,12436,638.905775075988,6.45975698665962,0.828266228430567,-0.188420644356213,1,,36.74,,421.05,1,1279.78723404255,7.15444911969277,1,66.46,0,12436,0,3,,12436,0,,,2,4537,,12436,14451,14451,2015,,0,0,,,,0,0,4,0,12436,C09CA04,300 MG,C09,C09C,C09CA,C09CA04,325 MG,1,,,,1,,,1,,,,"","",,,,,,,,,,,,1,0,0,0,1,0,0,1,0,0,0,,1.1,92.39,2,012709CJB,413.044,1.95,17,188.3,17,122.375,8,13724,13724,36.74,1,1,1,325,0,2,0,0,0,0,0,0,0,0,0,0,0,188,64,0,0,0,0,0,0,1,,,,,8,7,,0,1,1,0,0,0,0,1,1,1,0,2,0,2275,2,0,0,67,32.270337978176,0,0,1,0,1,,0,0,0,0,0,,0,,,,0,0,0,,,0,116.8,0,91.1854103343465,4.51289490987892,2,0,0,0,67,0,0,,17515,,,,9.53590709068639,1,Q1,low,low,Q1-Q3,Q1-Q3,,,,,,
1,2810650846,2018-01-08,1182.1,2,1,204,56,126,101,1.04,3,93.5,5.5,12031,1264.27807486631,7.14225654644978,2.97208538587849,1.08926385654997,0,,34.44,,385.38,1,412.171122994652,6.02143861019121,1,47.64,2,12031,1,2,,12031,0,,,1,4285,5726,12031,14008,14008,1977,,0,0,,,,0,0,3,0,12031,M01AE01,200 MG,M01,M01A,M01AE,M01AE01,"",,1,,,,,,,,,,"","",,,,,,,,,,,,0,1,0,0,0,0,0,0,0,0,0,,0.38,70.46,2,021109bCJ,355.012,1.09,37,213.6,37,133.04,8,13037,13037,34.44,0,8,3,325,0,8,0,0,0,0,0,0,0,0,0,0,0,170,72,0,0,0,0,0,0,1,,,,,6,7,,0,1,0,0,0,0,0,,1,1,0,2,0,597.701149425287,2,0,0,64,23.0562961125922,0,0,0,0,0,,0,0,0,0,0,,0,,,,0,0,0,,,0,122.8,0,32.0855614973262,3.46840613135561,2,0,0,0,76,0,1,,15116,,,,16.6352378271883,1,Q3,low,low,Q1-Q3,Q1-Q3,,,,,,
1,2810651183,2017-09-15,4042.4,2,1,145,63,47,97,1.03,3,110.2,5.1,11146,3668.23956442831,8.20746714324698,2.99654150197628,1.09745879097079,0,,48.62,,1977.12,1,1794.11978221416,7.49226980862516,1,68.82,0,11146,0,3,41,11146,1,2024,13170,1,4522,5643,11146,,,,14039,1,0,2447,13593,,0,1,4,1,11146,C10AA05,10 MG,C10,C10A,C10AA,C10AA05,81 MG,1,,,1,1,1,1,1,,,,"","",,,,,,,,,,,,1,0,0,1,1,1,1,1,0,0,0,,1.78,32.94,2,011509CJB,591.388,3.08,6,182.7,6,109.614,8,12608,12608,48.62,1,1,1,81,0,8,1,1,1,0,0,0,0,0,0,0,0,194,73.25,0,0,0,0,0,0,1,,,,,8,2,,0,1,1,0,0,0,0,,1,1,2,2,0,567,1,0,0,75,25.4209680337496,1,0,1,1,1,,0,0,0,0,0,,0,,1,1,0,0,0,,,0,72.6,0,27.2232304900182,3.30407067093143,1,0,0,1,71,1,1,14046,,13170,41,,51.6653459778636,1,Q4,high,high,Q4,Q4,CHF,,,,,
7,2810651199,2017-08-13,1820.2,2,1,164,49,77,93,1.25,29.5,270.9,5.7,4356,671.908453303802,6.5101221010403,1.19653767820774,0.179432118223793,1,4.2,31.78,29.96,1212.73,2,447.667035806571,6.10404973244132,1,65.63,0,4356,0,3,2,4356,0,,,1,4356,6125,,,6125,1769,,0,0,,,,0,0,4,0,4356,C10AX09,80 MG,C10,C10A,C10AA,C10AA01,81 MG,1,,,1,1,1,,,,,,C10AA01,"",,,,,,1,1,,,,,1,0,0,1,1,1,1,0,0,0,0,,1,110.1,2,010509CJB,342.122,3.54,3,192.6,3,170.966,3,,,31.78,1,1,1,81,0,,0,0,0,0,0,0,,,,,0,216,74.5,0,0,0,0,0,0,,1,,,,7,1,,0,1,1,0,,,0,,2,2,0,2,0,567,1,0,0,52,27.361935720223,0,0,1,1,1,140,0,1,1,0,1,1970,0,,,,0,0,0,,,0,99.6,1,108.896271686969,4.69039579323686,2,0,0,1,76,0,0,,8890,1970,2,4534,8.84090070136582,0,Q1,low,low,Q1-Q3,Q1-Q3,MI,12.4134154688569,1,1,1,0
1,2810651424,2018-01-26,950.3,2,1,177,54,45,97,0.65,5.7,80.7,5.9,11779,1177.57125154895,7.07120933492946,2.53121577217963,0.928699729679412,0,,47.06,,701.53,1,869.306071871128,6.76769527484278,1,61.5,0,11779,0,3,,11779,0,,,2,,5793,11779,13842,13842,2063,,0,0,,,,0,0,4,0,11779,M01AX25,400 MG,M01,M01A,M01AX,M01AX25,81 MG,1,1,,,,,,,,,,"","",,,,,,,,,,,,1,1,0,0,0,0,0,0,0,0,0,,1.87,39.28,2,021409CJB,264.912,2.06,41,178.7,41,126.4,8,12711,12711,47.06,0,1,1,81,0,2,1,1,1,0,0,0,0,0,0,0,0,177,64.25,0,0,0,0,0,0,1,,,,,8,1,,0,1,0,0,0,0,0,1,1,1,2,2,0,567,1,0,0,60,30.1462027018287,1,0,0,0,0,,0,0,0,0,0,,0,,,,0,0,1,,,0,114,1,70.6319702602231,4.25748287854674,2,0,0,0,96,0,1,,16495,,,,12.2663672036349,1,Q3,low,low,Q1-Q3,Q1-Q3,,,,,,
1,2810652311,2018-02-03,4565.2,2,1,165,59,144,99,1.17,16.1,125.5,5.6,12411,3637.60956175299,8.1990820310957,2.55330243337196,0.937387593198614,0,,69.98,,843.81,1,672.358565737052,6.51079177818583,1,69.38,0,12411,0,3,41,12411,1,2863,15274,1,4607,5736,12411,14500,14500,2089,,0,0,,,,0,1,4,1,12411,C10AA01,40 MG,C10,C10A,C10AA,C10AA01,81 MG,1,,,,,1,1,,,,,"","",,,,,,,,,,,,1,0,0,0,0,1,1,0,0,0,0,,0.66,70.96,2,021809bCJ,337.748,17.47,45,160.7,45,127.472,8,13258,13258,69.98,2,1,1,81,0,8,0,0,0,0,0,0,0,0,1,0,1,154,68,0,0,0,0,0,0,1,,,,,8,6,,0,1,1,0,0,0,1,,1,1,0,2,0,567,1,1,0,74,23.4157734751456,0,0,0,1,1,,0,0,0,0,0,,0,,,,0,0,1,,,0,77.2,1,128.286852589641,4.85426879240072,2,0,0,1,61,1,1,15310,,7974,11,,59.6329436352949,1,Q4,high,high,Q4,Q4,Atherothrombotic Infarction of Brain,,,,,
1,2810653471,2017-10-01,520.3,2,1,149,69,63,117,0.71,4.2,40.9,9,12450,1272.1271393643,7.14844569123559,2.91682242990654,1.07049481481483,0,,42.58,,402.96,1,985.232273838631,6.89287742437673,1,66.87,0,12450,0,3,,12450,0,,,2,4523,5817,12450,14519,14519,2069,,0,0,,,,0,0,4,0,12450,C10AA05,10 MG,C10,C10A,C10AA,C10AA05,81 MG,1,,,,1,1,1,,1,1,,"","",,,,,,,,,,,,1,0,0,0,1,1,1,0,1,1,0,,0.18,9.77,2,012009CJB,301.622,0.97,9,170.3,9,93.533,8,13863,13863,42.58,1,1,1,81,1,2,0,0,0,0,0,0,0,0,0,0,0,123,63,0,0,0,0,0,0,1,,,,,4,0,,0,1,1,1,0,0,0,1,1,1,0,2,0,567,1,0,0,65,21.7886150058014,0,1,1,1,1,,0,0,0,0,0,,0,,,,0,0,0,,,0,67.4,1,102.689486552567,4.6317097412227,2,1,0,1,89,0,1,,17655,,,,14.2935633636439,1,Q3,low,low,Q1-Q3,Q1-Q3,,,,,,
1,2810653643,2018-02-17,214.6,2,1,201,72,93,98,1.2,3,9.6,5.6,13148,2235.41666666667,7.7121829177109,,,,,46,,101.67,1,1059.0625,6.96513936180137,1,34.75,3,13148,1,2,2,13148,1,-4712,8436,2,5501,6668,13148,,,,13955,1,0,807,13955,,1,0,1,1,13148,C09AA03,20 MG,C09,C09A,C09AA,C09AA03,325 MG,1,,,1,1,,,1,,,,"","",,,,,,,,,,,,1,0,0,1,1,0,0,1,0,0,0,,9.35,42.28,2,022009CJB,288.91,3.3,49,165.3,49,97.277,8,13828,13828,46,1,2,1,325,0,2,1,1,,,,,1,0,1,0,1,120,60.5,0,0,0,0,0,0,,,,,,7,2,1,,,1,0,0,0,1,1,1,1,,,,4550,2,1,0,75,23.0502749100574,1,0,1,0,1,141,0,1,0,1,1,12095,0,,1,1,0,0,1,,,0,110.4,0,312.5,5.74460446917646,3,0,0,0,44,1,1,13963,,7867,6,,50.8049242424243,1,Q4,high,high,Q4,Q4,Angina,,,,,
1,2810653787,2017-10-28,1342,2,1,207,36,91,269,0.92,94.8,74.2,11,11716,1808.62533692722,7.50032235334638,1.22648752399232,0.204154412624168,1,,47.44,,835.97,1,1126.64420485175,7.02699876308811,1,64.63,,11716,0,3,1,11716,1,2118,13834,1,4202,5666,11716,13991,13991,2275,,0,0,,,,0,1,4,1,11716,B01AC06,325 MG,B01,B01A,B01AC,B01AC06,325 MG,1,,,,,,,,,,,"","",,,,,,,,,,,,1,0,0,0,0,0,0,0,0,0,0,,11.41,130.3,2,012309CJB,362.566,4.34,13,230.1,13,203.471,8,13067,13067,47.44,0,4,1,325,0,8,0,0,0,0,0,0,0,0,0,0,0,306,67,0,0,0,0,0,0,1,,,,,4,1,,0,1,0,0,0,0,0,,1,1,0,2,0,9100,2,0,0,63,47.9266897495702,0,0,0,0,0,140,0,1,1,0,1,13830,0,,,,0,0,0,,,0,152.8,1,1277.62803234501,7.15276053806978,3,1,0,0,88,1,1,,16859,13830,1,5143,20.5525606469003,1,Q4,high,high,Q1-Q3,Q4,MI,14.0807665982204,1,1,1,0
1,2810653997,2018-01-26,1742,2,1,120,41,62,111,1.21,14,141.1,5.8,12038,1234.58540042523,7.11849048454177,2.07827788649706,0.73153961159818,0,,44.68,,1342.15,1,951.204819277108,6.85772941188719,1,47.41,2,12038,1,2,,12038,0,,,1,4405,5675,12038,14132,14132,2094,,0,0,,,,0,0,3,0,12038,C10AB05,145 MG,C10,C10A,C10AB,C10AB05,325 MG,1,,,1,,1,1,,,,,"","",,,,,,,,,,,,1,0,0,1,0,1,1,0,0,0,0,,0.74,144,2,021709CJB,341.216,2.26,41,211,41,128.343,8,12963,12963,44.68,1,1,1,325,,8,0,0,0,0,0,0,0,0,0,0,0,175,69,0,0,0,0,0,0,1,,,,,8,7,,0,1,1,,0,0,0,,1,1,0,2,0,2275,2,0,0,69,25.8431518753397,0,0,1,1,1,141,0,1,0,1,0,,0,,,,0,0,1,,,0,66.6,1,99.2204110559887,4.59734374973863,2,0,0,1,61,0,1,,16747,12226,30,4709,20.2391049250038,0,Q3,low,high,Q1-Q3,Q1-Q3,IC,12.8925393566051,1,1,1,0
7,2810654721,2017-08-10,4214.5,2,1,165,42,86,90,1.3,8.2,265.2,6,4592,1589.17797888386,7.37097216711392,2.7809667673716,1.02279862529607,0,2.4,27.2,28.14,1664,2,627.450980392157,6.44166554905754,1,68.47,0,4592,0,3,2,4592,0,,,2,4592,6560,,,6560,1968,7739,1,0,3147,7739,,0,0,4,0,4592,C09CA01,100/25 MG,C03,C03A,C03AA,C03AA03,81 MG,1,,,,1,,,,,,,C03AA03,"",,,,,,,,1,,,,1,0,0,0,1,0,0,1,0,0,0,,10.73,52.64,2,122208CJB,236.224,3.32,1,155.7,1,118.007,3,,,27.2,1,1,1,81,0,,0,0,0,0,0,0,,,,,0,191,65.75,0,0,0,0,0,0,,1,,,,8,6,,0,1,1,0,,,0,,2,2,0,2,0,567,1,0,0,76,31.0632910297034,0,0,1,0,1,,0,0,0,0,1,1401,0,,1,1,0,0,0,,,0,105.8,1,30.920060331825,3.43140517494064,2,0,0,0,46,0,1,,9269,1401,2,4677,34.5473473670405,0,Q3,high,high,Q4,Q1-Q3,MI,12.8049281314168,1,1,1,0
1,2810655504,2017-12-14,732.6,2,1,171,24,406,111,0.96,3,69.7,5.8,11520,1051.07604017217,6.95756971856633,1.45991902834008,0.37838097414124,1,,63.58,,1233.07,1,1769.11047345768,7.47823214187505,1,,3,11520,,,1,11520,0,,,1,,5669,11520,13725,13725,2205,8523,1,1,-2997,8523,,0,0,,0,11520,M01AB01,25 MG,M01,M01A,M01AB,M01AB01,325 MG,1,1,,1,1,1,1,,,,,"","",,,,,,,,,,,,1,1,0,1,1,1,1,0,0,0,0,,0.35,167.9,2,020309bCJ,405.75,1.54,24,195.1,24,187.161,8,12707,12707,63.58,0,1,1,325,0,8,0,0,0,0,0,0,0,,0,0,0,193,70.75,0,0,0,0,0,0,1,,,,,2,6,,0,1,0,0,0,,0,,1,1,0,2,0,2275,2,0,0,62,27.1087837559561,0,0,0,1,0,141,0,1,1,1,1,4084,0,,1,1,1,0,0,,,0,65.8,0,43.0416068866571,3.76216724988377,2,0,0,1,84,0,0,,16495,4084,1,4975,12.5128100020496,0,Q2,low,low,Q1-Q3,Q1-Q3,MI,13.6208076659822,1,1,1,0
1,2810657073,2017-10-30,975.7,2,1,158,38,176,188,0.93,84.6,56.1,8,11546,1739.21568627451,7.46118953557335,1.36842105263158,0.313657558855042,1,,53.02,,1049.97,1,1871.60427807487,7.53455124477427,1,68.99,0,11546,0,3,2,11546,1,4407,15953,2,4330,5695,11546,13693,13693,2147,4330,1,1,-7216,4330,,0,1,4,1,11546,C10AB04,600 MG,C10,C10A,C10AB,C10AB04,325 MG,1,,,1,,1,,,,1,,"","",,,,,,,,,,,,1,0,0,1,0,1,0,0,0,1,0,,2.58,110.7,2,012609CJB,335.6,6.52,15,127.3,15,118.359,8,12856,12856,53.02,1,1,1,325,1,2,0,0,0,0,0,0,0,0,0,0,0,168,64.75,0,0,0,0,0,0,1,,,,,3,4,,0,1,1,1,0,0,0,1,1,1,0,2,0,2275,2,0,0,77,28.1731461928958,0,1,1,1,1,,0,0,0,0,1,6728,0,,1,3,1,0,1,,,0,84.8,1,1508.02139037433,7.31855373306566,3,1,1,0,59,1,1,16288,,6728,2,,29.4782319707544,1,Q4,high,high,Q4,Q4,MI,,,,,
1,2810657123,2018-02-01,980.7,2,1,133,49,66,105,0.83,3,105.9,5.7,11763,926.062322946176,6.83094153577901,2.47385620915033,0.905778151485068,0,,43.46,,843.74,1,796.732766761095,6.68051932364539,1,66.02,0,11763,0,3,,11763,0,,,2,4383,5631,11763,13923,13923,2160,,0,0,,,,0,0,4,0,11763,M01AX05,750 MG,M01,M01A,M01AX,M01AX25,81 MG,1,1,,1,,1,1,1,,,,M01AX25,"",,1,,,,,,,,,,1,1,0,1,0,1,1,1,0,0,0,,0.71,54.85,2,021809CJB,560.52,1.21,43,153.1,43,105.879,8,12648,12648,43.46,1,1,1,81,0,2,0,0,0,0,0,0,0,0,0,0,0,167,63.25,0,0,0,0,0,0,1,,,,,3,6,,0,1,1,0,0,0,0,1,1,1,0,2,0,567,1,0,0,64,29.3495214308462,0,0,1,1,1,,0,0,0,0,0,,0,,,,0,0,0,,,0,70.8,0,28.328611898017,3.34387231504289,1,0,0,1,75,0,0,,16429,7683,6,4666,12.3474976392823,0,Q2,low,low,Q1-Q3,Q1-Q3,Angina,12.7748117727584,1,1,1,0
1,2810657417,2017-10-22,323.7,2,1,138,52,133,93,1.27,3,69.3,5.9,11317,467.099567099567,6.14654244072443,1.42138364779874,0.351630797052054,1,,35.96,,439.16,1,633.708513708514,6.45158909115877,1,65.25,0,11317,0,3,,11317,0,,,1,4239,5844,11317,13461,13461,2144,10357,1,1,-960,10357,,0,0,4,0,11317,C10AX09,40 MG,C10,C10A,C10AA,C10AA01,325 MG,1,,,1,,1,,,,,,C10AA01,"",,,,,,1,1,,,,,1,0,0,1,0,1,1,0,0,0,0,,2.19,62.12,2,012109CJB,627.31,1.64,10,226.8,10,130.144,8,12712,12712,35.96,1,1,1,325,0,8,0,0,0,0,0,0,0,1,0,1,0,199,67.25,0,0,0,0,0,0,1,,,,,7,8,,0,1,1,0,1,1,0,,1,1,0,2,0,2275,2,0,0,69,30.9367089623194,0,0,1,1,1,141,0,1,1,1,0,,0,,1,1,1,0,1,,,0,59.4,0,43.2900432900433,3.76792266145439,2,0,0,1,57,0,0,,16504,10083,6,5187,8.19472924736083,1,Q1,low,low,Q1-Q3,Q1-Q3,Angina,14.2012320328542,1,1,1,0
7,2810657649,2017-08-22,4879.7,2,1,193,76,41,84,0.96,26.6,193.4,5.3,3443,2523.11271975181,7.83324862451656,2.4453044375645,0.894169629516877,0,,33.44,,1828.24,1,945.315408479835,6.85151863739353,1,71.02,0,3443,0,3,,3443,0,,,1,3443,5214,,,5214,1771,,0,0,,,,0,0,4,0,3443,B01AC06,81 MG,B01,B01A,B01AC,B01AC06,81 MG,1,,,,,,,,,,,"","",,,,,,,,,,,,1,0,0,0,0,0,0,0,0,0,0,,1.79,20.33,2,010809CJB,191.252,0.99,5,196.3,5,126.971,3,,,33.44,0,1,1,81,0,,0,0,0,0,0,0,,,,,0,157,70.25,0,0,0,0,0,0,,1,,,,6,6,,0,1,0,0,,,0,,2,2,0,2,0,567,1,0,0,72,22.3672508235836,0,0,0,0,0,,0,0,0,0,0,,0,,,,0,0,1,,,0,108.8,1,137.538779731127,4.9239059117506,2,0,0,0,91,1,1,,7847,,,,27.726513403866,1,Q4,high,high,Q4,Q4,,,,,,
1,2810657955,2017-12-23,1186,2,1,171,56,165,118,0.74,5.5,67.7,5.9,12552,1751.84638109306,7.46842558562753,1.73022912047302,0.548253839320123,0,,31,,551.64,1,814.830132939439,6.702979665676,1,,3,12552,,,1,12552,1,3312,15864,2,4585,5812,12552,,,,,0,0,,,,0,1,,1,12552,C10AX06,1000 MG,C10,C10A,C10AX,C10AX06,81 MG,1,,,1,1,1,1,,,,,"","",,,,,,,,,,,,1,0,0,1,1,1,1,0,0,0,0,,0.25,87.96,2,020609CJB,322.25,1.96,30,182.4,30,130.153,8,13651,13651,31,1,1,1,81,0,2,0,0,0,0,0,0,0,0,0,0,0,157,63.75,0,0,0,0,0,0,1,,,,,3,2,,0,1,1,0,0,0,0,1,1,1,0,2,0,567,1,0,0,69,27.1609456713723,0,0,1,1,1,,0,0,0,0,1,7657,0,,,,0,0,0,,,0,82,1,81.2407680945347,4.39741719130233,2,0,0,1,83,1,1,15888,,7657,1,,21.1065829047356,1,Q4,high,high,Q1-Q3,Q4,MI,,,,,
1,2810657964,2017-10-01,1023.9,2,1,166,43,135,86,1.95,271.7,105.5,6.6,11435,970.521327014218,6.87783337765274,2.05544286680189,0.720491331689468,0,,60.7,,616.81,1,584.654028436019,6.37102026790043,1,64.27,0,11435,0,3,2,11435,1,-1133,10302,1,4356,5693,11435,,,,,0,0,,,,1,0,2,1,11435,C10AA05,10 MG,C10,C10A,C10AA,C10AA05,"",,,,1,1,1,1,1,,1,,"","",,,,,,,,,,,,0,0,0,1,1,1,1,1,0,1,0,,2.92,66.43,2,012009CJB,340.41,1.64,9,207,9,151.684,8,12848,12848,60.7,1,1,1,325,1,8,1,0,0,75,0,0,0,0,1,0,0,161,66.75,0,0,0,0,0,0,1,,,,,6,7,,0,1,1,1,0,0,0,,1,1,1,2,0,2275,2,1,0,78,25.4055703162536,0,1,1,1,1,141,1,1,0,1,1,10302,0,,,,0,0,1,,,0,96,1,2575.35545023697,7.85374284249832,3,1,0,1,32,0,0,13204,,8224,30,,30.3287914691943,1,Q2,low,high,Q4,Q1-Q3,IC,,,,,
1,2810658869,2017-09-27,3833.6,2,1,192,38,411,110,1.34,4.8,106.1,5.2,11958,3613.19509896324,8.19234772884923,2.11621856027754,0.749630798018188,0,,55.02,,1319.93,1,1244.04335532517,7.12612212423938,1,66.96,0,11958,0,3,15,11958,0,,,2,4517,5727,11958,,,,,0,0,,,,0,0,4,0,11958,M01AX25,400 MG,M01,M01A,M01AX,M01AX25,81 MG,1,1,,1,,1,1,,,,,"","",,,,,,,,,,,,1,1,0,1,0,1,1,0,0,0,0,,4.17,112.7,2,011609CJB,316.558,3.1,8,301.4,8,193.487,8,13386,13386,55.02,1,1,1,81,0,2,1,0,0,75,0,0,0,0,0,0,0,143,62.75,0,0,0,0,0,0,1,,,,,2,8,,0,1,1,0,0,0,0,1,1,1,1,2,0,567,1,0,0,77,25.5337257710277,0,0,1,1,1,,0,0,0,0,0,,1,12125,,,0,0,0,,,0,71.8,1,45.2403393025448,3.81198915127604,2,0,0,1,38,1,1,12130,,8771,11,,95.0840815516643,1,Q4,high,high,Q4,Q4,Atherothrombotic Infarction of Brain,,,,,
1,2810659265,2017-11-23,2384.1,2,1,151,61,79,113,1.17,28.6,199,5.9,12469,1198.04020100503,7.08844233487784,3.59508041627247,1.27956635984424,0,,37.2,,1292.15,1,649.321608040201,6.47592813793838,1,,0,12469,,,,12469,0,,,1,4574,5793,12469,14585,14585,2116,15813,1,0,2569,15038,,0,0,,0,12469,M01AX05,TAB,M01,M01A,M01AX,M01AX25,81 MG,1,1,,,,1,1,,,,,M01AX25,"",,1,,,,,,,,,,1,1,0,0,0,1,1,0,0,0,0,,0.87,85.98,2,013009CJB,515.254,2.71,20,252.1,20,118.893,8,13713,13713,37.2,0,1,1,81,0,8,0,0,0,0,0,0,0,0,0,0,0,225,69,0,0,0,0,0,0,1,,,,,4,6,,0,1,0,0,0,0,0,,1,1,0,2,0,567,1,0,0,79,33.2269095540081,0,0,0,1,0,,0,0,0,0,0,,0,,1,4,0,0,0,,,0,74.2,1,143.718592964824,4.96785717208345,2,0,0,1,59,0,1,,17501,,,,20.3057661187292,1,Q3,low,high,Q1-Q3,Q1-Q3,,,,,,
1,2810659860,2017-09-30,1576,2,1,209,84,64,95,1.15,48.5,119.4,5.5,12316,1319.93299832496,7.18533625544741,2.63245492371706,0.967916841884924,0,,38.14,,1054.96,1,883.55108877722,6.78394911552903,1,66.95,0,12316,0,3,,12316,0,,,2,4543,5775,12316,14414,14414,2098,,0,0,,,,0,0,4,0,12316,B01AC06,81 MG,B01,B01A,B01AC,B01AC06,81 MG,1,,,,,,,,,,,"","",,,,,,,,,,,,1,0,0,0,0,0,0,0,0,0,0,,0.73,16.06,2,011609CJB,439.542,4.22,9,224,9,166.607,8,13737,13737,38.14,1,1,1,81,0,2,0,0,0,0,0,0,0,0,0,0,1,112,61,0,0,0,0,0,0,1,,,,,5,6,,0,1,1,0,0,0,1,1,1,1,0,2,0,567,1,1,0,80,21.1623535313719,0,0,1,0,1,,0,0,0,0,0,,0,,,,0,0,0,,,0,112.2,1,406.197654941374,6.00683987596707,3,0,0,0,45,0,1,,17529,,,,29.3318444072213,1,Q3,high,high,Q4,Q1-Q3,,,,,,
1,2810660483,2018-01-10,494.1,2,1,178,90,45,88,0.79,3,66.7,5.6,11530,740.779610194903,6.60770315891822,2.13125,0.75670866204969,0,,32.24,,507.13,1,760.314842578711,6.63373261404662,1,72.85,0,11530,0,3,,11530,0,,,2,4362,5664,11530,14036,14036,2506,14036,1,0,1251,12781,,0,0,4,0,11530,M01AX05,1200 MG,M01,M01A,M01AX,M01AX05,0.81 MG,1,1,,,,1,1,,,,,"","",,,,,,,,,,,,1,1,0,0,0,1,1,0,0,0,0,,1.54,16.64,2,021209CJB,314.34,0.99,38,218.5,38,115.139,8,12519,12519,32.24,0,1,1,81,0,2,0,0,0,0,0,0,0,0,0,0,0,140,65.25,0,0,0,0,0,0,1,,,,,7,6,,0,1,0,0,0,0,0,1,1,1,0,2,0,567,1,0,0,72,23.1191901147179,0,0,0,1,0,,0,0,0,0,0,,0,,1,3,0,0,1,2,12777,0,79,0,44.9775112443778,3.80616261472867,2,0,0,1,75,0,0,,16303,,,,9.87706146926537,1,Q1,low,low,Q1-Q3,Q1-Q3,,,,,,
1,2810660739,2017-11-26,207.6,2,1,166,51,76,97,0.89,3,23.4,5.6,11699,887.179487179487,6.78804731491617,3.10110294117647,1.13175783569003,0,,47,,206.7,1,883.333333333333,6.78370263031216,1,73.73,0,11699,0,3,,11699,0,,,2,4354,5688,11699,13673,13673,1974,,0,0,,,,0,0,4,0,11699,C10AA05,10 MG,C10,C10A,C10AA,C10AA05,81 MG,1,,,,,1,1,,,,,"","",,,,,,,,,,,,1,0,0,0,0,1,1,0,0,0,0,,2.51,55.33,2,020309bCJ,402.072,1.03,24,175.9,24,161.658,8,12880,12880,47,0,1,1,81,0,2,0,0,0,0,0,0,0,0,0,0,0,141,62.25,0,0,0,0,0,0,1,,,,,6,2,,0,1,0,0,0,0,0,1,1,1,0,2,0,567,1,0,0,65,25.5826785423349,0,0,0,1,0,,0,0,0,0,0,,0,,,,0,0,0,,,0,99.8,0,128.205128205128,4.85363154528659,2,0,0,1,68,0,0,,16668,,,,13.0467571644042,1,Q2,low,low,Q1-Q3,Q1-Q3,,,,,,
1,2810660890,2018-02-22,2113.2,2,1,117,45,93,89,0.53,3,119,5.6,12407,1775.79831932773,7.48200535816672,,,,,36.54,,1226.55,1,1030.71428571429,6.93800732215266,1,,0,12407,,,2,12407,0,,,2,5032,5942,12407,,,,,0,0,,,,0,0,,0,12407,C10AA05,40 MG,C10,C10A,C10AA,C10AA05,81 MG,1,,,1,1,1,1,,,,,"","",,,,,,,,,,,,1,0,0,1,1,1,1,0,0,0,0,,3.21,36.91,2,022009CJB,633.714,10.47,49,79.8,49,50.101,8,13076,13076,36.54,1,1,1,81,0,2,0,0,0,0,0,0,0,0,0,0,0,163,59,,,,,,,1,,,,,3,2,,0,1,1,0,0,0,0,1,1,1,0,2,0,567,1,0,0,65,32.922226143217,0,0,1,1,1,,0,0,0,0,1,10987,0,,,,0,0,1,,,0,53.4,0,25.2100840336135,3.22724407453872,1,0,0,1,100,1,1,12545,,10987,2,,17.7579831932773,1,Q4,high,low,Q1-Q3,Q4,MI,,,,,
1,2810661015,2017-11-23,943.1,2,1,207,61,64,99,0.93,3.8,145.5,5.4,12197,648.178694158076,6.47416642092638,1.5,0.405465108108165,1,,40.36,,830.57,1,570.838487972509,6.34710631145233,1,62.98,0,12197,0,3,,12197,0,,,1,4522,5714,12197,14276,14276,2079,,0,0,,,,0,0,4,0,12197,C07AB03,50 MG,C07,C07A,C07AB,C07AB03,160 MG,1,,,1,,,,,,,,"","",,,,,,,,,,,,1,0,0,1,0,0,0,0,0,0,0,,0.81,71.74,2,013009CJB,300.094,0.76,21,242.1,21,164.402,8,13432,13432,40.36,1,1,1,160,0,8,0,0,0,0,0,0,0,0,0,0,0,206,70,0,0,0,0,0,0,1,,,,,4,1,,0,1,1,0,0,0,0,,1,1,0,2,0,1120,2,0,0,54,29.5581162590897,0,0,1,0,1,,0,0,0,0,0,,0,,,,0,0,0,,,0,133.2,0,26.1168384879725,3.26258025910293,1,0,0,0,93,0,0,,16995,,,,6.96966337804382,1,Q1,low,low,Q1-Q3,Q1-Q3,,,,,,
1,2810661760,2018-01-14,1345.2,2,1,177,90,167,96,0.9,105.5,141.9,5.5,11864,947.991543340381,6.85434558168821,1.57318141980719,0.453099951060304,1,,45.64,,1387.64,1,977.899929527837,6.88540734325343,1,71.1,0,11864,0,3,,11864,0,,,1,4326,5659,11864,13764,13764,1900,,0,0,,,,0,0,4,0,11864,C10AX06,10/20 MG,C09,C09A,C09AA,C09AA07,325 MG,1,,,,1,1,1,,,,,C09AA07,"",,,,,1,,,,,,,1,0,0,0,1,1,1,0,0,0,0,,1.04,55.36,2,021409CJB,160.832,2.26,41,183.9,41,94.243,8,12799,12799,45.64,1,1,1,325,0,8,0,0,0,0,0,0,0,0,0,0,0,171,67.5,0,0,0,0,0,0,1,,,,,6,8,,0,1,1,0,0,0,0,,1,1,0,2,0,2275,2,0,0,65,26.3872527745056,0,0,1,1,1,,0,0,0,0,0,,0,,,,0,0,0,,,0,53.6,1,743.481324876674,6.61134364773226,3,0,0,1,89,0,0,,16583,,,,10.651590374611,1,Q2,low,low,Q1-Q3,Q1-Q3,,,,,,
1,2810661954,2018-01-28,1723,2,1,138,48,78,112,0.89,30.3,219.9,5.5,12393,783.537971805366,6.66381952495531,,,,,37.26,,1666.6,1,757.889949977262,6.63053819037548,1,48.9,2,12393,1,2,1,12393,0,,,1,4587,5706,12393,14553,14553,2160,14870,1,0,605,12998,,0,0,3,0,12393,M01AE01,200 MG,M01,M01A,M01AE,M01AE01,81 MG,1,1,,1,1,1,1,,,,,"","",,,,,,,,,,,,1,1,0,1,1,1,1,0,0,0,0,,0.93,64.53,2,021809CJB,301.31,1.41,43,169,43,132.354,8,13278,13278,37.26,1,2,1,81,0,8,0,0,0,0,0,0,0,0,0,0,0,212,70.75,0,0,0,0,0,0,1,,,,,3,1,,0,1,1,0,0,0,0,,1,1,0,2,0,1134,2,0,0,66,29.7775241257134,0,0,1,1,1,141,0,1,0,1,1,8637,0,,1,2,0,0,0,,,0,74.4,1,137.789904502046,4.92573009393675,2,0,0,1,89,0,0,,16809,8521,6,4416,8.80379743601535,0,Q1,low,low,Q1-Q3,Q1-Q3,Angina,12.0903490759754,1,1,1,0
1,2810661983,2017-12-16,1537.3,2,1,137,26,159,97,1.11,11.2,137.7,5.6,11571,1116.4124909223,7.01787569017204,2.11967545638945,0.751262990356221,0,,41.12,,999.95,1,726.180101670298,6.58779805798558,1,64.34,0,11571,0,3,,11571,0,,,1,4355,5398,11571,13770,13770,2199,,0,0,,,,0,0,4,0,11571,C10AX09,10 MG,C10,C10A,C10AX,C10AX09,81 MG,1,,,,,1,,,,,,"","",,,,,,,,,,,,1,0,0,0,0,1,0,0,0,0,0,,0.43,107.6,2,020509CJB,268.082,1.78,28,244.9,28,180.159,8,12700,12700,41.12,0,1,1,81,0,8,0,0,0,0,0,0,0,0,0,0,0,180,70.25,0,0,0,0,0,0,1,,,,,3,6,,0,1,0,0,0,0,0,,1,1,0,2,0,567,1,0,0,72,25.6439818359557,0,0,0,1,0,,0,0,0,0,0,,0,,,,0,0,0,,,0,79.2,1,81.3362381989833,4.39859165154858,2,0,1,0,66,0,0,,16486,,,,16.9153407715499,1,Q2,low,low,Q1-Q3,Q1-Q3,,,,,,
1,2810663514,2017-12-02,222.9,2,1,163,72,77,90,1.06,3,22.8,5.7,12489,977.631578947368,6.88513289041952,,,,,39.62,,222.97,1,977.938596491228,6.88544688328998,1,68.79,0,12489,0,3,1,12489,1,3480,15969,2,4599,5786,12489,14686,14686,2197,8832,1,1,-3657,8832,,0,1,4,1,12489,M01AX05,TAB,M01,M01A,M01AX,M01AX25,325 MG,1,1,,1,,1,1,,,,,M01AX25,"",,1,,,,,,1,,,,1,1,0,1,0,1,1,1,0,0,0,,0.7,49.69,2,020409CJB,488.958,1.95,25,209.3,25,101.107,8,13657,13657,39.62,0,1,1,325,0,2,0,0,0,0,0,0,0,0,0,0,0,146,64,0,0,0,0,0,0,1,,,,,7,0,,0,1,0,0,0,0,0,1,1,1,0,2,0,2275,2,0,0,71,25.0610071532643,0,0,0,1,0,,0,0,0,0,1,15969,0,,1,1,1,0,0,,,0,75.6,0,131.578947368421,4.87960703168985,2,0,0,1,53,0,0,,17445,15969,1,4956,18.4458788480636,0,Q2,low,high,Q1-Q3,Q1-Q3,MI,13.5687885010267,1,1,1,0
1,2810663875,2018-01-01,1413.6,2,0,159,63,58,99,0.85,25.2,163.3,5.4,11616,865.646050214329,6.76347610701716,2.43690851735016,0.89073023489462,0,,38.78,,1512.67,1,926.313533374158,6.83121276629485,1,74.27,0,11616,0,3,,11616,0,,,2,4316,5653,11616,13792,13792,2176,,0,0,,,,0,0,4,0,11616,C10AA03,20 MG,C10,C10A,C10AA,C10AA03,81 MG,1,,,1,,1,1,1,,,,"","",,,,,,,,,,,,1,0,0,1,0,1,1,1,0,0,0,,1.66,103,2,021009CJB,412.41,1.58,34,219.6,34,130.62,8,12659,12659,38.78,1,1,1,81,0,2,0,0,0,0,0,0,0,0,0,0,0,142,64.75,0,0,0,0,0,0,,1,,,1,8,6,,0,1,1,0,0,0,0,1,2,2,0,2,0,567,1,0,0,65,23.8130164249476,0,0,1,1,1,141,0,1,0,1,0,,0,,,,0,0,0,,,0,84.4,1,154.317207593386,5.0390102735231,2,0,0,1,83,0,0,,16444,9947,6,4828,10.42947048451,0,Q2,low,low,Q1-Q3,Q1-Q3,Angina,13.2183436002738,1,1,1,0
1,2810663940,2018-02-22,1549.7,2,1,202,48,90,112,0.85,3.9,160,5.5,12621,968.5625,6.87581301354755,2.24216349108789,0.807441243975184,0,,42.12,,1761.61,1,1101.00625,7.00397981336415,1,67.83,0,12621,0,3,,12621,0,,,1,4676,5719,12621,,,,,0,0,,,,0,0,4,0,12621,B01AC06,81 MG,B01,B01A,B01AC,B01AC06,81 MG,1,,,,,,,,,,,"","",,,,,,,,,,,,1,0,0,0,0,0,0,0,0,0,0,,0.99,73.97,2,022009CJB,489.188,1.11,49,190.6,49,170.356,8,13289,13289,42.12,0,1,1,81,0,8,0,0,0,0,0,0,0,0,0,0,0,180,69.5,0,0,0,0,0,0,1,,,,,6,2,,0,1,0,0,0,0,0,,1,1,0,2,0,567,1,0,0,61,26.200435403821,0,0,0,0,0,,0,0,0,0,0,,0,,,,0,0,0,,,0,136,1,24.375,3.19355801688391,1,0,0,0,94,0,0,,14663,,,,10.3038563829787,1,Q2,low,low,Q1-Q3,Q1-Q3,,,,,,
1,2810663943,2017-10-22,260.7,2,1,174,38,95,97,0.75,3,27.3,5.5,12393,954.945054945055,6.86165380473663,2.39987900786449,0.875418322693306,0,,35.1,,330.03,1,1208.9010989011,7.09746704321663,1,65.61,0,12393,0,3,,12393,0,,,1,4531,5767,12393,14450,14450,2057,,0,0,,,,0,0,4,0,12393,B01AC06,81 MG,B01,B01A,B01AC,B01AC06,81 MG,1,,,,,,,,,,,"","",,,,,,,,,,,,1,0,0,0,0,0,0,0,0,0,0,,0.84,13.16,2,012109CJB,288.786,2.94,11,187,11,156.914,8,13785,13785,35.1,0,1,1,81,1,8,0,0,0,0,0,0,0,0,0,0,0,146,65.75,0,0,0,0,0,0,1,,,,,3,6,,0,1,0,1,0,0,0,,1,1,0,2,0,567,1,0,0,79,23.7447146090927,0,0,0,0,0,,0,0,0,0,0,,0,,,,0,0,0,,,0,117,0,109.89010989011,4.69948086545933,2,0,0,0,87,0,0,,17577,,,,10.9763799418972,1,Q2,low,low,Q1-Q3,Q1-Q3,,,,,,
1,2810665511,2017-10-30,1349.6,2,1,198,53,234,127,1.03,3,143.5,6,12491,940.487804878049,6.84639868202017,0.506358004564721,-0.680511340965565,1,,41.26,,2258.27,1,1573.70731707317,7.36118946319452,1,74.73,0,12491,0,3,,12491,0,,,1,4511,5806,12491,14514,14514,2023,,0,0,,,,0,0,4,0,12491,M01AE01,200 MG,M01,M01A,M01AE,M01AE01,"",,1,,1,1,1,,,,1,,"","",,,,,,,,,,,,0,1,0,1,1,1,0,0,0,1,0,,0.53,101.1,2,012709CJB,394.996,1.21,16,199.7,16,141.333,8,13794,13794,41.26,1,1,1,325,1,8,1,1,1,0,0,0,0,0,0,0,0,202,67.75,0,0,0,0,0,0,,,,,,4,8,1,0,1,1,1,0,0,0,,1,1,2,2,0,2275,2,0,0,65,30.9412876284121,1,1,1,1,1,,0,0,0,0,0,,0,,,,0,0,0,,,0,98.2,0,20.9059233449477,3.04003253245057,1,1,1,0,76,0,0,,17585,,,,12.3748395378691,1,Q2,low,low,Q1-Q3,Q1-Q3,,,,,,
1,2810665635,2017-11-23,1634.6,2,1,182,78,100,92,0.75,3,54.1,5.5,12040,3021.44177449168,8.01348940521769,1.68265162200282,0.520370895565789,0,,46.28,,333.65,1,616.728280961183,6.42442853948527,1,63.42,0,12040,0,3,,12040,0,,,2,4606,5713,12040,14171,14171,2131,,0,0,,,,0,0,4,0,12040,C10AA05,10 MG,C10,C10A,C10AA,C10AA05,81 MG,1,,,1,1,1,1,,,,,"","",,,,,,,,,,,,1,0,0,1,1,1,1,0,0,0,0,,1.55,38.67,2,013009CJB,479.796,1.07,20,186.8,20,104.889,8,13279,13279,46.28,1,1,1,81,0,2,0,0,0,0,0,0,0,0,0,0,0,144,61.5,0,0,0,0,0,0,1,,,,,3,6,,0,1,1,0,0,0,0,1,1,1,0,2,0,567,1,0,0,76,26.7681201632481,0,0,1,1,1,,0,0,0,0,0,,0,,,,0,0,1,,,0,84,0,55.452865064695,4.01553338179781,2,0,0,1,77,1,1,,17067,,,,39.239503564827,1,Q4,high,high,Q4,Q4,,,,,,
1,2810666011,2017-10-25,2179.1,2,1,167,53,215,134,0.93,6.7,105.3,6.4,11749,2069.42070275404,7.63502399335104,0.983929875821768,-0.0162006488780849,1,,56.34,,1515.29,1,1439.02184235518,7.27171888561524,1,67.41,0,11749,0,3,,11749,0,,,2,4272,5632,11749,,,,,0,0,,,,0,0,4,0,11749,C10AA05,10 MG,C10,C10A,C10AA,C10AA05,325 MG,1,,,1,1,1,1,,,1,,"","",,,,,,,,,,,,1,0,0,1,1,1,1,0,0,1,0,,7.47,487.9,2,012209CJB,356.992,2.96,12,185.4,12,109.766,8,13114,13114,56.34,1,2,2,325,1,2,1,1,1,0,0,0,0,0,0,0,0,258,61.5,0,0,0,0,0,0,1,,,,,4,1,,0,1,1,1,0,0,0,1,1,1,2,2,0,650,2,0,0,60,47.9595486258194,1,1,1,1,1,,0,0,0,0,0,,0,,,,0,0,0,,,0,71,1,63.627730294397,4.15304938623913,2,1,0,1,67,1,1,,16906,,,,30.886876160508,1,Q4,high,high,Q4,Q4,,,,,,
1,2810666192,2017-12-31,4322.1,2,1,169,47,212,84,1.02,3.8,85.2,5.5,12588,5072.88732394366,8.53166542638836,1.15690235690236,0.145746051307401,1,,40.04,,1058.42,1,1242.27699530516,7.1247012612225,1,,0,12588,,,,12588,0,,,2,4571,5796,12588,14990,14990,2402,,0,0,,,,0,0,,0,12588,C10AX06,1200 MG,C10,C10A,C10AX,C10AX06,81 MG,1,,,,,1,1,1,,,,"","",,,,,,,,,,,,1,0,0,0,0,1,1,1,0,0,0,,6.49,63.07,2,020909CJB,571.742,3.96,32,235.9,32,151.236,8,13658,13658,40.04,1,1,1,81,0,2,0,0,0,0,0,0,0,0,0,0,0,142,65.75,0,0,0,0,0,0,1,,,,,3,6,,0,1,1,0,0,0,0,1,1,1,0,2,0,567,1,0,0,75,23.0941744828161,0,0,1,1,1,,0,0,0,0,0,,0,,,,0,0,0,,,0,79.6,0,44.6009389671362,3.79775491187921,2,0,0,1,54,1,1,,17398,13363,11,4810,93.9423578508086,0,Q4,high,high,Q4,Q4,Atherothrombotic Infarction of Brain,13.1690622861054,1,1,1,0
1,2810666771,2017-09-27,313.2,2,1,209,79,73,101,0.64,3,19.9,5.6,11321,1573.86934673367,7.36129241837429,2.44836956521739,0.895422319439407,0,,57.78,,245.27,1,1232.51256281407,7.11681009881749,1,75.26,0,11321,0,3,,11321,0,,,2,4297,5655,11321,13540,13540,2219,,0,0,,,,0,0,4,0,11321,C10AX06,81 MG,C10,C10A,C10AX,C10AX06,81 MG,1,,,,,1,,,,,,"","",,,,,,,,,,,,1,0,0,0,0,1,0,0,0,0,0,,10.52,26.28,2,011609CJB,234.262,4.91,8,177.6,8,101.459,8,12755,12755,57.78,0,1,1,81,0,2,0,0,0,0,0,0,0,0,0,0,0,125,60,0,0,0,0,0,0,1,,,,,2,6,,0,0,0,0,0,0,0,1,1,1,0,,0,567,1,0,0,70,24.4125488250977,0,0,0,0,0,,0,0,0,0,0,,0,,,,0,0,0,,,0,115.4,0,150.753768844221,5.0156478359198,2,0,1,0,90,0,1,,16548,,,,17.4874371859297,1,Q3,high,low,Q1-Q3,Q1-Q3,,,,,,
1,2810667273,2018-12-17,1777.6,2,1,127,34,145,87,1.16,9.1,278.8,5.8,12552,637.589670014347,6.45769492598709,1.04423592493298,0.0432854456669875,1,,39.38,,1883.05,1,675.412482065997,6.51532358877862,1,64.52,0,12552,0,3,,12552,0,,,1,4909,6002,12552,14395,14395,1843,,0,0,,,,0,0,4,0,12552,C10AB05,160/25 MG,C03,C03A,C03AA,C03AA03,81 MG,1,,,1,1,1,1,,,,,C03AA03,"",,,,,,,,1,,,,1,0,0,1,1,1,1,1,0,0,0,,0.9,61.41,2,020609CJB,642.402,2.9,29,130.2,29,77.842,8,13665,13665,39.38,1,1,1,81,0,8,0,0,0,0,0,0,0,0,0,0,0,168,65,0,0,0,0,0,0,1,,,,,7,1,,0,1,1,0,0,0,0,,1,1,0,2,0,567,1,0,0,56,27.9568464462373,0,0,1,1,1,,0,0,0,0,0,,0,,,,0,0,0,,,0,64,1,32.6398852223816,3.48553501361857,2,0,0,1,70,0,0,,17451,,,,9.10842385734782,1,Q1,low,low,Q1-Q3,Q1-Q3,,,,,,
1,2810667645,2018-12-08,4759.3,2,1,198,70,156,100,0.78,3.4,121.9,5.4,12530,3904.26579163249,8.26982502708859,2.30012004801921,0.832961316363963,0,,39.24,,1537.51,1,1261.28794093519,7.13988865322543,1,65.71,0,12530,0,3,,12530,0,,,1,4578,5798,12530,14744,14744,2214,,0,0,,,,0,0,4,0,12530,M01AX05,500 MG,M01,M01A,M01AX,M01AX05,81 MG,1,1,,,,,,,,,,"","",,,,,,,,,,,,1,1,0,0,0,0,0,0,0,0,0,,1.55,51.22,2,020609CJB,407.736,1.77,29,183.3,29,100.954,8,13644,13644,39.24,0,1,1,81,0,8,0,0,0,0,0,0,0,0,0,0,0,192,70,0,0,0,0,0,0,1,,,,,8,6,,0,1,0,0,0,0,0,,1,1,0,2,0,567,1,0,0,68,27.5493122414816,0,0,0,0,0,,0,0,0,0,0,,0,,,,0,0,1,,,0,96.8,0,27.8917145200984,3.32832967411703,1,0,0,0,93,1,1,,17430,,,,41.9813525981988,1,Q4,high,high,Q4,Q4,,,,,,
1,2810667883,2017-10-28,570.5,2,1,142,50,95,198,0.91,50,61,7.6,12357,935.245901639344,6.84080949111691,1.32064834390416,0.278122785638325,1,,45.42,,499.59,1,819,6.70808408385307,1,56.1,0,12357,0,3,2,12357,0,,,1,4565,5792,12357,14419,14419,2062,13386,1,0,1029,13386,,0,0,4,0,12357,C10AA01,80 MG,C10,C10A,C10AA,C10AA01,325 MG,1,,,,,1,1,1,,1,,"","",,,,,,,,,,,,1,0,0,0,0,1,1,1,0,1,0,,4.49,99.78,2,012309CJB,503.668,2.98,13,159.5,13,97.134,8,13708,13708,45.42,1,1,1,325,1,8,0,0,0,0,0,0,0,0,0,0,0,186,66.25,0,0,0,0,0,0,1,,,,1,6,1,,0,0,1,1,0,0,0,,1,1,0,,0,2275,2,0,0,63,29.7952333889716,0,1,1,1,1,141,0,1,0,1,1,12968,0,,1,1,0,0,0,,,0,73,1,819.672131147541,6.70890442023697,3,1,0,1,89,0,0,,17500,12968,2,5143,10.508380917296,1,Q2,low,low,Q1-Q3,Q1-Q3,MI,14.0807665982204,1,1,1,0
1,2810667911,2017-10-29,931.9,2,1,214,52,61,98,0.89,3.2,101.7,5.7,12470,916.322517207473,6.82036839572519,2.33964646464646,0.849999834470934,0,,21.54,,911.73,1,896.489675516224,6.7984867765441,1,61.74,0,12470,0,3,,12470,0,,,1,,6916,12470,14769,14769,2299,,0,0,,,,0,0,4,0,12470,"","","","","","","",,,,,,,,,,,,"","",,,,,,,,,,,,0,0,0,0,0,0,0,0,0,0,0,,1.18,104.2,2,012609CJB,244.676,0.48,15,221.2,15,189.943,8,13789,13789,21.54,0,5,2,81,0,8,0,0,0,0,0,0,0,0,0,0,0,207,70.25,,,,,,,1,,,,,7,1,,0,1,0,0,0,0,0,,1,1,0,2,0,405,1,0,0,54,29.4905791113491,0,0,0,0,0,,0,0,0,0,0,,0,,,,0,0,0,,,0,149.8,0,31.4650934119961,3.4488787857333,2,0,0,0,97,0,0,,17580,,,,9.44662388873683,1,Q2,low,low,Q1-Q3,Q1-Q3,,,,,,
1,2810668015,2018-02-17,477.1,2,1,107,44,83,125,0.92,14,32.7,5.5,11868,1459.02140672783,7.28552122060695,0.70193740685544,-0.353911042955264,1,,42.16,,951.09,1,2908.53211009174,7.97540380337643,1,38.79,3,11868,1,2,,11868,0,,,1,4224,5643,11868,13764,13764,1896,,0,0,,,,0,0,3,0,11868,C10AB04,600 MG,C10,C10A,C10AB,C10AB04,325 MG,1,,,1,1,1,1,,,1,,"","",,,,,,,,,,,,1,0,0,1,1,1,1,0,0,1,0,,1.01,210.2,2,022009CJB,286.786,2.04,48,150.9,48,116.206,8,12579,12579,42.16,0,1,1,325,1,8,1,1,1,0,0,0,0,0,0,1,0,196,64.5,,,0,0,0,0,1,,,,,1,10,,0,1,0,1,1,0,0,,1,1,2,2,0,2275,2,0,0,63,33.1239602446755,1,1,0,1,0,140,0,1,1,0,0,,0,,,,0,0,0,,,0,46.4,1,428.134556574924,6.05943753069419,3,1,0,1,88,0,1,,16094,,,,16.5797887128162,1,Q3,high,low,Q1-Q3,Q1-Q3,,,,,,
1,2810669177,2018-02-10,3544.1,2,1,140,23,178,117,0.95,4.3,178.3,6,12502,1987.71733034212,7.59474218915017,1.37771548703574,0.320426683230275,1,,56.28,,1344.72,1,754.189568143578,6.62564375304414,1,62.03,0,12502,0,3,,12502,0,,,1,,5707,12502,14435,14435,1933,,0,0,,,,0,0,4,0,12502,C10AX09,80 MG,C10,C10A,C10AA,C10AA01,81 MG,1,,,1,1,1,,,,,,C10AA01,"",,,,,,1,1,,,,,1,0,0,1,1,1,1,0,0,0,0,,0.41,168,2,021909CJB,344.282,2.88,46,188.8,46,144.291,8,13292,13292,56.28,1,1,1,81,0,8,1,1,1,0,0,0,0,0,0,0,0,206,66.25,0,0,0,0,0,0,1,,,,,3,1,,0,1,1,0,0,0,0,,1,1,2,2,0,567,1,0,0,67,32.9990219254201,1,0,1,1,1,141,0,1,0,1,0,,0,,,,0,0,0,,,0,81.4,1,24.1166573191251,3.18290277681256,1,0,0,1,82,1,1,,17073,9951,6,4571,24.2404552480746,0,Q4,high,high,Q4,Q4,Angina,12.5147159479808,1,1,1,0
1,2810669953,2018-02-03,759.6,2,1,202,85,73,114,0.75,4.4,56.9,5.6,11889,1334.97363796134,7.19666682379394,,,,,43,,1038.24,1,1824.67486818981,7.50915709572866,1,64.06,0,11889,0,3,,11889,0,,,1,,,11889,13896,13896,2007,,0,0,,,,0,0,4,0,11889,M01AX05,1500 + 1200 MG,M01,M01A,M01AX,M01AX25,81 MG,1,1,,,,,,,,,,M01AX25,"",,1,,,,,,,,,,1,1,0,0,0,0,0,0,0,0,0,,1.22,55.29,2,021809bCJ,281.474,3.85,45,309.8,45,166.183,8,12739,12739,43,0,1,1,81,0,8,1,1,1,0,0,0,0,0,0,0,0,140,69.25,0,0,0,0,0,0,1,,,,,4,1,,0,1,0,0,0,0,0,,1,1,2,2,0,567,1,0,0,62,20.5255164254024,1,0,0,0,0,,0,0,0,0,0,,0,,,,0,0,0,,,0,102.4,1,77.3286467486819,4.34806447877407,2,0,0,0,98,0,1,,16520,,,,13.6221799791973,1,Q3,high,low,Q1-Q3,Q1-Q3,,,,,,
1,2810670422,2018-01-14,468.1,2,1,127,54,69,90,1.37,13,84.2,5.8,12092,555.938242280285,6.32065721304584,,,,,37.82,,1088.13,1,1292.31591448931,7.16419117031202,1,,,12092,,,1,12092,0,,,1,4221,5698,12092,,,,5721,1,1,-6371,5721,,0,0,,0,12092,M01AX05,1500 + 1250 MG,M01,M01A,M01AX,M01AX25,325 MG,1,1,,1,1,1,,,,,,M01AX25,"",,1,,,,1,1,,,,,1,1,0,1,1,1,1,0,0,0,0,,2.13,96.91,2,021309CJB,640.694,9.2,40,213,40,124.394,8,13045,13045,37.82,1,1,2,325,0,8,0,0,0,0,0,0,0,0,0,0,0,210,68.25,0,0,0,0,0,0,1,,,,,5,6,,0,1,1,0,0,0,0,,1,1,0,2,0,325,1,0,0,78,31.697104814328,0,0,1,1,1,141,0,1,0,1,1,5704,0,,3,1,1,0,1,,,0,59.2,1,154.394299287411,5.03950971519539,2,0,0,1,49,0,0,12961,14613,5704,1,2521,11.3456784138834,0,Q1,low,low,Q1-Q3,Q1-Q3,MI,6.90212183436003,1,0,0,0
7,2810670441,2017-08-10,292.3,2,1,103,51,52,89,0.75,3,38.7,6.7,4051,755.297157622739,6.62711125806956,2.10386029411765,0.743773892536679,0,2.2,48.64,47.16,331.39,2,856.304909560723,6.75262651547446,1,70.31,0,4051,0,3,,4051,0,,,1,4051,5710,,,5710,1659,,0,0,,,,0,0,4,0,4051,C10AX09,10/40 MG,C10,C10A,C10AA,C10AA01,325 MG,1,,,,1,1,,,1,1,,C10AA01,"",,,,,,1,1,,,,,1,0,0,0,1,1,1,0,1,1,0,,0.67,34.61,2,122208CJB,292.506,1.32,1,131.3,1,81.634,3,,,48.64,1,1,1,325,1,,0,0,0,0,0,0,,,,,0,128,62.5,0,0,0,0,0,0,1,,,,,8,6,,0,1,1,1,,,0,,1,1,0,2,0,2275,2,0,0,68,23.038571517143,0,1,1,1,1,,0,0,0,0,0,,0,,,,0,0,0,,,0,41.6,0,77.5193798449612,4.35052796761451,2,1,0,1,94,0,0,6811,16231,6811,28,2760,8.03507614492276,0,Q1,low,low,Q1-Q3,Q1-Q3,Death,7.5564681724846,1,0,0,0
1,2810670447,2018-02-01,486.3,2,1,194,78,113,99,0.86,5.3,78.3,6.5,12882,621.072796934866,6.43144830040107,,,,,23.24,,794.97,1,1015.28735632184,6.92292696108459,1,71.22,0,12882,0,3,,12882,0,,,2,4669,5784,12882,15156,15156,2274,,0,0,,,,0,0,4,0,12882,C09AA03,10 MG,C09,C09A,C09AA,C09AA03,81 MG,1,,,,1,,,,,,,"","",,,,,,,,,,,,1,0,0,0,1,0,0,0,0,0,0,,0.85,83.5,2,021809bCJ,366.16,1.15,44,194.5,44,105.613,8,13748,13748,23.24,1,1,1,81,0,2,0,0,0,0,0,0,0,0,0,0,0,146,58.75,1,1,0,0,0,0,1,,,,,3,6,,0,1,1,0,0,0,0,1,1,1,0,2,0,567,1,0,1,80,29.7401206844062,0,0,1,0,1,,0,0,0,0,0,,0,,,,0,0,0,,,0,93.4,1,67.6883780332056,4.21491449654346,2,0,0,0,64,0,0,,17529,,,,9.70426245210728,1,Q1,low,low,Q1-Q3,Q1-Q3,,,,,,
1,2810670725,2018-02-08,249.3,2,1,152,44,173,98,1.85,477.3,16.8,6.1,12889,1483.92857142857,7.30244829010839,1.91824440619621,0.651410395974012,0,,95.24,,65.05,1,387.202380952381,5.95894750453739,1,68.92,0,12889,0,3,,12889,0,,,2,4543,5796,12889,14861,14861,1972,,0,0,,,,0,0,4,0,12889,C10AA05,20 MG,C10,C10A,C10AA,C10AA05,81 MG,1,,,1,,1,1,1,,,,"","",,,,,,,,,,,,1,0,0,1,0,1,1,1,0,0,0,,0.61,58.57,2,021909CJB,356.048,2.21,46,202.5,46,115.196,8,13691,13691,95.24,1,1,1,81,0,2,0,0,0,0,0,0,0,0,0,0,1,142,59,0,0,0,0,0,0,1,,,,,4,6,,0,1,1,0,0,0,1,1,1,1,0,2,0,567,1,1,0,84,28.6807123456246,0,0,1,1,1,,0,0,0,0,0,,0,,,,0,0,1,1,14644,0,73.4,1,28410.7142857143,10.2545216165848,3,0,0,1,25,0,1,15665,,9968,30,,59.3571428571429,1,Q3,high,high,Q4,Q1-Q3,IC,,,,,
1,2810670957,2018-01-01,2723.1,2,1,214,56,180,107,0.6,3,69,5.4,11656,3946.52173913044,8.28058989759152,,,,,36.92,,1442.8,1,2091.01449275362,7.64540463042022,1,62.59,0,11656,0,3,,11656,0,,,2,4280,5653,11656,13639,13639,1983,,0,0,,,,0,0,4,0,11656,B01AC06,81 MG,B01,B01A,B01AC,B01AC06,81 MG,1,,,,,,,,,,,"","",,,,,,,,,,,,1,0,0,0,0,0,0,0,0,0,0,,1.42,55.45,2,021009CJB,356.742,0.76,34,210.7,34,117.893,8,12694,12694,36.92,0,1,1,81,0,2,0,0,0,0,0,0,0,0,0,0,0,159,66.25,0,0,0,0,0,0,1,,,,,7,6,,0,1,0,0,0,0,0,1,1,1,0,2,0,567,1,0,0,74,25.470118864766,0,0,0,0,0,,0,0,0,0,0,,0,,,,0,0,1,,,0,122,0,43.4782608695652,3.77226106305299,2,0,0,0,90,1,1,14325,,14325,28,2669,43.8502415458937,0,Q4,high,high,Q4,Q4,Death,7.30732375085558,1,0,0,0
1,2810671335,2017-10-28,1066.5,2,1,126,64,75,107,0.8,3,84.6,5.9,12496,1260.63829787234,7.13937345728732,2.30568720379147,0.835378768149993,0,,35.06,,1339.43,1,1583.25059101655,7.36723534868973,1,64.62,0,12496,0,3,1,12496,0,,,1,4502,5799,12496,14848,14848,2352,,0,0,,,,0,0,4,0,12496,M01AX05,"",M01,M01A,M01AX,M01AX25,"",,1,,1,1,1,1,,,,,M01AX25,"",,1,,,,,,,,,,0,1,0,1,1,1,1,0,0,0,0,,2.87,135.9,2,012309CJB,577.586,1.9,14,130.1,14,85.054,8,13835,13835,35.06,1,1,1,81,2,8,0,0,0,0,0,0,0,0,0,1,0,159,71.75,0,0,0,0,0,0,1,,,,,4,2,,0,1,1,1,1,0,0,,1,1,0,2,0,567,1,0,0,67,21.7149546222267,0,0,1,1,1,140,0,1,1,0,1,12021,0,,,,0,0,1,,,0,47,0,35.4609929078014,3.56843330103807,2,0,0,1,92,0,1,,17627,12021,1,5131,13.7025901942646,1,Q3,low,low,Q1-Q3,Q1-Q3,MI,14.0479123887748,1,1,1,0
1,2810672362,2018-06-30,20000,3,1,150,32,169,117,0.81,5.9,68.8,5.5,11349,29069.7674418605,10.2774539935849,1.70593869731801,0.534115514847078,0,,44.4,,820.31,1,1192.31104651163,7.08364875864515,1,52.74,1,11349,1,2,2,11349,1,1706,13055,2,4362,5635,11349,,,,5665,1,1,-6467,4882,,0,1,3,1,11349,B01AC06,81 MG,B01,B01A,B01AC,B01AC06,81 MG,1,,,,,,,,,,,"","",,,,,,,,,,,,1,0,0,0,0,0,0,0,0,0,0,,2.43,55.32,2,020309bCJ,375.464,3.75,25,247,25,239.862,8,12522,12522,44.4,0,1,1,81,0,2,0,0,0,0,0,0,0,1,0,1,0,134,62.5,0,0,0,0,0,0,1,,,,,3,6,,0,1,0,0,1,1,0,1,1,1,0,2,0,567,1,0,0,81,24.1185045570091,0,0,0,0,0,140,0,1,1,0,1,11271,0,,3,1,1,0,0,,,0,84.2,1,85.7558139534884,4.45150388495451,2,0,0,0,68,1,1,13084,13134,11271,2,1785,427.49658002736,0,Q4,high,high,Q4,Q4,MI,4.8870636550308,1,0,0,0
1,2810672704,2017-10-30,360,2,1,136,43,93,97,1.7,14.9,17.4,5.9,12383,2068.96551724138,7.63480401121776,1.4188176519567,0.349823885309277,1,,22.42,,264.18,1,1518.27586206897,7.32533066876333,1,63.82,0,12383,0,3,,12383,0,,,1,4482,5782,12383,,,,13815,1,0,1432,13815,,0,0,,0,12383,C10AA05,20 MG,C10,C10A,C10AA,C10AA05,81 MG,1,,1,1,1,1,1,1,,,,"","",,,,,,,,,,,,1,0,1,1,1,1,1,1,0,0,0,,0.53,65.22,2,012709CJB,462.132,2.35,16,198.5,16,133.335,8,13688,13688,22.42,,,,,,8,0,0,0,0,0,0,0,0,0,0,2,196,65.75,0,0,0,0,0,0,1,,,,,,6,,0,1,,,0,0,1,,1,1,0,2,0,,1,1,0,82,31.876466187549,0,0,1,1,1,,0,0,0,0,0,,0,,1,1,0,0,0,,,0,74.4,1,856.32183908046,6.75264628571307,3,0,0,1,37,1,1,13823,15302,13823,26,1440,55.9179869524697,0,Q4,high,high,Q4,Q4,,3.94250513347023,0,0,0,0
1,2810672843,2018-02-17,3001.3,2,1,162,100,41,85,0.69,3,46.2,5.3,12266,6496.32034632035,8.7789911950222,2.67666666666667,0.984572239290561,0,,32.76,,756.41,1,1637.25108225108,7.40077394511556,1,66.61,0,12266,0,3,,12266,0,,,2,,,12266,14470,14470,2204,,0,0,,,,0,0,4,0,12266,B01AC06,81 MG,B01,B01A,B01AC,B01AC06,81 MG,1,,,,,,,,,,,"","",,,,,,,,,,,,1,0,0,0,0,0,0,0,0,0,0,,0.48,60.53,2,022009CJB,500.762,2.74,48,383.6,48,181.893,8,12985,12985,32.76,0,1,1,81,0,2,1,1,1,0,0,0,0,0,0,0,0,98,63,0,0,1,1,0,0,1,,,,,3,6,,0,1,0,0,0,0,0,1,1,1,2,2,0,567,1,0,1,67,17.3600347200694,1,0,0,0,0,,0,0,0,0,0,,0,,,,0,0,0,,,0,53.8,0,64.9350649350649,4.17338776956255,2,0,0,0,90,1,1,,16766,,,,72.1813371813372,1,Q4,high,high,Q4,Q4,,,,,,
1,2810673945,2018-01-26,1295.4,2,1,244,57,101,113,0.84,4.6,70.5,6,11768,1837.44680851064,7.51613228291869,4.1092564491654,1.41324209952966,0,,40.62,,463.71,1,657.744680851064,6.48881683300221,1,76.41,0,11768,0,3,,11768,0,,,2,,5645,11768,13787,13787,2019,,0,0,,,,0,0,4,0,11768,C10AX06,500 MG,C10,C10A,C10AX,C10AX06,81 MG,1,,,,1,1,,,,,,"","",,,,,,,,,,,,1,0,0,0,1,1,0,0,0,0,0,,1.95,89.47,2,021709CJB,407.862,1.42,41,286.2,41,176.415,8,12695,12695,40.62,1,2,1,160,1,2,0,0,0,0,0,0,0,1,0,0,0,188,66.75,0,0,0,0,0,0,1,,,,,4,6,,0,1,1,1,0,1,0,1,1,1,0,2,0,2240,2,0,0,68,29.6661317978614,0,0,1,0,1,,0,0,0,0,0,,0,,,,0,0,0,,,0,166.8,1,65.2482269503546,4.17819887265896,2,0,1,0,71,1,1,,16479,,,,25.8795325142343,1,Q4,high,high,Q4,Q4,,,,,,
7,2810674892,2017-08-10,2006.9,2,1,170,59,96,137,0.55,9.5,185.6,7,4493,1081.30387931034,6.98592288758063,2.19636363636364,0.786803100268244,0,0.2,20.32,20.38,1668.32,2,898.879310344828,6.80114877667727,1,58.68,0,4493,0,3,,4493,0,,,2,4493,6536,,,6536,2043,,0,0,,,,0,0,4,0,4493,C10AA05,40 MG,C10,C10A,C10AA,C10AA05,"",,,,,,1,1,,,1,,"","",,,,,,,,,,,,0,0,0,0,0,1,1,0,0,1,0,,1.13,125,2,122308CJB,300.394,0.79,2,195.2,2,115.254,3,,,20.32,0,1,1,325,1,,0,0,0,0,0,0,,,,,0,145,65.75,0,0,0,0,0,0,,1,,,,4,1,,0,1,0,1,,,0,,2,2,0,2,0,2275,2,0,0,56,23.5820795775235,0,1,0,1,0,,0,0,0,0,0,,0,,,,0,0,0,,,0,91.8,1,51.1853448275862,3.93545325723653,2,1,0,1,122,0,0,,9118,,,,8.86314655172414,1,Q2,low,low,Q1-Q3,Q1-Q3,,,,,,
1,2810674955,2017-10-25,1174.8,2,1,214,72,50,90,0.93,3,93.5,5.4,11840,1256.47058823529,7.13606194901792,1.39752144899905,0.3347002740503,1,,43.04,,1263.6,1,1351.44385026738,7.20892881862138,1,60.83,0,11840,0,3,,11840,0,,,2,4645,5730,11840,13985,13985,2145,,0,0,,,,0,0,4,0,11840,C07AB02,50MG,C07,C07A,C07AB,C07AB02,81MG,1,,,1,,,,,,,,"","",,,,,,,,,,,,1,0,0,1,0,0,0,0,0,0,0,,1.32,87.31,2,012209CJB,,,12,236,12,150.288,8,13218,13218,43.04,1,1,1,81,0,2,0,0,0,0,0,0,0,0,0,0,0,153,61,0,0,0,0,0,0,1,,,,,3,6,,0,1,1,0,0,0,0,1,1,1,0,2,0,567,1,0,0,68,28.9092865205349,0,0,1,0,1,,0,0,0,0,0,,0,,,,0,0,0,,,0,132,0,32.0855614973262,3.46840613135561,2,0,0,0,63,0,1,,17010,,,,19.9439775910364,1,Q3,low,high,Q1-Q3,Q1-Q3,,,,,,
1,2810675439,2017-10-29,4854.6,2,1,206,42,128,135,0.85,5.5,204.6,5.7,12111,2372.72727272727,7.77179532051241,1.19700551615445,0.179823034881385,1,,45.4,,1452.68,1,710.009775171066,6.56527873778716,1,54.69,2,12111,1,2,,12111,0,,,1,4483,5702,12111,14261,14261,2150,,0,0,,,,0,0,3,0,12111,C10AA05,10 MG,C10,C10A,C10AA,C10AA05,81 MG,1,,,,,1,1,,,,,"","",,,,,,,,,,,,1,0,0,0,0,1,1,0,0,0,0,,1.08,84.22,2,012609CJB,214.152,1.69,15,185.3,15,178.844,8,13423,13423,45.4,0,1,1,81,0,8,1,1,1,0,0,0,0,0,0,0,0,232,70.25,0,0,0,0,0,0,1,1,,,1,3,1,,0,1,0,0,0,0,0,,1,1,2,2,0,567,1,0,0,57,33.0522432552318,1,0,0,1,0,,0,0,0,0,0,,0,,,,0,0,1,,,0,138.4,1,26.8817204301075,3.29144651770304,1,1,0,1,97,1,1,,17214,,,,24.4611059044049,1,Q4,high,high,Q4,Q4,,,,,,
1,2810675798,2017-09-07,1407,2,1,133,51,82,107,1.61,220.6,136,7,11991,1034.55882352941,6.94173035736643,1.22708757637475,0.20464353757029,1,,47.32,,1255.5,1,923.161764705882,6.82780447884968,1,,0,11991,,,,11991,0,,,1,4510,5728,11991,14902,14902,2911,,0,0,,,,0,0,,0,11991,C10AX09,40 MG,C10,C10A,C10AA,C10AA01,325 MG,1,,,,1,1,,,,1,,C10AA01,"",,,,,,1,1,1,,,,1,0,0,0,1,1,1,1,0,1,0,,6.73,65.57,2,011309CJB,629.082,5.75,5,161.5,5,92.385,8,13476,13476,47.32,1,1,1,325,1,8,0,0,0,0,0,0,0,0,0,0,0,284,66.5,0,0,0,0,0,0,1,,,,,4,6,,0,0,1,1,0,0,0,,1,1,0,,0,2275,2,0,0,74,45.152381559215,0,1,1,1,1,,0,0,0,0,0,,0,,,,0,0,0,,,0,65.6,1,1622.05882352941,7.39145150006549,3,1,0,1,42,0,0,,15834,7869,30,3843,24.6323529411765,0,Q2,low,high,Q4,Q1-Q3,IC,10.5215605749487,1,1,0,0
1,2810675973,2017-10-28,1002.3,2,1,173,34,203,98,0.76,4.6,54.9,5.4,11928,1825.68306010929,7.50970947550343,2.07464212678937,0.729788669790997,0,,41.32,,739,1,1346.08378870674,7.20495475842081,1,65.33,0,11928,0,3,,11928,0,,,2,4613,5706,11928,,,,11443,1,1,-3693,8235,,0,0,4,0,11928,C07AB02,100 MG,C07,C07A,C07AB,C07AB02,81 MG,1,,,1,,,,1,,,1,"","",,,,,,,,,,,,1,0,0,1,0,0,0,1,0,0,1,,19.66,313.8,2,012309CJB,216.362,8.83,13,166.8,13,171.432,8,13275,13275,41.32,0,1,1,81,0,2,0,0,0,0,0,0,0,1,0,0,0,199,63.5,0,0,0,0,0,0,1,,,,,3,0,,0,1,0,0,0,1,0,1,1,1,0,2,0,567,1,0,0,79,34.698542954033,0,0,0,0,0,,0,0,0,0,0,,0,,1,1,1,0,0,,,0,98.4,1,83.7887067395264,4.4282982339617,2,0,0,0,75,1,1,14870,12850,14870,28,2942,24.3424408014572,0,Q4,high,high,Q4,Q4,Death,8.05475701574264,1,0,0,0
7,2810677034,2017-08-12,2749.2,2,1,152,55,87,91,0.52,73.1,107.8,5.7,3766,2550.27829313544,7.84395776676065,,,,0.2,49.62,49.5,1208.83,2,1121.36363636364,7.02230075616509,1,63.26,0,3766,0,3,,3766,0,,,2,3766,5487,,,5487,1721,,0,0,,,,0,0,4,0,3766,C10AX09,20 MG,C10,C10A,C10AA,C10AA01,81 MG,1,,,1,1,1,,1,,1,,C10AA01,"",,,,,,1,1,,,,,1,0,0,1,1,1,1,1,0,1,0,,5.51,50.49,2,122208CJB,205.212,5.94,1,202,1,124.085,3,,,49.62,1,1,1,81,1,,1,1,1,0,0,0,,,,,0,238,62,0,0,0,0,0,0,,1,,,,3,1,,0,1,1,1,,,0,,2,2,2,2,0,567,1,0,0,60,43.5310548040451,1,1,1,1,1,,0,0,0,0,0,,0,,,,0,0,0,2,5274,0,79.6,1,678.107606679035,6.51930598726297,3,1,0,1,120,1,1,,8449,,,,21.252319109462,1,Q4,high,high,Q1-Q3,Q4,,,,,,
1,2810677047,2017-10-28,2756.4,2,1,164,37,157,162,0.74,18,116.3,6.8,11670,2370.07738607051,7.77067788594653,1.27444253859348,0.242508858367267,1,,32.72,,1087.6,1,935.167669819432,6.84072583922179,1,52.51,1,11670,1,2,5,11670,1,1928,13598,2,4285,5638,11670,,,,15010,1,0,3340,15010,,0,1,3,1,11670,C10AA01,20 MG,C10,C10A,C10AA,C10AA01,81 MG,1,,,,1,1,1,1,,1,,"","",,,,,,,,,,,,1,0,0,0,1,1,1,1,0,1,0,,0.56,130.3,2,012209CJB,430.762,2.4,13,157.6,13,144.391,8,13029,13029,32.72,1,1,1,81,1,2,0,0,0,0,0,0,1,0,0,0,0,130,59,1,0,0,0,0,0,1,,,,,4,6,,0,1,1,1,0,0,0,1,1,1,0,2,0,567,1,0,1,87,26.2569901755719,0,1,1,1,1,,0,0,0,0,1,8549,0,,1,1,0,0,0,,,0,95.6,1,154.772141014617,5.04195397735368,2,1,0,1,73,1,1,15213,,8549,5,,32.4668135078152,1,Q4,high,high,Q4,Q4,MI,,,,,
7,2810677120,2017-08-10,1426.3,2,1,165,44,150,153,0.72,8.3,110.8,7.6,4257,1287.27436823105,7.16028236920429,,,,2.7,43.3,45,1308.67,2,1181.11010830325,7.07421004496171,1,,,,,,,4257,0,,,1,4257,6266,,,6266,2009,,0,0,,,,0,0,,0,4257,C10AX09,10/40,C10,C10A,C10AA,C10AA01,81 MG,1,,,,1,1,,,,1,,C10AA01,"",,,,,1,1,1,,,,,1,0,0,0,1,1,1,0,0,1,0,,1.95,74.89,2,122308CJB,294.454,1.2,2,142.5,2,116.14,3,,,43.3,1,1,1,81,1,,0,0,0,0,0,0,,,,,0,245,69.75,0,0,0,0,0,0,1,,,,,7,1,,1,0,1,1,,,0,,1,1,0,1,0,567,1,0,0,58,35.4065224259481,0,1,1,1,1,,0,0,0,0,0,,0,,,,0,0,0,,,0,91,1,74.9097472924188,4.31628401947151,2,1,0,1,103,0,1,,8883,,,,12.4978094003014,1,Q3,low,low,Q1-Q3,Q1-Q3,,,,,,
1,2810677521,2018-02-22,229.8,2,1,172,64,86,89,1.05,3,18.8,5.1,11971,1222.34042553192,7.10852268156684,6.04140969162996,1.79863737736886,0,,30.24,,296.77,1,1578.56382978723,7.36427074416956,1,63.83,0,11971,0,3,12,11971,0,,,2,4406,5707,11971,13996,13996,2025,14175,1,0,2204,14175,,0,0,4,0,11971,C10AA05,80 MG,C10,C10A,C10AA,C10AA05,325 MG,1,,,1,1,1,1,1,,,,"","",,,,,,,,,,,,1,0,0,1,1,1,1,1,0,0,0,,0.16,9.74,2,022109CJB,286.236,1.34,50,200.8,50,109.747,8,12601,12601,30.24,1,1,1,325,0,2,0,0,0,0,0,0,0,0,1,1,1,101,62,0,0,0,0,0,0,1,,,,,3,6,,0,0,1,0,1,0,1,1,1,1,0,,0,2275,2,1,0,83,18.4732627529771,0,0,1,1,1,141,0,1,1,1,1,11909,1,7721,1,1,0,0,0,,,0,90.8,0,159.574468085106,5.07251069781434,2,0,0,1,49,0,1,14177,,7721,12,,24.9457229700391,1,Q3,low,high,Q4,Q1-Q3,TIA,,,,,
1,2810678038,2018-02-22,1853,2,1,163,52,142,119,1.15,11.9,162.3,5.4,12328,1141.71287738755,7.04028493775291,,,,,42.38,,1139.62,1,702.168823166975,6.55417386395485,1,,,,,,,12328,0,,,1,4406,5686,12328,14630,14630,2302,,0,0,,,,0,0,,0,12328,C10AA05,20 MG,C10,C10A,C10AA,C10AA05,81 MG,1,,,1,1,1,1,,,,,"","",,,,,,,,,,,,1,0,0,1,1,1,1,0,0,0,0,,0.46,324.2,2,022109CJB,426.406,4.04,49,161.7,49,134.212,8,12985,12985,42.38,1,1,1,81,0,8,0,0,0,0,0,0,0,0,0,0,0,202,71.5,0,0,0,0,0,0,1,,,,,3,6,,0,1,1,0,0,0,0,,1,1,0,2,0,567,1,0,0,72,27.780809632723,0,0,1,1,1,,0,0,0,0,0,,0,,,,0,0,1,,,0,82.6,1,73.3210104744301,4.29484720457908,2,0,0,1,63,0,0,,16765,,,,18.1224266251993,1,Q2,low,high,Q1-Q3,Q1-Q3,,,,,,
1,2810678218,2017-09-30,343.5,2,1,194,48,119,109,0.93,3,34.6,5.3,12277,992.774566473988,6.90050361558682,1.93308199811499,0.659115619458398,0,,41.9,,198.15,1,572.687861271676,6.35034082356086,1,56.59,0,12277,0,3,,12277,0,,,1,4503,5783,12277,14350,14350,2073,,0,0,,,,0,0,4,0,12277,B01AC06,81 MG,B01,B01A,B01AC,B01AC06,81 MG,1,,,,,,,,,,,"","",,,,,,,,,,,,1,0,0,0,0,0,0,0,0,0,0,,0.35,43.27,2,011609CJB,490.702,2.59,9,198.8,9,160.129,8,13694,13694,41.9,0,1,1,81,0,8,0,0,0,0,0,0,0,0,0,0,0,189,69.75,0,0,0,0,0,0,1,,,,,8,2,,0,1,0,0,0,0,0,,1,1,0,2,0,567,1,0,0,67,27.3136030143028,0,0,0,0,0,,0,0,0,0,0,,0,,,,0,0,1,,,0,122.2,0,86.7052023121387,4.46251388558657,2,0,0,0,85,0,0,,17486,,,,11.6797007820469,1,Q2,low,low,Q1-Q3,Q1-Q3,,,,,,
1,2810678441,2017-11-13,669.8,2,1,170,64,48,93,1.15,3,133.1,5.5,12492,503.230653643877,6.22104862094713,2.29032258064516,0.828692672556169,0,,53.78,,1230.84,1,924.748309541698,6.82952160269435,1,68.27,0,12492,0,3,,12492,0,,,1,4537,5807,12492,14855,14855,2363,,0,0,,,,0,0,4,0,12492,C10AA05,10 MG,C10,C10A,C10AA,C10AA05,"",,,,,,1,1,,,,,"","",,,,,,,,,,,,0,0,0,0,0,1,1,0,0,0,0,,0.74,84.96,2,012709bCJ,405.018,1.39,18,116.6,18,102.321,8,13766,13766,53.78,0,1,1,81,0,8,0,0,0,0,0,0,0,0,0,0,0,233,71,0,0,0,0,0,0,1,,,,,8,2,,0,1,0,0,0,0,0,,1,1,0,2,0,567,1,0,0,64,32.4971171664224,0,0,0,1,0,,0,0,0,0,0,,0,,,,0,0,0,,,0,96.4,0,22.5394440270473,3.11526684224918,1,0,0,1,67,0,0,,17557,,,,7.51090527826682,1,Q1,low,low,Q1-Q3,Q1-Q3,,,,,,
1,2810678504,2018-12-06,5199,2,1,177,55,121,100,0.99,26,317.1,5.3,11795,1639.545884579,7.40217458282751,1.65607264472191,0.504448922586606,1,,25.3,,1799.27,1,567.414064963734,6.3410893105126,1,71.14,0,11795,0,3,2,11795,1,2428,14223,1,4250,5628,11795,13861,13861,2066,15166,1,0,1703,13498,,0,1,4,1,11795,C10AA01,10 MG,C10,C10A,C10AA,C10AA01,81 MG,1,,1,1,1,1,1,,,,,"","",,,,,,,,,,,,1,0,1,1,1,1,1,0,0,0,0,,5.99,34.39,2,012709bCJ,305.788,2.45,17,193.9,17,141.233,8,13073,13073,25.3,1,4,2,81,0,8,0,0,0,0,0,0,0,0,0,0,0,192,66.5,0,0,0,0,0,0,1,,,,,2,6,,0,1,1,0,0,0,0,,1,1,0,2,0,324,1,0,0,78,30.5255537301736,0,0,1,1,1,141,0,1,0,1,1,14224,0,,1,1,0,0,1,,,0,97.8,1,81.9930621255124,4.40663463545932,2,0,0,1,73,0,1,15189,12959,14223,41,2428,22.4595326654657,0,Q3,high,high,Q1-Q3,Q1-Q3,CHF,6.64750171115674,1,0,0,0
1,2810679199,2018-01-10,354.5,2,1,251,66,104,104,0.84,3,22.1,5.7,12041,1604.07239819005,7.38030092343657,2.51505016722408,0.922292750559153,0,,40.64,,279,1,1262.44343891403,7.14080435928575,1,69.31,0,12041,0,3,,12041,0,,,1,4868,6007,12041,14010,14010,1969,13204,1,0,1163,13204,,0,0,4,0,12041,M01AX05,500 MG,M01,M01A,M01AX,M01AX05,"",,1,,,,,,,,,,"","",,,,,,,,,,,,0,1,0,0,0,0,0,0,0,0,0,,1.15,79.08,2,021209CJB,249.28,3.56,38,161.7,38,101.107,8,13030,13030,40.64,0,1,2,325,0,8,0,0,0,0,0,0,0,0,0,0,0,200,72.5,0,0,0,0,0,0,1,,,,,7,1,,0,1,0,0,0,0,0,,1,1,0,2,0,325,1,0,0,57,26.7522057041736,0,0,0,0,0,,0,0,0,0,0,,0,,1,1,0,0,0,,,0,164.2,0,135.746606334842,4.91078995912654,2,0,0,0,97,0,1,,16814,,,,16.5368288473201,1,Q3,high,low,Q1-Q3,Q1-Q3,,,,,,
1,2810679364,2018-02-01,1588.6,2,1,109,43,90,118,0.94,34.2,163,6.1,12400,974.601226993865,6.88202838938036,2.72051009564293,1.00081939788823,0,,32.46,,1395.6,1,856.196319018405,6.75249969449395,1,65.57,0,12400,0,3,,12400,0,,,1,,5875,12400,14787,14787,2387,,0,0,,,,0,0,4,0,12400,C10AA07,20 MG,C10,C10A,C10AA,C10AA07,81 MG,1,,,,1,1,1,,,,,"","",,,,,,,,,,,,1,0,0,0,1,1,1,0,0,0,0,,0.48,181.5,2,021809CJB,310.076,1.02,44,140.8,44,123.842,8,13274,13274,32.46,1,1,1,81,0,8,0,0,0,0,0,0,0,0,0,0,0,239,75.75,0,0,0,0,0,0,1,,,,,7,1,,0,1,1,0,0,0,0,,1,1,0,2,0,567,1,0,0,71,29.2845287190427,0,0,1,1,1,,0,0,0,0,0,,0,,,,0,0,0,,,0,48,1,209.815950920245,5.34623072224393,2,0,0,1,81,0,0,,17055,,,,12.0321139135045,1,Q2,low,low,Q1-Q3,Q1-Q3,,,,,,
7,2810680163,2017-08-19,1264.5,2,,,,,,,3,63.1,,4290,2003.96196513471,7.60288148255094,1.51086956521739,0.412685356081651,1,,,,1235.1,,1957.36925515055,7.57935663388489,1,68.38,0,4290,0,3,,4290,0,,,2,4290,6348,,,6348,2058,,0,0,,,,0,0,4,0,4290,B01AC06,81 MG,B01,B01A,B01AC,B01AC06,81 MG,1,,,,,,,,,,,"","",,,,,,,,,,,,1,0,0,0,0,0,0,0,0,0,0,,,,,"",,,,,,,,,,,0,1,1,81,0,,0,0,0,0,0,0,,,,,0,175,59.25,0,0,0,0,0,0,,,1,,,7,1,,0,1,0,0,,,0,,2,3,0,2,0,567,1,0,0,54,35.0482995470077,0,0,0,0,0,,0,0,0,0,0,,0,,,,0,0,0,,,0,,0,47.5435816164818,3.86164679810308,2,,0,0,,1,1,,8764,,,,,1,Q4,high,,,Q4,,,,,,
1,2810680508,2017-11-25,3718.2,2,1,176,39,181,99,0.96,37,159.6,5.1,12245,2329.6992481203,7.7534944601685,,,,,40.26,,1277.54,1,800.46365914787,6.68519113371466,1,62.8,0,12245,0,3,,12245,0,,,1,4494,5712,12245,,,,15281,1,0,162,12407,,0,0,4,0,12245,C07AB03,25 MG,C07,C07A,C07AB,C07AB03,"",,,,1,,,,1,,,,"","",,,,,,,,,,,,0,0,0,1,0,0,0,1,0,0,0,,5.91,45.22,2,020209CJB,397.43,8.2,22,271.7,22,136.203,8,13460,13460,40.26,1,1,1,81,0,8,0,0,0,0,0,0,0,0,0,0,0,239,69,0,0,0,0,0,0,1,,,,,4,7,,0,1,1,0,0,0,0,,1,1,0,2,0,567,1,0,0,61,35.2943617040353,0,0,1,0,1,,0,0,0,0,0,,0,,1,2,0,0,1,,,0,100.8,1,231.829573934837,5.44600250661065,2,0,0,0,85,1,1,,15267,,,,27.4082264484741,1,Q4,high,high,Q4,Q4,,,,,,
1,2810681421,2017-12-14,1945.3,2,1,190,54,60,106,1.03,26.7,136.3,5.2,12193,1427.21936903888,7.26348333308938,2.06546644844517,0.725356083929563,0,,30.8,,915.76,1,671.870873074101,6.51006616889583,1,70.2,0,12193,0,3,,12193,0,,,1,4658,5713,12193,14387,14387,2194,,0,0,,,,0,0,4,0,12193,C09CA03,100 MG,C09,C09C,C09CA,C09CA03,81 MG,1,,,,1,,,1,,,,"","",,,,,,,,,,,,1,0,0,0,1,0,0,1,0,0,0,,3.14,41.76,2,020309bCJ,302.574,1.63,24,99.6,24,78.052,8,13376,13376,30.8,1,1,1,81,0,8,0,0,0,0,0,0,0,0,0,0,0,157,65.75,0,0,0,0,0,0,1,,,,,8,8,,0,1,1,0,0,0,0,,1,1,0,2,0,567,1,0,0,70,25.5336999563531,0,0,1,0,1,,0,0,0,0,0,,0,,,,0,0,1,,,0,124,1,195.891415994131,5.27756050568585,2,0,0,0,73,0,1,,17164,,,,19.5509502608066,1,Q3,high,high,Q1-Q3,Q1-Q3,,,,,,
1,2810682205,2018-02-03,1056.9,2,1,154,39,122,125,1.01,3,93.9,5.7,11725,1125.55910543131,7.02603517378918,1.47987220447284,0.391955735718632,1,,47.16,,942.1,1,1003.30138445154,6.9110512258285,1,73.15,0,11725,0,3,,11725,0,,,1,4188,5646,11725,,,,13239,1,0,1453,13178,,0,0,4,0,11725,C10AD02,500 MG,C10,C10A,C10AD,C10AD02,"",,,,,,1,1,,,,,"","",,,,,,,,,,,,0,0,0,0,0,1,1,0,0,0,0,,0.77,54.74,2,021809bCJ,414.432,4.64,45,157.9,45,161.163,8,12558,12558,47.16,0,3,2,81,0,8,0,0,0,0,0,0,0,0,0,0,0,162,68,0,0,0,0,0,0,1,,,,,7,6,,0,1,0,0,0,0,0,,1,1,0,2,0,243,1,0,0,72,24.6321772920363,0,0,0,1,0,,0,0,0,0,0,,0,,1,1,0,0,1,,,0,90.6,0,31.9488817891374,3.46413718143603,2,0,0,1,74,0,0,13309,,13309,27,1584,15.2102581815042,0,Q2,low,low,Q1-Q3,Q1-Q3,,4.33675564681725,1,0,0,0
1,2810682536,2018-02-10,926.8,2,1,188,68,102,111,0.99,4,103.4,6,12782,896.324951644101,6.79830301647198,,,,,33.92,,1024.61,1,990.918762088975,6.89863255527754,1,65.71,0,12782,0,3,,12782,0,,,1,4591,5798,12782,,,,,0,0,,,,0,0,4,0,12782,C10AX09,40 MG,C10,C10A,C10AA,C10AA01,81 MG,1,,,1,,1,,,,,,C10AA01,"",,,,,,1,1,,,,,1,0,0,1,0,1,1,0,0,0,0,,0.91,111.1,2,021909CJB,248.114,1.61,46,188.8,46,122.637,8,13572,13572,33.92,0,1,1,81,0,8,0,0,0,0,0,0,0,0,0,0,0,210,66.25,0,0,0,0,0,0,1,,,,,6,6,,0,1,0,0,0,0,0,,1,1,0,2,0,567,1,0,0,85,33.6397796327099,0,0,1,1,1,,0,0,0,0,0,,0,,,,0,0,1,,,0,99.6,1,38.6847195357834,3.6554446780277,2,0,0,1,69,0,0,15221,,15221,27,2439,12.9902166904942,0,Q2,low,low,Q1-Q3,Q1-Q3,,6.6776180698152,1,0,0,0
1,2810682888,2017-12-31,244.1,2,1,146,56,73,125,0.99,3,18.9,6.1,12615,1291.53439153439,7.16358624132141,,,,,48.74,,315.03,1,1666.8253968254,7.41867613630851,1,,,,,,,12615,0,,,2,4593,6454,12615,15021,15021,2406,,0,0,,,,0,0,,0,12615,C10AA05,10/6.25,C03,C03A,C03AA,C03AA03,325 MG,1,,,1,1,1,1,1,,,,C03AA03,"",,,,,,,,1,,,,1,0,0,1,1,1,1,1,0,0,0,,5.19,137.1,2,020909CJB,275.272,3.35,33,166.4,33,121.594,8,13680,13680,48.74,1,1,1,325,0,2,0,0,0,0,0,0,0,0,1,0,0,172,62.5,0,0,0,0,0,0,1,,,,,6,6,,0,1,1,0,0,0,0,1,1,1,0,2,0,2275,2,1,0,76,30.958080476161,0,0,1,1,1,,0,0,0,0,0,,0,,,,0,0,0,,,0,75.4,0,158.730158730159,5.06720564558465,2,0,0,1,55,0,1,,17465,11154,30,4850,23.4824434824435,0,Q3,low,high,Q4,Q1-Q3,IC,13.2785763175907,1,1,1,0
1,2810682919,2017-09-02,590.7,2,1,229,67,77,99,0.99,3,37.4,5.3,11945,1579.41176470588,7.3648077558808,2.7752117013087,1.02072703304845,0,,35.14,,328.33,1,877.887700534759,6.77751868173579,1,57.93,0,11945,0,3,,11945,0,,,1,,5461,11945,14230,14230,2285,15073,1,0,3066,15011,,0,0,4,0,11945,B01AC06,325 MG,B01,B01A,B01AC,B01AC06,325 MG,1,,,,,,,,,,,"","",,,,,,,,,,,,1,0,0,0,0,0,0,0,0,0,0,,1.19,48.85,2,011209CJB,305.144,0.88,3,217.7,3,179.025,8,13469,13469,35.14,0,6,3,325,0,8,0,0,0,0,0,0,0,0,0,0,0,169,65.25,0,0,0,0,0,0,1,,,,,8,8,,0,1,0,0,0,0,0,,1,1,0,2,0,448.275862068966,1,0,0,71,27.9081652099095,0,0,0,0,0,,0,0,0,0,0,,0,,1,6,0,0,1,1,13958,0,146.6,0,80.2139037433155,4.38469686322976,2,0,0,0,76,0,1,,17262,,,,20.78173374613,1,Q3,high,high,Q1-Q3,Q1-Q3,,,,,,
1,2810683143,2017-11-18,1845.9,2,1,157,60,66,99,0.96,3,119.9,5.9,11516,1539.5329441201,7.33923436636918,3.79643527204503,1.33406254015008,0,,50.58,,1694.55,1,1413.30275229358,7.25368462179567,1,65.35,0,11516,0,3,,11516,0,,,1,4264,5652,11516,13511,13511,1995,,0,0,,,,0,0,4,0,11516,M01AX25,10 MG,M01,M01A,M01AX,M01AX25,"",,1,,1,1,1,1,,,,,"","",,,,,,,,,,,,0,1,0,1,1,1,1,0,0,0,0,,1.05,73.13,2,012909CJB,869.588,3.23,19,217.7,19,144.224,8,12764,12764,50.58,1,1,1,325,0,8,0,0,0,0,0,0,0,0,0,1,0,186,64.75,0,0,0,0,0,0,1,,,,,4,6,,0,1,1,0,1,0,0,,1,1,0,2,0,2275,2,0,0,73,31.191697570706,0,0,1,1,1,140,0,1,1,0,0,,0,,,,0,0,0,,,0,83.8,0,25.0208507089241,3.21970950561678,1,0,0,1,78,0,1,,16555,10451,6,5039,19.7376018476936,0,Q3,high,high,Q1-Q3,Q1-Q3,Angina,13.7960301163587,1,1,1,0
1,2810683757,2017-11-26,1467.1,2,1,190,52,185,111,0.74,10.1,112.4,5.2,12520,1305.24911032028,7.1741491906741,1.5139911634757,0.414749318456414,1,,48.82,,1947.07,1,1732.26868327402,7.45718720600223,1,62.28,0,12520,0,3,1,12520,0,,,1,4574,5800,12520,14672,14672,2152,6388,1,1,-6132,6388,,0,0,4,0,12520,C10AA07,10 MG,C10,C10A,C10AA,C10AA07,325 MG,1,,,1,1,1,1,,,,,"","",,,,,,,,,,,,1,0,0,1,1,1,1,0,0,0,0,,1.79,108.3,2,020309CJB,262.502,2.67,24,184.8,24,139.247,8,13713,13713,48.82,1,1,1,325,0,8,0,0,0,0,0,0,0,0,0,1,1,165,68.5,1,1,0,0,0,0,1,,,,,8,1,,0,1,1,0,1,0,1,,1,1,0,2,0,2275,2,1,1,61,24.7234124389928,0,0,1,1,1,141,0,1,1,1,1,6388,0,,1,1,1,0,0,,,0,101,1,89.8576512455516,4.49822676536976,2,0,0,1,100,0,1,,17501,5756,6,4981,13.0524911032028,0,Q3,high,low,Q1-Q3,Q1-Q3,Angina,13.637234770705,1,1,1,0
1,2810684699,2018-01-28,1369.8,2,1,194,79,72,104,0.55,18.4,88.9,5.8,12578,1540.83239595051,7.34007806623204,3.97091273821464,1.37899597714429,0,,46.78,,881.2,1,991.226096737908,6.89894265839642,1,83.53,0,12578,0,3,,12578,0,,,2,4994,6030,12578,14469,14469,1891,,0,0,,,,0,0,4,0,12578,M01AX05,1500 + 200,M01,M01A,M01AX,M01AX25,81 MG,1,1,,,,,,,,,,M01AX25,"",,1,,,,,,,,,,1,1,0,0,0,0,0,0,0,0,0,,21.83,40.18,2,021809CJB,367.342,9.55,43,210.8,43,104.222,8,13467,13467,46.78,0,1,1,81,0,2,0,0,0,0,0,0,0,0,0,0,0,117,61.25,0,0,0,0,0,0,1,,,,,7,2,,0,1,0,0,0,0,0,1,1,1,0,2,0,567,1,0,0,75,21.9270036207711,0,0,0,0,0,,0,0,0,0,0,,0,,,,0,0,0,,,0,100.6,1,206.974128233971,5.33259380107722,2,0,0,0,92,0,1,,17248,,,,16.7481782168533,1,Q3,high,low,Q1-Q3,Q1-Q3,,,,,,
1,2810684807,2017-10-28,643.8,2,1,133,33,155,136,0.98,3,22.2,6.7,11398,2900,7.97246601597457,1.16874400767018,0.155929674480499,1,,37.78,,476.99,1,2148.6036036036,7.67257342341786,1,,1,11398,,,12,11398,1,-1262,10136,1,4415,5649,11398,,,,,0,0,,,,1,0,,1,11398,M01AE02,550 MG,M01,M01A,M01AE,M01AE02,81 MG,1,1,,1,1,1,1,1,,1,,"","",,,,,,,,,,,,1,1,0,1,1,1,1,1,0,1,0,,1.8,88.65,2,012309CJB,405.094,4.11,13,157.9,13,122.008,8,12750,12750,37.78,1,1,1,81,1,8,1,1,1,0,1,0,0,0,0,1,1,291,72.25,0,0,0,0,0,0,1,,,,,3,10,,0,1,1,1,1,0,1,,1,1,2,2,1,567,1,1,0,62,39.1942987643114,1,1,1,1,1,141,0,1,1,1,1,5604,1,11110,,,0,0,0,,,0,69,0,135.135135135135,4.90627527877201,2,1,0,1,82,1,1,14002,,5559,7,,35.3658536585366,1,Q4,high,high,Q4,Q4,Coronary Insufficiency,,,,,
1,2810684840,2017-11-26,718.7,2,1,194,41,185,104,2.12,151.7,65.6,5.9,11438,1095.57926829268,6.99903851451245,1.5781990521327,0.456284356504377,1,,45,,10,1,15.2439024390244,2.72417958303209,1,68.42,0,11438,0,3,,11438,0,,,1,4384,5630,11438,13427,13427,1989,,0,0,,,,0,0,4,0,11438,"","","","","","","",,,,,,,,,,,,"","",,,,,,,,,,,,0,0,0,0,0,0,0,0,0,0,0,,26.08,71.28,2,020309CJB,327.39,7.35,23,238,23,190.076,8,12642,12642,45,1,1,1,81,0,8,0,0,0,0,0,0,0,0,0,0,0,181,66.25,0,0,0,0,0,0,1,,,,,3,3,,0,1,1,0,0,0,0,,1,1,0,2,0,567,1,0,0,68,28.9942862548595,0,0,1,0,1,,0,0,0,0,0,,0,,,,0,0,1,,,0,116,1,2312.5,7.74608446938658,3,0,0,0,31,0,0,,16430,15597,11,4992,35.3412667191188,0,Q2,low,high,Q4,Q1-Q3,Atherothrombotic Infarction of Brain,13.6673511293635,1,1,1,0
1,2810685148,2017-12-02,3442.1,2,1,210,74,188,121,1.25,214.7,370.8,5.4,12243,928.290183387271,6.83334438152208,1.15187046342825,0.14138711101054,1,,53.54,,2851.5,1,769.012944983819,6.64510780289298,1,67.2,0,12243,0,3,,12243,0,,,1,4494,5719,12243,14812,14812,2569,,0,0,,,,0,0,4,0,12243,C10AX06,10/10 MG,C10,C10A,C10AA,C10AA05,325 MG,1,,,,1,1,,,,,,C10AA05,"",,,,,,1,1,,,,,1,0,0,0,1,1,1,0,0,0,0,,2.94,98.01,2,020409CJB,615.956,0.86,25,217.8,25,138.47,8,13412,13412,53.54,1,15,3,325,0,8,0,0,0,0,0,0,0,0,0,0,0,190,69.5,0,0,0,0,0,0,1,,,,,5,1,,0,1,1,0,0,0,0,,1,1,0,2,0,1120.68965517241,2,0,0,58,27.6560151484777,0,0,1,1,1,,0,0,0,0,0,,0,,,,0,0,0,,,0,98.4,1,579.018338727077,6.36133415017517,3,0,0,1,63,0,0,,17200,,,,14.734764815671,1,Q2,low,low,Q1-Q3,Q1-Q3,,,,,,
1,2810685627,2017-11-13,279.6,2,1,190,65,133,94,0.83,4.8,31.5,5.4,11420,887.619047619048,6.78854265051616,3.00954861111111,1.10179010442919,0,,39.14,,240.27,1,762.761904761905,6.63694593116021,1,76.76,0,11420,0,3,,11420,0,,,2,,5694,11420,13617,13617,2197,,0,0,,,,0,0,4,0,11420,C10AA05,20 MG,C10,C10A,C10AA,C10AA05,81 MG,1,,,,1,1,1,1,,,,"","",,,,,,,,,,,,1,0,0,0,1,1,1,1,0,0,0,,0.5,49.1,2,012709bCJ,400.084,0.8,18,174.8,18,101.592,8,12690,12690,39.14,1,1,1,81,0,2,0,0,0,0,0,0,0,0,0,0,0,146,67.25,0,0,0,0,0,0,1,,,,,8,1,,0,1,1,0,0,0,0,1,1,1,0,2,0,567,1,0,0,58,22.6972839623047,0,0,1,1,1,,0,0,0,0,0,,0,,,,0,0,0,,,0,98.4,1,152.380952380952,5.0263836510644,2,0,0,1,78,0,0,,16146,,,,11.3797313797314,1,Q2,low,low,Q1-Q3,Q1-Q3,,,,,,
1,2810685693,2018-02-03,1271.9,2,1,128,47,140,123,0.7,22.6,104.4,5.9,11795,1218.29501915709,7.10520763499699,,,,,43.18,,2324.08,1,2226.13026819923,7.7080200513268,1,55.39,0,11795,0,3,1,11795,0,,,2,4544,5658,11795,13884,13884,2089,,0,0,,,,0,0,4,0,11795,M01AX05,1500 + 1250 MG,M01,M01A,M01AX,M01AX25,325 MG,1,1,,1,1,1,1,1,,,,M01AX25,"",,1,,,,,,,,,,1,1,0,1,1,1,1,1,0,0,0,,22.29,414.2,2,021809bCJ,421.698,7.77,45,183.5,45,107.089,8,12642,12642,43.18,1,1,1,325,0,2,0,0,0,0,0,0,0,0,0,1,0,219,62.5,0,0,0,0,0,0,1,,,,,8,6,,0,1,1,0,1,0,0,1,1,1,0,2,0,2275,2,0,0,67,39.4175559551119,0,0,1,1,1,140,0,1,1,0,1,9647,0,,,,0,0,0,,,0,53,1,216.475095785441,5.37747550981184,2,0,0,1,90,0,1,,16423,9647,1,4628,13.5366113239676,0,Q3,low,low,Q1-Q3,Q1-Q3,MI,12.6707734428474,1,1,1,0
1,2810686140,2018-01-13,2382.6,2,1,175,40,151,102,1.03,5.1,111.5,5.7,11735,2136.86098654709,7.66709320245318,1.09893238434164,0.0943391488168753,1,,44.04,,863.58,1,774.511210762332,6.65223213459055,1,69.98,0,11735,0,3,,11735,0,,,1,4282,5640,11735,13681,13681,1946,,0,0,,,,0,0,4,0,11735,C10AA05,20 MG,C10,C10A,C10AA,C10AA05,89 MG,1,,1,1,1,1,1,1,,,,"","",,,,,,,,,,,,1,0,1,1,1,1,1,1,0,0,0,,0.93,74.27,2,021309CJB,661.318,1.84,39,142.9,39,134.107,8,12697,12697,44.04,1,1,1,81,0,8,0,0,0,0,0,0,0,0,0,0,0,200,68.5,0,0,0,0,0,0,1,,,,,4,2,,0,1,1,0,0,0,0,,1,1,0,2,0,567,1,0,0,72,29.9677726533246,0,0,1,1,1,,0,0,0,0,0,,0,,,,0,0,1,,,0,104.8,1,45.7399103139013,3.82297122781224,2,0,0,1,72,1,1,,16481,,,,29.678624813154,1,Q4,high,high,Q4,Q4,,,,,,
1,2810686289,2017-12-02,4156,2,1,169,44,116,106,1.07,10.4,292.8,5.5,11819,1419.39890710383,7.25798875612005,2.0079883805374,0.69713341522778,0,,33.84,,1800.85,1,615.044398907104,6.42169445854559,1,61.78,0,11819,0,3,,11819,0,,,1,4405,5651,11819,13798,13798,1979,,0,0,,,,0,0,4,0,11819,C10AX06,1000 MG,C10,C10A,C10AX,C10AX06,"",,,,1,,1,1,,,,,"","",,,,,,,,,,,,0,0,0,1,0,1,1,0,0,0,0,,0.51,58.68,2,020409CJB,295.59,2.13,26,138.3,26,116.035,8,12978,12978,33.84,1,1,1,81,0,8,0,0,0,0,0,0,0,0,0,0,0,204,69.25,0,0,0,0,0,0,1,,,,,4,6,,0,1,1,0,0,0,0,,1,1,0,2,0,567,1,0,0,65,29.9086096484435,0,0,1,1,1,,0,0,0,0,0,,0,,,,0,0,1,,,0,101.8,1,35.5191256830601,3.57007130304231,2,0,0,1,72,0,1,,16765,6339,6,4946,19.7138737097754,0,Q3,high,high,Q1-Q3,Q1-Q3,Angina,13.5414099931554,1,1,1,0
1,2810687912,2017-12-24,1842.1,2,1,207,56,125,125,0.7,3,23.6,6.2,12477,7805.50847457627,8.9625849781147,0.799632352941177,-0.223603215767258,1,,61.12,,216.89,1,919.025423728814,6.82331378653104,1,79.51,0,12477,0,3,,12477,0,,,2,4552,6706,12477,15204,15204,2727,14468,1,0,1991,14468,,0,0,4,0,12477,M01AC06,7.5 MG,M01,M01A,M01AC,M01AC06,81 MG,1,1,,,,1,,,,,,"","",,,,,,,,,,,,1,1,0,0,0,1,0,0,0,0,0,,2.61,,,020709CJB,469.94,2.39,31,416.7,31,157.257,8,13567,13567,61.12,0,1,1,81,1,2,0,0,0,0,0,0,0,0,0,0,0,145,63.75,0,0,0,0,0,0,1,,,,,8,6,,0,1,0,1,0,0,0,1,1,1,0,2,0,567,1,0,0,76,25.0849498238789,0,0,0,1,0,,0,0,0,0,0,,0,,1,1,0,0,0,,,0,126,0,127.118644067797,4.84512085561868,2,0,1,0,84,1,1,16613,,16613,28,4136,92.9227199354318,0,Q4,high,high,Q4,Q4,Death,11.3237508555784,1,1,0,0
1,2810690093,2017-09-06,3557.8,2,1,284,48,401,111,1.14,17,206.1,6.4,11714,1726.2493934983,7.45370635338285,2.15094339622642,0.765906534842374,0,,90.9,,2094.17,1,1016.09412906356,6.92372127056309,1,61.2,0,11714,0,3,,11714,0,,,2,4595,5742,11714,13874,13874,2160,,0,0,,,,0,0,4,0,11714,B01AC06,81 MG,B01,B01A,B01AC,B01AC06,81 MG,1,,,,,,,,,,,"","",,,,,,,,,,,,1,0,0,0,0,0,0,0,0,0,0,,5.77,128.9,2,011309CJB,322.224,4.27,4,209.1,4,171.366,8,13211,13211,90.9,0,1,1,81,0,2,0,0,0,0,0,0,0,0,0,0,0,170,62.5,0,0,0,0,0,0,1,,,,,4,1,,0,1,0,0,0,0,0,1,1,1,0,2,0,567,1,0,0,63,30.5981027962056,0,0,0,0,0,,0,0,0,0,0,,0,,,,0,0,0,,,0,155.8,1,82.4842309558467,4.41260713514194,2,0,0,0,51,1,1,16250,,16250,28,4536,33.8480273234961,0,Q4,high,high,Q4,Q4,Death,12.4188911704312,1,1,1,0
1,2810690100,2017-12-31,920.8,2,1,181,61,102,89,0.66,13.7,80.3,5.4,11651,1146.699875467,7.04464342244305,2.40862068965517,0.879054255716497,0,,29.72,,1183.77,1,1474.18430884184,7.29586010485228,1,66.32,0,11651,0,3,,11651,0,,,2,4291,5756,11651,13772,13772,2121,,0,0,,,,0,0,4,0,11651,C10AA05,20 MG,C10,C10A,C10AA,C10AA05,81 MG,1,,,,1,1,1,,,,,"","",,,,,,,,,,,,1,0,0,0,1,1,1,0,0,0,0,,0.58,159.3,2,021009CJB,373.23,1.45,33,154.9,33,115.892,8,12708,12708,29.72,1,1,1,81,0,2,0,0,0,0,0,0,0,0,0,0,0,151,64.25,0,0,0,0,0,0,1,,,,,6,6,,0,1,1,0,0,0,0,1,1,1,0,2,0,567,1,0,0,60,25.7179469377183,0,0,1,1,1,,0,0,0,0,0,,0,,,,0,0,0,,,0,99.6,1,170.610211706102,5.1393814908635,2,0,0,1,96,0,0,,16493,,,,11.9447903694479,1,Q2,low,low,Q1-Q3,Q1-Q3,,,,,,
1,2810690617,2017-11-21,165.2,2,1,202,86,57,96,0.55,3,17,5.3,11613,971.764705882353,6.87911370301875,1.63619744058501,0.492374915852874,1,,25.56,,424.64,1,2497.88235294118,7.82319859307572,1,72.6,0,11613,0,3,,11613,0,,,2,4329,5679,11613,13729,13729,2116,,0,0,,,,0,0,4,0,11613,M01AX05,"",M01,M01A,M01AX,M01AX25,325 MG,1,1,,,,,,,,,,M01AX25,"",,1,,,,,,,,,,1,1,0,0,0,0,0,0,0,0,0,,1.37,21.08,2,012709bCJ,337.748,1.31,18,225.7,18,141.738,8,12890,12890,25.56,0,2,1,325,0,2,0,0,0,0,0,0,0,0,0,0,0,142,64.25,0,0,0,0,0,0,1,,,,,4,1,,0,1,0,0,0,0,0,1,1,1,0,2,0,4550,2,0,0,64,24.1850891732185,0,0,0,0,0,,0,0,0,0,0,,0,,,,0,0,0,,,0,104.6,0,176.470588235294,5.17315422359403,2,0,0,0,99,0,0,,16681,,,,9.81580510992276,1,Q2,low,low,Q1-Q3,Q1-Q3,,,,,,
1,2810691862,2017-12-16,421.7,2,1,197,66,113,95,0.67,16,62.8,5.3,11452,671.496815286624,6.50950927326645,,,,,23.42,,481.08,1,766.050955414013,6.64124868895635,1,,,,,,,11452,0,,,2,,5566,11452,,,,,0,0,,,,0,0,,0,11452,C10AX09,10 MG,C10,C10A,C10AX,C10AX09,81 MG,1,,,,,1,1,,,,,"","",,,,,,,,,,,,1,0,0,0,0,1,1,0,0,0,0,,0.33,33.56,2,020409bCJ,357.76,0.96,28,209.7,28,157.704,8,12587,12587,23.42,0,1,1,81,0,2,0,0,0,0,0,0,0,0,0,0,0,154,64.25,0,0,0,0,0,0,1,,,,,7,8,,0,1,0,0,0,0,0,1,1,1,0,2,0,567,1,0,0,72,26.2288995258849,0,0,0,1,0,,0,0,0,0,0,,0,,,,0,0,0,,,0,108.4,1,254.777070063694,5.54038892774777,2,0,0,1,88,0,0,15054,,15054,27,3602,7.63064562825709,0,Q1,low,low,Q1-Q3,Q1-Q3,,9.86173853524983,1,0,0,0
1,2810692380,2018-02-03,4001.4,2,1,132,51,101,94,1.49,61.6,116,6.4,11773,3449.48275862069,8.14597957374804,2.40448239060832,0.877334658193822,0,,59.92,,1919.67,1,1654.88793103448,7.41148857013135,1,57.22,0,11773,0,3,41,11773,1,-749,11024,1,4363,5635,11773,,,,11773,1,1,-749,11024,,1,0,2,1,11773,C10AX09,20 MG,C10,C10A,C10AA,C10AA01,81 MG,1,,,1,1,1,,1,,,,C10AA01,"",,,,,,1,1,,,,,1,0,0,1,1,1,1,1,0,0,0,,1.71,58.37,2,021909CJB,394.162,6.37,45,177.4,45,111.538,8,12599,12599,59.92,1,1,1,81,0,8,0,0,0,0,0,0,0,1,0,0,0,242,70,0,0,0,0,0,0,1,,,,,7,6,,0,1,1,0,0,1,0,,1,1,0,2,0,567,1,0,0,86,34.7236123043675,0,0,1,1,1,141,0,1,0,1,0,,0,,1,3,1,1,1,,,0,60.8,1,531.034482758621,6.27482695841525,3,0,0,1,42,1,1,13414,13874,11024,41,2101,82.1305418719212,0,Q4,high,high,Q4,Q4,CHF,5.75222450376455,1,0,0,0
1,2810693084,2017-10-22,236.3,2,1,172,58,146,99,0.93,3,31.9,5.7,11815,740.752351097179,6.60766636039016,2.39648798521257,0.874004326132238,0,,41.72,,340.63,1,1067.80564263323,6.97336102040615,1,66.86,0,11815,0,3,,11815,0,,,1,4619,5714,11815,13869,13869,2054,,0,0,,,,0,0,4,0,11815,C10AA05,40 MG,C10,C10A,C10AA,C10AA05,325 MG,1,,,,,1,1,,,,,"","",,,,,,,,,,,,1,0,0,0,0,1,1,0,0,0,0,,0.14,35.45,2,012109CJB,517.578,1.62,10,118.1,10,107.918,8,13211,13211,41.72,1,1,1,325,0,8,0,0,0,0,0,0,0,0,0,0,0,162,68,0,0,0,0,0,0,1,,,,,3,6,,0,1,1,0,0,0,0,,1,1,0,2,0,2275,2,0,0,70,24.6321772920363,0,0,1,1,1,140,0,1,1,0,0,,0,,,,0,0,0,,,0,84.8,0,94.0438871473354,4.54376155785945,2,0,0,1,83,0,0,,17003,,,,8.92472712165276,1,Q1,low,low,Q1-Q3,Q1-Q3,,,,,,
1,2810694481,2018-01-14,1026.9,2,1,175,84,72,84,1.02,3.5,30,5.4,12792,3423,8.13827263853019,3.6997084548105,1.30825402054845,0,,30.94,,135.8,1,452.666666666667,6.11515601945053,1,58.99,0,12792,0,3,13,12792,1,3966,16758,2,4539,5793,12792,15025,15025,2233,,0,0,,,,0,1,4,1,12792,B01AC06,160 MG,B01,B01A,B01AC,B01AC06,160 MG,1,,,,,,,,,,,"","",,,,,,,,,,,,1,0,0,0,0,0,0,0,0,0,0,,0.73,28.1,2,021409CJB,299.366,0.92,40,209.9,40,114.606,8,13738,13738,30.94,0,4,2,160,0,2,0,0,0,0,0,0,0,0,0,0,0,125,67,0,0,0,0,0,0,1,,,,,6,1,,0,1,0,0,0,0,0,1,1,1,0,2,0,640,2,0,0,63,19.5778961395303,0,0,0,0,0,,0,0,0,0,1,16774,1,12315,,,0,0,1,,,0,76.6,0,116.666666666667,4.75932086581535,2,0,0,0,58,1,1,16776,,12315,13,,59.0172413793104,1,Q4,high,high,Q4,Q4,Cancer Death,,,,,
1,2810694504,2017-10-07,247.2,2,1,238,52,193,107,0.61,3,30.2,5.6,12446,818.543046357616,6.7075259871908,1.35601374570447,0.304549326417023,1,,41.34,,514.6,1,1703.97350993378,7.44071816145491,1,68.26,0,12446,0,3,,12446,0,,,2,4713,5804,12446,14542,14542,2096,,0,0,,,,0,0,4,0,12446,B01AC06,81 MG,B01,B01A,B01AC,B01AC06,81 MG,1,,,,,,,,,,,"","",,,,,,,,,,,,1,0,0,0,0,0,0,0,0,0,0,,3.29,78.47,2,012009CJB,273.056,1.06,10,253,10,179.006,8,13848,13848,41.34,0,1,1,81,0,2,0,0,0,0,0,0,0,0,0,0,0,176,64,0,0,0,0,0,0,1,,,,,6,7,,0,1,0,0,0,0,0,1,1,1,0,2,0,567,1,0,0,64,30.2105291710583,0,0,0,0,0,,0,0,0,0,0,,0,,,,0,0,0,,,0,147.4,0,99.3377483443709,4.59852564326942,2,0,0,0,96,0,0,,17640,,,,8.52649006622517,1,Q1,low,low,Q1-Q3,Q1-Q3,,,,,,
1,2810695900,2017-10-28,495.2,2,1,151,42,130,141,0.9,3,60.1,6.5,12314,823.96006655574,6.71412206581732,1.81336278299282,0.595183012688905,0,,45.52,,674.64,1,1122.52911813644,7.02333955971332,1,68.19,0,12314,0,3,,12314,0,,,2,4600,5851,12314,15042,15042,2728,,0,0,,,,0,0,4,0,12314,M01AX05,TABLET,M01,M01A,M01AX,M01AX25,500 MG,1,1,,,,,,,,1,,M01AX25,"",,1,,,,,,,,,,1,1,0,0,0,0,0,0,0,1,0,,3,52.8,2,012309CJB,403.482,2.51,13,249.8,13,131.297,8,13666,13666,45.52,0,1,1,500,1,2,0,0,0,0,0,0,0,2,0,0,0,178,65,0,0,0,0,0,0,1,,,,,8,7,,0,1,0,1,0,1,0,1,1,1,0,2,0,3500,2,0,0,78,29.6209444489895,0,1,0,0,0,,0,0,0,0,0,,0,,,,0,0,0,,,0,83,0,49.9168053244592,3.91035772610908,2,1,0,0,61,0,0,,17458,14755,11,5144,13.5075420746843,1,Q1,low,low,Q1-Q3,Q1-Q3,Atherothrombotic Infarction of Brain,14.0835044490075,1,1,1,0
1,2810695957,2017-11-13,651.6,2,1,211,79,55,115,0.93,23,151.3,4.9,12396,430.667547918044,6.06533644192167,4.54934823091248,1.51498397674888,0,,41.38,,844.6,1,558.22868473232,6.32476870769362,1,64.49,0,12396,0,3,41,12396,1,2471,14867,2,4516,5852,12396,14499,14499,2103,15923,1,0,2471,14867,,0,1,4,1,12396,M01AX05,750/600 MG,M01,M01A,M01AX,M01AX25,81 MG,1,1,,,,,,,,,,M01AX25,"",,1,,,,,,,,,,1,1,0,0,0,0,0,0,0,0,0,,0.44,45.37,2,012909CJB,484.41,1.59,18,227.1,18,139.623,8,13660,13660,41.38,0,1,1,81,0,2,0,0,0,0,0,0,0,0,0,0,0,123,64.75,0,0,0,0,0,0,1,,,,,4,2,,0,1,0,0,0,0,0,1,1,1,0,2,0,567,1,0,0,70,20.6267677483701,0,0,0,0,0,143,1,0,0,0,0,,0,,1,1,0,0,0,,,0,121,1,152.015862524785,5.02398487411698,2,0,0,0,62,0,0,15937,14745,14867,41,2471,6.94625077287167,0,Q1,low,low,Q1-Q3,Q1-Q3,CHF,6.76522929500342,1,0,0,0
7,2810696663,2017-08-16,753,2,1,191,64,126,103,0.79,6.7,68.1,5.9,4226,1105.7268722467,7.00825820063252,2.45107564191534,0.896526965724329,0,3.6,41.8,44.02,838.85,2,1231.79148311307,7.11622487904903,1,,1,4226,,,,4226,0,,,2,4226,6011,,,6011,1785,,0,0,,,,0,0,,0,4226,M01AX05,37.5-25 MG,C03,C03A,C03AA,C03AA03,81 MG,1,1,,,1,1,1,1,,,,C03AA03,"",,,,,,,,1,,,,1,1,0,0,1,1,1,1,0,0,0,,5.33,243.5,2,010609CJB,422.276,2.76,4,158.1,4,85.854,3,,,41.8,1,1,1,81,0,,0,0,0,0,0,0,,,,,0,257,64.25,0,0,0,0,0,0,,1,,,,4,8,,0,1,1,0,,,0,,2,2,0,2,0,567,1,0,0,67,43.7716050529377,0,0,1,1,1,,0,0,0,0,0,,0,,,,0,0,0,,,0,101.8,1,98.3847283406755,4.58888559222359,2,0,0,1,90,0,0,,8713,,,,12.2858541360744,1,Q2,low,low,Q1-Q3,Q1-Q3,,,,,,
1,2810697162,2017-10-28,897.2,2,1,182,39,122,214,0.91,8.4,93.8,8.2,11505,956.503198294243,6.86328413262197,0.923697725605282,-0.0793703976521855,1,,45.44,,1577,1,1681.23667377399,7.42728491693895,1,65.7,0,11505,0,3,,11505,0,,,1,4348,5940,11505,,,,,0,0,,,,0,0,4,0,11505,C10AA05,20 MG,C10,C10A,C10AA,C10AA05,"",,,,,1,1,1,,,1,,"","",,,,,,,,,,,,0,0,0,0,1,1,1,0,0,1,0,,3.33,78.96,2,012309CJB,332.714,1.04,13,147.2,13,135.555,8,12855,12855,45.44,1,1,1,81,1,8,0,0,0,0,0,0,0,0,0,0,0,203,69.75,0,0,0,0,0,0,1,,,,,6,6,,0,1,1,1,0,0,0,,1,1,0,2,0,567,1,0,0,56,29.3368328672141,0,1,1,1,1,,0,0,0,0,0,,0,,,,0,0,0,,,0,118.6,1,89.5522388059702,4.49482212881923,2,1,0,1,94,0,0,,13552,,,,10.1755659393005,1,Q2,low,low,Q1-Q3,Q1-Q3,,,,,,
1,2810697838,2017-12-31,798.6,2,1,108,50,55,163,1.16,3.8,77.4,6.7,12428,1031.78294573643,6.93904360002153,5.12273641851107,1.63368875302072,0,,35.04,,321.26,1,415.064599483204,6.02843416952203,1,71.04,0,12428,0,3,,12428,0,,,2,4514,5756,12428,,,,,0,0,,,,0,0,4,0,12428,C10AX06,900 MG,C10,C10A,C10AX,C10AX06,81 MG,1,,,1,1,1,1,,,1,,"","",,,,,,,,,,,,1,0,0,1,1,1,1,0,0,1,0,,0.3,54.38,2,020909CJB,299.392,1.2,33,154.2,33,98.287,8,13491,13491,35.04,1,1,1,81,1,2,0,0,0,0,0,0,0,0,0,0,0,159,62,0,0,0,0,0,0,1,,,,,7,8,,0,1,1,1,0,0,0,1,1,1,0,2,0,567,1,0,0,76,29.0816710665679,0,1,1,1,1,141,0,1,1,1,0,,0,,,,0,0,1,,,0,47,0,49.0956072351421,3.8937695651188,2,1,0,1,46,0,0,,17276,10408,11,4848,22.4300640377486,0,Q2,low,high,Q1-Q3,Q1-Q3,Atherothrombotic Infarction of Brain,13.2731006160164,1,1,1,0
1,2810698347,2018-02-08,1610.8,2,1,165,60,102,98,1.32,39.9,46.2,5.7,11804,3486.58008658009,8.1566766168777,,,,,40.76,,256.16,1,554.458874458875,6.3179926371488,1,74.99,0,11804,0,3,,11804,0,,,2,,5344,11804,,,,,0,0,,,,0,0,4,0,11804,C10AA02,75/50 MG,C03,C03A,C03AA,C03AA03,81 MG,1,,,1,,1,1,1,,,,C03AA03,"",,,,,,,,1,,,,1,0,0,1,0,1,1,1,0,0,0,,11.47,59.33,2,021909CJB,365.848,4.51,46,199.5,46,118.74,8,12599,12599,40.76,1,1,1,81,0,2,0,0,0,0,0,0,0,0,0,0,0,176,60.5,0,0,0,0,0,0,1,,,,,3,6,,0,1,1,0,0,0,0,1,1,1,0,2,0,567,1,0,0,74,33.8070698680841,0,0,1,1,1,,0,0,0,0,0,,0,,,,0,0,1,,,0,84.6,1,863.636363636364,6.76115180479026,3,0,0,1,40,1,1,,16380,,,,87.1645021645022,1,Q4,high,high,Q4,Q4,,,,,,
1,2810699792,2018-02-10,1340.7,2,1,122,48,78,93,0.84,3.1,90.1,5.6,12007,1488.01331853496,7.30519716598132,1.63505926388022,0.491679050713853,1,,44.26,,1449.62,1,1608.90122086571,7.38330675347683,1,73.8,0,12007,0,3,,12007,0,,,2,4396,5478,12007,,,,,0,0,,,,0,0,4,0,12007,M01AE02,220 MG,M01,M01A,M01AE,M01AE02,81 MG,1,1,,1,,1,1,,,,,"","",,,,,,,,,,,,1,1,0,1,0,1,1,0,0,0,0,,8.2,122,2,021909bCJ,,,47,223,47,136.641,8,12761,12761,44.26,2,1,1,81,0,2,0,0,0,0,0,0,0,0,0,0,0,145,61.5,0,0,0,0,1,1,1,,,,,7,6,,0,1,1,0,0,0,0,1,1,1,0,2,0,567,1,0,1,83,26.954009886604,0,0,0,1,1,,0,0,0,0,0,,0,,,,0,0,1,,,0,58.4,0,34.4062153163152,3.53823722585895,2,0,0,1,64,0,1,13696,,2829,6,,23.2502081021088,1,Q3,high,high,Q1-Q3,Q1-Q3,Angina,,,,,
1,2810700130,2017-11-13,2104.1,2,1,172,49,161,123,0.89,18,203.8,6,12326,1032.43375858685,6.93967416644473,2.45812310797175,0.8993980944998,0,,27.02,,1500.8,1,736.408243375859,6.60178464345143,1,68.49,0,12326,0,3,5,12326,0,,,1,4553,5794,12326,,,,,0,0,,,,0,0,4,0,12326,C10AA05,10 MG,C10,C10A,C10AA,C10AA05,81 MG,1,,,1,,1,1,,,,,"","",,,,,,,,,,,,1,0,0,1,0,1,1,0,0,0,0,,0.83,126.3,2,012709CJB,304.604,0.4,17,226,17,165.402,8,13614,13614,27.02,1,1,1,81,0,8,0,0,0,0,0,0,0,0,0,0,0,222,73.5,0,0,0,0,0,0,1,,,,,4,1,,0,1,1,0,0,0,0,,1,1,0,2,0,567,1,0,0,61,28.8924193008736,0,0,1,1,1,,0,0,0,0,1,7477,0,,,,0,0,1,,,0,90.8,1,88.3218842001963,4.48098791608968,2,0,0,1,92,0,0,,14545,7477,5,2219,11.2221060715962,0,Q2,low,low,Q1-Q3,Q1-Q3,MI,6.07529089664613,1,0,0,0
1,2810700214,2018-01-28,1369.4,2,1,197,29,687,185,0.93,3.1,177.4,6.7,11759,771.927846674183,6.64889108279958,1.5682302771855,0.449947771595213,1,,30.52,,1206.68,1,680.202931228862,6.52239118192703,1,66.85,0,11759,0,3,,11759,0,,,1,4352,5670,11759,13856,13856,2097,,0,0,,,,0,0,4,0,11759,C10AX06,1000 MG,C10,C10A,C10AX,C10AX06,81 MG,1,,,,,1,,,,,,"","",,,,,,,,,,,,1,0,0,0,0,1,0,0,0,0,0,,1.32,70.68,2,021809CJB,461.16,1.5,43,297.3,43,136.47,8,12659,12659,30.52,0,1,1,81,0,8,1,1,0,,0,0,0,0,0,0,0,216,72.75,1,0,0,0,0,0,1,,,,,8,8,,0,1,0,0,0,0,0,,1,1,1,2,0,567,1,0,1,64,28.6941502780869,1,0,0,1,0,,0,0,0,0,0,,0,,,,0,0,0,,,0,30.6,0,17.4746335963923,2.86075032059776,1,1,1,0,86,0,0,,16440,,,,8.97590519388585,1,Q1,low,low,Q1-Q3,Q1-Q3,,,,,,
1,2810701052,2018-02-22,209,2,1,221,87,94,97,0.89,3,21.3,5.3,13115,981.220657276995,6.88879736523752,1.55438311688312,0.441078757521281,1,,41.1,,116.12,1,545.164319248826,6.30108725242914,1,64.27,0,13115,0,3,,13115,0,,,2,4558,5802,13115,14763,14763,1648,,0,0,,,,0,0,4,0,13115,B01AC06,81 MG,B01,B01A,B01AC,B01AC06,81 MG,1,,,,,,,,,,,"","",,,,,,,,,,,,1,0,0,0,0,0,0,0,0,0,0,,1.51,23.36,2,022009CJB,274.488,1.65,49,204.8,49,114.511,8,13783,13783,41.1,0,1,1,81,0,2,0,0,0,0,0,0,0,0,0,0,0,136,65.25,0,0,0,0,1,1,1,,,,,6,1,,0,1,0,0,0,0,0,1,1,1,0,2,0,567,1,0,1,63,22.458641825726,0,0,0,0,0,,0,0,0,0,0,,0,,,,0,0,0,,,0,115.2,0,140.845070422535,4.94766049493487,2,0,0,0,69,0,0,,17563,,,,14.2205892358985,1,Q2,low,low,Q1-Q3,Q1-Q3,,,,,,
7,2810701308,2017-08-12,1093.6,2,1,175,64,63,96,0.89,3,69.3,6,4222,1578.06637806638,7.36395556520197,,,,2.1,35.96,37.06,768.99,2,1109.65367965368,7.01180324531216,1,72.77,0,4222,0,3,,4222,0,,,2,4222,,,,,,,0,0,,,,0,0,4,0,4222,C09CA04,5 MG,C09,C09A,C09AA,C09AA07,325 MG,1,,1,1,1,,,1,,,,C09AA07,"",,,,,1,,,,,,,1,0,1,1,1,0,0,1,0,0,0,,7.31,48.64,2,123008CJB,236.08,4.22,3,161,3,96.877,3,,,35.96,1,1,1,325,0,,0,0,0,0,0,0,,,,,0,211,61,0,0,0,0,0,0,,1,,,,7,1,,0,1,1,0,,,0,,2,2,0,2,0,2275,2,0,0,60,39.8683624564239,0,0,1,0,1,,0,0,0,0,0,,0,,,,0,0,0,1,2675,1,98.4,0,43.2900432900433,3.76792266145439,2,0,0,0,82,0,1,,8799,,,,19.2447119276388,1,Q3,high,high,Q1-Q3,Q1-Q3,,,,,,
1,2810701411,2017-09-06,1890.6,2,1,220,33,224,121,0.79,17.4,155,5.9,11831,1219.74193548387,7.10639458706013,1.83683559950556,0.608044308219213,0,,61.38,,1844.47,1,1189.98064516129,7.08169232140296,1,56.89,0,11831,0,3,18,11831,1,1427,13258,1,4644,5741,11831,14000,14000,2169,13262,1,0,1431,13262,,0,1,4,1,11831,C10AA02,40 MG,C10,C10A,C10AA,C10AA02,81 MG,1,,,1,1,1,1,,,,,"","",,,,,,,,,,,,1,0,0,1,1,1,1,0,0,0,0,,2.66,273.4,2,011309CJB,601.494,1.69,4,229.7,4,233.518,8,13330,13330,61.38,1,1,1,81,0,8,0,0,0,0,0,0,0,0,0,0,0,187,63.5,0,0,0,0,0,0,1,,,,,4,1,,0,0,1,0,0,0,0,,1,1,0,,0,567,1,0,0,62,32.6061685045436,0,0,1,1,1,141,1,1,0,1,1,13265,1,16649,2,1,0,0,0,,,0,142.2,1,112.258064516129,4.72080036828337,2,0,0,1,96,0,1,,17123,13258,41,5292,12.7056451612903,1,Q3,low,low,Q1-Q3,Q1-Q3,CHF,14.4887063655031,1,1,1,0
1,2810701643,2018-01-26,1235.2,2,1,154,74,64,115,0.56,27.6,94.1,6.3,11649,1312.64612114772,7.17980031866727,7.41402908468777,2.00337402766228,0,,62.72,,1136.81,1,1208.087141339,7.09679351276306,1,66.78,0,11649,0,3,,11649,0,,,2,4216,5665,11649,,,,,0,0,,,,0,0,4,0,11649,C10AA05,10 MG,C10,C10A,C10AA,C10AA05,81 MG,1,,,,1,1,1,,,1,,"","",,,,,,,,,,,,1,0,0,0,1,1,1,0,0,1,0,,0.89,92.47,2,021709CJB,348.804,1.06,42,144.5,42,79.414,8,12569,12569,62.72,1,1,1,81,1,2,0,0,0,0,0,0,0,0,0,0,0,135,60.25,0,0,0,0,0,0,1,,,,,3,6,,0,1,1,1,0,0,0,1,1,1,0,2,0,567,1,0,0,75,26.1472054081658,0,1,1,1,1,,0,0,0,0,0,,0,,,,0,0,0,,,0,67.2,1,293.304994686504,5.68121300511391,2,1,0,1,91,0,1,12269,,12269,27,620,14.4246826499749,0,Q3,high,low,Q1-Q3,Q1-Q3,,1.6974674880219,0,0,0,0
1,2810702580,2018-01-10,1525,2,1,141,48,111,93,1.05,3,134.4,5.6,12275,1134.67261904762,7.03409944694055,,,,,43.04,,1106.86,1,823.556547619048,6.71363221467859,1,64.91,0,12275,0,3,,12275,0,,,1,4587,5748,12275,14372,14372,2097,,0,0,,,,0,0,4,0,12275,M01AX25,1200 MG,M01,M01A,M01AX,M01AX25,81 MG,1,1,,,1,1,1,,,,,"","",,,,,,,,,,,,1,1,0,0,1,1,1,0,0,0,0,,1.06,139.6,2,021209CJB,168.324,1.54,38,146.5,38,111.138,8,13262,13262,43.04,1,1,1,81,0,8,0,0,0,0,0,0,0,0,0,0,0,205,68,0,0,0,0,0,0,1,,,,,8,1,,0,1,1,0,0,0,0,,1,1,0,2,0,567,1,0,0,57,31.1703478078237,0,0,1,1,1,,0,0,0,0,0,,0,,,,0,0,0,,,0,70.8,0,22.3214285714286,3.1055471395612,1,0,0,1,78,0,0,,17046,,,,14.5470848595849,1,Q2,low,low,Q1-Q3,Q1-Q3,,,,,,
1,2810702878,2017-11-21,333.6,2,1,135,31,101,98,5.9,900.5,49.9,6.7,11378,668.537074148297,6.50509185371521,2.20184426229508,0.789295310229418,0,,33.74,,286.76,1,574.669338677355,6.35379481221529,1,60.33,0,11378,0,3,41,11378,1,1933,13311,2,4305,5639,11378,,,,11378,1,1,-1170,10208,,0,1,4,1,11378,C10AX09,10 MG,C10,C10A,C10AX,C10AX09,81 MG,1,,1,1,1,1,,1,,,,"","",,,,,,,,,,,,1,0,1,1,1,1,0,1,0,0,0,,1.33,30.06,2,012709bCJ,293.508,0.29,17,117.6,17,104.85,8,12660,12660,33.74,1,1,1,81,1,2,0,0,0,0,0,0,1,1,0,0,2,159,61.25,0,0,0,0,0,0,1,,,,,2,1,,0,1,1,1,0,1,1,1,1,1,0,2,0,567,1,1,0,76,29.7982356897658,0,0,1,1,1,,0,0,0,0,0,,0,,1,3,1,1,0,,,0,83.8,1,18046.0921843687,9.80068444084067,3,0,1,0,6,0,0,13536,16254,13311,41,4876,111.422845691383,0,Q1,low,high,Q4,Q1-Q3,CHF,13.3497604380561,1,1,1,0
1,2810703523,2017-11-13,374.1,2,1,118,45,103,87,0.8,4.2,80,5.7,12273,467.625,6.14766669266831,4.17728976968399,1.42966265578878,0,,43.32,,618.34,1,772.925,6.65018201930067,1,74.58,0,12273,0,3,41,12273,1,3688,15961,2,4600,5826,12273,14462,14462,2189,13073,1,0,800,13073,,0,1,4,1,12273,M01AX05,"",M01,M01A,M01AX,M01AX25,"",,1,,1,,1,1,,,,,M01AX25,"",,1,,,,,,,,,,0,1,0,1,0,1,1,0,0,0,0,,1.41,53.68,2,012709bCJ,520.822,20.4,18,95.6,18,67.125,8,13541,13541,43.32,1,1,1,325,0,2,0,0,0,0,0,0,0,0,0,0,2,116,58.5,0,0,0,0,0,0,1,,,,,8,2,,0,1,1,0,0,0,1,1,1,1,0,2,0,2275,2,1,0,78,23.8315269529947,0,0,1,1,1,140,0,1,1,0,0,,0,,1,1,0,0,0,,,0,52.4,1,52.5,3.96081316959758,2,0,0,1,71,0,0,16088,,12036,30,,6.5862676056338,1,Q1,low,low,Q1-Q3,Q1-Q3,IC,,,,,
1,2810704341,2017-09-02,1844.3,2,1,180,67,84,95,0.61,12.9,105.9,5.7,12281,1741.54863078376,7.46253001406949,2.17489177489178,0.776978904632195,0,,37.38,,823.35,1,777.478753541077,6.65605631704474,1,56.03,0,12281,0,3,,12281,0,,,2,4573,5813,12281,14815,14815,2534,,0,0,,,,0,0,4,0,12281,B01AC06,81 MG,B01,B01A,B01AC,B01AC06,81 MG,1,,,,,,,,,,,"","",,,,,,,,,,,,1,0,0,0,0,0,0,0,0,0,0,,0.26,29.83,2,011209CJB,285.224,0.54,3,183.7,3,120.341,8,13799,13799,37.38,0,1,1,81,0,1,1,1,1,0,0,0,0,0,0,0,0,134,67.25,0,0,0,0,0,0,1,,,,,6,1,,0,1,0,0,0,0,0,0,1,1,2,2,0,567,1,0,0,65,20.8317537736221,1,0,0,0,0,,0,0,0,0,0,,0,,,,0,0,0,,,0,96.2,1,121.813031161473,4.8024873377424,2,0,0,0,95,1,1,,17592,,,,18.3320908503554,1,Q4,high,high,Q1-Q3,Q4,,,,,,
1,2810704472,2017-12-16,347.7,2,1,174,42,309,96,0.69,6.5,34.2,6,11783,1016.66666666667,6.92428458093335,4.16404886561955,1.42648788594312,0,,32.36,,308.14,1,900.994152046784,6.80349876707316,1,77.62,0,11783,0,3,,11783,0,,,2,4404,5687,11783,13960,13960,2177,,0,0,,,,0,0,4,0,11783,C10AA05,20 MG,C10,C10A,C10AA,C10AA05,81 MG,1,,,,,1,1,1,,,,"","",,,,,,,,,,,,1,0,0,0,0,1,1,1,0,0,0,,5.99,45.07,2,020409bCJ,385.068,2.85,28,192.3,28,111.119,8,12918,12918,32.36,1,1,1,81,0,2,0,0,0,0,0,0,0,0,0,0,0,157,63.25,0,0,0,0,0,0,1,,,,,4,2,,0,1,1,0,0,0,0,1,1,1,0,2,0,567,1,0,0,63,27.5920650577416,0,0,1,1,1,,0,0,0,0,0,,0,,,,0,0,0,,,0,70.2,1,190.058479532164,5.24733181181517,2,0,0,1,93,0,0,,16704,,,,10.9318996415771,1,Q2,low,low,Q1-Q3,Q1-Q3,,,,,,
1,2810705026,2017-11-26,1135.2,2,1,227,50,179,110,0.62,3.4,58.2,6.4,11896,1950.51546391753,7.57584895709653,1.27058823529412,0.239479970633903,1,,45.4,,1463.37,1,2514.38144329897,7.8297821052855,1,,,,,,41,11896,1,607,12503,2,4265,5635,11896,14764,14764,2868,,0,0,,,,0,1,,1,11896,M01AX05,1500/2000 MG,M01,M01A,M01AX,M01AX25,"",,1,,,1,,,1,,,,M01AX25,"",,1,,,,,,,,,,0,1,0,0,1,0,0,1,0,0,0,,33.39,204.5,2,020309CJB,310.87,9.28,23,222.9,23,166.383,8,13096,13096,45.4,1,2,1,,0,2,0,0,0,0,0,0,0,0,0,0,0,343,67,0,0,0,0,0,0,1,,,,,3,1,,0,1,1,0,0,0,0,1,1,1,0,2,0,,1,0,0,61,53.7217470068712,0,0,1,0,1,143,1,0,0,0,0,,0,,,,0,0,0,,,0,141.2,0,58.4192439862543,4.06764535586686,2,0,0,0,97,1,1,15606,,12503,41,,20.1084068445106,1,Q4,high,high,Q1-Q3,Q4,CHF,,,,,
1,2810705230,2018-01-06,1534.4,2,1,129,43,115,97,1.17,131.6,83.6,4.9,11988,1835.40669856459,7.51502137002661,3.15112262521589,1.14775877830351,0,,60.2,,579.89,1,693.648325358852,6.54196509627867,1,55.09,1,11988,0,3,1,11988,0,,,1,4399,5615,11988,,,,14627,1,0,2639,14627,,0,0,4,0,11988,C10AX09,10 MG,C10,C10A,C10AX,C10AX09,325 MG,1,,,1,1,1,1,,,,,"","",,,,,,,,,,,,1,0,0,1,1,1,1,0,0,0,0,,1.43,85.14,2,021109CJB,517.29,3.91,36,161,36,143.31,8,13009,13009,60.2,1,1,1,325,0,8,0,0,0,0,0,0,0,0,0,1,0,168,67.5,0,0,0,0,0,0,1,,,,,3,6,,0,0,1,0,1,0,0,,1,1,0,,0,2275,2,0,0,84,25.9243185153037,0,0,1,1,1,140,0,1,1,0,1,10268,0,,2,1,0,0,1,,,0,63,1,1574.16267942584,7.3614787777827,3,0,0,1,57,1,1,14627,,10268,1,,32.2001175186771,1,Q4,high,high,Q4,Q4,MI,,,,,
1,2810705269,2017-08-26,867.5,2,1,217,79,257,203,0.7,13.8,49.7,9.6,11330,1745.47283702213,7.46478076470652,1.49384885764499,0.401355915358031,1,,50.14,,781.44,1,1572.3138832998,7.36030362436779,1,61.17,0,11330,0,3,,11330,0,,,2,4331,5675,11330,14195,14195,2865,,0,0,,,,0,0,4,0,11330,C10AX06,TABLET,A10,A10B,A10BA,A10BA02,500 MG,1,,,,1,1,1,,,1,,A10BA02,"",,,,,,,,,,1,,1,0,0,0,1,1,1,0,0,1,0,,1.27,97.97,2,010909CJB,461.082,2.79,2,239.5,2,168.651,8,12911,12911,50.14,1,1,1,500,1,2,0,0,0,0,0,0,0,0,0,0,0,157,61.25,0,0,0,0,0,0,1,,,,,3,0,,0,1,1,1,0,0,0,1,1,1,0,2,0,3500,2,0,0,78,29.4234151150518,0,1,1,1,1,141,0,1,0,1,0,,0,,,,0,0,1,,,0,86.6,1,277.665995975855,5.62641893804271,2,1,0,1,83,1,1,15810,,6371,6,,21.0297932171341,1,Q4,high,high,Q1-Q3,Q4,Angina,,,,,
1,2810705532,2018-01-14,1182.1,2,1,224,100,95,97,0.88,3.4,85.6,5.4,12412,1380.95794392523,7.23053269959673,2.57154673283706,0.944507559443961,0,,41.22,,744.8,1,870.093457943925,6.76860062880325,1,71.63,0,12412,0,3,,12412,0,,,2,4662,5733,12412,14465,14465,2053,,0,0,,,,0,0,4,0,12412,C07AB03,50 MG,C07,C07A,C07AB,C07AB03,81 MG,1,,,1,,,,,,,,"","",,,,,,,,,,,,1,0,0,1,0,0,0,0,0,0,0,,0.42,49.77,2,021409CJB,409.33,0.94,40,238.9,40,128.648,8,13359,13359,41.22,1,2,2,81,0,2,0,0,0,0,0,0,0,0,0,0,0,110,64,0,0,0,0,0,0,1,,,,,3,2,,0,1,1,0,0,0,0,1,1,1,0,2,0,162,1,0,0,67,18.8815807319115,0,0,1,0,1,,0,0,0,0,0,,0,,,,0,0,1,,,0,105,0,39.7196261682243,3.68184542745656,2,0,0,0,68,0,1,,17143,8925,6,4731,20.308205057724,0,Q3,high,high,Q1-Q3,Q1-Q3,Angina,12.952772073922,1,1,1,0
1,2810706068,2017-12-31,931.7,2,1,136,46,74,119,1.22,16.7,94.9,6.1,11501,981.770284510011,6.88935735482859,,,,,40.34,,793.83,1,836.491043203372,6.72921581290198,1,62.16,0,11501,0,3,,11501,0,,,1,,5650,11501,,,,10849,1,1,-652,10849,,0,0,4,0,11501,C10AA05,10 MG,C10,C10A,C10AA,C10AA05,325 MG,1,,,1,,1,1,,,,,"","",,,,,,,,,,,,1,0,0,1,0,1,1,0,0,0,0,,0.69,42.57,2,020909CJB,336.366,1.66,32,216.1,32,158.705,8,12573,12573,40.34,1,1,1,160,0,8,0,0,0,0,0,0,0,0,0,0,0,167,70.25,0,0,0,0,0,0,1,,,,,8,6,,0,1,1,0,0,0,0,,1,1,0,2,0,1120,2,0,0,84,23.7919164811367,0,0,1,1,1,,0,0,0,0,0,,0,,2,1,1,0,1,,,0,75.2,1,175.974710221286,5.17034029278896,2,0,0,1,54,0,0,12130,,12130,28,629,18.1809311946298,0,Q2,low,high,Q1-Q3,Q1-Q3,Death,1.72210814510609,0,0,0,0
1,2810707041,2018-02-03,890.1,2,1,162,51,190,125,0.62,9.7,38.9,6,11999,2288.17480719794,7.73550975132858,1.12449474535166,0.117333819530955,1,,45.3,,675.81,1,1737.30077120823,7.4600879068117,1,67.63,0,11999,0,3,2,11999,0,,,2,4344,5700,11999,14192,14192,2193,,0,0,,,,0,0,4,0,11999,C10AX09,10 MG,C10,C10A,C10AX,C10AX09,325 MG,1,,,1,1,1,1,1,,,,"","",,,,,,,,,,,,1,0,0,1,1,1,1,1,0,0,0,,3,140.6,2,021809bCJ,251.662,3.07,44,142.6,44,128.648,8,12852,12852,45.3,1,1,1,325,0,2,0,0,0,0,0,0,0,0,0,0,0,169,60.5,0,0,0,0,0,0,1,,,,,4,6,,0,0,1,0,0,0,0,1,1,1,0,,0,2275,2,0,0,80,32.4624704983308,0,0,1,1,1,140,0,1,1,0,1,8587,0,,,,0,0,0,,,0,73,1,249.357326478149,5.51888691386707,2,0,0,1,85,1,1,,16633,8587,2,4634,26.9197036140935,0,Q4,high,high,Q4,Q4,MI,12.6872005475702,1,1,1,0
1,2810707176,2017-12-23,281.7,2,1,198,69,116,105,1.77,3,50.6,6.5,11692,556.719367588933,6.322061284577,,,,,28.26,,263.23,1,520.217391304348,6.25424678441332,1,,0,11692,,,,11692,0,,,2,4347,5658,11692,13756,13756,2064,,0,0,,,,0,0,,0,11692,C10AA05,20 MG,C10,C10A,C10AA,C10AA05,81 MG,1,,,,1,1,1,1,,,,"","",,,,,,,,,,,,1,0,0,0,1,1,1,1,0,0,0,,0.63,107.9,2,020609CJB,560.598,1.73,30,179.7,30,149.702,8,12798,12798,28.26,1,1,1,81,0,2,0,0,0,0,0,0,0,0,0,0,0,181,63.5,0,0,0,0,0,0,1,,,,,4,8,,0,1,1,0,0,0,0,1,1,1,0,2,0,567,1,0,0,73,31.5599812797989,0,0,1,1,1,,0,0,0,0,0,,0,,,,0,0,1,,,0,105.8,0,59.2885375494071,4.08241599135683,2,0,0,1,28,0,0,,16584,,,,19.8828345567476,1,Q1,low,high,Q1-Q3,Q1-Q3,,,,,,
7,2810707411,2017-08-12,1363.3,2,1,165,41,194,114,0.79,36.2,184.2,6.1,3092,740.119435396308,6.60681157235897,2.84683684794673,1.04620849999653,0,1.5,44.42,45.4,1548.88,2,840.868621064061,6.7344354302478,1,67.78,0,3092,0,3,,3092,0,,,1,3092,4802,,,4802,1710,,0,0,,,,0,0,4,0,3092,C10AX06,1200 MG,C10,C10A,C10AX,C10AX06,81 MG,1,,,,,1,1,,,,,"","",,,,,,,,,,,,1,0,0,0,0,1,1,0,0,0,0,,2.5,194.5,2,122208CJB,259.49,2.35,1,182,1,125.914,3,,,44.42,0,2,1,81,1,,0,0,0,0,0,0,,,,,0,235,67.25,0,0,0,0,0,0,,,1,,,7,1,,0,0,0,1,,,0,,2,3,0,,0,1134,2,0,0,53,36.5332995283671,0,0,0,1,0,,0,0,0,0,0,,0,,,,0,0,0,,,0,85.2,1,196.525515743757,5.28079227399266,2,0,0,1,103,0,0,,7804,0,8,4712,7.18562558637193,0,Q1,low,low,Q1-Q3,Q1-Q3,MI,12.9007529089665,1,1,1,0
1,2810707851,2018-01-26,608.4,2,1,219,41,199,122,0.61,6.5,58.2,5.9,11704,1045.36082474227,6.95211739163584,1.21237693389592,0.192582840860452,1,,46.8,,645.7,1,1109.45017182131,7.01161983088312,1,72.82,0,11704,0,3,,11704,0,,,2,4524,5685,11704,13639,13639,1935,,0,0,,,,0,0,4,0,11704,M01AX05,1000 MG,M01,M01A,M01AX,M01AX05,325 MG,1,1,,1,1,1,,1,,,,"","",,,,,,,,,,,,1,1,0,1,1,1,0,1,0,0,0,,2.1,214.2,2,021709CJB,268.028,1.86,42,217.8,42,164.202,8,12625,12625,46.8,1,1,1,325,0,2,0,0,0,0,0,0,0,0,1,0,0,170,64,0,0,0,0,0,0,1,,,,,6,6,,0,0,1,0,0,0,0,1,1,1,0,,0,2275,2,1,0,78,29.1806247674995,0,0,1,0,1,,0,0,0,0,0,,0,,,,0,0,1,,,0,138.2,1,111.683848797251,4.71567210114634,2,0,1,0,87,0,0,14837,,10264,30,,12.0156416637042,1,Q2,low,low,Q1-Q3,Q1-Q3,IC,,,,,
1,2810707885,2017-10-22,1249.7,2,1,172,89,63,98,1.06,3,140.2,5.3,11894,891.369472182596,6.79275901287934,2.21061093247588,0.793268917361492,0,,36.24,,2262.49,1,1613.75891583452,7.38632146706241,1,69.76,0,11894,0,3,2,11894,0,,,1,,5718,11894,13978,13978,2084,13044,1,0,1150,13044,,0,0,4,0,11894,C10AA05,20 MG,C10,C10A,C10AA,C10AA05,81 MG,1,,,1,1,1,1,,,,,"","",,,,,,,,,,,,1,0,0,1,1,1,1,0,0,0,0,,1.58,48.9,2,012109CJB,267.35,1.98,11,181.3,11,117.521,8,13274,13274,36.24,1,1,1,81,0,8,0,0,0,0,0,0,0,0,0,0,0,201,71,0,0,0,0,0,0,1,,,,,8,6,,0,1,1,0,0,0,0,,1,1,0,2,0,567,1,0,0,72,28.0339937787592,0,0,1,1,1,141,0,1,0,1,1,13040,0,,1,1,0,0,0,,,0,70.4,0,21.3980028530671,3.06329759304976,1,0,0,1,70,0,0,,17066,13019,6,5172,12.7338496026085,1,Q2,low,low,Q1-Q3,Q1-Q3,Angina,14.1601642710472,1,1,1,0
1,2810708814,2018-02-17,1493.7,2,,,,,,,6.9,150.8,,12087,990.51724137931,6.89822727273048,,,,,,,757.65,,502.420424403183,6.21943726799641,1,64.58,0,12087,0,3,,12087,0,,,1,4484,5899,12087,,,,6980,1,1,-5107,6980,,0,0,4,0,12087,C10AA05,10 MG,C10,C10A,C10AA,C10AA05,325 MG,1,,,1,1,1,1,,,,,"","",,,,,,,,,,,,1,0,0,1,1,1,1,0,0,0,0,,,,,"",,,,,,,,,,,1,1,1,325,0,8,0,0,0,0,0,0,0,0,0,0,0,143,68.25,0,0,0,0,0,0,1,,,,,8,1,,0,1,1,0,0,0,0,,1,1,0,2,0,2275,2,0,0,71,21.5842189926138,0,0,1,1,1,,0,0,0,0,0,,0,,1,3,1,0,1,,,0,,1,45.7559681697613,3.8233222350115,2,,0,1,,0,0,,16563,,,,,1,Q2,low,,,Q1-Q3,,,,,,
1,2810709096,2017-11-26,1155.7,2,1,144,32,123,127,0.94,20.6,61.6,6,11404,1876.13636363636,7.53696981543001,1.30575539568345,0.266781720574214,1,,53.48,,543.39,1,882.126623376623,6.78233560962155,1,65.44,0,11404,0,3,,11404,0,,,1,,4731,11404,13572,13572,2168,14473,1,0,1576,12980,,0,0,4,0,11404,C10AB05,145 MG,C10,C10A,C10AB,C10AB05,81 MG,1,,,1,,1,1,,,,,"","",,,,,,,,,,,,1,0,0,1,0,1,1,0,0,0,0,,1.86,112.4,2,020309bCJ,391.942,2.23,25,230.3,25,168.484,8,12578,12578,53.48,1,1,1,81,0,8,0,0,0,0,0,0,0,0,1,0,1,242,71.25,1,1,0,0,0,0,1,,,,,6,7,,0,1,1,0,0,0,1,,1,1,0,2,0,567,1,1,1,67,33.5159274196665,0,0,1,1,1,,0,0,0,0,0,,0,,1,1,0,0,1,,,0,87.4,1,334.415584415584,5.8123844842382,3,1,0,1,84,1,1,,16352,4017,30,4948,22.3349567099567,0,Q4,high,high,Q1-Q3,Q4,IC,13.5468856947296,1,1,1,0
1,2810709325,2017-10-25,478.2,2,1,169,61,86,113,0.8,8.9,38.7,5.8,12293,1235.65891472868,7.11935964097658,2.1487414187643,0.764882284112673,0,,25.72,,1042.15,1,2692.89405684755,7.89837175184004,1,79.22,0,12293,0,3,,12293,0,,,2,4585,5785,12293,14386,14386,2093,,0,0,,,,0,0,4,0,12293,C10AB04,600 MG,C10,C10A,C10AB,C10AB04,81 MG,1,,,1,1,1,1,1,,,,"","",,,,,,,,,,,,1,0,0,1,1,1,1,1,0,0,0,,0.51,72.5,2,012209CJB,288.644,1.43,12,93.7,12,79.91,8,13666,13666,25.72,1,1,1,81,0,2,0,0,0,0,0,0,0,0,0,0,0,137,61,0,0,0,0,0,0,1,,,,,6,0,,0,1,1,0,0,0,0,1,1,1,0,2,0,567,1,0,0,75,25.8860931589103,0,0,1,1,1,,0,0,0,0,0,,0,,,,0,0,0,,,0,90.8,1,229.974160206718,5.4379669556845,2,0,0,1,72,0,1,,17458,,,,17.1619293712317,1,Q3,low,low,Q1-Q3,Q1-Q3,,,,,,
1,2810709827,2017-12-02,1034.2,2,1,168,39,135,101,0.98,3,144.2,5.7,12657,717.198335644938,6.57535242109936,1.09325044404973,0.089155317484818,1,,37.34,,1174.65,1,814.597780859917,6.7026944710023,1,61.33,0,12657,0,3,,12657,0,,,1,4529,5796,12657,14764,14764,2107,,0,0,,,,0,0,4,0,12657,M01AX05,1500/1200 MF,M01,M01A,M01AX,M01AX25,81 MG,1,1,,,1,,,,,,,M01AX25,"",,1,,,,,,,,,,1,1,0,0,1,0,0,0,0,0,0,,0.47,108,2,020409CJB,375.43,1.86,26,186.2,26,141.652,8,13818,13818,37.34,1,1,1,81,0,8,0,0,0,0,0,0,0,0,0,0,0,193,70,0,0,0,0,0,0,1,,,,,7,6,,0,1,1,0,0,0,0,,1,1,0,2,0,567,1,0,0,70,27.6927982427393,0,0,1,0,1,,0,0,0,0,0,,0,,,,0,0,0,,,0,102,0,20.8044382801664,3.0351663427994,1,0,0,0,78,0,0,,17605,,,,9.19485045698638,1,Q1,low,low,Q1-Q3,Q1-Q3,,,,,,
1,2810709923,2017-11-26,2158.6,2,1,146,68,59,88,0.92,3,70.1,5.3,11888,3079.3152639087,8.03246253433879,3.16697024893746,1.15277537342885,0,,25.42,,10,1,14.265335235378,2.65783248494159,1,77.35,0,11888,0,3,,11888,0,,,2,4263,5630,11888,14014,14014,2126,,0,0,,,,0,0,4,0,11888,M01AX25,1200 MG,M01,M01A,M01AX,M01AX25,81 MG,1,1,,1,,,,,,,,"","",,,,,,,,,,,,1,1,0,1,0,0,0,0,0,0,0,,0.47,15.51,2,020309CJB,274.75,1.36,22,124.1,22,71.545,8,13096,13096,25.42,0,3,2,81,0,2,0,0,0,0,0,0,0,0,0,0,0,143,63.5,0,0,0,0,0,0,1,,,,,6,2,,0,1,0,0,0,0,0,1,1,1,0,2,0,243,1,0,0,58,24.9341288564157,0,0,0,0,0,,0,0,0,0,0,,0,,,,0,0,0,,,0,66.2,0,42.7960057061341,3.7564447736097,2,0,0,0,69,1,1,,16884,,,,44.6277574479522,1,Q4,high,high,Q4,Q4,,,,,,
1,2810710433,2017-12-02,567.9,2,1,198,80,68,98,0.64,3,45.2,5.4,11603,1256.41592920354,7.13601844603329,4.20649233543733,1.43662912593108,0,,44.76,,1235.27,1,2732.8982300885,7.91311794779913,1,66.73,0,11603,0,3,,11603,0,,,2,4292,5656,11603,13666,13666,2063,,0,0,,,,0,0,4,0,11603,C03AA03,12.5 MG,C03,C03A,C03AA,C03AA03,81 MG,1,,,,,,,1,,,,"","",,,,,,,,,,,,1,0,0,0,0,0,0,1,0,0,0,,24.4,46.43,2,020409CJB,330.086,3.34,26,189.7,26,111.567,8,12762,12762,44.76,1,1,1,81,0,2,0,0,0,0,0,0,0,0,0,0,0,151,63,0,0,0,0,0,0,1,,,,,3,1,,0,1,1,0,0,0,0,1,1,1,0,2,0,567,1,0,0,62,26.7486249258213,0,0,1,0,1,,0,0,0,0,0,,0,,,,0,0,0,,,0,104.4,0,66.3716814159292,4.19527048081206,2,0,0,0,96,0,1,,16549,,,,13.0876659292035,1,Q3,low,low,Q1-Q3,Q1-Q3,,,,,,
1,2810710615,2017-11-23,417.5,2,1,202,59,120,86,0.83,3.3,33.7,5.7,12345,1238.87240356083,7.12195689292069,2.74494283201407,1.00976024852024,0,,38.32,,265.14,1,786.765578635015,6.66793033700048,1,75.97,0,12345,0,3,,12345,0,,,2,4572,5772,12345,14505,14505,2160,,0,0,,,,0,0,4,0,12345,M01AE01,200 MG,M01,M01A,M01AE,M01AE01,"",,1,,,,,,,,,,"","",,,,,,,,,,,,0,1,0,0,0,0,0,0,0,0,0,,2.25,50.78,2,013009CJB,393.98,1.14,21,228.6,21,124.985,8,13580,13580,38.32,0,1,1,81,0,2,0,0,0,0,0,0,0,0,0,0,0,151,62,0,0,0,0,0,0,1,,,,,3,1,,0,1,0,0,0,0,0,1,1,1,0,2,0,567,1,0,0,66,27.6184423336589,0,0,0,0,0,,0,0,0,0,0,,0,,,,0,0,0,,,0,119,0,97.9228486646884,4.58417991009626,2,0,0,0,73,0,1,,17368,,,,16.9708548432991,1,Q3,low,low,Q1-Q3,Q1-Q3,,,,,,
7,2810710838,2017-08-12,1644.8,2,1,196,48,203,99,0.84,7.9,119.5,5.6,3990,1376.40167364017,7.22722788987737,2.13549337260677,0.758697707855924,0,3,57.44,59.9,1467.3,2,1227.86610878661,7.11303307082995,1,64.39,0,3990,0,3,,3990,0,,,1,3990,5757,,,5757,1767,,0,0,,,,0,0,4,0,3990,C10AA05,10 MG,C10,C10A,C10AA,C10AA05,81 MG,1,,,,,1,1,,,,,"","",,,,,,,,,,,,1,0,0,0,0,1,1,0,0,0,0,,1.58,96.25,2,122208CJB,482.14,1.77,1,208.8,1,145.777,3,,,57.44,0,1,1,81,0,,0,0,0,0,0,0,,,,,0,206,67.75,0,0,0,0,0,0,,,1,,,8,1,,0,1,0,0,,,0,,2,3,0,2,0,567,1,0,0,55,31.5539863933311,0,0,0,1,0,,0,0,0,0,0,,0,,,,0,0,0,,,0,107.4,1,66.1087866108787,4.19130166708355,2,0,0,1,99,0,1,,8694,,,,13.9030472084865,1,Q3,high,low,Q1-Q3,Q1-Q3,,,,,,
1,2810711150,2018-02-10,449.7,2,1,134,56,62,93,1.2,3,85.5,5.5,12336,525.964912280702,6.26523450382204,2.09200968523002,0.738125175843023,0,,43.34,,895.83,1,1047.75438596491,6.95440447287603,1,56.36,0,12336,0,3,12,12336,0,,,1,4676,5733,12336,14238,14238,1902,,0,0,,,,0,0,4,0,12336,C10AA07,20 MG,C10,C10A,C10AA,C10AA07,81 MG,1,,,,,1,1,,,,,"","",,,,,,,,,,,,1,0,0,0,0,1,1,0,0,0,0,,0.39,31.5,2,021909bCJ,332.576,1.46,47,148.5,47,109.204,8,13103,13103,43.34,0,1,1,81,0,8,0,0,0,0,0,0,0,0,0,0,0,196,72,0,0,0,0,0,0,1,,,,,8,1,,0,1,0,0,0,0,0,,1,1,0,2,0,567,1,0,0,58,26.5825531651063,0,0,0,1,0,,0,0,0,0,0,,1,15627,,,0,0,0,,,0,65.6,0,35.0877192982456,3.55785119170753,2,0,0,1,66,0,0,,16884,15627,12,4548,7.96916533758639,0,Q1,low,low,Q1-Q3,Q1-Q3,TIA,12.4517453798768,1,1,1,0
1,2810711917,2018-02-22,600.8,2,1,175,66,68,99,0.86,3,57.6,5.4,11835,1043.05555555556,6.94990971873617,3.20771312584574,1.16555826139397,0,,40.64,,417.59,1,724.982638888889,6.5861477082078,1,64.14,0,11835,0,3,,11835,0,,,1,4315,5646,11835,13495,13495,1660,11655,1,1,-4066,7769,,0,0,4,0,11835,B01AC06,81 MG,B01,B01A,B01AC,B01AC06,81 MG,1,,,,,,,,,,,"","",,,,,,,,,,,,1,0,0,0,0,0,0,0,0,0,0,,1.48,25.86,2,022109CJB,315.584,2.58,49,273.7,49,162.277,8,12491,12491,40.64,0,1,1,81,0,8,0,0,0,0,0,0,0,1,0,0,0,192,71.5,0,0,0,0,0,0,1,,,,,7,1,,0,1,0,0,0,1,0,,1,1,0,2,0,567,1,0,0,59,26.4055220271427,0,0,0,0,0,,0,0,0,0,0,,0,,1,6,1,0,0,,,0,95.4,0,52.0833333333333,3.9528449999484,2,0,0,0,95,0,0,,16271,,,,10.9795321637427,1,Q2,low,low,Q1-Q3,Q1-Q3,,,,,,
1,2810713286,2018-02-01,2531.1,2,1,167,53,73,105,1.01,7.7,385.1,5.5,12951,657.257855102571,6.48807641500692,,,,,27.68,,1660.51,1,431.189301480135,6.06654720824834,1,59.09,0,12951,0,3,,12951,0,,,1,,5971,12951,14861,14861,1910,,0,0,,,,0,0,4,0,12951,M01AE01,200 MG,M01,M01A,M01AE,M01AE01,"",,1,,,,,,,,,,"","",,,,,,,,,,,,0,1,0,0,0,0,0,0,0,0,0,,0.3,30.25,2,021809bCJ,382.906,1.02,44,164.2,44,162.925,8,13810,13810,27.68,0,5,2,81,0,8,0,0,0,0,0,0,0,0,0,0,0,176,69.5,0,0,0,0,0,0,1,,,,,3,1,,0,1,0,0,0,0,0,,1,1,0,2,0,405,1,0,0,54,25.6182035059583,0,0,0,0,0,,0,0,0,0,0,,0,,,,0,0,0,,,0,99.4,1,19.9948065437549,2.99547256702091,1,0,0,0,84,0,0,,17591,,,,7.8244982750306,1,Q1,low,low,Q1-Q3,Q1-Q3,,,,,,
1,2810713477,2017-12-16,623.1,2,1,182,51,117,100,0.72,3,54.8,5.5,12638,1137.04379562044,7.0361870115843,1.02767749699158,0.0273013989331218,1,,49.5,,1099.58,1,2006.53284671533,7.60416355972764,1,68.69,0,12638,0,3,,12638,0,,,2,4520,5793,12638,14790,14790,2152,,0,0,,,,0,0,4,0,12638,C10AA05,40 MG,C10,C10A,C10AA,C10AA05,81 MG,1,,,,,1,1,,,,,"","",,,,,,,,,,,,1,0,0,0,0,1,1,0,0,0,0,,1.38,76.03,2,020409bCJ,369.49,1.08,28,201.8,28,136.227,8,13772,13772,49.5,0,1,1,81,0,2,0,0,0,0,0,0,0,0,0,0,0,179,63.25,0,0,0,0,0,0,1,,,,,7,6,,0,1,0,0,0,0,0,1,1,1,0,2,0,567,1,0,0,61,31.4584690785717,0,0,0,1,0,,0,0,0,0,0,,0,,,,0,0,0,,,0,107.6,0,54.7445255474453,4.00267737369628,2,0,0,1,90,0,0,,17559,,,,12.6338199513382,1,Q2,low,low,Q1-Q3,Q1-Q3,,,,,,
1,2810713593,2017-11-26,668.4,2,1,153,37,126,92,0.71,7.3,91.3,5.6,12441,732.092004381161,6.59590619510841,,,,,52.06,,1032.05,1,1130.39430449069,7.03032179286744,1,69.8,0,12441,0,3,13,12441,0,,,2,4573,5790,12441,14448,14448,2007,12321,1,1,-1413,11028,,0,0,4,0,12441,C10AX09,10 MG,C10,C10A,C10AX,C10AX09,81 MG,1,,,1,1,1,1,1,,,1,"","",,,,,,,,,,,,1,0,0,1,1,1,1,1,0,0,1,,0.68,116,2,020309CJB,461.424,3.06,23,144.6,23,147.787,8,13635,13635,52.06,1,1,1,81,0,2,0,0,0,0,0,0,0,1,0,1,1,178,62.5,0,0,0,0,0,0,1,,,,,3,6,,0,1,1,0,1,1,1,1,1,1,0,2,0,567,1,1,0,66,32.038013516027,0,0,1,1,1,140,0,1,1,0,1,11028,1,16749,1,1,1,0,0,,,0,90.8,1,79.9561883899234,4.38147883953556,2,0,0,1,89,0,0,16775,,11028,2,,8.22575285821529,1,Q1,low,low,Q1-Q3,Q1-Q3,MI,,,,,
1,2810715114,2017-10-28,1416.7,2,1,224,110,91,92,0.62,3,61.4,5.2,11507,2307.32899022801,7.7438458532203,,,,,23.06,,695.8,1,1133.22475570033,7.03282261355284,1,66.78,0,11507,0,3,17,11507,0,,,2,4335,5712,11507,,,,,0,0,,,,0,0,4,0,11507,M01AX05,1500/1200 MG,M01,M01A,M01AX,M01AX25,"",,1,,,1,,,,,,,M01AX25,"",,1,,,,,,,,,,0,1,0,0,1,0,0,0,0,0,0,,2.8,46.86,2,012309CJB,519.628,2.04,14,206.5,14,98.449,8,12847,12847,23.06,1,1,1,81,0,2,0,0,0,0,0,0,0,0,0,0,0,139,60.75,0,0,0,0,0,0,1,,,,,3,0,,0,1,1,0,0,0,0,1,1,1,0,2,0,567,1,0,0,76,26.4806016580483,0,0,1,0,1,,0,0,0,0,0,,1,14814,,,0,0,1,,,0,95.8,0,48.8599348534202,3.88895773249715,2,0,0,0,88,1,1,,16639,14814,17,5132,26.2196476162274,1,Q4,high,high,Q4,Q4,CVA,14.0506502395619,1,1,1,0
1,2810715452,2018-06-30,20000,3,1,200,25,214,117,1.12,8.6,209.1,5.2,12488,9564.80153036825,9.16584513208963,,,,,50.3,,10,1,4.78240076518412,1.56494267254755,1,65.3,0,12488,0,3,,12488,0,,,1,4572,5784,12488,,,,,0,0,,,,0,0,4,0,12488,M01AE01,800 MG,M01,M01A,M01AE,M01AE01,"",,1,,,,1,1,,,,,"","",,,,,,,,,,,,0,1,0,0,0,1,1,0,0,0,0,,2.42,157.9,2,020309CJB,286.854,2.43,22,100.2,22,111.186,8,13698,13698,50.3,0,1,1,81,0,8,0,0,0,0,0,0,0,0,0,0,0,255,66.75,1,1,0,0,0,0,1,,,,,6,2,,0,0,0,0,0,0,0,,1,1,0,,0,567,1,0,1,62,40.2386362151843,0,0,0,1,0,,0,0,0,0,0,,0,,,,0,0,0,,,0,132.2,1,41.1286465805835,3.71670487580701,2,0,0,1,70,1,1,14779,,14779,27,2291,136.640021862404,0,Q4,high,high,Q4,Q4,,6.27241615331964,1,0,0,0
1,2810715934,2018-01-10,203.4,2,1,223,75,101,101,0.85,3,31.5,5.8,11886,645.714285714286,6.47035712377096,3.03264417845484,1.10943490512626,0,,37.12,,278.44,1,883.936507936508,6.78438523645697,1,71.36,0,11886,0,3,,11886,0,,,2,4359,5675,11886,13832,13832,1946,,0,0,,,,0,0,4,0,11886,"","","","","","","",,,,,,,,,,,,"","",,,,,,,,,,,,0,0,0,0,0,0,0,0,0,0,0,,1.34,62.34,2,021209CJB,261.844,1.51,37,167.1,37,115.473,8,12876,12876,37.12,1,1,1,81,0,2,0,0,0,0,0,0,0,0,0,0,0,124,59.75,0,0,0,0,0,0,1,,,,,7,2,,0,1,1,0,0,0,0,1,1,1,0,2,0,567,1,0,0,61,24.4203271971258,0,0,1,0,1,,0,0,0,0,0,,0,,,,0,0,0,,,0,127.8,0,95.2380952380952,4.55638002181866,2,0,0,0,74,0,0,,16661,,,,8.72586872586873,1,Q1,low,low,Q1-Q3,Q1-Q3,,,,,,
1,2810716763,2017-12-16,2899.9,2,1,194,51,80,105,0.72,6.3,146.8,6,11796,1975.40871934605,7.58853060242908,2.61933904528764,0.962922013155895,0,,39.38,,917.93,1,625.292915531335,6.43822020479747,1,68.46,0,11796,0,3,1,11796,0,,,2,4424,5716,11796,,,,,0,0,,,,0,0,4,0,11796,M01AX25,1200 MG,M01,M01A,M01AX,M01AX25,81 MG,1,1,,,,,,,,,,"","",,,,,,,,,,,,1,1,0,0,0,0,0,0,0,0,0,,0.62,20.41,2,020409bCJ,367.354,1.43,27,224.3,27,173.671,8,12943,12943,39.38,0,1,1,81,0,2,0,0,0,0,0,0,0,0,0,0,0,138,60.25,0,0,0,0,0,0,1,,,,,3,6,,0,1,0,0,0,0,0,1,1,1,0,2,0,567,1,0,0,78,26.7282544172361,0,0,0,0,0,,0,0,0,0,1,12242,0,,,,0,0,0,,,0,127,1,42.9155313351499,3.75923379619921,2,0,0,0,80,1,1,12242,,12242,1,,24.6926089918256,1,Q4,high,high,Q4,Q4,MI,,,,,
1,2810718571,2017-11-23,4439.6,2,0,201,41,195,104,0.66,5.1,99,5.6,11609,4484.44444444445,8.40836989713133,1.38200692041523,0.323536732869283,1,,30.62,,1289.79,1,1302.81818181818,7.1722850292597,1,65.46,0,11609,0,3,,11609,0,,,2,4343,5707,11609,13751,13751,2142,,0,0,,,,0,0,4,0,11609,C10AA05,12/25 MG,C09,C09A,C09AA,C09AA13,81 MG,1,,,,,1,1,1,,,,C09AA13,"",,,,,1,,,,,,,1,0,0,0,1,1,1,1,0,0,0,,1.32,92.57,2,013009CJB,323.192,2.73,21,177.6,21,134.455,8,12845,12845,30.62,1,1,1,81,0,2,0,0,0,0,0,0,0,0,0,0,0,152,60.5,0,0,0,0,0,0,1,,,,,3,6,,0,1,1,0,0,0,0,1,1,1,0,2,0,567,1,0,0,72,29.1970148860727,0,0,1,1,1,,0,0,0,0,0,,0,,,,0,0,1,,,0,121,1,51.5151515151515,3.94187596857783,2,0,0,1,88,1,1,,16633,,,,50.959595959596,1,Q4,high,high,Q4,Q4,,,,,,
1,2810719251,2017-09-27,1647.6,2,1,162,39,167,96,1.02,6.4,107.2,5.7,11833,1536.94029850746,7.33754889991332,2.13176470588235,0.756950137118563,0,,42.42,,1216.35,1,1134.65485074627,7.03408378741007,1,45.34,2,11833,1,2,4,11833,1,-43,11790,1,4984,5803,11833,13956,13956,2123,,0,0,,,,1,0,1,1,11833,C10AA05,80 MG,C10,C10A,C10AA,C10AA05,81 MG,1,,,1,1,1,1,,,,1,"","",,,,,,,,,,,,1,0,0,1,1,1,1,0,0,0,1,,3.27,90.63,2,011609CJB,287.916,5.54,8,242.4,8,187.637,8,13262,13262,42.42,1,1,1,81,0,8,1,1,0,59,0,0,1,0,1,0,0,183,68,0,0,0,0,0,0,1,,,,,1,6,,0,1,1,0,0,0,0,,1,1,1,2,0,567,1,1,0,59,27.8252373113743,1,0,1,1,1,141,0,1,0,1,1,9246,0,,,,0,0,0,,,0,89.6,1,59.7014925373134,4.08935702071106,2,0,0,1,80,0,1,15887,13703,9246,4,1870,19.2117537313433,0,Q3,high,high,Q1-Q3,Q1-Q3,MI,5.11978097193703,1,0,0,0
1,2810720496,2017-08-23,4994.4,2,1,134,35,104,100,0.84,333.1,205.9,6.2,11460,2425.64351627003,7.79385213570188,1.5161923454367,0.416202156109121,1,,44.02,,1475.64,1,716.677999028655,6.5746266449267,1,45.05,2,11460,1,2,41,11460,1,2052,13512,1,4244,5631,11460,13684,13684,2224,11460,1,1,-442,11018,,0,1,3,1,11460,C10AX06,1000 MG,C10,C10A,C10AX,C10AX06,325 MG,1,,,1,1,1,1,,,1,1,"","",,,,,,,,,,,,1,0,0,1,1,1,1,0,0,1,1,,11.37,40.58,2,010909CJB,283.65,6.71,1,163,1,150.216,8,13062,13062,44.02,0,1,1,325,0,8,1,1,1,0,0,0,0,1,0,1,0,212,69.75,0,0,0,0,0,0,1,,,,,3,6,,0,1,0,0,1,1,0,,1,1,2,2,0,2275,2,0,0,77,30.6374806298,1,1,0,1,0,140,0,1,1,0,0,,0,,1,3,1,1,1,,,0,78.2,1,1617.77561923264,7.38880741014803,3,1,0,1,84,1,1,,16856,13512,41,5396,28.8767085270242,1,Q4,high,high,Q4,Q4,CHF,14.7734428473648,1,1,1,0
1,2810720997,2017-11-13,243.1,2,1,211,52,231,96,0.78,3,37.8,6,12051,643.121693121693,6.46633396468463,1.3320726172466,0.286736088084574,1,,38.16,,594.74,1,1573.38624338624,7.36098541861696,1,,0,12051,,,,12051,0,,,2,4676,5733,12051,14209,14209,2158,,0,0,,,,0,0,,0,12051,C10AA05,10 MG,C10,C10A,C10AA,C10AA05,81 MG,1,,,,,1,1,,,,,"","",,,,,,,,,,,,1,0,0,0,0,1,1,0,0,0,0,,0.61,96.3,2,012709bCJ,550.04,1.89,18,261.2,18,135.441,8,13320,13320,38.16,0,1,1,81,0,2,0,0,0,0,0,0,0,0,0,0,0,147,63.25,0,0,0,0,0,0,1,,,,,8,7,,0,1,0,0,0,0,0,1,1,1,0,2,0,567,1,0,0,60,25.8346086846371,0,0,0,1,0,,0,0,0,0,0,,0,,,,0,0,0,,,0,112.8,0,79.3650793650794,4.3740584650247,2,0,0,1,83,0,0,,17111,,,,7.7484541339963,1,Q1,low,low,Q1-Q3,Q1-Q3,,,,,,
1,2810722053,2017-08-30,1393.2,2,1,180,90,47,98,1.12,3,82.5,5.5,10998,1688.72727272727,7.4317304311393,3.15084621044886,1.14767105499848,0,,45,,985.46,1,1194.49696969697,7.08548042988276,1,74.32,0,10998,0,3,,10998,0,,,1,4321,5719,10998,13328,13328,2330,14049,1,0,517,11515,,0,0,4,0,10998,M01AX05,750/600 MG,M01,M01A,M01AX,M01AX25,81 MG,1,1,,1,1,1,1,,,,,M01AX25,"",,1,,,,,,,,,,1,1,0,1,1,1,1,0,0,0,0,,26.84,51.32,2,011209CJB,,,3,213.8,3,130.915,8,12538,12538,45,0,1,1,81,0,8,0,0,0,0,0,0,0,0,0,0,0,173,71.75,0,0,0,0,0,0,1,,,,,7,6,,0,,0,0,0,0,0,,1,1,0,,0,567,1,0,0,62,23.6269632053159,0,0,0,1,0,141,1,1,0,1,0,,0,,3,2,0,0,0,,,0,80.6,0,36.3636363636364,3.59356927430961,2,0,0,1,70,0,1,,16331,,,,24.1246753246753,1,Q3,high,high,Q4,Q1-Q3,,,,,,
1,2810722192,2018-02-01,1272.4,2,1,193,40,77,114,0.83,3,102.3,6.1,11705,1243.79276637341,7.1259206729055,3.83772652388797,1.34488014019735,0,,43.48,,1131.02,1,1105.59139784946,7.00813567245624,1,73.25,0,11705,0,3,,11705,0,,,2,4237,5728,11705,13931,13931,2226,,0,0,,,,0,0,4,0,11705,C09CA03,37.5/25 MG,C03,C03A,C03AA,C03AA03,"",,,,,1,,,1,,,,C03AA03,"",,,,,,,,1,,,,0,0,0,0,1,0,0,1,0,0,0,,4.35,94.32,2,021809bCJ,393.85,1.79,44,272.3,44,181.159,8,12572,12572,43.48,1,1,1,81,0,2,0,0,0,0,0,0,0,0,0,0,0,226,67,0,0,0,0,0,0,1,,,,,4,2,,0,1,1,0,0,0,0,1,1,1,0,2,0,567,1,0,0,59,35.3968362202708,0,0,1,0,1,,0,0,0,0,0,,0,,,,0,0,0,,,0,137.6,0,29.3255131964809,3.37845789469267,1,0,0,0,77,0,1,,16353,,,,16.1531528100443,1,Q3,low,low,Q1-Q3,Q1-Q3,,,,,,
7,2810723289,2017-08-10,765.6,2,1,159,65,68,93,1.64,31,73.5,5.9,4304,1041.63265306122,6.94854461990805,3.16378600823045,1.15176941431553,0,1.9,40.84,41.94,775.93,2,1055.68707482993,6.96194708969813,1,66.84,0,4304,0,3,1,4304,0,,,1,4304,6125,,,6125,1821,,0,0,,,,0,0,4,0,4304,C10AX09,10 MG,C10,C10A,C10AX,C10AX09,81 MG,1,,,,1,1,1,,,,,"","",,,,,,,,,,,,1,0,0,0,1,1,1,0,0,0,0,,0.3,51.52,2,122908CJB,373.436,1.9,2,156.3,2,120.312,3,,,40.84,1,1,1,81,0,,0,0,0,0,0,0,,,,,0,176,65.5,0,0,0,0,0,0,1,,,,,8,6,,0,1,1,0,,,0,,1,1,0,2,0,567,1,0,0,79,28.8426845719142,0,0,1,1,1,141,0,1,0,1,1,-2004,0,,,,0,0,0,,,0,80.4,1,421.768707482993,6.04445707724849,3,0,0,1,39,0,0,8391,,-2004,1,,26.7085295656724,1,Q2,low,high,Q4,Q1-Q3,MI,,,,,
1,2810723421,2018-01-26,902.9,2,1,226,59,114,92,0.87,11.3,90.4,5.6,12113,998.783185840708,6.90653772390339,4.11792452830189,1.41534928116759,0,,47.6,,978,1,1081.85840707965,6.98643558862478,1,68.66,0,12113,0,3,,12113,0,,,2,4273,5634,12113,14164,14164,2051,,0,0,,,,0,0,4,0,12113,C09AA03,10 MG,C09,C09A,C09AA,C09AA03,81 MG,1,,,,1,,,,,,,"","",,,,,,,,,,,,1,0,0,0,1,0,0,0,0,0,0,,3.83,32.14,2,021409CJB,337.804,2.39,41,235,41,159.791,8,13047,13047,47.6,1,1,1,81,0,2,0,0,0,0,0,0,0,0,0,0,0,117,61.5,0,0,0,0,0,0,1,,,,,3,6,,0,1,1,0,0,0,0,1,1,1,0,2,0,567,1,0,0,74,21.749097632639,0,0,1,0,1,,0,0,0,0,0,,0,,,,0,0,0,,,0,144.2,1,125,4.8283137373023,2,0,0,0,66,0,0,,16831,,,,15.1330785733441,1,Q2,low,low,Q1-Q3,Q1-Q3,,,,,,
1,2810723781,2018-01-10,186.7,2,1,186,41,83,105,0.93,3,57.6,6,11525,324.131944444444,5.78115066883392,1.24017467248908,0.215252234606966,1,,55.88,,376.9,1,654.340277777778,6.48362751855934,1,60.63,0,11525,0,3,,11525,0,,,1,4365,5107,11525,13562,13562,2037,,0,0,,,,0,0,4,0,11525,M01AE02,220 MG,M01,M01A,M01AE,M01AE02,325 MG,1,1,,1,,1,,1,,,,"","",,,,,,,,,,,,1,1,0,1,0,1,0,1,0,0,0,,0.44,33.24,2,021209CJB,299.122,2.54,37,116.1,37,148.988,8,12518,12518,55.88,1,1,1,325,0,8,0,0,0,0,0,0,0,0,0,1,0,181,64.75,0,0,0,0,0,0,1,,,,,7,6,,0,1,1,0,1,0,0,,1,1,0,2,0,2275,2,0,0,63,30.3532110768698,0,0,1,1,1,140,0,1,1,0,0,,0,,,,0,0,0,,,0,128.4,0,52.0833333333333,3.9528449999484,2,0,1,0,87,0,0,,16303,10044,6,4778,3.72565453384419,0,Q1,low,low,Q1-Q3,Q1-Q3,Angina,13.0814510609172,1,1,1,0
1,2810723829,2018-02-10,1208.3,2,1,176,41,79,109,0.77,3,163.6,6,12239,738.569682151589,6.60471545385271,1.24472960586618,0.218918322285571,1,,28.44,,1392.01,1,850.861858190709,6.74624978659605,1,68.49,0,12239,0,3,12,12239,0,,,1,4407,5628,12239,14165,14165,1926,,0,0,,,,0,0,4,0,12239,C10AX06,81 MG,C10,C10A,C10AX,C10AX06,81 MG,1,,,,,1,,,,1,,"","",,,,,,,,,,,,1,0,0,0,0,1,0,0,0,1,0,,0.54,54.78,2,021909bCJ,182.546,1.2,47,241.7,47,204.547,8,12992,12992,28.44,0,1,1,81,1,8,0,0,0,0,0,0,0,0,,0,0,191,72,0,0,0,0,0,0,1,,,,,7,2,,0,1,0,1,0,0,0,,1,1,0,2,0,567,1,0,0,56,25.9044268088536,0,1,0,0,0,,0,0,0,0,0,,1,13652,,,0,0,0,,,0,119.2,0,18.3374083129584,2.9089431434816,1,1,1,0,101,0,0,,16773,13652,12,4534,7.31257111041177,0,Q1,low,low,Q1-Q3,Q1-Q3,TIA,12.4134154688569,1,1,1,0
1,2810724000,2018-01-10,1923,2,1,163,50,67,97,0.87,3.9,189.2,5.6,11993,1016.38477801269,6.92400727495909,0.893165750196387,-0.11298310480687,1,,37.42,,1228.94,1,649.545454545455,6.4762728175656,1,63.41,0,11993,0,3,,11993,0,,,1,4384,5676,11993,,,,13399,1,0,1233,13226,,0,0,4,0,11993,C10AA02,40 MG,C10,C10A,C10AA,C10AA02,81 MG,1,,,1,,1,1,,,,,"","",,,,,,,,,,,,1,0,0,1,0,1,1,0,0,0,0,,0.5,121.2,2,021209CJB,300.724,1.26,38,273.1,38,185.922,8,12974,12974,37.42,1,1,1,81,0,8,0,0,0,0,0,0,0,0,0,0,0,194,69,0,0,0,0,0,0,1,,,,,3,6,,0,1,1,0,0,0,0,,1,1,0,2,0,567,1,0,0,67,28.6489797932337,0,0,1,1,1,,0,0,0,0,0,,0,,1,1,0,0,0,,,0,99.6,1,20.6131078224102,3.02592717549996,1,0,0,1,89,0,0,13459,13536,13459,27,1466,11.4200536855358,0,Q2,low,low,Q1-Q3,Q1-Q3,,4.01368925393566,1,0,0,0
1,2810724637,2017-12-14,156.3,1,1,206,71,107,100,1.11,3,40.3,5.7,12470,387.841191066998,5.96059595446289,2.61784511784512,0.962351505250689,0,,25.94,,305.94,1,759.156327543424,6.63220772133057,1,73.83,0,12470,0,3,,12470,0,,,2,4552,5799,12470,14626,14626,2156,,0,0,,,,0,0,4,0,12470,C07AB03,25 MG,C07,C07A,C07AB,C07AB03,"",,,,1,,,,,,,,"","",,,,,,,,,,,,0,0,0,1,0,0,0,0,0,0,0,,5.14,47.49,2,020409bCJ,335.428,5.1,27,215.2,27,121.665,8,13622,13622,25.94,1,1,1,81,0,3,0,0,0,0,0,0,0,0,0,0,0,132,63.5,0,0,0,0,0,0,1,,,,,7,6,,0,1,1,0,0,0,0,1,1,1,0,2,0,567,1,0,0,81,23.0161189443837,0,0,1,0,1,,0,0,0,0,0,,0,,,,0,0,0,,,0,113.6,0,74.4416873449132,4.31001609869761,2,0,0,0,47,0,0,,17409,,,,8.25194023546803,1,Q1,low,low,Q1-Q3,Q1-Q3,,,,,,
1,2810725335,2017-08-26,627.7,2,1,197,35,139,101,1.08,71.8,86.2,5.4,11844,728.190255220418,6.59056235364193,2.27320490367776,0.821190687608025,0,,58.48,,409.46,1,475.011600928074,6.16333922674288,1,61.74,0,11844,0,3,,11844,0,,,1,5021,6371,11844,14189,14189,2345,,0,0,,,,0,0,4,0,11844,C10AX06,1000 MG,C10,C10A,C10AX,C10AX06,81 MG,1,,1,,,1,,,,,,"","",,,,,,,,,,,,1,0,1,0,0,1,0,0,0,0,0,,3.92,49.9,2,010909CJB,313.684,1.26,1,244.8,1,229.783,8,13427,13427,58.48,1,1,1,81,0,8,0,0,0,0,0,0,0,0,0,0,0,163,65.25,0,0,0,0,0,0,1,,,,,7,1,,0,1,1,0,0,0,0,,1,1,0,2,0,567,1,0,0,59,26.9173427764216,0,0,1,0,1,140,0,1,1,0,0,,0,,,,0,0,0,,,0,134.2,1,832.946635730859,6.72496957736667,3,0,1,0,75,0,0,,17221,,,,9.7092034029389,1,Q1,low,low,Q1-Q3,Q1-Q3,,,,,,
1,2810725495,2018-01-01,357.8,2,1,120,41,97,176,2.68,32,47.2,7,11937,758.050847457627,6.6307504644712,,,,,37.68,,686.09,1,1453.58050847458,7.28178510785239,1,72.42,0,11937,0,3,14,11937,1,1105,13042,1,3701,5631,11937,13793,13793,1856,,0,0,,,,0,1,4,1,11937,C10AX09,10 MG,C10,C10A,C10AX,C10AX09,81 MG,1,,,1,1,1,1,1,1,,1,"","",,,,,,,,,,,,1,0,0,1,1,1,1,1,1,0,1,,1.18,165.3,2,021009CJB,774.842,3.37,33,217.3,33,144.072,8,12990,12990,37.68,1,1,1,81,1,8,0,0,0,0,0,0,0,0,0,0,0,216,67.5,0,0,0,0,0,0,1,,,,,2,6,,0,1,1,1,0,0,0,,1,1,0,2,0,567,1,0,0,71,33.3312666625333,0,1,1,1,1,141,0,1,0,1,1,13042,1,15395,,,0,0,0,1,10795,1,59.6,1,677.966101694915,6.51909728919035,3,1,0,1,23,0,0,15395,16294,12927,30,4357,32.9587324981577,0,Q1,low,high,Q4,Q1-Q3,IC,11.9288158795346,1,1,0,0
7,2810726139,2017-08-22,1091.9,2,1,144,51,107,83,1.2,24.7,109.5,8.6,4183,997.16894977169,6.90492021375156,,,,,54.28,,1126.06,1,1028.36529680365,6.93572572997955,1,64.34,0,4183,0,3,,4183,0,,,1,4183,6175,,,6175,1992,,0,0,,,,0,0,4,0,4183,C10AA05,20 MG,C10,C10A,C10AA,C10AA05,325 MG,1,,,1,1,1,1,1,,1,,"","",,,,,,,,,,,,1,0,0,1,1,1,1,1,0,1,0,,0.58,74.43,2,010809CJB,453.94,2.47,5,180,5,136.107,3,,,54.28,1,1,1,325,1,,0,0,0,0,0,0,,,,,0,173,65.75,0,0,0,0,0,0,1,,,,,2,5,,1,0,1,1,,,0,,1,1,0,1,0,2275,2,0,0,64,28.1358604614591,0,1,1,1,1,140,0,1,1,0,0,,0,,,,0,0,0,,,0,71.6,1,225.570776255708,5.41863397335951,2,1,0,1,64,0,0,,8610,,,,15.5807648401827,1,Q2,low,low,Q1-Q3,Q1-Q3,,,,,,
1,2810726618,2017-10-07,2007.9,2,1,179,56,114,89,0.79,130.9,179.9,5.6,11934,1116.12006670372,7.01761372380631,2.07483443708609,0.729881361143222,0,,64.52,,1237.16,1,687.69316286826,6.5333427542497,1,70.02,0,11934,0,3,,11934,0,,,2,4625,5716,11934,14139,14139,2205,,0,0,,,,0,0,4,0,11934,C10AA05,40 MG,C10,C10A,C10AA,C10AA05,325,1,,,1,,1,1,,,,,"","",,,,,,,,,,,,1,0,0,1,0,1,1,0,0,0,0,,1.28,62.29,2,012009CJB,413.212,2.01,10,182.1,10,131.782,8,13333,13333,64.52,1,1,1,325,0,2,1,1,0,76,0,0,0,0,0,0,1,135,64.5,0,0,0,0,0,0,1,,,,,4,0,,0,1,1,0,0,0,1,1,1,1,1,2,0,2275,2,1,0,76,22.8149726175061,1,0,1,1,1,,0,0,0,0,0,,0,,,,0,0,1,,,0,100.2,1,727.626459143969,6.5897878109415,3,0,0,1,73,0,0,16147,,4431,6,,15.2893159822428,1,Q2,low,low,Q1-Q3,Q1-Q3,Angina,,,,,
1,2810727279,2018-01-06,898.2,2,1,157,43,115,122,0.91,4.8,80.9,5.5,12463,1110.25957972806,7.01234912257728,2.35497237569061,0.856528997331901,0,,50.42,,432.71,1,534.87021013597,6.28202411958769,1,67.67,0,12463,0,3,2,12463,0,,,1,,5721,12463,14511,14511,2048,11435,1,1,-1028,11435,,0,0,4,0,12463,M01AX05,1500 MG,M01,M01A,M01AX,M01AX05,81 MG,1,1,,1,,1,1,,,,,"","",,,,,,,,,,,,1,1,0,1,0,1,1,0,0,0,0,,0.54,37.39,2,021109CJB,498.162,2.21,35,205.5,35,160.248,8,13485,13485,50.42,1,1,1,81,0,8,0,0,0,0,0,0,0,1,0,0,0,177,71,0,0,0,0,0,0,1,,,,,3,6,,0,1,1,0,0,1,0,,1,1,0,2,0,567,1,0,0,78,24.6866512380119,0,0,1,1,1,,0,0,0,0,1,15854,0,,1,1,1,0,0,,,0,91,1,59.3325092707046,4.08315737283154,2,0,0,1,80,0,0,16118,,14271,30,,13.8782447466007,1,Q2,low,low,Q1-Q3,Q1-Q3,IC,,,,,
1,2810727755,2017-09-15,732.7,2,1,145,55,77,97,1.03,3,100.3,5.1,12281,730.508474576271,6.59374083218612,2.0806065442937,0.732659459037434,0,,30.54,,529.93,1,528.344965104686,6.26974941337194,1,61.4,0,12281,0,3,,12281,0,,,1,4459,5791,12281,14445,14445,2164,,0,0,,,,0,0,4,0,12281,M01AB01,50 MG,M01,M01A,M01AB,M01AB01,81 MG,1,1,,,,1,1,,,,,"","",,,,,,,,,,,,1,1,0,0,0,1,1,0,0,0,0,,0.82,53.65,2,011509CJB,245.53,1.01,6,99.8,6,79.09,8,13743,13743,30.54,2,1,1,81,0,8,0,0,0,0,0,0,0,1,0,0,0,196,68.75,0,0,0,0,0,0,1,,,,,8,1,,0,1,1,0,0,1,0,,1,1,0,2,0,567,1,0,0,53,29.1552170542358,0,0,0,1,1,,0,0,0,0,0,,0,,,,0,0,1,,,0,74.6,0,29.9102691924227,3.39820187268236,1,0,0,1,83,0,0,,17536,,,,8.80130692260568,1,Q1,low,low,Q1-Q3,Q1-Q3,,,,,,
7,2810727767,2017-08-19,1323.8,2,1,139,68,90,157,0.7,3,88.4,7,4790,1497.51131221719,7.31155988402932,2.35552596537949,0.85676404239565,0,0.9,37.42,37.88,1000.69,2,1132.00226244344,7.03174325738608,1,68.18,0,4790,0,3,,4790,0,,,2,4790,,,,,,,0,0,,,,0,0,4,0,4790,C10AA05,20 MG,C10,C10A,C10AA,C10AA05,81 MG,1,,,,1,1,1,1,,1,,"","",,,,,,,,,,,,1,0,0,0,1,1,1,1,0,1,0,,3.81,100.8,2,010609CJB,265.344,2.08,4,168.7,4,78.49,3,,,37.42,1,1,1,81,1,,0,0,0,0,0,0,,,,,0,245,66.5,0,0,0,0,0,0,,1,,,,8,6,,0,1,1,1,,,0,,2,2,0,2,0,567,1,0,0,63,38.9518784577736,0,1,1,1,1,,0,0,0,0,0,,0,,,,0,0,0,,,0,53,0,33.9366515837104,3.52449559800665,2,1,0,1,107,0,1,,9261,,,,13.9954328244598,1,Q3,high,low,Q1-Q3,Q1-Q3,,,,,,
1,2810728348,2018-12-15,5721.2,2,1,143,55,114,151,1.2,3,154.7,7.3,11598,3698.25468648998,8.21561628098982,1.03532380151388,0.0347142294936717,1,,35.6,,1502.5,1,971.234647705236,6.87856809481843,1,59.15,0,11598,0,3,,11598,0,,,1,4469,5624,11598,,,,,0,0,,,,0,0,4,0,11598,C09AA03,20 MG,C09,C09A,C09AA,C09AA03,325 MG,1,,,,1,,,1,1,1,,"","",,,,,,,,,,,,1,0,0,0,1,0,0,1,1,1,0,,8.01,212.7,2,021109CJB,393.02,2.78,35,153.1,35,111.719,8,12623,12623,35.6,1,1,1,325,1,8,0,0,0,0,0,0,0,0,0,0,0,239,69.75,0,0,0,0,0,0,1,,,,,7,6,,0,1,1,1,0,0,0,,1,1,0,2,0,2275,2,0,0,73,34.5394239175575,0,1,1,0,1,,0,0,0,0,0,,0,,,,0,0,0,,,0,65.2,0,19.3923723335488,2.96487981007123,1,1,0,0,60,1,1,14886,16356,14886,27,3288,61.6375781081664,0,Q4,high,high,Q4,Q4,,9.00205338809035,1,0,0,0
1,2810728724,2018-01-08,3762.3,2,1,123,43,68,93,0.82,23.7,147.9,5.5,11678,2543.81338742394,7.84141956776945,,,,,25.28,,1402.11,1,948.012170385396,6.85436734013189,1,,,,,,12,11678,1,-1017,10661,1,4313,5644,11678,,,,10762,1,1,-916,10762,,1,0,,1,11678,C10AA03,10 MG,C10,C10A,C10AA,C10AA03,"",,,,,,1,1,1,,,1,"","",,,,,,,,,,,,0,0,0,0,0,1,1,1,0,0,1,,0.49,58.47,2,021109bCJ,705.946,1.74,36,158.6,36,132.03,8,12686,12686,25.28,0,1,1,81,0,8,0,0,0,0,0,0,1,0,0,0,0,125,65,0,0,0,0,0,0,1,,,,,8,6,,1,0,0,0,0,0,0,,1,1,0,1,0,567,1,0,0,92,20.8012250344027,0,0,0,1,0,141,1,1,0,1,0,,1,10690,1,1,1,0,1,,,0,66.4,1,160.243407707911,5.07669395740647,2,0,0,1,77,1,1,12815,,10661,41,,33.0365374990122,1,Q4,high,high,Q4,Q4,CHF,,,,,
1,2810728818,2017-09-15,1372.9,2,1,138,59,76,92,0.66,3.5,124.9,5.5,11048,1099.19935948759,7.00233733876012,2.78582554517134,1.02454425500911,0,,16.48,,1597.98,1,1279.40752602082,7.1541523794599,1,63.5,0,11048,0,3,,11048,0,,,2,4308,5631,11048,13371,13371,2323,,0,0,,,,0,0,4,0,11048,C10AA05,10 MG,C10,C10A,C10AA,C10AA05,81 MG,1,,,1,,1,1,,,,,"","",,,,,,,,,,,,1,0,0,1,0,1,1,0,0,0,0,,0.94,45.32,2,022109CJB,347.742,2.16,6,139.7,6,77.538,8,12518,12518,16.48,0,1,1,81,0,2,0,0,0,0,0,0,0,0,0,0,0,170,64.5,0,0,0,0,0,0,1,,,,,6,0,,0,1,0,0,0,0,0,1,1,1,0,2,0,567,1,0,0,71,28.729965518341,0,0,0,1,0,,0,0,0,0,0,,0,,,,0,0,0,,,0,63.8,0,28.0224179343475,3.33300483034597,1,0,0,1,89,0,0,,16311,,,,12.3505546009842,1,Q2,low,low,Q1-Q3,Q1-Q3,,,,,,
1,2810728924,2017-10-29,3026.3,2,1,207,72,123,109,1.02,5.7,245.9,5.6,12032,1230.70353802359,7.11534126698003,1.72270531400966,0.543895912163671,0,,50.82,,3481.52,1,1415.82757218381,7.25546949578234,1,62.75,0,12032,0,3,,12032,0,,,1,4657,5718,12032,14192,14192,2160,,0,0,,,,0,0,4,0,12032,B01AC06,325 MG,B01,B01A,B01AC,B01AC06,325 MG,1,,,,,,,,,,,"","",,,,,,,,,,,,1,0,0,0,0,0,0,0,0,0,0,,6.43,82.84,2,012609CJB,179.262,4.62,15,224.4,15,128.324,8,13345,13345,50.82,0,4,2,325,0,8,0,0,0,0,0,0,0,0,0,0,0,170,67.5,0,0,0,0,0,0,1,,,,,3,6,,0,0,0,0,0,0,0,,1,1,0,,0,1300,2,0,0,78,26.2329413547716,0,0,0,0,0,,0,0,0,0,0,,0,,,,0,0,0,,,0,110.4,1,23.1801545343636,3.14329650460049,1,0,0,0,70,0,1,,17136,,,,17.5814791146227,1,Q3,low,low,Q1-Q3,Q1-Q3,,,,,,
1,2810729126,2017-11-23,688.7,2,1,188,58,91,96,1.07,3.4,138.6,5.1,12475,496.897546897547,6.20838386178294,,,,,39.84,,893.67,1,644.78354978355,6.46891467874469,1,66.21,0,12475,0,3,,12475,0,,,1,4518,5790,12475,14667,14667,2192,,0,0,,,,0,0,4,0,12475,C03AA03,25 MG,C03,C03A,C03AA,C03AA03,81 MG,1,,1,,,,,1,,,,"","",,,,,,,,,,,,1,0,1,0,0,0,0,1,0,0,0,,1.65,57.96,2,013009CJB,333.738,1.55,20,267.8,20,152.427,8,13713,13713,39.84,1,1,1,81,0,8,0,0,0,0,0,0,0,0,0,0,0,193,68,0,0,0,0,0,0,1,,,,,8,1,,0,1,1,0,0,0,0,,1,1,0,2,0,567,1,0,0,54,29.3457420824876,0,0,1,0,1,,0,0,0,0,0,,0,,,,0,0,0,,,0,111.8,0,24.5310245310245,3.19993862384845,1,0,0,0,78,0,0,,17501,,,,6.37048137048137,1,Q1,low,low,Q1-Q3,Q1-Q3,,,,,,
1,2810729662,2018-01-08,281.9,2,1,144,48,91,103,0.68,3,25.4,5.3,11602,1109.84251968504,7.01197341008367,2.19684082624544,0.787020340275052,0,,42.94,,287.28,1,1131.02362204724,7.03087836188143,1,70.57,0,11602,0,3,,11602,0,,,1,,5634,11602,13627,13627,2025,,0,0,,,,0,0,4,0,11602,C10AX09,20 MG,C10,C10A,C10AA,C10AA01,81 MG,1,,,1,,1,,,,,,C10AA01,"",,,,,,1,1,,,,,1,0,0,1,0,1,1,0,0,0,0,,0.19,61.49,2,021109bCJ,326.968,2.17,36,205.7,36,150.921,8,12612,12612,42.94,1,1,1,81,0,8,0,0,0,0,0,0,0,0,0,0,0,152,70.75,0,0,0,0,0,0,1,,,,,8,8,,0,1,1,0,0,0,0,,1,1,0,2,0,567,1,0,0,75,21.3499229580587,0,0,1,1,1,,0,0,0,0,0,,0,,,,0,0,0,,,0,77.8,0,118.110236220472,4.77161839362576,2,0,0,1,93,0,0,,16397,,,,11.9337905342477,1,Q2,low,low,Q1-Q3,Q1-Q3,,,,,,
1,2810730143,2018-01-13,425.4,2,1,152,75,94,108,0.83,3,50.8,5.6,11778,837.40157480315,6.73030373416979,1.32002348796242,0.277649530350893,1,,55.98,,511.8,1,1007.48031496063,6.91520775512934,1,63.55,0,11778,0,3,,11778,0,,,1,4374,5470,11778,13898,13898,2120,,0,0,,,,0,0,4,0,11778,C10AX09,10 MG,C10,C10A,C10AX,C10AX09,81 MG,1,,,,1,1,1,,,1,,"","",,,,,,,,,,,,1,0,0,0,1,1,1,0,0,1,0,,2.76,90.16,2,021309CJB,367.626,1.27,39,207.6,39,120.131,8,12739,12739,55.98,1,1,1,81,1,8,0,0,0,0,0,0,0,0,0,0,0,182,66.75,0,0,0,0,0,0,1,,,,,6,8,,0,1,1,1,0,0,0,,1,1,0,2,0,567,1,0,0,63,28.7193403575041,0,1,1,1,1,141,0,1,0,1,0,,0,,,,0,0,0,,,0,58.2,0,59.0551181102362,4.07847121306581,2,1,0,1,94,0,0,,16523,,,,8.90852739152287,1,Q1,low,low,Q1-Q3,Q1-Q3,,,,,,
1,2810730633,2018-01-26,1296.5,2,1,108,30,231,230,0.82,11.4,106.6,8.9,11733,1216.22889305816,7.10351027923507,1.17412451361868,0.160522775082421,1,,56.18,,1003.67,1,941.529080675422,6.84750523522022,1,65.74,0,11733,0,3,1,11733,0,,,1,4456,5622,11733,13783,13783,2050,,0,0,,,,0,0,4,0,11733,C10AX06,1000 MG,C10,C10A,C10AX,C10AX06,325 MG,1,,,1,1,1,1,,,1,,"","",,,,,,,,,,,,1,0,0,1,1,1,1,0,0,1,0,,0.76,403.9,2,021709CJB,320.18,3.08,42,195.9,42,97.953,8,12646,12646,56.18,0,1,1,325,1,8,0,0,0,0,0,0,0,0,0,1,0,232,65.25,0,0,0,0,0,0,1,,,,,7,1,,0,1,0,1,1,0,0,,1,1,0,2,0,2275,2,0,0,59,38.3118007615326,0,1,0,1,0,140,0,1,1,0,1,11296,0,,,,0,0,0,,,0,31.8,1,106.941838649156,4.67228512265084,2,1,0,1,97,0,1,,15380,11296,1,3647,12.5384421964759,0,Q3,low,low,Q1-Q3,Q1-Q3,MI,9.98494182067077,1,0,0,0
1,2810731544,2017-11-21,282.6,2,1,185,48,89,108,0.73,3,38.9,5.6,12013,726.478149100257,6.58820840561412,0.996194824961948,-0.00381243313465603,1,,72.26,,1426.15,1,3666.19537275064,8.20690972014674,1,,0,12013,,,,12013,0,,,1,4578,5713,12013,14119,14119,2106,,0,0,,,,0,0,,0,12013,C10AA05,20 MG,C10,C10A,C10AA,C10AA05,325 MG,1,,,,,1,1,,,,,"","",,,,,,,,,,,,1,0,0,0,0,1,1,0,0,0,0,,0.27,57.78,2,012709bCJ,238.926,0.27,18,143.3,18,160.963,8,13289,13289,72.26,0,1,1,325,0,8,0,0,0,0,0,0,0,0,0,0,0,196,68.5,0,0,0,0,0,0,1,,,,,3,1,,0,1,0,0,0,0,0,,1,1,0,2,0,2275,2,0,0,65,29.3684172002581,0,0,0,1,0,,0,0,0,0,0,,0,,,,0,0,0,,,0,119.2,0,77.120822622108,4.34537331702585,2,0,0,1,97,0,0,,17080,,,,7.48946545464183,1,Q1,low,low,Q1-Q3,Q1-Q3,,,,,,
1,2810731782,2017-10-29,2452.3,2,1,143,46,101,104,1.03,6,204.4,5.4,12223,1199.7553816047,7.08987296633338,1.21162185602775,0.191959838987903,1,,36.56,,1501.97,1,734.818982387476,6.59962418641431,1,,0,12223,,,4,12223,0,,,1,4604,5768,12223,14353,14353,2130,,0,0,,,,0,0,,0,12223,C07AB03,50 MG,C07,C07A,C07AB,C07AB03,81 MG,1,,,1,,,,,,,,"","",,,,,,,,,,,,1,0,0,1,0,0,0,0,0,0,0,,1.06,65.12,2,012609CJB,354.326,2.13,15,181.1,15,139.832,8,13535,13535,36.56,1,1,1,81,0,8,0,0,0,0,0,0,0,0,0,0,0,180,68.25,0,0,0,0,0,0,1,,,,,8,2,,0,1,1,0,0,0,0,,1,1,0,2,0,567,1,0,0,73,27.1689469837097,0,0,1,0,1,,0,0,0,0,1,16031,0,,,,0,0,1,,,0,76.8,1,29.3542074363992,3.37943588988064,1,0,0,0,72,0,1,,17326,16031,4,5103,16.6632691889541,1,Q3,low,low,Q1-Q3,Q1-Q3,MI,13.9712525667351,1,1,1,0
1,2810731875,2017-10-22,1216.7,2,1,230,98,62,92,0.8,3,101.8,5.4,12455,1195.18664047151,7.08605763666507,3.07282184655397,1.12259630768126,0,,36.94,,1230.66,1,1208.89980353635,7.09746597169354,1,68.32,0,12455,0,3,,12455,0,,,2,4516,5846,12455,14539,14539,2084,,0,0,,,,0,0,4,0,12455,B01AC06,81 MG,B01,B01A,B01AC,B01AC06,81 MG,1,,,,,,,,,,,"","",,,,,,,,,,,,1,0,0,0,0,0,0,0,0,0,0,,1.99,34.98,2,012109CJB,410.516,1.22,11,95.3,11,70.678,8,13835,13835,36.94,0,1,1,81,0,2,0,0,0,0,0,0,0,0,0,0,0,164,66.25,0,0,0,0,0,0,1,,,,,7,6,,0,0,0,0,0,0,0,1,1,1,0,,0,567,1,0,0,73,26.2710659988782,0,0,0,0,0,,0,0,0,0,0,,0,,,,0,0,0,,,0,119.6,0,29.4695481335953,3.38335746353382,1,0,0,0,73,0,1,,17627,,,,16.3724197324865,1,Q3,low,low,Q1-Q3,Q1-Q3,,,,,,
1,2810731997,2018-01-01,963.1,2,1,212,60,97,102,0.83,3,114.9,5.3,11818,838.207136640557,6.7312652497002,2.18346456692913,0.780912866163141,0,,33.96,,1293.9,1,1126.10966057441,7.02652419345529,1,,0,11818,,,,11818,0,,,1,4328,5777,11818,,,,,0,0,,,,0,0,,0,11818,M01AX05,10 MG,M01,M01A,M01AX,M01AX25,81 MG,1,1,,,1,,,,,,,M01AX25,"",,1,,,,,,1,,,,1,1,0,0,1,0,0,1,0,0,0,,4.48,83.11,2,021009CJB,463.04,3.82,34,266.2,34,155.856,8,12861,12861,33.96,1,1,1,81,0,8,0,0,0,0,0,0,0,0,0,0,0,262,66.75,0,0,0,0,0,0,1,,,,,3,6,,0,1,1,0,0,0,0,,1,1,0,2,0,567,1,0,0,76,41.3432262289345,0,0,1,0,1,,0,0,0,0,0,,0,,,,0,0,1,,,0,132.6,0,26.1096605744125,3.26230538279554,1,0,0,0,85,0,0,13750,,13750,27,1932,9.86126043106538,0,Q1,low,low,Q1-Q3,Q1-Q3,,5.28952772073922,1,0,0,0
1,2810732325,2018-02-22,1265.6,2,1,169,62,131,112,0.9,3,93.7,6.3,12323,1350.69370330843,7.20837359375711,,,,,55.2,,1245.71,1,1329.46638207044,7.19253292421854,1,,0,12323,,,,12323,0,,,1,4344,5665,12323,,,,,0,0,,,,0,0,,0,12323,C10AA05,4 MG/1000 MG,A10,A10B,A10BA,A10BA02,81 MG,1,,,,1,1,1,,,1,,A10BA02,"",,,,,,,,,,1,,1,0,0,0,1,1,1,0,0,1,0,,2.71,73.92,2,022109CJB,374.176,2.41,50,195.3,50,104.946,8,12967,12967,55.2,1,1,1,81,1,8,0,0,0,0,0,0,0,0,0,0,0,245,67.75,0,0,0,0,0,0,1,,,,,7,1,,0,1,1,1,0,0,0,,1,1,0,2,0,567,1,0,0,56,37.5277993512919,0,1,1,1,1,,0,0,0,0,0,,0,,,,0,0,0,,,0,80.8,0,32.017075773746,3.46626937840587,2,1,0,1,95,0,1,,16747,,,,14.2178284558782,1,Q3,high,low,Q1-Q3,Q1-Q3,,,,,,
1,2810732346,2017-10-28,1109.7,2,1,178,62,74,111,0.8,22.5,102.5,5.4,11706,1082.63414634146,6.98715237491615,2.00911577028259,0.697694709997575,0,,36.78,,700.97,1,683.873170731707,6.52777247752274,1,62.25,0,11706,0,3,,11706,0,,,1,4312,5645,11706,13859,13859,2153,,0,0,,,,0,0,4,0,11706,M01AX05,1500MG/1200 MG,M01,M01A,M01AX,M01AX25,81 MG,1,1,,,1,1,1,1,,,,M01AX25,"",,1,,,,,,,,,,1,1,0,0,1,1,1,1,0,0,0,,1.27,96.43,2,012309CJB,198.474,1.14,13,251.4,13,186.465,8,13057,13057,36.78,1,1,1,81,0,8,0,0,0,0,0,0,0,0,0,0,0,202,69,0,0,0,0,0,0,1,,,,,3,6,,0,1,1,0,0,0,0,,1,1,0,2,0,567,1,0,0,67,29.8303810218206,0,0,1,1,1,,0,0,0,0,0,,0,,,,0,0,1,,,0,101.2,1,219.512195121951,5.39140778961405,2,0,0,1,92,0,0,,16849,,,,11.7677624602333,1,Q2,low,low,Q1-Q3,Q1-Q3,,,,,,
1,2810732570,2017-10-25,603.4,2,1,152,52,96,99,0.86,3,96.4,5.6,12476,625.933609958506,6.43924431109655,0.921441228588305,-0.0818162818895526,1,,31.56,,598.64,1,620.995850622407,6.43132440014369,1,75.03,0,12476,0,3,,12476,0,,,1,4545,5804,12476,14562,14562,2086,,0,0,,,,0,0,4,0,12476,C10AA05,20 MG,C10,C10A,C10AA,C10AA05,81 MG,1,,,,1,1,1,,,,,"","",,,,,,,,,,,,1,0,0,0,1,1,1,0,0,0,0,,1.24,126.5,2,012209CJB,392.736,0.89,12,101.1,12,80.719,8,13841,13841,31.56,1,1,1,81,0,8,0,0,0,0,0,0,0,0,0,0,0,219,66,0,0,0,0,0,0,1,,,,,6,7,,0,1,1,0,0,0,0,,1,1,0,2,0,567,1,0,0,67,35.3477566459265,0,0,1,1,1,,0,0,0,0,0,,0,,,,0,0,1,,,0,80.8,0,31.1203319502075,3.43786136603375,2,0,0,1,90,0,0,,17633,,,,6.95481788842785,1,Q1,low,low,Q1-Q3,Q1-Q3,,,,,,
1,2810732605,2017-12-23,1415.4,2,1,105,53,63,160,0.94,12.3,155.1,8.3,12552,912.57253384913,6.81626757144728,,,,,45.6,,1758.46,1,1133.75886524823,7.03329382080184,1,71.25,0,12552,0,3,,12552,0,,,2,4354,5796,12552,,,,,0,0,,,,0,0,4,0,12552,C10AX09,10 MG,C10,C10A,C10AX,C10AX09,81 MG,1,,,1,1,1,1,,,1,,"","",,,,,,,,,,,,1,0,0,1,1,1,1,0,0,1,0,,0.79,87.75,2,020609CJB,222.802,2.33,30,224.7,30,110.624,8,13651,13651,45.6,1,1,1,81,1,2,0,0,0,0,0,0,0,0,0,0,0,170,67.5,0,0,0,0,0,0,1,,,,,3,2,,0,1,1,1,0,0,0,1,1,1,0,2,0,567,1,0,0,63,26.2329413547716,0,1,1,1,1,,0,0,0,0,0,,0,,,,0,0,0,,,0,39.4,1,79.3036750483559,4.37328447117802,2,1,0,1,65,0,0,,17437,9507,6,4885,14.0395774438328,0,Q2,low,low,Q1-Q3,Q1-Q3,Angina,13.3744010951403,1,1,1,0
1,2810733158,2018-02-03,1681.3,2,1,187,46,102,100,0.93,6,262.7,5.5,11875,640.00761324705,6.46148007198148,2.07486209613869,0.729894691781922,0,,26.38,,1625.63,1,618.816140083746,6.42780820123488,1,62.69,0,11875,0,3,,11875,0,,,1,4203,5666,11875,,,,,0,0,,,,0,0,4,0,11875,C10AX06,10 MG,C10,C10A,C10AX,C10AX06,81 MG,1,,,,1,1,1,1,,,,"","",,,,,,,,,,,,1,0,0,0,1,1,1,1,0,0,0,,0.34,35.95,2,021909CJB,371.644,0.54,45,174.9,45,150.588,8,12704,12704,26.38,1,1,1,81,0,8,0,0,0,0,0,0,0,0,0,0,0,180,68.75,0,0,0,0,0,0,1,,,,,8,1,,0,1,1,0,0,0,0,,1,1,0,2,0,567,1,0,0,57,26.7751993355226,0,0,1,1,1,,0,0,0,0,0,,0,,,,0,0,0,,,0,120.6,1,22.8397411496003,3.1285020515187,1,0,0,1,91,0,0,,16485,,,,7.03305069502253,1,Q1,low,low,Q1-Q3,Q1-Q3,,,,,,
1,2810734352,2018-12-15,7131.1,2,1,153,25,189,192,0.96,19.4,146.8,9,12617,4857.69754768392,8.4883198490163,1.30540540540541,0.266513648014303,1,,52.14,,1126.17,1,767.145776566758,6.64267684402086,1,60.66,0,12617,0,3,1,12617,0,,,1,4692,5850,12617,14611,14611,1994,,0,0,,,,0,0,4,0,12617,M01AE01,200 MG,M01,M01A,M01AE,M01AE01,350 MG,1,1,,1,1,1,1,,,1,,"","",,,,,,,,,,,,1,1,0,1,1,1,1,0,0,1,0,,4.36,67.21,2,021209CJB,343.688,2.73,37,186.1,37,171.575,8,13611,13611,52.14,1,1,1,325,1,8,1,1,1,0,0,0,0,0,0,1,0,191,71.25,0,0,1,1,0,0,1,,,,,7,6,,0,0,1,1,1,0,0,,1,1,2,,0,2275,2,0,1,65,26.4526534593235,1,1,1,1,1,140,0,1,1,0,1,11386,0,,,,0,0,0,,,0,90.2,1,132.152588555858,4.883957228871,2,1,0,1,83,1,1,,17314,9467,30,4697,58.5264764781196,0,Q4,high,high,Q4,Q4,IC,12.8596851471595,1,1,1,0
1,2810734362,2017-12-16,870.3,2,1,142,51,103,94,0.9,38,66.8,5.9,11945,1302.84431137725,7.17230508524096,3.55706214689266,1.26893496452936,0,,36.94,,1215.37,1,1819.41616766467,7.50627094161025,1,67.8,0,11945,0,3,17,11945,0,,,2,4356,5684,11945,14263,14263,2318,15410,1,0,3465,15410,,0,0,4,0,11945,C10AA05,10 MG,C10,C10A,C10AA,C10AA05,81 MG,1,,,1,,1,1,,,,,"","",,,,,,,,,,,,1,0,0,1,0,1,1,0,0,0,0,,1.47,62.54,2,020509CJB,404.71,2.37,28,199.8,28,128.843,8,13078,13078,36.94,1,1,1,81,0,2,0,0,0,0,0,0,0,0,0,0,0,149,65.5,0,0,0,0,0,0,1,,,,,3,6,,0,1,1,0,0,0,0,1,1,1,0,2,0,567,1,0,0,83,24.4179545523592,0,0,1,1,1,,0,0,0,0,0,,1,15793,1,1,0,0,1,,,0,70.4,1,568.862275449102,6.34363835816592,3,0,0,1,59,0,1,15798,,15793,17,,22.0821069724957,1,Q3,high,high,Q1-Q3,Q1-Q3,CVA,,,,,
1,2810734603,2018-01-10,683.8,2,1,143,45,163,115,1.01,3,69.7,6,12621,981.061692969871,6.88863534542681,1.39738348323794,0.334601547428419,1,,49.5,,774.57,1,1111.2912482066,7.01327790488533,1,75.24,0,12621,0,3,41,12621,1,864,13485,1,4566,5817,12621,14618,14618,1997,15323,1,0,864,13485,,0,1,4,1,12621,C10AA05,10 MG,C10,C10A,C10AA,C10AA05,81 MG,1,,,1,,1,1,,,,,"","",,,,,,,,,,,,1,0,0,1,0,1,1,0,0,0,0,,0.51,157.3,2,021209CJB,366.812,1.84,38,185.2,38,133.583,8,13605,13605,49.5,1,1,1,81,0,8,0,0,0,0,0,0,0,0,0,0,0,230,74,0,0,0,0,0,0,1,,,,,7,8,,0,1,1,0,0,0,0,,1,1,0,2,0,567,1,0,0,81,29.5304462047931,0,0,1,1,1,,0,0,0,0,0,,0,,3,2,0,0,0,,,0,65.4,0,43.0416068866571,3.76216724988377,2,0,0,1,69,0,0,,17389,13485,41,4768,14.2182854053604,0,Q2,low,low,Q1-Q3,Q1-Q3,CHF,13.0540725530459,1,1,1,0
1,2810734657,2017-08-29,1174.6,2,1,193,59,157,96,0.93,5.7,127,5.7,12176,924.88188976378,6.82966604261792,,,,,43.54,,711.93,1,560.574803149606,6.32896269150154,1,64.48,0,12188,0,3,,12176,0,,,2,4765,5783,12176,14375,14375,2199,,0,0,,,,0,0,4,0,12188,B01AC06,81 MG,B01,B01A,B01AC,B01AC06,81 MG,1,,,,,,,,,,,"","",,,,,,,,,,,,1,0,0,0,0,0,0,0,0,0,0,,1.29,40.13,2,010909CJB,249.5,0.9,2,174.2,2,109.433,8,13735,13735,43.54,0,2,1,81,0,2,0,0,0,0,0,0,0,0,0,0,0,127,60.5,0,0,0,0,0,0,1,,,,,3,7,,0,1,0,0,0,0,0,1,1,1,0,2,0,1134,2,0,0,70,24.3948742798107,0,0,0,0,0,,0,0,0,0,0,,0,,,,0,0,0,,,0,102.6,1,44.8818897637795,3.80403436736405,2,0,0,0,62,0,0,,17517,,,,14.9174498348997,1,Q2,low,low,Q1-Q3,Q1-Q3,,,,,,
1,2810735073,2017-08-29,1364.5,2,1,151,47,98,90,1.02,34.9,299.1,5.1,12203,456.201939150786,6.12293556050058,1.23553382233089,0.211503121491405,1,,43.42,,1917.8,1,641.190237378803,6.46332619507177,1,57.61,2,12203,0,3,2,12203,0,,,1,4571,5846,12203,,,,,0,0,,,,0,0,4,0,12203,C09AA03,30 MG,C09,C09A,C09AA,C09AA03,325 MG,1,,,1,1,,,,,,,"","",,,,,,,,,,,,1,0,0,1,1,0,0,0,0,0,0,,1.22,48.93,2,010909CJB,403.898,1.19,2,219.2,2,159.619,8,13769,13769,43.42,1,1,1,325,0,8,0,0,0,0,1,1,0,0,0,0,0,171,67.25,0,0,0,0,0,0,1,,,,,3,6,,0,1,1,0,0,0,0,,1,1,0,2,2,2275,2,0,0,73,26.5838051887267,0,0,1,0,1,140,0,1,1,0,1,7856,0,,,,0,0,1,,,0,84.4,1,116.683383483785,4.75946414255462,2,0,0,0,73,0,0,13684,13607,7856,2,1404,6.24934163220254,0,Q1,low,low,Q1-Q3,Q1-Q3,MI,3.84394250513347,0,0,0,0
1,2810735625,2017-12-02,2626.5,2,1,168,50,146,90,1.04,3.3,181.2,5.8,12687,1449.50331125828,7.27897623277323,,,,,35.98,,2218.2,1,1224.17218543046,7.11002012754985,1,63.11,0,12687,0,3,4,12687,0,,,1,4615,5850,12687,14725,14725,2038,,0,0,,,,0,0,4,0,12687,B01AC06,81 MG,B01,B01A,B01AC,B01AC06,81 MG,1,,,,,,,,,1,,"","",,,,,,,,,,,,1,0,0,0,0,0,0,0,0,1,0,,1.67,212.6,2,020409CJB,422.538,2.93,26,179.4,26,152.817,8,13849,13849,35.98,0,1,1,81,1,8,0,0,0,0,0,0,0,0,0,0,0,192,69.75,0,0,0,0,0,0,1,,,,,3,6,,0,1,0,1,0,0,0,,1,1,0,2,0,567,1,0,0,75,27.7471522684981,0,1,0,0,0,,0,0,0,0,1,7986,0,,,,0,0,1,1,7598,1,88.8,0,18.2119205298013,2.90207635384569,1,1,0,0,70,0,1,15858,15011,7986,4,2324,20.7071901608325,0,Q3,high,high,Q1-Q3,Q1-Q3,MI,6.362765229295,1,0,0,0
1,2810736128,2017-12-31,182.3,2,1,189,60,77,92,0.79,3,32.6,5.4,11566,559.20245398773,6.32651157930005,1.47032772364925,0.385485317200927,1,,43.48,,759.73,1,2330.46012269939,7.75382100461701,1,62.7,0,11566,0,3,,11566,0,,,1,,,11566,,,,,0,0,,,,0,0,4,0,11566,C10AA05,10 MG,C10,C10A,C10AA,C10AA05,81 MG,1,,,1,,1,1,,,,,"","",,,,,,,,,,,,1,0,0,1,0,1,1,0,0,0,0,,1.83,33.14,2,020909CJB,309.076,0.92,33,167,33,125.419,8,12630,12630,43.48,1,1,1,81,0,8,0,0,0,0,0,0,0,0,0,0,0,183,67.25,0,0,0,0,0,0,1,,,,,3,6,,0,1,1,0,0,0,0,,1,1,0,2,0,567,1,0,0,70,28.4493353774093,0,0,1,1,1,,0,0,0,0,0,,0,,,,0,0,0,,,0,113.6,0,92.0245398773006,4.52205527927759,2,0,0,1,91,0,0,15574,,15574,28,4008,6.14508191195308,0,Q1,low,low,Q1-Q3,Q1-Q3,Death,10.9733059548255,1,1,0,0
1,2810736231,2017-10-29,1137.7,2,1,148,27,160,134,1.3,57.1,197.9,6.5,12483,574.88630621526,6.35417229292524,1.86411889596603,0.622788499618699,0,,56.46,,1211.92,1,612.390096008085,6.41736949122964,1,81.38,0,12483,0,3,,12483,0,,,1,4489,5771,12483,14825,14825,2342,,0,0,,,,0,0,4,0,12483,M01AH01,200 MG,M01,M01A,M01AH,M01AH01,325 MG,1,1,,,1,,,1,,1,,"","",,,,,,,,,,,,1,1,0,0,1,0,0,1,0,1,0,,54.01,168.3,2,012609CJB,378.592,19.28,15,225.6,15,178.958,8,13800,13800,56.46,1,1,1,325,1,8,0,0,0,0,0,0,0,0,0,0,0,257,70.5,0,0,0,0,0,0,1,,,,,4,7,,0,1,1,1,0,0,0,,1,1,0,2,0,2275,2,0,0,67,36.3546947102948,0,1,1,0,1,,0,0,0,0,0,,0,,,,0,0,0,1,14510,0,89,1,288.529560384032,5.66479754303558,2,1,0,0,56,0,0,,17591,16940,11,5108,10.2658268967011,1,Q1,low,low,Q1-Q3,Q1-Q3,Atherothrombotic Infarction of Brain,13.9849418206708,1,1,1,0
1,2810736322,2018-02-22,1970.5,2,1,110,48,76,121,0.89,21.5,104.9,6.2,12911,1878.45567206864,7.5382052672209,,,,,46.16,,1240.37,1,1182.43088655863,7.07532767177312,1,,3,12911,,,1,12911,0,,,1,4579,5770,12911,,,,,0,0,,,,0,0,,0,12911,C10AA05,10 ?,C10,C10A,C10AA,C10AA05,81 MG,1,,,,1,1,1,,,1,,"","",,,,,,,,,,,,1,0,0,0,1,1,1,0,0,1,0,,0.67,60.41,2,022109CJB,304.65,2.24,49,198.1,49,129.172,8,13559,13559,46.16,0,1,1,81,1,8,0,0,0,0,0,0,0,0,0,1,0,222,71.75,0,0,0,0,0,0,1,,,,,8,7,,0,1,0,1,1,0,0,,1,1,0,2,0,567,1,0,0,81,30.3189932461279,0,1,0,1,0,141,0,1,1,1,1,3943,0,,,,0,0,1,,,0,46.8,1,204.957102001907,5.3228006987135,2,1,0,1,80,1,1,15108,15662,3936,6,2751,23.480695900858,0,Q4,high,high,Q4,Q4,Angina,7.53182751540041,1,0,0,0
1,2810736424,2017-09-17,805.7,2,1,141,55,41,112,1.03,3,110.6,5.5,11422,728.481012658228,6.59096156168301,2.1709120788825,0.775147392094743,0,,19.24,,493.49,1,446.19349005425,6.10075269214357,1,59.65,0,11422,0,3,1,11422,0,,,1,,,11422,13513,13513,2091,,0,0,,,,0,0,4,0,11422,M01AC06,7.5 MG,M01,M01A,M01AC,M01AC06,81 MG,1,1,,,1,1,1,1,,,,"","",,,,,,,,,,,,1,1,0,0,1,1,1,1,0,0,0,,0.44,87.53,2,011509CJB,765.918,1.68,6,188,6,115.911,8,12878,12878,19.24,1,1,1,81,0,8,0,0,0,0,0,0,0,0,0,1,0,172,69.25,0,0,0,0,0,0,1,,,,,8,2,,0,1,1,0,1,0,0,,1,1,0,2,0,567,1,0,0,64,25.2170630369229,0,0,1,1,1,140,0,1,1,0,1,9922,0,,,,0,0,0,1,13339,0,77.8,0,27.124773960217,3.30044747856201,1,0,0,1,76,0,0,,16671,9922,1,5249,9.5852764823451,1,Q1,low,low,Q1-Q3,Q1-Q3,MI,14.3709787816564,1,1,1,0
1,2810736522,2017-11-26,3136.7,2,1,196,57,100,104,0.7,5.5,101.4,5.4,12009,3093.39250493097,8.03702366567842,1.99162303664921,0.688949902624605,0,,35.74,,10,1,9.86193293885601,2.28868218782505,1,68.33,0,12009,0,3,,12009,0,,,2,4894,5712,12009,14122,14122,2113,,0,0,,,,0,0,4,0,12009,M01AE01,200 MG,M01,M01A,M01AE,M01AE01,81 MG,1,1,,,,1,1,,,,,"","",,,,,,,,,,,,1,1,0,0,0,1,1,0,0,0,0,,5.1,79.2,2,020309CJB,320.314,1.19,23,205.2,23,145.015,8,13216,13216,35.74,1,1,1,81,0,2,0,0,0,0,0,0,0,0,0,0,0,133,62,0,0,0,0,0,0,1,,,,,3,7,,0,1,1,0,0,0,0,1,1,1,0,2,0,567,1,0,0,72,24.3261776846134,0,0,1,1,1,,0,0,0,0,0,,0,,,,0,0,0,,,0,119,1,54.2406311637081,3.99343028006348,2,0,0,1,87,1,1,,17002,,,,35.5562356888617,1,Q4,high,high,Q4,Q4,,,,,,
1,2810737069,2018-02-03,4657.5,2,1,214,42,98,102,0.73,11.5,217.6,6.2,12163,2140.39522058824,7.66874577348205,,,,,52.84,,2439.54,1,1121.11213235294,7.02207644693039,1,61.5,0,12163,0,3,,12163,0,,,2,4413,5690,12163,14613,14613,2450,,0,0,,,,0,0,4,0,12163,B01AC06,81 MG,B01,B01A,B01AC,B01AC06,81 MG,1,,,,,,,,,,,"","",,,,,,,,,,,,1,0,0,0,0,0,0,0,0,0,0,,3.33,37.99,2,021909CJB,291.368,6.63,46,137.5,46,113.415,8,12980,12980,52.84,0,1,1,81,0,2,0,0,0,0,0,0,0,0,0,0,0,153,61.5,0,0,0,0,0,0,1,,,,,7,6,,0,1,0,0,0,0,0,1,1,1,0,2,0,567,1,0,0,84,28.4411276734511,0,0,0,0,0,,0,0,0,0,0,,0,,,,0,0,1,,,0,152.4,1,52.8492647058824,3.96744379936955,2,0,0,0,76,1,1,15154,,15154,29,2991,28.1630950077399,0,Q4,high,high,Q4,Q4,Death,8.18891170431212,1,0,0,0
1,2810737170,2018-12-17,1350.9,2,1,158,55,91,113,1.04,3,108.4,6.5,11788,1246.21771217712,7.12786841295818,1.3755420641804,0.318847881925734,1,,46.22,,1182.93,1,1091.26383763838,6.99509178761259,1,69.31,0,11788,0,3,41,11788,1,2464,14252,2,4326,5704,11788,,,,14499,1,0,2462,14250,,0,1,4,1,11788,M01AH01,200 MG,M01,M01A,M01AH,M01AH01,81 MG,1,1,,1,1,1,1,1,,1,,"","",,,,,,,,,,,,1,1,0,1,1,1,1,1,0,1,0,,1.18,129.3,2,020509CJB,408.894,1.4,29,174.9,29,115.073,8,12909,12909,46.22,1,1,1,81,1,2,0,0,0,0,0,0,0,0,0,0,0,197,65.25,0,0,0,0,0,0,1,,,,,3,6,,0,1,1,1,0,0,0,1,1,1,0,2,0,567,1,0,0,76,32.5320032328531,0,1,1,1,1,,0,0,0,0,0,,0,,1,1,0,0,0,,,0,84.8,0,27.6752767527675,3.3205394786447,1,1,0,1,52,0,1,14649,13253,14252,41,2464,23.9657252341754,0,Q3,low,high,Q4,Q1-Q3,CHF,6.7460643394935,1,0,0,0
7,2810737707,2017-08-19,566.9,2,1,187,80,44,87,0.62,3,25.5,5.8,3705,2223.13725490196,7.70667465515397,2.47313854853911,0.905488011449997,0,0.6,17.3,17.46,138.74,2,544.078431372549,6.29909341178087,1,62.55,0,3705,0,3,,3705,0,,,2,3705,,,,,,,0,0,,,,0,0,4,0,3705,B01AC06,81 MG,B01,B01A,B01AC,B01AC06,81 MG,1,,,,,,,,,,,"","",,,,,,,,,,,,1,0,0,0,0,0,0,0,0,0,0,,3.29,60.92,2,010609CJB,,,4,175.5,4,88.76,3,,,17.3,1,1,1,81,0,,0,0,0,0,0,0,,,,,0,133,62,0,0,0,0,0,0,,,1,,,7,1,,0,1,1,0,,,0,,2,3,0,2,0,567,1,0,0,51,24.3261776846134,0,0,1,0,1,,0,0,0,0,0,,0,,,,0,0,0,,,0,98.2,0,117.647058823529,4.76768911548587,2,0,0,0,104,1,1,,5663,,,,21.3763197586727,1,Q4,high,high,Q1-Q3,Q4,,,,,,
1,2810737807,2017-08-30,640.1,2,1,156,60,81,102,0.94,3,86.4,5.9,12161,740.856481481482,6.60780692432604,4.34491114701131,1.4690053090287,0,,38.56,,835.05,1,966.493055555555,6.87367411347571,1,70.62,0,12161,0,3,,12161,0,,,2,4578,5818,12161,14371,14371,2210,,0,0,,,,0,0,4,0,12161,C10AX06,TAB,C10,C10A,C10AX,C10AX06,325 MG,1,,,1,1,1,1,1,,,,"","",,,,,,,,,,,,1,0,0,1,1,1,1,1,0,0,0,,0.28,41.21,2,011209CJB,241.284,0.96,3,196.6,3,104.498,8,13701,13701,38.56,1,1,1,325,0,2,0,0,0,0,0,0,0,0,0,1,0,135,63.25,0,0,0,0,0,0,1,,,,,8,6,,0,1,1,0,1,0,0,1,1,1,0,2,0,2275,2,0,0,59,23.7256610369116,0,0,1,1,1,140,0,1,1,0,0,,0,,,,0,0,0,,,0,79.8,0,34.7222222222222,3.54737989184024,2,0,0,1,66,0,0,,17494,11425,6,5333,11.2250982042649,1,Q1,low,low,Q1-Q3,Q1-Q3,Angina,14.6009582477755,1,1,1,0
1,2810738682,2017-09-17,844,2,1,188,53,177,88,0.65,3,88.7,5.3,12028,951.52198421646,6.85806279126852,3.67696629213483,1.30208803505787,0,,29.94,,1236.66,1,1394.20518602029,7.24007977275582,1,70.17,0,12028,0,3,1,12028,0,,,2,5281,6332,12028,14212,14212,2184,,0,0,,,,0,0,4,0,12028,C10AA05,40 MG,C03,C03A,C03AA,C03AA03,81 MG,1,,,1,,1,1,1,,,,C03AA03,"",,,,,,,,1,,,,1,0,0,1,0,1,1,1,0,0,0,,0.9,100.7,2,011509CJB,454.41,3.63,6,186.8,6,118.979,8,13484,13484,29.94,1,1,1,81,0,2,0,0,0,0,0,0,0,0,0,0,0,191,66.25,0,0,0,0,0,0,1,,,,,7,8,,0,1,1,0,0,0,0,1,1,1,0,2,0,567,1,0,0,70,30.5961805230837,0,0,1,1,1,,0,0,0,0,1,16118,0,,,,0,0,0,,,0,99.6,0,33.8218714768884,3.52110767833471,2,0,0,1,90,0,0,,17277,16118,1,5249,10.572466491294,1,Q2,low,low,Q1-Q3,Q1-Q3,MI,14.3709787816564,1,1,1,0
1,2810739037,2017-12-23,296.3,2,1,164,42,165,119,1.22,3,55.8,6.3,12433,531.003584229391,6.27476877118035,1.23139745916515,0.208149670122009,1,,42.32,,792.16,1,1419.64157706093,7.25815970821394,1,53.51,0,12433,1,2,2,12433,0,,,1,4580,5771,12433,14497,14497,2064,6276,1,1,-6157,6276,,0,0,3,0,12433,C10AA05,10 MG,C10,C10A,C10AA,C10AA05,81 MG,1,,,1,1,1,1,1,,,1,"","",,,,,,,,,,,,1,0,0,1,1,1,1,1,0,0,1,,2.2,200.8,2,020609CJB,374.492,1.44,30,146.2,30,134.002,8,13539,13539,42.32,1,1,1,81,0,8,0,0,0,0,0,0,0,0,0,0,0,219,70,0,0,0,0,0,0,1,,,,,3,6,,0,1,1,0,0,0,0,,1,1,0,2,0,567,1,0,0,74,31.42343427544,0,0,1,1,1,141,0,1,1,1,1,6273,0,,1,1,1,0,0,,,0,89,0,53.7634408602151,3.98459369826298,2,0,0,1,58,0,0,,17325,5896,6,4892,9.15523421085156,0,Q1,low,low,Q1-Q3,Q1-Q3,Angina,13.3935660506502,1,1,1,0
1,2810739238,2018-02-10,1197,2,1,155,46,229,124,1.02,3,57,5.9,12384,2100,7.64969262371151,1.86998616874136,0.625931034444145,0,,25.56,,1112.64,1,1952,7.57660976697304,1,70.53,0,12384,0,3,,12384,0,,,2,4250,5630,12384,14113,14113,1729,,0,0,,,,0,0,4,0,12384,M01AH01,2000 MG,M01,M01A,M01AH,M01AH01,81 MG,1,1,,,1,1,1,1,,,,"","",,,,,,,,,,,,1,1,0,0,1,1,1,1,0,0,0,,1.19,159,2,021909bCJ,220.4,2.48,48,199.4,48,116.425,8,13124,13124,25.56,1,3,2,81,0,2,0,0,0,0,0,0,0,0,0,0,0,179,62,0,0,0,0,0,0,1,,,,,8,6,,0,1,1,0,0,0,0,1,1,1,0,2,0,243,1,0,0,67,32.7397428988406,0,0,1,1,1,141,0,1,0,1,0,,0,,,,0,0,0,,,0,63.2,0,52.6315789473684,3.9633162998157,2,0,0,1,57,1,1,,16905,,,,36.8421052631579,1,Q4,high,high,Q4,Q4,,,,,,
1,2810739396,2018-01-13,1499.2,2,1,151,28,224,105,0.93,3,77.8,5.2,11946,1926.99228791774,7.5637156662879,2.23809523809524,0.805625163986636,0,,43.7,,1136.62,1,1460.95115681234,7.28684297985191,1,70.8,0,11946,0,3,2,11946,0,,,1,4358,5671,11946,13797,13797,1851,7775,1,1,-4171,7775,,0,0,4,0,11946,C10AX09,10 MG,C10,C10A,C10AA,C10AA01,325 MG,1,,,1,1,1,,,,,,C10AA01,"",,,,,,1,1,,,,,1,0,0,1,1,1,1,0,0,0,0,,0.24,135.3,2,021309CJB,299.454,1.11,39,170.2,39,161.325,8,12905,12905,43.7,1,1,1,325,0,8,0,0,0,0,0,0,0,0,0,0,0,203,71,0,0,0,0,0,0,1,,,,,6,2,,0,1,1,0,0,0,0,,1,1,0,2,0,2275,2,0,0,59,28.3129389904882,0,0,1,1,1,,0,0,0,0,1,7775,0,,1,6,1,0,0,,,0,78.2,0,38.560411311054,3.6522261364659,2,0,0,1,90,1,1,,16689,7768,30,4743,21.4110254213082,0,Q4,high,high,Q1-Q3,Q4,IC,12.9856262833676,1,1,1,0
1,2810740060,2017-12-02,3051.2,2,1,136,37,139,110,1.28,241.5,202.2,5.7,11874,1509.00098911968,7.31920311424788,0.624647224835372,-0.470568228865514,1,,44.86,,2005.85,1,992.012858555885,6.89973606945478,1,62.29,1,11874,0,3,,11874,0,,,1,4283,5655,11874,,,,11874,1,1,-2587,9287,,0,0,4,0,11874,M01AX05,1500/1200 MG,M01,M01A,M01AX,M01AX25,81 MG,1,1,,1,,1,1,1,,,,M01AX25,"",,1,,,,,,1,,,,1,1,0,1,0,1,1,1,0,0,0,,1.69,119,2,020409CJB,385.49,6.22,26,186.7,26,133.831,8,13030,13030,44.86,1,1,1,81,0,8,0,0,0,0,0,0,0,1,0,0,0,222,69,1,1,0,0,0,0,1,,,,,7,6,,0,1,1,0,0,1,0,,1,1,0,2,0,567,1,0,1,79,32.783884093288,0,0,1,1,1,,0,0,0,0,0,,0,,1,3,1,1,0,,,0,71.2,1,1194.36201780415,7.08536744548839,3,0,0,1,53,0,1,16343,,16343,28,4469,28.4717167758431,0,Q3,high,high,Q4,Q1-Q3,Death,12.2354551676934,1,1,1,0
1,2810740104,2018-12-17,1368.5,2,1,159,29,65,104,1.28,94.1,106,6.1,11615,1291.03773584906,7.16320162035676,2.94439380127621,1.07990295594147,0,,68.96,,1325.01,1,1250.00943396226,7.13090637743768,1,70.99,0,11615,0,3,41,11615,1,74,11689,1,4368,5631,11615,,,,14420,1,0,1974,13589,,0,1,4,1,11615,C10AX09,20 MG,C10,C10A,C10AA,C10AA01,81 MG,1,,,1,1,1,,1,,,,C10AA01,"",,,,,,1,1,,,,,1,0,0,1,1,1,1,1,0,0,0,,7.23,22.77,2,020509CJB,377.452,5.15,28,155.2,28,141.004,8,12742,12742,68.96,1,1,1,81,0,8,0,0,0,0,0,0,0,0,0,0,1,172,66.5,0,0,0,0,0,0,1,,,,,1,6,,0,0,1,0,0,0,1,,1,1,0,,0,567,1,1,0,81,27.3458085499471,0,0,1,1,1,143,1,0,0,0,0,,0,,1,1,0,0,1,,,0,117,1,887.735849056604,6.7886742314614,3,0,0,1,52,0,1,14421,15260,11689,41,3645,24.827648766328,0,Q3,low,high,Q4,Q1-Q3,CHF,9.97946611909651,1,0,0,0
1,2810742251,2017-12-14,2549.5,2,0,156,39,101,245,0.84,35.8,120.9,12,11872,2108.76757650951,7.65385896886256,1.99029126213592,0.688280990908772,0,,38.2,,1232.1,1,1019.10669975186,6.92668173799797,1,70.12,0,11872,0,3,,11872,0,,,1,4215,5662,11872,,,,,0,0,,,,0,0,4,0,11872,B01AC06,81 MG,B01,B01A,B01AC,B01AC06,81 MG,1,,,,,,,,,,,"","",,,,,,,,,,,,1,0,0,0,0,0,0,0,0,0,0,,26,92.66,2,020309bCJ,407.42,10.4,24,191.5,24,157.419,8,13054,13054,38.2,2,1,1,81,2,8,0,0,0,0,0,0,0,0,0,0,0,196,66.75,0,0,0,0,0,0,1,,,,,3,2,,0,1,1,1,0,0,0,,1,1,0,2,0,567,1,0,0,59,30.9285203850044,0,0,0,0,1,,0,0,0,0,0,,0,,,,0,0,0,,,0,96.8,1,296.112489660877,5.69073941476805,2,1,0,0,96,1,1,14671,,14671,27,2799,21.9663289219741,0,Q4,high,high,Q1-Q3,Q4,,7.66324435318275,1,0,0,0
1,2810742446,2017-12-16,579.3,2,1,140,26,279,243,1.95,841.4,68.1,9.7,12449,850.660792951542,6.7460134509352,2.22244897959184,0.798609731828288,0,,45.68,,791.06,1,1161.61527165932,7.05756679107375,1,62.13,0,12449,0,3,,12449,0,,,2,4565,5774,12449,,,,,0,0,,,,0,0,4,0,12449,C10AX09,10 MG,C10,C10A,C10AX,C10AX09,3250MG,1,,,1,1,1,1,1,1,,,"","",,,,,,,,,,,,1,0,0,1,1,1,1,1,1,0,0,,2.25,353.8,2,020509CJB,506.674,5.46,28,208,28,107.451,8,13581,13581,45.68,1,1,1,325,1,2,0,0,0,0,0,0,0,0,0,0,0,178,60,0,0,0,0,0,0,1,,,,,3,6,,0,1,1,1,0,0,0,1,1,1,0,2,0,2275,2,0,0,66,34.7634695269391,0,1,1,1,1,,0,0,0,0,0,,0,,,,0,0,0,,,0,58.2,1,12355.3597650514,9.42184523698309,3,1,0,1,26,0,0,14147,,14147,28,1698,32.7177228058285,0,Q1,low,high,Q4,Q1-Q3,Death,4.64887063655031,1,0,0,0
7,2810744138,2017-08-16,1489.9,2,1,158,43,118,184,0.87,6.1,194.5,6.7,3851,766.015424164525,6.64120230552288,0.95017793594306,-0.0511060109334963,1,6.2,51.44,56.18,859.49,2,441.897172236504,6.09107721301349,1,78.68,0,3851,0,3,,3851,0,,,1,3851,5312,,,5312,1461,,0,0,,,,0,0,4,0,3851,C09AA03,5 MG,C09,C09A,C09AA,C09AA03,81 MG,1,,,1,1,,,,,,,"","",,,,,,,,,,,,1,0,0,1,1,0,0,0,0,0,0,,0.93,75.03,2,010509CJB,406.04,1.32,4,180.9,4,133.535,3,,,51.44,1,1,1,81,1,,0,0,0,0,0,0,,,,,0,174,65.75,0,0,0,0,0,0,,,,,,7,1,,1,0,1,1,,,0,,,,0,1,0,567,1,0,0,58,28.2984954930282,0,0,1,0,1,,0,0,0,0,0,,0,,,,0,0,0,,,0,91.4,1,31.3624678663239,3.4456118871029,2,1,0,0,95,0,0,,8363,,,,8.06332025436342,1,Q1,low,low,Q1-Q3,Q1-Q3,,,,,,
1,2810744168,2017-10-22,904.9,2,1,197,55,88,106,0.74,3,66.6,5.7,11568,1358.70870870871,7.21429004879884,2.20314960629921,0.78988797577279,0,,28.84,,1670.65,1,2508.48348348348,7.82743365968237,1,79.98,0,11568,0,3,,11568,0,,,2,4496,5659,11568,14031,14031,2463,,0,0,,,,0,0,4,0,11568,C10AA02,20 MG,C10,C10A,C10AA,C10AA02,81 MG,1,,,,,1,1,1,,,,"","",,,,,,,,,,,,1,0,0,0,0,1,1,1,0,0,0,,9.04,41.05,2,012109CJB,353.96,1.17,11,164.8,11,137.032,8,12955,12955,28.84,2,1,2,81,2,2,0,0,0,0,0,0,0,0,0,0,0,144,62.75,0,0,0,0,0,0,1,,,,,3,6,,0,1,1,1,0,0,0,1,1,1,0,2,0,81,1,0,0,71,25.712283293902,0,0,1,1,1,,0,0,0,0,0,,0,,,,0,0,0,,,0,124.4,0,45.0450450450451,3.8076629901039,2,0,0,1,82,0,1,,16142,,,,16.5696183988867,1,Q3,high,low,Q1-Q3,Q1-Q3,,,,,,
1,2810744980,2018-12-17,347.4,2,1,118,31,125,102,1.02,21.7,37.1,6.5,11609,936.388140161725,6.84203007018171,1.73246753246753,0.54954671162784,0,,52.2,,248.82,1,670.673854447439,6.50828295986105,1,53.96,2,11609,1,2,1,11609,1,-1222,10387,1,,5655,11609,13631,13631,2022,10678,1,1,-1140,10469,,1,0,1,1,11609,C10AA05,40 MG,C10,C10A,C10AA,C10AA05,325 MG,1,,,,1,1,1,,,,,"","",,,,,,,,,,,,1,0,0,0,1,1,1,0,0,0,0,,0.72,62.5,2,020509CJB,325.236,4.78,28,156.4,28,115.196,8,12734,12734,52.2,1,1,1,325,0,8,,,,,0,0,1,,1,1,0,198,67.25,0,0,1,1,0,0,1,,,,,3,6,,0,1,1,0,1,,0,,1,1,,2,0,2275,2,1,1,74,30.7812481132625,,0,1,1,1,141,1,1,1,1,1,10387,0,,1,6,1,0,0,,,0,62,1,584.905660377359,6.37145056991516,3,0,0,1,72,0,0,14335,,9730,30,,13.0053908355795,1,Q2,low,low,Q1-Q3,Q1-Q3,IC,,,,,
7,2810745676,2017-08-10,703.2,2,1,181,58,96,100,0.7,3,93.9,6.3,4136,748.88178913738,6.61858114614484,3.51788491446345,1.25785993243845,0,0.7,28.66,28.94,812.83,2,865.633652822151,6.76346178536577,1,,0,4136,,,,4136,0,,,2,4136,5816,,,5816,1680,,0,0,,,,0,0,,0,4136,C10AX06,1200 MG,C10,C10A,C10AX,C10AX06,81 MG,1,,,,,1,1,,,,,"","",,,,,,,,,,,,1,0,0,0,0,1,1,0,0,0,0,,2.11,54.19,2,122208CJB,310.722,1.44,1,188.6,1,102.174,3,,,28.66,0,1,1,81,0,,0,0,0,0,0,0,,,,,0,152,63.5,0,0,0,0,0,0,,,1,,,8,2,,0,1,0,0,,,0,,2,3,0,2,0,567,1,0,0,71,26.5034096935328,0,0,0,1,0,140,0,1,1,0,0,,0,,,,0,0,0,,,0,103.8,0,31.9488817891374,3.46413718143603,2,0,0,1,87,0,0,,8797,4442,6,4661,8.6078366567515,0,Q1,low,low,Q1-Q3,Q1-Q3,Angina,12.7611225188227,1,1,1,0
1,2810745742,2018-01-14,473.2,2,1,166,48,160,101,0.8,4.3,76,6.1,12438,622.631578947368,6.43395497780599,3.41523525018671,1.22824637796688,0,,37.54,,1078.93,1,1419.64473684211,7.25816193397128,1,62.65,0,12438,0,3,,12438,0,,,2,4635,5734,12438,,,,,0,0,,,,0,0,4,0,12438,C10AA05,80 MG,C10,C10A,C10AA,C10AA05,325 MG,1,,,,1,1,1,,,,,"","",,,,,,,,,,,,1,0,0,0,1,1,1,0,0,0,0,,0.85,111.4,2,021409CJB,345.448,1.55,41,152.5,41,121.832,8,13373,13373,37.54,1,1,1,325,0,2,0,0,0,0,0,0,0,0,0,1,0,148,60.5,0,0,0,0,0,0,1,,,,,4,1,,0,0,1,0,1,0,0,1,1,1,0,,0,2275,2,0,0,77,28.4286723890708,0,0,1,1,1,140,0,1,1,0,0,,0,,,,0,0,0,3,13306,0,86,1,56.5789473684211,4.03563696139532,2,0,0,1,71,0,0,14706,,14706,28,2268,8.76945885841364,0,Q1,low,low,Q1-Q3,Q1-Q3,Death,6.20944558521561,1,0,0,0
1,2810746718,2018-02-17,601.8,2,1,136,57,74,130,1.58,150.5,134.4,6.3,12728,447.767857142857,6.10427492209499,1.21821460775473,0.197386350609832,1,,27.72,,908.77,1,676.168154761905,6.51644179475769,1,74.89,0,12728,0,3,13,12728,0,,,1,4496,5775,12728,,,,11913,1,1,-818,11910,,0,0,4,0,12728,C10AX09,40 MG,C10,C10A,C10AA,C10AA01,325 MG,1,,,,1,1,,,,1,,C10AA01,"",,,,,,1,1,,,,,1,0,0,0,1,1,1,0,0,1,0,,2.42,62.72,2,022009CJB,250.132,2.5,49,176.4,49,113.348,8,13405,13405,27.72,1,1,1,325,1,8,0,0,0,0,0,0,0,0,0,0,0,154,64.5,0,0,0,0,0,0,1,,,,,8,6,,0,1,1,1,0,0,0,,1,1,0,2,0,2275,2,0,0,75,26.0259687636736,0,1,1,1,1,141,0,1,1,1,0,,1,14286,2,4,1,0,0,,,0,64.2,1,1119.79166666667,7.02089793508202,3,1,0,1,42,0,0,14288,16093,8760,6,3365,10.6611394557823,0,Q1,low,low,Q1-Q3,Q1-Q3,Angina,9.21286789869952,1,0,0,0
1,2810746955,2017-10-28,1065.8,2,1,198,81,77,98,0.94,3.8,100.7,5.6,12006,1058.3912611718,6.96450535612626,1.45387755102041,0.374234160310834,1,,30.6,,1479.38,1,1469.09632571996,7.29240274633177,1,56.24,0,12006,0,3,40,12006,1,2907,14913,1,4641,5721,12006,14074,14074,2068,15361,1,0,2119,14125,,0,1,4,1,12006,C10AA01,10 MG,C10,C10A,C10AA,C10AA01,81 MG,1,,,1,,1,1,,,,,"","",,,,,,,,,,,,1,0,0,1,0,1,1,0,0,0,0,,0.32,29.08,2,012209CJB,342.27,0.79,13,186.4,13,121.798,8,13366,13366,30.6,1,1,1,81,0,8,0,0,0,0,0,0,0,0,0,0,0,197,75,0,0,0,0,0,0,1,,,,,7,6,,0,1,1,0,0,0,0,,1,1,0,2,0,567,1,0,0,72,24.6234732469465,0,0,1,1,1,,0,0,0,0,0,,0,,1,1,0,0,0,,,0,101.6,0,37.7358490566038,3.63061054598996,2,0,0,1,81,0,0,,17158,14913,40,5152,13.0665587798987,1,Q2,low,low,Q1-Q3,Q1-Q3,CHF,14.1054072553046,1,1,1,0
1,2810747059,2017-12-31,1315.6,2,1,169,67,111,95,0.65,3,137.1,5.7,12673,959.591539022611,6.86650771373473,1.64090909090909,0.495250411980519,1,,39.78,,1221.21,1,890.74398249453,6.7920570489139,1,81.76,0,12673,0,3,,12673,0,,,2,4606,5965,12673,,,,,0,0,,,,0,0,4,0,12673,C10AA01,10/10,C10,C10A,C10AA,C10AA01,81 MG,1,,,,,1,1,,,,,"","",,,,,,,,,,,,1,0,0,0,0,1,1,0,0,0,0,,4.36,38.83,2,020909CJB,231.226,1.82,33,195.2,33,104.241,8,13737,13737,39.78,0,1,1,81,0,2,0,0,0,0,0,0,0,0,0,0,0,153,60.5,0,0,0,0,0,0,1,,,,,4,7,,0,1,0,0,0,0,0,1,1,1,0,2,0,567,1,0,0,59,29.3891005103231,0,0,0,1,0,,0,0,0,0,0,,0,,,,0,0,0,,,0,79.8,0,21.8818380743983,3.08565698108198,1,0,0,1,97,0,0,,17522,,,,9.89269627858362,1,Q2,low,low,Q1-Q3,Q1-Q3,,,,,,
1,2810747066,2017-08-23,732.2,2,1,196,79,69,86,0.78,3,41,5.2,11959,1785.85365853659,7.48765181996992,1.80266666666667,0.589267050072553,0,,18.96,,586.03,1,1429.34146341463,7.26496910208965,1,61.73,0,11959,0,3,,11959,0,,,2,5099,6316,11959,14247,14247,2288,,0,0,,,,0,0,4,0,11959,B01AC06,81 MG,B01,B01A,B01AC,B01AC06,81 MG,1,,,,,,,,,,,"","",,,,,,,,,,,,1,0,0,0,0,0,0,0,0,0,0,,30.29,48.93,2,010909CJB,438.574,5.16,1,134.5,1,92.456,8,13566,13566,18.96,0,1,1,81,0,2,0,0,0,0,0,0,0,0,0,0,0,151,64.5,0,0,0,0,0,0,1,,,,,4,8,,0,1,0,0,0,0,0,1,1,1,0,2,0,567,1,0,0,63,25.5189693721735,0,0,0,0,0,,0,0,0,0,0,,0,,,,0,0,1,,,0,103.2,0,73.1707317073171,4.29279550094594,2,0,0,0,81,1,1,,17360,,,,22.0475760313159,1,Q4,high,high,Q1-Q3,Q4,,,,,,
1,2810747150,2017-11-13,855.4,2,1,143,38,79,110,0.97,96.7,133.4,5.9,11396,641.229385307346,6.46338724829938,1.82966226138032,0.604131393197886,0,,43.98,,768.66,1,576.206896551724,6.35646679160297,1,73.98,0,11396,0,3,40,11396,1,2619,14015,1,4432,5643,11396,13416,13416,2020,14457,1,0,2012,13408,,0,1,4,1,11396,C10AA01,10 MG,C10,C10A,C10AA,C10AA01,81 MG,1,,,,,1,1,1,,,,"","",,,,,,,,,,,,1,0,0,0,0,1,1,1,0,0,0,,4.49,72.24,2,012709CJB,419.668,1.23,16,164.7,16,164.964,8,12688,12688,43.98,1,1,1,325,0,8,0,0,0,0,0,0,0,0,0,0,0,190,71.25,0,0,0,0,0,0,1,,,,,7,8,,0,1,1,0,0,0,0,,1,1,0,2,0,2275,2,0,0,77,26.3141578914737,0,0,1,1,1,,0,0,0,0,0,,0,,1,1,0,0,0,,,0,89.2,1,724.887556221889,6.58601654795986,3,0,0,1,75,0,0,14696,,14015,40,,8.54972513743128,1,Q1,low,low,Q1-Q3,Q1-Q3,CHF,,,,,
1,2810747510,2018-01-01,210.8,2,1,210,52,103,110,0.94,3,26.5,5.3,12757,795.471698113208,6.67893526966312,2.27227722772277,0.820782512659341,0,,39.62,,96.06,1,362.490566037736,5.89299844923259,1,66.9,0,12757,0,3,,12757,0,,,1,4508,5789,12757,14962,14962,2205,,0,0,,,,0,0,4,0,12757,M01AE01,200 MG,M01,M01A,M01AE,M01AE01,81 MG,1,1,,1,,,,,,,,"","",,,,,,,,,,,,1,1,0,1,0,0,0,0,0,0,0,,1.43,75.15,2,021009CJB,476.836,1.24,34,234.6,34,177.653,8,13800,13800,39.62,1,1,1,81,0,8,0,0,0,0,0,0,0,0,0,0,0,183,68.5,0,0,0,0,0,0,1,,,,,6,1,,0,0,1,0,0,0,0,,1,1,0,,0,567,1,0,0,63,27.420511977792,0,0,1,0,1,,0,0,0,0,0,,0,,,,0,0,0,,,0,137.4,0,113.207547169811,4.72922283465807,2,0,0,0,86,0,0,,17585,,,,9.24967090829311,1,Q1,low,low,Q1-Q3,Q1-Q3,,,,,,
7,2810747953,2017-08-12,1086.5,2,1,117,37,135,101,0.94,3,28.6,6,3283,3798.95104895105,8.24248026785877,2.03710751665081,0.711530917712732,0,4.2,62.08,58.46,326.03,2,1139.96503496504,7.03875286983487,1,67.41,0,3283,0,3,,3283,0,,,1,3283,5105,,,5105,1822,,0,0,,,,0,0,4,0,3283,C10AA05,10 MG,C10,C10A,C10AA,C10AA05,81 MG,1,,,,,1,1,,,,,"","",,,,,,,,,,,,1,0,0,0,0,1,1,0,0,0,0,,0.14,50.56,2,122908CJB,357.594,1.29,2,117.8,2,101.526,3,,,62.08,0,1,1,81,0,,0,0,0,0,0,0,,,,,0,140,62.5,0,0,0,0,0,0,,,1,,,7,6,,0,1,0,0,,,0,,2,3,0,2,0,567,1,0,0,78,25.1984375968752,0,0,0,1,0,,0,0,0,0,0,,0,,,,0,0,0,,,0,53,0,104.895104895105,4.65296084982444,2,0,0,1,77,1,1,,7882,,,,49.3370266097539,1,Q4,high,high,Q4,Q4,,,,,,
1,2810748448,2017-09-15,1019.4,2,1,181,28,262,111,1.04,17.4,117.1,5.4,12386,870.538001707942,6.76911141329036,1.12965425531915,0.121911617162147,1,,54.62,,2139.22,1,1826.8317677199,7.51033847097785,1,57.7,0,12386,0,3,,12386,0,,,1,4517,5813,12386,14479,14479,2093,,0,0,,,,0,0,4,0,12386,C10AX09,10 MG,C10,C10A,C10AX,C10AX09,81 MG,1,,,,,1,1,,,,,"","",,,,,,,,,,,,1,0,0,0,0,1,1,0,0,0,0,,3.03,322.1,2,011509CJB,325.098,1.88,6,189.7,6,179.978,8,13847,13847,54.62,0,1,1,81,0,8,0,0,0,0,0,0,0,0,0,0,0,200,63.75,0,0,0,0,0,0,1,,,,,7,1,,0,1,0,0,0,0,0,,1,1,0,2,0,567,1,0,0,54,34.5999307915571,0,0,0,1,0,,0,0,0,0,0,,0,,,,0,0,0,,,0,100.6,1,148.590947907771,5.00119721459895,2,0,0,1,81,0,0,,17640,,,,10.7473827371351,1,Q2,low,low,Q1-Q3,Q1-Q3,,,,,,
1,2810748547,2018-02-03,1163.3,2,1,191,42,80,115,0.9,18.2,133.8,6.1,11652,869.431988041854,6.76784011111668,1.45805739514349,0.377104998479346,1,,47.5,,1021.62,1,763.542600896861,6.63796891995457,1,47.4,2,11652,1,2,,11652,0,,,1,4260,5316,11652,,,,11652,1,1,-4747,6905,,0,0,3,0,11652,B01AC06,81 MG,B01,B01A,B01AC,B01AC06,81 MG,1,,,,,,,,,,,"","",,,,,,,,,,,,1,0,0,0,0,0,0,0,0,0,0,,11.16,209.3,2,021809bCJ,238.568,3.37,45,254.6,45,207.472,8,12504,12504,47.5,0,1,2,81,0,8,0,0,0,0,0,0,0,1,0,0,0,287,71,0,0,0,0,0,0,1,,,,,7,6,,0,1,0,0,0,1,0,,1,1,0,2,0,81,1,0,0,66,40.028637883104,0,0,0,0,0,,0,0,0,0,0,,0,,1,3,1,1,0,,,0,133,1,136.023916292975,4.91283072537076,2,0,0,0,89,0,0,14146,,14146,26,2494,9.7688987420433,0,Q2,low,low,Q1-Q3,Q1-Q3,,6.82819986310746,1,0,0,0
1,2810748712,2018-01-10,1186.8,2,1,188,78,65,105,1.1,4.4,126.3,5.9,12104,939.667458432304,6.84552604504831,3.57712765957447,1.27456014864605,0,,32.74,,1102.99,1,873.309580364212,6.77229010966091,1,66.67,0,12104,0,3,,12104,0,,,1,4256,5630,12104,14610,14610,2506,,0,0,,,,0,0,4,0,12104,C10AA02,40 MG,C10,C10A,C10AA,C10AA02,"",,,,1,1,1,1,,,,,"","",,,,,,,,,,,,0,0,0,1,1,1,1,0,0,0,0,,0.55,102.9,2,021209CJB,315.01,3.66,38,189.9,38,114.32,8,13093,13093,32.74,1,1,1,81,0,8,0,0,0,0,0,0,0,0,0,0,0,152,,0,0,0,0,0,0,1,,,,,7,6,,0,1,1,0,0,0,0,,1,1,0,2,0,567,1,0,0,79,,0,0,1,1,1,140,0,1,1,0,0,,0,,,,0,0,1,,,0,97,1,34.8376880443389,3.55069979054991,2,0,0,1,64,0,0,,16601,13134,6,4497,14.6823040380048,0,Q2,low,low,Q1-Q3,Q1-Q3,Angina,12.3121149897331,1,1,1,0
1,2810749057,2018-01-14,156.3,1,1,170,63,192,99,0.88,3.7,26.2,5.7,12301,596.564885496183,6.39118801264847,1.38166144200627,0.323286718493135,1,,46.02,,410.47,1,1566.67938931298,7.35671361983514,1,78.22,0,12301,0,3,13,12301,0,,,2,4543,5727,12301,,,,15435,1,0,1538,13839,,0,0,4,0,12301,C10AA05,10 MG,C10,C10A,C10AA,C10AA05,81 MG,1,,,,1,1,1,1,,,,"","",,,,,,,,,,,,1,0,0,0,1,1,1,1,0,0,0,,0.43,93.44,2,021409CJB,505.51,2.64,40,153,40,91.056,8,13248,13248,46.02,1,1,1,81,0,2,0,0,0,0,0,0,0,0,0,0,0,91,59,0,0,0,0,0,0,1,,,,,3,0,,0,1,1,0,0,0,0,1,1,1,0,2,0,567,1,0,0,86,18.3798931229003,0,0,1,1,1,,0,0,0,0,0,,1,15428,1,1,0,0,0,,,0,68.6,0,141.221374045802,4.95032868786527,2,0,0,1,59,0,0,16331,,2336,6,,10.111269245698,1,Q1,low,low,Q1-Q3,Q1-Q3,Angina,,,,,
1,2810749677,2017-08-30,920.1,2,1,186,47,104,92,0.91,3,204.1,5.6,11927,450.808427241548,6.11104247596061,2.0042328042328,0.695261346252281,0,,50.98,,1289.16,1,631.631553160216,6.44830623863874,1,65.06,0,11927,0,3,,11927,0,,,1,4490,5715,11927,14138,14138,2211,,0,0,,,,0,0,4,0,11927,C10AA05,10 MG,C10,C10A,C10AA,C10AA05,81 MG,1,,,,,1,1,,,,,"","",,,,,,,,,,,,1,0,0,0,0,1,1,0,0,0,0,,6.63,71.59,2,011209CJB,259.318,1.06,3,231.3,3,125.114,8,13465,13465,50.98,0,1,1,81,0,8,0,0,0,0,0,0,0,0,0,0,0,243,74,0,0,0,0,0,0,1,,,,,8,1,,0,1,0,0,0,0,0,,1,1,0,2,0,567,1,0,0,49,31.1995583815857,0,0,0,1,0,,0,0,0,0,0,,0,,,,0,0,0,,,0,118.2,0,14.6986771190593,2.68775749783445,1,0,0,1,99,0,0,,17258,,,,4.55362047718736,1,Q1,low,low,Q1-Q3,Q1-Q3,,,,,,
1,2810749809,2017-12-14,467,2,1,172,51,76,115,0.62,6.8,50,5.7,12418,934,6.83947643822884,1.35635593220339,0.304801641950207,1,,48.68,,870.04,1,1740.08,7.46168636816316,1,,0,12418,,,,12418,0,,,2,,5524,12418,14646,14646,2228,,0,0,,,,0,0,,0,12418,M01AX05,1500 MG,M01,M01A,M01AX,M01AX05,81 MG,1,1,,,,1,,,,,,"","",,,,,,,,,,,,1,1,0,0,0,1,0,0,0,0,0,,1.95,152.9,2,020409bCJ,537.276,2.51,27,242,27,154.218,8,13567,13567,48.68,1,1,1,81,0,2,0,0,0,0,0,0,0,0,0,0,0,198,66.75,0,0,0,0,0,0,1,,,,,6,0,,0,1,1,0,0,0,0,1,1,1,0,2,0,567,1,0,0,67,31.2441175317902,0,0,1,1,1,,0,0,0,0,0,,0,,,,0,0,0,,,0,105.8,1,136,4.91265488573605,2,0,1,0,93,0,0,,17354,,,,10.0430107526882,1,Q2,low,low,Q1-Q3,Q1-Q3,,,,,,
1,2810751083,2018-12-17,3385.2,2,1,144,40,129,102,0.9,18.7,174.4,5.6,11726,1941.05504587156,7.57098694230916,1.57251082251082,0.452673591928599,1,,39.24,,2052.4,1,1176.83486238532,7.07058379358102,1,64.75,0,11726,0,3,1,11726,1,4038,15764,1,4026,5160,11726,14239,14239,2513,,0,0,,,,0,1,4,1,11726,C10AD02,500 MG,C10,C10A,C10AD,C10AD02,81 MG,1,,,1,,1,1,,,,,"","",,,,,,,,,,,,1,0,0,1,0,1,1,0,0,0,0,,3.01,134.9,2,020509CJB,422.442,7.53,29,208.2,29,161.515,8,12846,12846,39.24,0,2,1,81,0,8,0,0,0,0,0,0,0,0,,0,0,194,64.75,0,0,0,0,0,0,1,,,,,2,7,,0,1,0,0,0,0,0,,1,1,0,2,0,1134,2,0,0,77,32.5332759608439,0,0,0,1,0,141,0,1,0,1,1,3353,0,,,,0,0,0,,,0,78.2,1,107.224770642202,4.6749272913678,2,0,0,1,82,1,1,15884,,3353,1,,23.6714029984337,1,Q4,high,high,Q4,Q4,MI,,,,,
7,2810751408,2017-08-13,299.5,2,1,267,56,161,99,0.81,3,18.8,5.1,3828,1593.08510638298,7.37342773370769,3.16930488644184,1.15351228511912,0,4.4,30.3,32.24,274.47,2,1459.94680851064,7.28615528151174,1,71.76,0,3828,0,3,,3828,0,,,2,3828,5566,,,5566,1738,,0,0,,,,0,0,4,0,3828,C10AX06,1200 MG,C10,C10A,C10AX,C10AX06,81 MG,1,,,,,1,,,,,,"","",,,,,,,,,,,,1,0,0,0,0,1,0,0,0,0,0,,2.82,52.99,2,010509CJB,378.274,1.03,3,240.1,3,138.727,3,,,30.3,0,1,1,81,0,,0,0,0,0,0,0,,,,,0,155,63.5,0,0,0,0,0,0,1,,,,,3,1,,1,0,0,0,,,0,,1,1,0,1,0,567,1,0,0,56,27.0265033059051,0,0,0,0,0,,0,0,0,0,0,,0,,,,0,0,0,,,0,178.8,0,159.574468085106,5.07251069781434,2,0,1,0,81,0,1,,8377,,,,19.6677173627528,1,Q3,high,high,Q1-Q3,Q1-Q3,,,,,,
1,2810752072,2018-01-28,1635.3,2,1,156,59,95,122,0.73,3.3,155.2,6.5,11685,1053.67268041237,6.96003713097732,1.51854545454545,0.417752938901858,1,,31.98,,2133.93,1,1374.95489690722,7.22617620731337,1,72.2,0,11685,0,3,,11685,0,,,2,4319,5686,11685,13807,13807,2122,,0,0,,,,0,0,4,0,11685,C10AX09,10 MG,C10,C10A,C10AX,C10AX09,81 MG,1,,,1,1,1,1,,,1,,"","",,,,,,,,,,,,1,0,0,1,1,1,1,0,0,1,0,,1.09,80.45,2,021809CJB,250.722,1.17,43,171.1,43,106.946,8,12578,12578,31.98,1,1,1,81,1,2,0,0,0,0,0,0,0,0,0,0,0,184,64.5,0,0,0,0,0,0,1,,,,,4,2,,0,0,1,1,0,0,0,1,1,1,0,,0,567,1,0,0,57,31.095962678675,0,1,1,1,1,,0,0,0,0,0,,0,,,,0,0,0,,,0,78,0,21.2628865979381,3.05696313970545,1,1,0,1,91,0,0,,16359,,,,11.5788206638722,1,Q2,low,low,Q1-Q3,Q1-Q3,,,,,,
1,2810752088,2017-10-22,680.7,2,1,189,55,93,127,0.95,3,62.3,5.8,12453,1092.61637239165,6.99633044064859,3.37230769230769,1.21559728517822,0,,31.96,,673.8,1,1081.54093097913,6.98614209116714,1,66.66,0,12453,0,3,,12453,0,,,1,4532,5805,12453,,,,,0,0,,,,0,0,4,0,12453,C03AA03,50 MG,C03,C03A,C03AA,C03AA03,325 MG,1,,,,,,,1,,,,"","",,,,,,,,,,,,1,0,0,0,0,0,0,1,0,0,0,,1.31,56.24,2,012109CJB,137.118,0.83,11,153.5,11,103.774,8,13842,13842,31.96,1,5,2,325,0,8,0,0,0,0,0,0,0,0,0,0,0,204,69.25,0,0,0,0,0,0,1,,,,,6,6,,0,1,1,0,0,0,0,,1,1,0,2,0,1625,2,0,0,66,29.9086096484435,0,0,1,0,1,,0,0,0,0,0,,0,,,,0,0,0,,,0,115.4,0,48.1540930979133,3.87440614185684,2,1,0,0,83,0,0,13544,,13544,27,1091,13.1640526794175,0,Q2,low,low,Q1-Q3,Q1-Q3,,2.98699520876112,0,0,0,0
1,2810752248,2018-02-10,1063.1,2,1,161,63,88,120,1.2,4.5,102.2,5.3,11794,1040.21526418787,6.94718295551305,1.10146173688736,0.0966381493780698,1,,28.12,,958.53,1,937.896281800391,6.84363936911892,1,62.89,0,11794,0,3,,11794,0,,,1,4558,5483,11794,,,,,0,0,,,,0,0,4,0,11794,M01AB01,25 MG,M01,M01A,M01AB,M01AB01,81 MG,1,1,,,,1,1,,,,,"","",,,,,,,,,,,,1,1,0,0,0,1,1,0,0,0,0,,0.34,91.72,2,021909bCJ,514.78,1.24,47,214.7,47,161.382,8,12557,12557,28.12,0,3,2,81,0,8,0,0,0,0,0,0,0,0,0,0,0,173,64.75,0,0,0,0,0,0,1,,,,,8,8,,0,1,0,0,0,0,0,,1,1,0,2,0,243,1,0,0,81,29.0116326867319,0,0,0,1,0,,0,0,0,0,0,,0,,,,0,0,0,,,0,80.4,1,44.0313111545988,3.78490099798881,2,0,0,1,56,0,0,,16338,14952,11,4544,18.5752725747833,0,Q2,low,high,Q1-Q3,Q1-Q3,Atherothrombotic Infarction of Brain,12.4407939767283,1,1,1,0
7,2810752671,2017-08-10,1135.2,2,1,149,57,66,94,0.99,3.9,95,6,3697,1194.94736842105,7.08585742023338,2.68683957732949,0.988365624586991,0,3.8,37.7,35.74,641.87,2,675.652631578948,6.51567908536136,1,62.1,0,3697,0,3,,3697,0,,,1,3697,5377,,,5377,1680,,0,0,,,,0,0,4,0,3697,C10AX09,40 MG,C10,C10A,C10AA,C10AA01,"",,,,1,1,1,,1,,,,C10AA01,"",,,,,,1,1,,,,,0,0,0,1,1,1,1,1,0,0,0,,0.43,25.12,2,122308CJB,260.752,1.34,1,97.5,1,89.989,3,,,37.7,1,1,1,81,0,,0,0,0,0,0,0,,,,,0,157,68.25,0,0,0,0,0,0,,1,,,,7,8,,0,1,1,0,,,0,,2,2,0,2,0,567,1,0,0,67,23.697359313569,0,0,1,1,1,,0,0,0,0,0,,0,,,,0,0,0,,,0,78.8,1,41.0526315789474,3.7148549405172,2,0,0,1,91,0,1,,8358,,,,13.1312897628687,1,Q3,low,low,Q1-Q3,Q1-Q3,,,,,,
1,2810755972,2018-06-28,20000,3,1,177,26,247,247,1.11,84.7,149.4,6.8,11580,13386.8808567604,9.5020304658255,1.56181818181818,0.445850643757739,1,,38.6,,944.35,1,632.095046854083,6.44903977343123,1,65.93,0,11580,0,3,,11580,0,,,1,4267,5624,11580,14462,14462,2882,,0,0,,,,0,0,4,0,11580,C09AA13,15 MG,C09,C09A,C09AA,C09AA13,"",,,,,1,,,,,1,,"","",,,,,,,,,,,,0,0,0,0,1,0,0,0,0,1,0,,0.7,99.15,2,011509CJB,281.254,2.15,7,247.8,7,205.033,8,13029,13029,38.6,1,1,1,81,1,8,0,0,0,0,1,1,0,0,0,0,0,184,66.75,0,0,0,0,0,0,1,,,,,2,5,,0,0,1,1,0,0,0,,1,1,0,,2,567,1,0,0,58,29.0349375042899,0,1,1,0,1,,0,0,0,0,0,,0,,,,0,0,0,,,0,101.6,1,566.934404283802,6.34024360794143,3,1,0,0,73,1,1,,16822,,,,183.381929544663,1,Q4,high,high,Q4,Q4,,,,,,
1,2810756264,2017-11-18,944.1,2,1,133,47,77,147,0.65,5.2,91.4,7,11719,1032.93216630197,6.94015680026646,1.17226528854436,0.158938020953575,1,,20.24,,634.49,1,694.190371991247,6.54274623411694,1,68.23,0,11719,0,3,,11719,0,,,2,4384,5484,11719,13993,13993,2274,,0,0,,,,0,0,4,0,11719,C10AA05,40 MG,C10,C10A,C10AA,C10AA05,325 MG,1,,,,,1,1,,,1,,"","",,,,,,,,,,,,1,0,0,0,0,1,1,0,0,1,0,,0.74,26.4,2,012909CJB,429.21,0.97,19,184.9,19,119.483,8,12968,12968,20.24,0,1,1,325,1,2,0,0,0,0,0,0,0,0,0,0,0,185,65.75,0,0,0,0,0,0,1,,,,,3,0,,0,1,0,1,0,0,0,1,1,1,0,2,0,2275,2,0,0,68,30.0874808402886,0,1,0,1,0,,0,0,0,0,0,,0,,,,0,0,0,,,0,70.6,1,56.8927789934354,4.04116842610941,2,1,0,1,91,0,0,,16759,,,,11.3509029263953,1,Q2,low,low,Q1-Q3,Q1-Q3,,,,,,
1,2810756564,2017-10-30,472.8,2,1,151,48,117,178,0.94,40.1,35,7.5,11890,1350.85714285714,7.20849459059057,1.19147157190635,0.175189158192174,1,,44.84,,1060.67,1,3030.48571428571,8.01647818740092,1,66.23,0,11890,0,3,1,11890,0,,,1,4580,5718,11890,13906,13906,2016,,0,0,,,,0,0,4,0,11890,C10AX09,40 MG,C10,C10A,C10AA,C10AA01,325 MG,1,,,1,,1,,,,1,,C10AA01,"",,,,,,1,1,,,,,1,0,0,1,0,1,1,0,0,1,0,,0.93,153,2,012609CJB,316.042,2.78,15,187,15,117.249,8,13222,13222,44.84,0,1,1,325,1,8,0,0,0,0,0,0,0,0,0,1,0,224,67,0,0,0,0,0,0,1,,,,,1,6,,0,1,0,1,1,0,0,,1,1,0,2,0,2275,2,0,0,71,35.0835898820383,0,1,0,1,0,141,0,1,1,1,1,9355,0,,,,0,0,0,,,0,79.6,1,1145.71428571429,7.04378355180525,3,1,0,1,81,0,1,,17013,9355,1,5123,16.6772486772487,1,Q3,high,low,Q1-Q3,Q1-Q3,MI,14.0260095824778,1,1,1,0
1,2810756593,2018-02-01,2196.4,2,1,177,40,107,105,1.08,6.8,224.9,5.5,11676,976.611827478879,6.88408926242754,2.17118644067797,0.775273764996969,0,,30.42,,1544.2,1,686.616273899511,6.53177558289754,1,74.95,0,11676,0,3,,11676,0,,,1,,5904,11676,13691,13691,2015,,0,0,,,,0,0,4,0,11676,B01AC06,81 MG,B01,B01A,B01AC,B01AC06,81 MG,1,,,,,,,,,,,"","",,,,,,,,,,,,1,0,0,0,0,0,0,0,0,0,0,,0.68,55.45,2,021809bCJ,335.398,1.25,44,208.6,44,151.16,8,12543,12543,30.42,0,1,1,81,0,8,0,0,0,0,0,0,0,0,0,0,0,249,79.25,0,0,0,0,0,0,1,,,,,8,7,,0,1,0,0,0,0,0,,1,1,0,2,0,567,1,0,0,60,27.8744571261794,0,0,0,0,0,,0,0,0,0,0,,0,,,,0,0,0,,,0,115.6,1,30.2356602934638,3.40902203219893,2,0,0,0,74,0,0,,16324,,,,13.197457128093,1,Q2,low,low,Q1-Q3,Q1-Q3,,,,,,
1,2810757712,2017-11-21,1241.7,2,1,174,49,81,95,1.3,3.7,174,5.4,12014,713.620689655173,6.57035157419636,0.65969930326366,-0.415971148895055,1,,24.42,,849.98,1,488.494252873563,6.19132770656934,1,67.91,0,12014,0,3,,12014,0,,,1,4580,5714,12014,,,,,0,0,,,,0,0,4,0,12014,C10AX06,10 MG,C10,C10A,C10AX,C10AX06,81 MG,1,,,1,,1,1,,,,,"","",,,,,,,,,,,,1,0,0,1,0,1,1,0,0,0,0,,1.12,37.47,2,012709bCJ,590.832,2.16,18,119.6,18,126.695,8,13289,13289,24.42,1,3,2,81,0,8,0,0,0,0,0,0,0,0,0,0,0,151,63.75,0,0,0,0,0,0,1,,,,,2,6,,0,1,1,0,0,0,0,,1,1,0,2,0,243,1,0,0,75,26.1229477476256,0,0,1,1,1,,0,0,0,0,0,,0,,,,0,0,1,,,0,108.8,0,21.264367816092,3.05703279941779,1,0,0,1,53,0,0,,17073,,,,13.4645413142485,1,Q1,low,low,Q1-Q3,Q1-Q3,,,,,,
1,2810757879,2017-09-02,2237.5,2,1,121,45,86,106,0.95,4.3,176.6,6.3,11096,1266.98754246886,7.14439734796724,,,,,58.92,,2028.27,1,1148.5107587769,7.04622138976216,1,68.08,0,11096,0,3,,11096,0,,,1,4447,5718,11096,13231,13231,2135,,0,0,,,,0,0,4,0,11096,C10AA07,10 MG,C10,C10A,C10AA,C10AA07,325 MG,1,,,1,1,1,1,1,,,,"","",,,,,,,,,,,,1,0,0,1,1,1,1,1,0,0,0,,0.64,48.77,2,011309CJB,226.06,2.15,4,177.9,4,108.032,8,12608,12608,58.92,1,1,1,325,0,8,1,1,1,0,0,0,0,0,0,1,0,187,68.5,0,0,1,0,0,0,,,,,,6,1,,0,1,1,0,1,0,0,,1,1,2,2,0,2275,2,0,1,55,28.0198674308585,1,0,1,1,1,140,0,1,1,0,0,,0,,,,0,0,0,,,0,58.8,1,24.3488108720272,3.19248301351179,1,0,0,1,90,0,1,14630,,9873,6,,14.0776393607651,1,Q3,low,low,Q1-Q3,Q1-Q3,Angina,,,,,
1,2810758355,2018-02-10,2203,2,1,210,36,124,116,0.95,95.9,251.3,5.8,12996,876.641464385197,6.77609808824089,1.42944785276074,0.357288252758938,1,,30.76,,1022.98,1,407.075208913649,6.00899795685693,1,61.47,0,12996,0,3,1,12996,0,,,1,4599,5784,12996,14913,14913,1917,,0,0,,,,0,0,4,0,12996,C07AB03,25 MG,C07,C07A,C07AB,C07AB03,325 MG,1,,,1,,,,,,,,"","",,,,,,,,,,,,1,0,0,1,0,0,0,0,0,0,0,,0.5,131.2,2,021909bCJ,380.74,3.51,47,175.3,47,197.173,8,13748,13748,30.76,1,1,1,325,0,8,0,0,0,0,0,0,0,0,0,0,0,217,66.5,0,0,0,0,0,0,1,,,,,3,7,,0,1,1,0,0,0,0,,1,1,0,2,0,2275,2,0,0,74,34.5002352054566,0,0,1,0,1,140,0,1,1,0,1,4271,0,,,,0,0,1,,,0,149.2,1,381.615598885794,5.94441381632198,3,0,0,0,79,0,0,,16648,4264,6,3652,11.096727397281,0,Q2,low,low,Q1-Q3,Q1-Q3,Angina,9.99863107460643,1,0,0,0
1,2810758577,2018-02-01,309.6,2,1,214,84,96,95,0.68,3,29.9,5.3,12746,1035.45150501672,6.94259284730702,1.710615280595,0.536853119010766,0,,24.42,,679.29,1,2271.872909699,7.72835984064399,1,65.97,0,12746,0,3,,12746,0,,,2,4578,5784,12746,,,,,0,0,,,,0,0,4,0,12746,C07AB03,25 MG,C07,C07A,C07AB,C07AB03,325 MG,1,,,1,,,,1,,,,"","",,,,,,,,,,,,1,0,0,1,0,0,0,1,0,0,0,,1.11,94.84,2,021809CJB,274.63,1.16,43,239.2,43,121.5,8,13621,13621,24.42,1,1,1,325,0,2,1,0,0,64,0,0,0,2,0,0,0,166,64,0,0,0,0,0,0,1,,,,,4,6,,0,1,1,0,0,1,0,1,1,1,1,2,0,2275,2,0,0,67,28.4940218317937,0,0,1,0,1,,0,0,0,0,0,,0,,,,0,0,0,,,0,110.8,0,100.334448160535,4.60850908725361,2,0,0,0,91,0,0,14050,16633,14050,27,1304,11.3785879672167,0,Q2,low,low,Q1-Q3,Q1-Q3,,3.57015742642026,0,0,0,0
1,2810759081,2018-01-01,3404.6,2,1,204,49,160,136,0.75,39.3,108.7,6.5,12595,3132.10671573137,8.0494611292414,,,,,35.36,,924.17,1,850.202391904324,6.74547442926386,1,,0,12595,,,,12595,0,,,2,4585,5854,12595,15042,15042,2447,15743,1,0,567,13162,,0,0,,0,12595,M01AX05,10 MG,M01,M01A,M01AX,M01AX05,81 MG,1,1,,,1,,,,,,,"","",,,,,,,,,,,,1,1,0,0,1,0,0,0,0,0,0,,2.33,159.4,2,021009CJB,547.486,1.7,34,202.8,34,154.637,8,13638,13638,35.36,1,1,1,81,1,2,0,0,0,0,0,0,0,0,0,0,0,272,63.5,0,0,0,0,0,0,1,,,,,6,6,,0,1,1,1,0,0,0,1,1,1,0,2,0,567,1,0,0,75,47.4271541884271,0,0,1,0,1,,0,0,0,0,0,,0,,1,1,0,0,0,,,0,123,1,361.545538178473,5.89038800373019,3,1,0,0,78,1,1,,17423,,,,40.1552143042483,1,Q4,high,high,Q4,Q4,,,,,,
1,2810759613,2018-01-26,692.5,2,1,140,44,99,89,0.89,12.5,99.8,5.6,11577,693.887775551102,6.54231024073217,2.70854922279793,0.996413149403858,0,,47.46,,739.41,1,740.891783567134,6.60785457356106,1,66.81,0,11577,0,3,,11577,0,,,2,4167,5629,11577,13607,13607,2030,,0,0,,,,0,0,4,0,11577,C10AA05,40 MG,C10,C10A,C10AA,C10AA05,81 MG,1,,,,,1,1,1,,,,"","",,,,,,,,,,,,1,0,0,0,0,1,1,1,0,0,0,,0.57,95.99,2,021409CJB,505.852,1.12,41,88.1,41,70.05,8,12505,12505,47.46,1,1,1,81,0,2,0,0,0,0,0,0,0,0,0,0,0,166,62,0,0,1,1,0,0,1,,,,,4,2,,0,0,1,0,0,0,0,1,1,1,0,,0,567,1,0,1,75,30.3619962078634,0,0,1,1,1,,0,0,0,0,0,,0,,,,0,0,0,2,14181,0,76.2,1,125.250501002004,4.83031573997297,2,0,0,1,63,0,0,,16289,,,,11.0140916754143,1,Q1,low,low,Q1-Q3,Q1-Q3,,,,,,
1,2810759615,2018-02-03,1240.1,2,1,250,67,107,119,0.9,3,69.2,5.8,12468,1792.05202312139,7.49111662387319,0.83265513733469,-0.183135723335977,1,,51.62,,693.49,1,1002.15317919075,6.90990614340472,1,79.6,0,12468,0,3,,12468,0,,,2,4564,5778,12468,14500,14500,2032,,0,0,,,,0,0,4,0,12468,M01AE02,220 MG,M01,M01A,M01AE,M01AE02,81 MG,1,1,,,,,,,,,,"","",,,,,,,,,,,,1,1,0,0,0,0,0,0,0,0,0,,2.56,52.88,2,021909CJB,,,45,175.7,45,122.675,8,13300,13300,51.62,0,1,1,81,0,2,1,1,1,0,0,0,0,0,0,0,0,133,60.5,0,0,0,0,0,0,1,,,,1,6,0,,0,0,0,0,0,0,0,1,1,1,2,,0,567,1,0,0,65,25.5473880253136,1,0,0,0,0,,0,0,0,0,0,,0,,,,0,0,0,,,0,161.6,0,43.3526011560694,3.76936670502662,2,0,0,0,67,1,1,,17081,,,,26.7470451212147,1,Q4,high,high,Q4,Q4,,,,,,
1,2810760338,2018-02-22,288,2,1,239,89,54,98,0.89,3,30.5,5.4,11980,944.262295081967,6.85040398251067,1.53740562800275,0.430096338653881,1,,38.72,,598.77,1,1963.18032786885,7.58232105346474,1,64.31,0,11980,0,3,,11980,0,,,1,,,11980,,,,,0,0,,,,0,0,4,0,11980,M01AX05,81 MG,M01,M01A,M01AX,M01AX05,81 MG,1,1,,,,,,,,,,"","",,,,,,,,,,,,1,1,0,0,0,0,0,0,0,0,0,,0.17,27.72,2,022109CJB,277.916,1.24,50,211.6,50,144.291,8,12628,12628,38.72,0,1,1,81,0,8,0,0,0,0,1,1,0,0,0,0,0,134,66.25,0,0,0,0,0,0,1,,,,,7,1,,0,1,0,0,0,0,0,,1,1,0,2,2,567,1,0,0,69,21.4653831942053,0,0,0,0,0,,0,0,0,0,0,,0,,,,0,0,0,,,0,139.2,0,98.3606557377049,4.58864088403688,2,0,0,0,87,0,0,,16408,,,,10.8535895986433,1,Q2,low,low,Q1-Q3,Q1-Q3,,,,,,
1,2810760943,2017-10-25,258.7,2,1,224,72,93,123,0.93,6.6,48.9,5.8,11312,529.038854805726,6.27106187869925,1.40729483282675,0.341669303320862,1,,36.22,,378.29,1,773.59918200409,6.65105388674981,1,64.54,0,11312,0,3,41,11312,1,1374,12686,2,4319,5645,11312,13727,13727,2415,14354,1,0,1374,12686,,0,1,4,1,11312,C09AA03,40 MG,C09,C09A,C09AA,C09AA03,81 MG,1,,,1,1,,,1,,,,"","",,,,,,,,,,,,1,0,0,1,1,0,0,1,0,0,0,,2.21,35.28,2,012209CJB,252.858,1.71,12,184,12,102.85,8,12686,12686,36.22,1,1,1,81,0,2,0,0,0,0,0,0,0,0,0,0,0,147,59,0,0,0,0,0,0,1,,,,,4,6,,0,1,1,0,0,0,0,1,1,1,0,2,0,567,1,0,0,85,29.6905965831466,0,0,1,0,1,,0,0,0,0,0,,0,,1,1,0,0,1,,,0,133.4,1,134.969325153374,4.90504753153369,2,0,0,0,56,0,0,14710,,12594,11,,9.44712240724511,1,Q1,low,low,Q1-Q3,Q1-Q3,Atherothrombotic Infarction of Brain,,,,,
1,2810761278,2017-12-24,1029.5,2,1,222,95,102,97,0.64,3,35.5,5.2,12411,2900,7.97246601597457,1.98742533794404,0.686840001026419,0,,24.24,,1140.6,1,3212.95774647887,8.07494720822916,1,74.41,0,12411,0,3,,12411,0,,,2,4511,5721,12411,14317,14317,1906,,0,0,,,,0,0,4,0,12411,C10AA05,10 MG,C10,C10A,C10AA,C10AA05,81 MG,1,,,,1,1,1,,,,,"","",,,,,,,,,,,,1,0,0,0,1,1,1,0,0,0,0,,12.35,52.83,2,020909CJB,537.746,16.68,32,160.9,32,124.933,8,13484,13484,24.24,1,1,1,81,0,2,0,0,0,0,0,0,0,0,0,0,0,138,66.5,0,0,0,0,0,0,1,,,,,4,6,,0,1,1,0,0,0,0,1,1,1,0,2,0,567,1,0,0,66,21.9402417435622,0,0,1,1,1,140,0,1,1,0,0,,0,,,,0,0,0,,,0,106.6,0,84.5070422535211,4.43683487116888,2,0,0,1,93,1,1,,17270,14223,6,4859,31.1827956989247,0,Q4,high,high,Q4,Q4,Angina,13.3032169746749,1,1,1,0
1,2810763338,2017-12-24,1085.2,2,1,189,47,82,92,0.85,14.4,105.4,5.3,11547,1029.60151802657,6.93692713066561,2.34429065743945,0.851982864641424,0,,28.5,,1433.87,1,1360.40796963947,7.21553991142187,1,64.97,0,11547,0,3,1,11547,0,,,1,4466,5677,11547,14183,14183,2636,,0,0,,,,0,0,4,0,11547,C10AX06,300 MG,C10,C10A,C10AX,C10AX06,81 MG,1,,,1,,1,1,,,,,"","",,,,,,,,,,,,1,0,0,1,0,1,1,0,0,0,0,,0.36,19.43,2,020709CJB,340.804,2.6,31,136.1,31,116.025,8,12630,12630,28.5,0,1,1,81,0,8,0,0,0,0,0,0,0,0,0,0,0,180,69.25,0,0,0,0,0,0,1,,,,,3,8,,0,1,0,0,0,0,0,,1,1,0,2,0,567,1,0,0,65,26.3899496898031,0,0,0,1,0,140,0,1,1,0,1,6998,0,,,,0,0,1,,,0,125.6,1,136.622390891841,4.91722084945683,2,0,0,1,91,0,0,14975,,6998,1,,11.3143023958963,1,Q2,low,low,Q1-Q3,Q1-Q3,MI,,,,,
1,2810763503,2017-11-26,433,2,1,191,47,109,102,1.22,3,37.7,5.6,11565,1148.54111405836,7.04624781953662,1.83759929390997,0.608459988146908,0,,50.88,,161.49,1,428.355437665782,6.0599533127751,1,65.63,0,11565,0,3,,11565,0,,,1,4291,5665,11565,13562,13562,1997,,0,0,,,,0,0,4,0,11565,C10AX06,2000 MG,C10,C10A,C10AX,C10AX06,81 MG,1,,,,,1,1,,,,,"","",,,,,,,,,,,,1,0,0,0,0,1,1,0,0,0,0,,1.01,81.48,2,020309bCJ,306.478,1.44,25,146.3,25,145.225,8,12740,12740,50.88,1,1,1,81,0,8,0,0,0,0,0,0,0,0,0,0,0,171,71,0,0,0,0,0,0,1,,,,,8,1,,0,1,1,0,0,0,0,,1,1,0,2,0,567,1,0,0,61,23.849815602825,0,0,1,1,1,,0,0,0,0,0,,0,,,,0,0,1,,,0,122.2,0,79.5755968169761,4.37670747319628,2,0,0,1,64,0,1,,16528,,,,17.9459549071618,1,Q3,low,high,Q1-Q3,Q1-Q3,,,,,,
1,2810764255,2017-10-01,156.3,1,1,166,75,41,103,0.67,3,9.6,5.6,11947,1628.125,7.39518432494173,2.36427566807314,0.860471703605375,0,,42.08,,52.66,1,548.541666666667,6.30726324158246,1,65.72,0,11947,0,3,,11947,0,,,2,4662,5957,11947,14899,14899,2952,,0,0,,,,0,0,4,0,11947,B01AC06,81 MG,B01,B01A,B01AC,B01AC06,81 MG,1,,,,,,,,,,,"","",,,,,,,,,,,,1,0,0,0,0,0,0,0,0,0,0,,0.32,28.83,2,012009CJB,152.818,0.89,9,180.6,9,115.216,8,13361,13361,42.08,0,1,1,81,0,2,0,0,0,0,0,0,0,0,0,0,0,135,63.75,0,0,0,0,0,0,1,,,,,3,6,,0,0,0,0,0,0,0,1,1,1,0,,0,567,1,0,0,67,23.354953284301,0,0,0,0,0,,0,0,0,0,0,,0,,,,0,0,0,,,0,82.8,0,312.5,5.74460446917646,3,0,0,0,91,0,1,,17153,,,,17.8914835164835,1,Q3,high,high,Q1-Q3,Q1-Q3,,,,,,
1,2810764522,2018-12-22,5396.8,2,1,194,45,106,105,0.75,33.9,107.7,6,12931,5010.95636025998,8.51938206613314,3.49887640449438,1.25244188966776,0,,47.1,,1432.47,1,1330.05571030641,7.19297610778697,1,63.58,0,12931,0,3,,12931,0,,,2,4572,5801,12931,14893,14893,1962,,0,0,,,,0,0,4,0,12931,C10AA05,20 MG,C10,C10A,C10AA,C10AA05,"",,,,,,1,1,,,,,"","",,,,,,,,,,,,0,0,0,0,0,1,1,0,0,0,0,,1.2,66.18,2,021909CJB,374.182,1.42,46,216.2,46,177.529,8,13727,13727,47.1,0,,,,0,2,0,0,0,0,0,0,0,0,0,0,0,135,62,0,0,0,0,0,0,1,,,,,3,6,,0,1,0,0,0,0,0,1,1,1,0,2,0,,1,0,0,68,24.6919848678407,0,0,0,1,0,,0,0,0,0,0,,0,,,,0,0,1,,,0,127.8,1,314.763231197772,5.7518207092062,3,0,0,1,82,1,1,,17508,,,,61.1092239056095,1,Q4,high,high,Q4,Q4,,,,,,
1,2810767480,2017-12-14,1865.9,2,1,192,40,139,99,1.22,4.1,120.9,5.3,12167,1543.34160463193,7.34170521777055,1.06181818181818,0.0599827046017104,1,,33.66,,1097.52,1,907.791563275434,6.81101479638525,1,53.4,0,12167,1,2,13,12167,1,369,12536,1,4609,5721,12167,14419,14419,2252,15401,1,0,263,12430,,0,1,3,1,12167,C10AX06,TAB,C10,C10A,C10AX,C10AX06,81 MG,1,,,,1,1,,,,,,"","",,,,,,,,,,,,1,0,0,0,1,1,0,0,0,0,0,,1.04,95.73,2,020309bCJ,459.564,1.66,24,219.3,24,194.487,8,13355,13355,33.66,1,1,1,81,0,8,0,0,0,0,0,0,0,0,0,0,0,248,74.25,0,0,0,0,0,0,1,,,,,7,7,,0,1,1,0,0,0,0,,1,1,0,2,0,567,1,0,0,67,31.6274645405122,0,0,1,0,1,,0,0,0,0,0,,1,16700,1,2,0,0,0,,,0,124.2,1,33.9123242349049,3.52377849507165,2,0,1,0,61,0,1,16709,15235,12536,41,3068,25.3006820431463,0,Q3,high,high,Q4,Q1-Q3,CHF,8.39972621492129,1,0,0,0
1,2810767930,2017-10-22,345.2,2,1,172,71,71,103,1.18,3,46.5,5.5,11591,742.36559139785,6.60984183260405,2.37632978723404,0.865557191209588,0,,29.32,,297.55,1,639.89247311828,6.46130015148564,1,53.47,1,11591,1,2,,11591,0,,,1,,5819,11591,14126,14126,2535,,0,0,,,,0,0,3,0,11591,C10AX06,TABLET,C10,C10A,C10AX,C10AX06,325 MG,1,,,,,1,1,,,,,"","",,,,,,,,,,,,1,0,0,0,0,1,1,0,0,0,0,,0.77,13.1,2,012109CJB,305.506,0.85,11,186.6,11,83.892,8,12973,12973,29.32,0,3,2,325,0,8,0,0,0,0,0,0,0,0,0,0,0,166,72,0,0,0,0,0,0,1,,,,,7,1,,0,1,0,0,0,0,0,,1,1,0,2,0,975,2,0,0,61,22.5137950275901,0,0,0,1,0,,0,0,0,0,0,,0,,,,0,0,0,,,0,86.8,0,64.5161290322581,4.16691525505694,2,0,0,1,66,0,0,,16765,,,,11.247963506028,1,Q1,low,low,Q1-Q3,Q1-Q3,,,,,,
1,2810768138,2018-01-13,1803.1,2,1,167,26,224,128,1.37,3,277.8,5.4,12306,649.06407487401,6.47553144045017,2.74867724867725,1.01111979547964,0,,38.44,,1590.49,1,572.530597552196,6.35006617950625,1,36.24,3,12306,1,2,41,12306,1,-2276,10030,1,4658,5707,12306,14261,14261,1955,14570,1,0,1503,13809,,1,0,1,1,12306,C10AX06,20 MG,C10,C10A,C10AX,C10AX06,325 MG,1,,,1,1,1,,,,,,"","",,,,,,,,,,,,1,0,0,1,1,1,0,0,0,0,0,,1.2,46.09,2,021309CJB,373.008,2.18,39,240.5,39,192.877,8,13261,13261,38.44,1,1,1,325,0,8,0,0,0,0,0,0,1,0,0,0,0,227,71.25,0,0,0,0,0,0,1,,,,,7,1,,0,1,1,0,0,0,0,,1,1,0,2,0,2275,2,0,0,57,31.4384939019186,0,0,1,0,1,140,0,1,1,0,0,,0,,1,1,0,0,0,1,13382,0,96.2,0,10.7991360691145,2.37946613733,1,1,1,0,57,0,0,14577,,10030,41,,11.3870890328774,1,Q1,low,low,Q1-Q3,Q1-Q3,CHF,,,,,
1,2810768217,2017-10-28,627.2,2,1,153,37,131,158,0.81,3,52.3,5.8,11249,1199.23518164436,7.08943928395341,3.18581081081081,1.1587068283094,0,,38.72,,839.61,1,1605.37284894838,7.3811113132263,1,65.82,0,11249,0,3,,11249,0,,,1,,5629,11249,13274,13274,2025,,0,0,,,,0,0,4,0,11249,C10AA05,10 MG,C10,C10A,C10AA,C10AA05,250 MG,1,,,,,1,1,,,,,"","",,,,,,,,,,,,1,0,0,0,0,1,1,0,0,0,0,,1.01,86.03,2,012309CJB,298.628,1.44,13,175.6,13,154.865,8,12603,12603,38.72,1,1,1,81,1,8,0,0,0,0,0,0,0,0,0,0,0,189,68.5,0,0,0,0,0,0,1,,,,,3,6,,0,1,1,1,0,0,0,,1,1,0,2,0,567,1,0,0,63,28.3195451573918,0,0,1,1,1,,0,0,0,0,0,,0,,,,0,0,1,,,0,89.8,0,57.3613766730402,4.04937119657937,2,1,0,1,95,0,1,,16395,,,,12.6235282278354,1,Q3,low,low,Q1-Q3,Q1-Q3,,,,,,
1,2810769336,2017-10-22,823,2,1,184,47,84,83,1.15,10.2,71.7,7,12387,1147.83821478382,7.04563563905959,1.97995991983968,0.683076601996349,0,,43.18,,1078.03,1,1503.52859135286,7.31557001877777,1,59.91,0,12387,0,3,,12387,0,,,1,4558,5821,12387,14532,14532,2145,,0,0,,,,0,0,4,0,12387,C09AA03,20 MG,C09,C09A,C09AA,C09AA03,81 MG,1,,,,1,,,,,1,,"","",,,,,,,,,,,,1,0,0,0,1,0,0,0,0,1,0,,1.42,16.64,2,012109CJB,279.742,2.2,11,214.5,11,176.434,8,13772,13772,43.18,1,1,1,81,1,8,0,0,0,0,0,0,0,0,0,0,0,123,65.5,0,0,0,0,0,0,1,,,,,6,7,,0,1,1,1,0,0,0,,1,1,0,2,0,567,1,0,0,79,20.1571034224173,0,1,1,0,1,,0,0,0,0,0,,0,,,,0,0,1,,,0,120.2,1,142.259414225941,4.95765225166679,2,1,0,0,60,0,1,15673,,15673,27,3286,19.1306369130637,0,Q3,low,high,Q1-Q3,Q1-Q3,,8.99657768651609,1,0,0,0
1,2810769559,2018-07-06,20000,3,1,156,45,166,106,0.75,34.3,178.2,5.7,11739,11223.3445566779,9.32575122348751,1.92768729641694,0.656320992378912,0,,65.9,,1610.05,1,903.507295173962,6.80628418434829,1,63.13,0,11739,0,3,,11739,0,,,1,4346,5673,11739,,,,,0,0,,,,0,0,4,0,11739,M01AX05,500+400MG,M01,M01A,M01AX,M01AX25,81 MG,1,1,,,1,,,1,,1,,M01AX25,"",,1,,,,,,,,,,1,1,0,0,1,0,0,1,0,1,0,,4.24,95.56,2,021109bCJ,455.514,9.97,37,231.8,37,149.173,8,12742,12742,65.9,1,1,1,81,1,8,0,0,0,0,0,0,0,0,0,0,0,193,68,0,0,0,0,0,0,1,,,,,4,6,,0,1,1,1,0,0,0,,1,1,0,2,0,567,1,0,0,72,29.3457420824876,0,1,1,0,1,,0,0,0,0,0,,0,,,,0,0,1,,,0,77.8,1,192.480359147026,5.25999411811732,2,1,0,0,92,1,1,15706,14051,15706,28,3967,121.992875616064,0,Q4,high,high,Q4,Q4,Death,10.861054072553,1,1,0,0
1,2810769819,2017-10-01,255.4,2,1,190,61,75,106,1.18,6.6,52.3,5.6,11152,488.336520076482,6.19100475851565,,,,,51.84,,250.78,1,479.502868068834,6.17274987567961,1,75.61,0,11152,0,3,,11152,0,,,1,4465,5652,11152,13385,13385,2233,11683,1,0,531,11683,,0,0,4,0,11152,C09AA03,40 MG,C09,C09A,C09AA,C09AA03,81 MG,1,,,,1,,,1,,,,"","",,,,,,,,,,,,1,0,0,0,1,0,0,1,0,0,0,,2.93,64.61,2,012009CJB,566.436,2.69,9,174.1,9,87.426,8,12567,12567,51.84,1,1,1,81,0,8,0,0,0,0,0,0,0,0,0,0,2,193,67,0,0,0,0,0,0,1,,,,,4,1,,0,0,1,0,0,0,1,,1,1,0,,0,567,1,1,0,67,30.2282716394348,0,0,1,0,1,143,1,0,0,0,0,,0,,1,1,0,0,0,,,0,114,1,126.195028680688,4.83782855694364,2,0,0,0,63,0,0,,16359,15736,30,5207,7.75137333454733,1,Q1,low,low,Q1-Q3,Q1-Q3,IC,14.2559890485969,1,1,1,0
1,2810769931,2017-10-22,1466,2,1,114,35,116,134,1.28,13.1,101.7,6.6,12078,1441.49459193707,7.27343576538017,2.4687189672294,0.903699379352094,0,,69.36,,1056.21,1,1038.55457227139,6.9455851910654,1,,0,12078,,,,12078,0,,,1,4501,5831,12078,,,,,0,0,,,,0,0,,0,12078,M01AX25,"",M01,M01A,M01AX,M01AX05,81 MG,1,1,,,,1,1,,,,,M01AX05,"",,1,,,,,,,,,,1,1,0,0,0,1,1,0,0,0,0,,1.74,78.63,2,012109CJB,430.394,2.51,10,153.4,10,119.95,8,13471,13471,69.36,0,1,1,81,1,8,0,0,0,0,0,0,0,0,0,0,0,226,70.5,0,0,0,0,0,0,1,,,,,3,6,,0,1,0,1,0,0,0,,1,1,0,2,0,567,1,0,0,64,31.969498072088,0,0,0,1,0,141,1,1,0,1,0,,0,,,,0,0,0,,,0,55.8,1,128.810226155359,4.85834020613473,2,1,0,1,59,0,1,16304,,12252,6,,24.432111727747,1,Q3,high,high,Q4,Q1-Q3,Angina,,,,,
1,2810771042,2018-01-10,239.9,2,1,151,53,73,98,0.94,3,38.7,5.3,12602,619.896640826873,6.429552755798,1.15807099799062,0.1467556881441,1,,32.34,,399.26,1,1031.67958656331,6.93894341969686,1,65.47,0,12602,0,3,,12602,0,,,1,4532,5771,12602,14294,14294,1692,,0,0,,,,0,0,4,0,12602,C10AX06,850 MG,C10,C10A,C10AX,C10AX06,81 MG,1,,,,,1,1,,,,,"","",,,,,,,,,,,,1,0,0,0,0,1,1,0,0,0,0,,0.23,65.21,2,021209CJB,292.208,0.78,38,221.1,38,161.696,8,13584,13584,32.34,0,1,1,81,0,8,0,0,0,0,0,0,0,0,0,0,0,159,69.5,0,0,0,0,0,0,1,,,,,8,2,,0,1,0,0,0,0,0,,1,1,0,2,0,567,1,0,0,56,23.1437179400419,0,0,0,1,0,,0,0,0,0,0,,0,,,,0,0,0,,,0,83.4,0,77.5193798449612,4.35052796761451,2,0,0,1,90,0,0,,17368,,,,6.88774045363193,1,Q1,low,low,Q1-Q3,Q1-Q3,,,,,,
1,2810771987,2018-02-17,299.1,2,1,138,55,67,94,1.11,3,57.7,5.5,12991,518.370883882149,6.25069097810994,1.48681055155875,0.396633256240336,1,,47.9,,483.83,1,838.526863084922,6.73164661782215,1,63.38,0,12991,0,3,,12991,0,,,1,4585,5845,12991,,,,,0,0,,,,0,0,4,0,12991,C10AX06,1000 MG,C10,C10A,C10AX,C10AX06,81 MG,1,,,,,1,,,,,,"","",,,,,,,,,,,,1,0,0,0,0,1,0,0,0,0,0,,0.24,15.69,2,022009CJB,160.87,1.44,49,137.6,49,135.079,8,13667,13667,47.9,0,1,1,81,0,8,1,1,1,0,0,0,0,0,0,0,0,161,70,0,0,0,0,0,0,1,,,,,6,1,,0,0,0,0,0,0,0,,1,1,2,,0,567,1,0,0,57,23.1012462024924,1,0,0,1,0,,0,0,0,0,0,,0,,,,0,0,0,,,0,69.6,0,51.9930675909879,3.95111039413619,2,0,1,0,73,0,0,,16572,,,,7.10097101208423,1,Q1,low,low,Q1-Q3,Q1-Q3,,,,,,
1,2810771998,2017-12-16,3256.3,2,1,184,64,81,105,1.08,5.1,173.5,6.1,12564,1876.82997118156,7.53733944707134,3.0292249047014,1.10830677976784,0,,26.3,,1267.84,1,730.743515850144,6.59406253067131,1,83.39,0,12564,0,3,2,12564,0,,,2,4557,5816,12564,14654,14654,2090,,0,0,,,,0,0,4,0,12564,C10AA01,20 MG,C10,C10A,C10AA,C10AA01,81 MG,1,,,1,,1,1,,,,,"","",,,,,,,,,,,,1,0,0,1,0,1,1,0,0,0,0,,0.16,37.97,2,020509CJB,288.12,1.51,28,217.1,28,135.869,8,13693,13693,26.3,0,1,1,81,0,2,0,0,0,0,0,0,0,0,0,0,0,126,61.75,0,0,0,0,0,0,1,,,,,3,0,,0,1,0,0,0,0,0,1,1,1,0,2,0,567,1,0,0,83,23.2328363819146,0,0,0,1,0,140,0,1,1,0,1,8504,0,,,,0,0,0,,,0,103.8,1,29.3948126801153,3.3808182193255,1,0,0,1,47,1,1,,17479,8504,2,4915,39.932552578331,0,Q4,high,high,Q4,Q4,MI,13.4565366187543,1,1,1,0
1,2810772903,2018-01-14,2587.4,2,1,126,61,74,111,1.13,33.6,188.4,5.3,11564,1373.35456475584,7.22501161332963,3.34353146853147,1.20702757432089,0,,59.1,,2330.47,1,1236.97983014862,7.12042806680169,1,66.34,0,11564,0,3,2,11564,0,,,1,4185,5629,11564,13519,13519,1955,,0,0,,,,0,0,4,0,11564,C10AA05,10 MG,C10,C10A,C10AA,C10AA05,81 MG,1,,1,1,1,1,1,,,,,"","",,,,,,,,,,,,1,0,1,1,1,1,1,0,0,0,0,,3.14,85.13,2,021409CJB,514.708,18.85,40,181.7,40,99.354,8,12505,12505,59.1,1,1,1,81,0,8,0,0,0,0,0,0,0,0,0,0,0,196,65.5,0,0,0,0,0,0,1,,,,,4,6,,0,1,1,0,0,0,0,,1,1,0,2,0,567,1,0,0,72,32.1202623641772,0,0,1,1,1,140,0,1,1,0,1,8873,0,,,,0,0,0,,,0,50.2,1,178.343949044586,5.18371398380903,2,0,0,1,65,0,1,15253,,8873,2,,21.1285317654744,1,Q3,high,high,Q1-Q3,Q1-Q3,MI,,,,,
1,2810772970,2018-02-17,2007.7,2,1,128,37,197,115,0.83,4.1,114.9,5.7,12323,1747.3455178416,7.46585306839291,1.64004149377593,0.494721542598926,1,,52.88,,1070.58,1,931.749347258486,6.83706383780477,1,57.16,0,12323,0,3,1,12323,0,,,1,,,12323,,,,,0,0,,,,0,0,4,0,12323,C10AX09,10 MG,C10,C10A,C10AA,C10AA01,81 MG,1,,,1,1,1,,,,,,C10AA01,"",,,,,,1,1,,,,,1,0,0,1,1,1,1,0,0,0,0,,2.92,216,2,022009CJB,312.368,8.28,49,205,49,190.991,8,13007,13007,52.88,1,1,1,81,0,8,0,0,0,0,0,0,0,0,0,1,0,164,65.25,0,0,0,0,0,0,1,,,,,7,6,,0,0,1,0,1,0,0,,1,1,0,,0,567,1,0,0,76,27.0824798486696,0,0,1,1,1,141,0,1,1,1,1,5739,0,,,,0,0,0,,,0,51.6,1,35.6832027850305,3.57468006783769,2,0,0,1,85,1,1,15138,,5739,1,,20.5570060922541,1,Q4,high,high,Q1-Q3,Q4,MI,,,,,
1,2810773129,2017-11-25,594.3,2,1,195,73,64,98,1.09,3,62.5,5.1,12469,950.88,6.85738787161835,,,,,61.26,,10,1,16,2.77258872223978,1,,2,12469,,,,12469,0,,,1,4473,5810,12469,15388,15388,2919,15119,1,0,2650,15119,,0,0,,0,12469,M01AX01,500 MG,M01,M01A,M01AX,M01AX01,162 MG,1,1,,1,1,,,,,,,"","",,,,,,,,,,,,1,1,0,1,1,0,0,0,0,0,0,,0.53,44.04,2,020309CJB,334.684,1.39,22,216.2,22,125.038,8,13678,13678,61.26,0,1,1,160,0,8,0,0,0,0,0,0,0,0,0,0,0,106,66.5,0,0,0,0,0,0,1,,,,,7,6,,0,1,0,0,0,0,0,,1,1,0,2,0,1120,2,0,0,77,16.8526494552,0,0,0,0,0,,0,0,0,0,0,,0,,1,1,0,0,0,,,0,109.2,0,48,3.87120101090789,2,0,0,0,65,0,0,16132,,16132,28,3663,14.6289230769231,0,Q2,low,low,Q1-Q3,Q1-Q3,Death,10.0287474332649,1,1,0,0
1,2810773274,2017-12-31,2727.9,2,1,234,52,164,101,0.7,4.1,48.7,5.5,11902,5601.43737166325,8.63077851729952,1.6356846473029,0.492061461227965,1,,39.06,,295.2,1,606.160164271047,6.40714424862587,1,66.59,0,11902,0,3,12,11902,0,,,2,4393,5659,11902,14136,14136,2234,,0,0,,,,0,0,4,0,11902,M01AX05,1500 + 1200 MG,M01,M01A,M01AX,M01AX25,"",,1,,1,,,,,,,,M01AX25,"",,1,,,,,,,,,,0,1,0,1,0,0,0,0,0,0,0,,2.26,51.29,2,020909CJB,290.024,1.36,32,132.6,32,107.089,8,12973,12973,39.06,1,3,2,81,0,2,0,0,0,0,0,0,0,0,0,0,0,148,61.75,0,0,0,0,0,0,1,,,,,3,8,,0,1,1,0,0,0,0,1,1,1,0,2,0,243,1,0,0,63,27.2893633692331,0,0,1,0,1,,0,0,0,0,0,,1,1853,,,0,0,1,,,0,149.2,1,84.1889117043121,4.43306322260386,2,0,0,0,92,1,1,,16759,1853,12,4857,60.8851888224266,0,Q4,high,high,Q4,Q4,TIA,13.2977412731006,1,1,1,0
1,2810773384,2017-08-23,1976.7,2,1,222,54,98,104,0.89,7.3,154.4,4.8,11383,1280.24611398964,7.1548076149853,,,,,46.34,,2037.46,1,1319.59844559586,7.18508276141789,1,64.33,0,11383,0,3,,11383,0,,,2,4393,5836,11383,14080,14080,2697,,0,0,,,,0,0,4,0,11383,C09CA03,100/12.5 MG,C03,C03A,C03AA,C03AA03,325 MG,1,,,,1,,,,,,,C03AA03,"",,,,,,,,1,,,,1,0,0,0,1,0,0,1,0,0,0,,1.75,81.45,2,010909CJB,347.042,1.85,1,215.3,1,149.645,8,12979,12979,46.34,1,1,1,325,0,2,0,0,0,0,0,0,0,0,0,0,0,156,64,,,,,,,1,,,,,6,5,,0,0,1,0,0,0,0,1,1,1,0,,0,2275,2,0,0,62,26.777514492529,0,0,1,0,1,,0,0,0,0,0,,0,,,,0,0,0,,,0,148.4,1,47.279792746114,3.85608298954581,2,0,0,0,69,0,1,,16773,,,,18.5542915070962,1,Q3,low,high,Q1-Q3,Q1-Q3,,,,,,
1,2810774215,2017-09-17,1163.8,2,1,160,59,108,104,0.93,3,99.5,5.9,11281,1169.64824120603,7.06445833404611,2.62157382847038,0.963774835315705,0,,37.7,,728.09,1,731.748743718593,6.59543720875275,1,58.1,0,11281,0,3,,11281,0,,,2,4664,6149,11281,13758,13758,2477,,0,0,,,,0,0,4,0,11281,B01AC06,81 MG,B01,B01A,B01AC,B01AC06,81 MG,1,,,,,,,,,,,"","",,,,,,,,,,,,1,0,0,0,0,0,0,0,0,0,0,,9.64,69.22,2,011509CJB,767.078,3.53,6,282.4,6,125.838,8,12737,12737,37.7,0,1,1,81,0,2,1,1,1,0,0,0,0,0,0,0,0,140,58.25,0,0,0,0,0,0,1,,,,,7,8,,0,1,0,0,0,0,0,1,1,1,2,2,0,567,1,0,0,80,29.0096032309437,1,0,0,0,0,,0,0,0,0,0,,0,,,,0,0,1,,,0,79.4,0,30.1507537688442,3.4062099234857,2,0,0,0,58,0,1,15638,,15638,29,4357,20.1663489863109,0,Q3,low,high,Q1-Q3,Q1-Q3,Death,11.9288158795346,1,1,0,0
1,2810774328,2017-11-26,469.7,2,1,141,51,93,103,1.25,12.8,122.5,5.5,11390,383.428571428571,5.94915334903626,2.83206553540082,1.04100631659509,0,,31.08,,742.25,1,605.918367346939,6.40674526964718,1,64.66,0,11390,0,3,,11390,0,,,1,4363,5629,11390,13418,13418,2028,,0,0,,,,0,0,4,0,11390,C10AA05,10 MG,C10,C10A,C10AA,C10AA05,"",,,,,1,1,1,,,,,"","",,,,,,,,,,,,0,0,0,0,1,1,1,0,0,0,0,,0.83,65.18,2,020309CJB,272.868,1.14,23,158.6,23,114.777,8,12585,12585,31.08,1,1,1,81,0,8,0,0,0,0,,,0,0,0,0,0,200,73,0,0,0,0,0,0,1,,,,,4,6,,0,1,1,0,0,0,0,,1,1,0,2,,567,1,0,0,69,26.3869921622373,0,0,1,1,1,,0,0,0,0,0,,0,,,,0,0,0,,,0,71.4,1,104.489795918367,4.64908941992293,2,0,0,1,58,0,0,,16373,7872,11,4983,6.61083743842365,0,Q1,low,low,Q1-Q3,Q1-Q3,Atherothrombotic Infarction of Brain,13.6427104722793,1,1,1,0
1,2810774829,2017-10-25,605.5,2,1,186,63,74,89,0.66,8.7,40,5.3,11706,1513.75,7.3223452948673,3.34241245136187,1.20669283708904,0,,23.88,,697.5,1,1743.75,7.46379324556968,1,66.9,0,11706,0,3,,11706,0,,,2,4383,5672,11706,13922,13922,2216,,0,0,,,,0,0,4,0,11706,C07AB03,25 MG,C07,C07A,C07AB,C07AB03,81 MG,1,,,1,,,,,,,,"","",,,,,,,,,,,,1,0,0,1,0,0,0,0,0,0,0,,1.08,12.39,2,020209CJB,345.216,1.54,21,219.7,21,142.071,8,12935,12935,23.88,0,1,1,81,0,2,0,0,0,0,0,0,0,0,0,0,0,131,66.25,0,0,0,0,0,0,1,,,,,8,2,,0,1,0,0,0,0,0,1,1,1,0,2,0,567,1,0,0,67,20.9848149137381,0,0,0,0,0,,0,0,0,0,0,,0,,,,0,0,0,,,0,108.2,1,217.5,5.38219885052874,2,0,0,0,91,0,1,,16723,11580,6,5017,16.6346153846154,0,Q3,high,low,Q1-Q3,Q1-Q3,Angina,13.7357973990418,1,1,1,0
1,2810775879,2018-02-17,759.8,2,1,155,69,75,109,0.72,5.6,60.3,5.8,12650,1260.03316749585,7.13889332300848,1.2547508988187,0.226937065885541,1,,35.92,,501.8,1,832.172470978441,6.72403971618727,1,72.36,0,12650,0,3,,12650,0,,,2,4647,5755,12650,,,,,0,0,,,,0,0,4,0,12650,M01AX25,400 MG,M01,M01A,M01AX,M01AX25,81 MG,1,1,,,1,1,1,,,,,"","",,,,,,,,,,,,1,1,0,0,1,1,1,0,0,0,0,,1.54,39.09,2,022009CJB,348.676,1.12,48,186.7,48,118.026,8,13348,13348,35.92,1,1,1,81,0,2,0,0,0,0,0,0,0,0,0,0,0,158,61.75,0,0,0,0,0,0,1,,,,,6,8,,0,0,1,0,0,0,0,1,1,1,0,,0,567,1,0,0,66,29.1332392725596,0,0,1,1,1,,0,0,0,0,0,,0,,,,0,0,0,,,0,71,1,92.8689883913765,4.5311897729901,2,0,0,1,87,0,1,15734,13346,15734,27,3084,14.4831398562742,0,Q3,low,low,Q1-Q3,Q1-Q3,,8.4435318275154,1,0,0,0
7,2810776422,2017-08-16,2979.2,2,1,126,42,89,104,0.87,3,71.3,6.3,4456,4178.40112201964,8.33768394565059,1.71678321678322,0.540452316974668,0,1.8,40.48,41.54,722.01,2,1012.63674614306,6.92031284778026,1,62.42,0,4456,0,3,,4456,0,,,1,4456,6070,,,6070,1614,,0,0,,,,0,0,4,0,4456,M01AE01,800 MG,M01,M01A,M01AE,M01AE01,81 MG,1,1,,,1,1,1,,,,,"","",,,,,,,,,,,,1,1,0,0,1,1,1,0,0,0,0,,1.87,269.1,2,010509CJB,,,4,188.1,4,122.065,3,,,40.48,1,1,1,81,0,,0,0,0,0,0,0,,,,,0,200,63.75,0,0,0,0,0,0,,,,,,2,10,,1,0,1,0,,,0,,,,0,1,0,567,1,0,0,53,34.5999307915571,0,0,1,1,1,,0,0,0,0,0,,0,,,,0,0,0,,,0,66.2,0,42.0757363253857,3.73947124023,2,0,0,1,99,1,1,,8972,,,,42.2060719395923,1,Q4,high,high,Q4,Q4,,,,,,
1,2810777950,2017-10-01,2884.7,2,1,149,55,106,123,1.33,196.4,182.6,6.2,12195,1579.79189485214,7.36504840522731,4.10745401742498,1.41280337608269,0,,84.62,,1653.86,1,905.728368017525,6.80873944653942,1,37.98,4,12195,1,2,1,12195,1,-775,11420,1,4556,5785,12195,,,,11422,1,1,-6103,6092,,1,0,1,1,12195,C10AA01,10 MG,C10,C10A,C10AA,C10AA01,81 MG,1,,,1,1,1,1,1,,,1,"","",,,,,,,,,,,,1,0,0,1,1,1,1,1,0,0,1,,2.4,155.7,2,012009CJB,389.138,3.46,10,202.3,10,163.335,8,13603,13603,84.62,1,1,1,81,1,8,1,0,0,76,0,0,1,1,0,0,0,195,69.75,1,1,1,1,1,1,1,,,,,2,10,,0,1,1,1,0,1,0,,1,1,1,2,0,567,1,0,1,77,28.1807015226934,0,0,1,1,1,141,1,1,1,1,1,6086,0,,1,1,1,0,0,,,0,72.8,1,1075.57502738226,6.98061070674164,3,0,0,1,51,0,1,14632,11985,3779,6,-210,30.9763116637674,0,Q3,high,high,Q4,Q1-Q3,Angina,-0.574948665297741,0,0,0,0
1,2810778167,2017-09-15,1215.4,2,1,174,39,88,86,1.45,11.4,126.8,5.4,11493,958.517350157729,6.86538766368622,2.14300847457627,0.762210671022245,0,,55.34,,650.39,1,512.925867507887,6.24013132694662,1,60.72,0,11493,0,3,41,11493,1,-1744,9749,1,4343,6102,11493,13622,13622,2129,9861,1,1,-1829,9664,,1,0,2,1,11493,B01AC06,81 MG,B01,B01A,B01AC,B01AC06,81 MG,1,,,,,,,,,,,"","",,,,,,,,,,,,1,0,0,0,0,0,0,0,0,0,0,,0.58,54.57,2,011509CJB,501.158,1.49,6,276.3,6,199.955,8,12955,12955,55.34,0,2,1,81,0,8,0,0,0,0,0,0,0,1,0,0,0,192,72,1,1,0,0,0,0,1,,,,,8,8,,0,1,0,0,0,1,0,,1,1,0,2,0,1134,2,0,1,69,26.0400520801042,0,0,0,0,0,143,1,0,0,0,0,,0,,1,1,1,0,0,,,0,117.4,1,89.9053627760253,4.49875759237946,2,0,0,0,49,0,0,14639,13180,9749,41,1687,19.5615785746475,0,Q2,low,high,Q1-Q3,Q1-Q3,CHF,4.61875427789186,1,0,0,0
1,2810778884,2018-12-08,4543.5,2,1,141,48,162,129,0.68,7.3,71.7,6.5,11816,6336.82008368201,8.75413235751792,,,,,50,,1088.64,1,1518.32635983264,7.32536392814996,1,47.93,2,11816,1,2,2,11816,1,602,12418,2,4277,5637,11816,13860,13860,2044,14395,1,0,1555,13371,,0,1,3,1,11816,C10AA05,40 MG,C10,C10A,C10AA,C10AA05,"",,,,1,1,1,1,1,,,,"","",,,,,,,,,,,,0,0,0,1,1,1,1,1,0,0,0,,1.11,210.9,2,013009CJB,528.478,3.03,20,211.5,20,130.096,8,13054,13054,50,1,1,3,81,1,2,0,0,0,0,0,0,0,0,0,0,0,130,58,0,0,0,0,0,0,1,,,,,,6,,0,1,1,1,0,0,0,1,1,1,0,2,0,18.6206896551724,1,0,0,71,27.1702089183013,0,0,1,1,1,141,0,1,0,1,1,12138,0,,1,2,0,0,0,,,0,60.6,1,101.813110181311,4.62313887953091,2,1,0,1,88,1,1,14632,,6352,6,,72.0093191327501,1,Q4,high,high,Q4,Q4,Angina,,,,,
1,2810779106,2017-12-31,507.6,2,1,245,38,356,101,0.83,36.6,47.5,6.1,12596,1068.63157894737,6.97413421078773,2.90586932447398,1.06673259664699,0,,60.48,,631.03,1,1328.48421052632,7.19179387994017,1,71.95,0,12596,0,3,,12596,0,,,2,4621,5789,12596,14522,14522,1926,,0,0,,,,0,0,4,0,12596,B01AC06,81 MG,B01,B01A,B01AC,B01AC06,81 MG,1,,,,,,,,,,,"","",,,,,,,,,,,,1,0,0,0,0,0,0,0,0,0,0,,0.43,69.77,2,021009CJB,426.544,0.9,33,172.7,33,165.383,8,13653,13653,60.48,0,1,1,81,0,2,0,0,0,0,0,0,0,0,0,0,0,137,61.25,0,0,0,0,0,0,1,,,,,4,0,,0,1,0,0,0,0,0,1,1,1,0,2,0,567,1,0,0,69,25.6752093679114,0,0,0,0,0,,0,0,0,0,0,,0,,,,0,0,0,,,0,135.8,1,770.526315789474,6.64707380834886,3,0,0,0,72,0,0,,17412,,,,14.8421052631579,1,Q2,low,low,Q1-Q3,Q1-Q3,,,,,,
1,2810779760,2017-11-26,1392.6,2,1,139,39,83,98,1.09,3,155.2,5.2,12462,897.29381443299,6.79938336074742,1.09941944847605,0.0947822663698656,1,,29.3,,1011.3,1,651.610824742268,6.4794474891471,1,57.01,0,12462,0,3,,12462,0,,,1,4580,5798,12462,14458,14458,1996,,0,0,,,,0,0,4,0,12462,B01AC06,81 MG,B01,B01A,B01AC,B01AC06,81 MG,1,,,,,,,,,,,"","",,,,,,,,,,,,1,0,0,0,0,0,0,0,0,0,0,,0.42,124,2,020309CJB,252.454,1.04,23,119.7,23,100.916,8,13657,13657,29.3,0,1,1,81,0,8,0,0,0,0,0,0,0,0,0,0,0,230,71.75,0,0,0,0,0,0,1,,,,,8,1,,0,1,0,0,0,0,0,,1,1,0,2,0,567,1,0,0,66,31.4115695793217,0,0,0,0,0,,0,0,0,0,0,,0,,,,0,0,0,,,0,83.4,0,19.3298969072165,2.96165295990113,1,0,0,0,70,0,0,,17445,,,,12.8184830633284,1,Q2,low,low,Q1-Q3,Q1-Q3,,,,,,
1,2810780213,2018-01-13,607.3,2,1,161,69,60,97,0.94,3,59.5,5.5,11903,1020.67226890756,6.92821677634004,1.60379746835443,0.472374234860072,1,,49.56,,925.41,1,1555.31092436975,7.34943075598891,1,,0,11903,,,,11903,0,,,1,4508,5470,11903,13576,13576,1673,,0,0,,,,0,0,,0,11903,C10AA05,10 MG,C10,C10A,C10AA,C10AA05,81 MG,1,,,1,1,1,1,,,,,"","",,,,,,,,,,,,1,0,0,1,1,1,1,0,0,0,0,,0.5,22.07,2,021209CJB,330.25,1.44,38,203.6,38,123.532,8,12884,12884,49.56,1,1,1,81,0,8,0,0,0,0,0,0,0,0,0,0,0,160,70.75,0,0,0,0,0,0,1,,,,,7,7,,0,1,1,0,0,0,0,,1,1,0,2,0,567,1,0,0,75,22.473603113746,0,0,1,1,1,,0,0,0,0,0,,0,,,,0,0,1,,,0,80,0,50.4201680672269,3.92039125509866,2,0,0,1,79,0,0,,16668,,,,12.9199021380704,1,Q2,low,low,Q1-Q3,Q1-Q3,,,,,,
1,2810780384,2017-10-22,4166.2,2,1,130,53,46,86,1.12,10.3,147.4,5.8,12222,2826.45861601086,7.94677983458267,1.23544145272386,0.211428357807603,1,,36.56,,1874.59,1,1271.77069199457,7.14816545405966,1,59.87,0,12222,0,3,1,12222,1,3447,15669,1,4557,5785,12222,14385,14385,2163,,0,0,,,,0,1,4,1,12222,C10AA05,5 MG,C10,C10A,C10AA,C10AA05,325 MG,1,,,1,,1,1,,,,,"","",,,,,,,,,,,,1,0,0,1,0,1,1,0,0,0,0,,2.74,133.2,2,012109CJB,284.644,2.75,11,212.9,11,131.687,8,13604,13604,36.56,1,1,1,325,0,8,1,1,1,0,0,0,0,0,0,1,0,208,67.5,0,0,0,0,0,0,1,,,,,4,6,,0,1,1,0,1,0,0,,1,1,2,2,0,2275,2,0,0,65,32.0967753046617,1,0,1,1,1,141,0,1,1,1,1,1516,0,,,,0,0,0,,,0,67.8,1,69.8778833107192,4.24674919446249,2,0,0,1,69,1,1,16398,16349,1516,1,4127,40.9631683479834,0,Q4,high,high,Q4,Q4,MI,11.2991101984942,1,1,0,0
1,2810780665,2018-02-10,1041.2,2,1,151,42,114,96,0.78,3,95,5.5,12181,1096,6.99942246750796,1.69386281588448,0.527011610591982,0,,70.1,,1071.12,1,1127.49473684211,7.02775340337668,1,69.33,0,12181,0,3,,12181,0,,,2,4382,5688,12181,13715,13715,1534,,0,0,,,,0,0,4,0,12181,C10AA05,20 MG,C10,C10A,C10AA,C10AA05,160 MG,1,,,,1,1,1,,1,1,,"","",,,,,,,,,,,,1,0,0,0,1,1,1,0,1,1,0,,1.75,148.4,2,021909bCJ,222.068,1.67,47,128.1,47,107.099,8,12943,12943,70.1,1,2,1,160,1,2,0,0,0,0,0,0,0,0,0,0,0,165,63.5,0,0,1,1,0,0,1,,,,,3,1,,0,1,1,1,0,0,0,1,1,1,0,2,0,2240,2,0,1,62,28.7701486804796,0,1,1,1,1,,0,0,0,0,0,,0,,,,0,0,0,,,0,86.2,0,31.5789473684211,3.45249067604971,2,1,0,1,81,0,0,,16724,,,,13.5308641975309,1,Q2,low,low,Q1-Q3,Q1-Q3,,,,,,
1,2810780745,2018-02-01,529.3,2,1,237,41,305,113,1.03,3,102,5.6,12631,518.921568627451,6.25175275156776,1.35125448028674,0.301033405626645,1,,59.34,,732.1,1,717.745098039216,6.57611448935642,1,68.22,0,12631,0,3,,12631,0,,,1,4625,5778,12631,14668,14668,2037,,0,0,,,,0,0,4,0,12631,C10AX06,1200 MG,C10,C10A,C10AX,C10AX06,81 MG,1,,,,,1,1,,,,,"","",,,,,,,,,,,,1,0,0,0,0,1,1,0,0,0,0,,2,129.7,2,021809bCJ,261.086,1.38,44,198.2,44,158.314,8,13489,13489,59.34,0,1,1,81,2,8,0,0,0,0,0,0,0,0,0,0,0,196,69.25,0,0,0,0,0,0,1,,,,,6,1,,0,1,0,1,0,0,0,,1,1,0,2,0,567,1,0,0,55,28.7357229955633,0,0,0,1,0,,0,0,0,0,0,,0,,,,0,0,0,,,0,135,0,29.4117647058824,3.38139475436598,1,0,0,1,81,0,0,,17270,,,,6.40643911885742,1,Q1,low,low,Q1-Q3,Q1-Q3,,,,,,
1,2810781050,2018-02-10,1172.5,2,1,202,59,128,108,0.73,13.2,154.6,5.9,12461,758.408796895214,6.6312225501552,2.93446601941748,1.07652550126527,0,,32.38,,1441.35,1,932.309184993532,6.83766450322616,1,,0,12461,,,,12461,0,,,2,4626,5726,12461,,,,,0,0,,,,0,0,,0,12461,C10AX06,1000 MG,C10,C10A,C10AX,C10AX06,81 MG,1,,,,1,1,1,,,,,"","",,,,,,,,,,,,1,0,0,0,1,1,1,0,0,0,0,,0.44,71.02,2,021909CJB,407.322,2.36,46,202.6,46,137.632,8,13250,13250,32.38,1,1,1,81,0,2,0,0,0,0,0,0,0,0,0,0,0,151,63.25,0,0,0,0,0,0,1,,,,,3,6,,0,1,1,0,0,0,0,1,1,1,0,2,0,567,1,0,0,74,26.5375912338789,0,0,1,1,1,,0,0,0,0,0,,0,,,,0,0,0,,,0,117.4,1,85.3816300129366,4.44713097242114,2,0,0,1,81,0,0,,17031,,,,9.36307156660757,1,Q1,low,low,Q1-Q3,Q1-Q3,,,,,,
1,2810781413,2017-11-13,4841.6,2,1,131,45,139,160,0.78,97.5,102.9,8.1,12057,4705.15063168125,8.45641306674212,1.3099209833187,0.269966817316524,1,,39.76,,1526.54,1,1483.51797862002,7.30217155871374,1,,,12057,,,,12057,0,,,1,4704,5718,12057,,,,12057,1,1,0,12057,1,0,0,,0,12057,C10AA05,10 MG,C10,C10A,C10AA,C10AA05,325 MG,1,,,1,1,1,1,,,1,,"","",,,,,,,,,,,,1,0,0,1,1,1,1,0,0,1,0,,11.37,86.82,2,012709bCJ,571.81,7.24,17,180.5,17,88.055,8,13345,13345,39.76,1,1,1,325,1,8,0,0,0,0,0,0,0,2,0,0,2,269,69.75,0,0,1,1,0,0,1,,,,,4,10,,0,1,1,1,0,1,1,,1,1,0,2,0,2275,2,1,1,61,38.8749164595103,0,1,1,1,1,,0,0,0,0,0,,0,,1,3,1,1,1,,,0,58.2,1,947.521865889213,6.85385001414594,3,1,0,1,97,1,1,12122,,7946,30,,48.5067075431056,1,Q4,high,high,Q4,Q4,IC,,,,,
1,2810782443,2018-01-14,4360.7,2,1,121,41,139,121,1.06,95.7,110.4,6.5,11924,3949.90942028986,8.28144792606005,1.18172983479106,0.166979326692063,1,,32.98,,1353.73,1,1226.20471014493,7.11167907657462,1,59.2,0,11924,0,3,41,11924,1,1185,13109,2,4364,5712,11924,,,,,0,0,,,,0,1,4,1,11924,C10AX09,40 MG,C10,C10A,C10AA,C10AA01,325,1,,,1,1,1,,1,,1,,C10AA01,"",,,,,,1,1,,,,,1,0,0,1,1,1,1,1,0,1,0,,1.31,61.75,2,021309CJB,273.984,2.66,40,170.9,40,113.901,8,12876,12876,32.98,1,1,1,325,1,2,0,0,0,0,0,0,0,0,1,0,1,174,62.5,0,0,0,0,0,0,1,,,,,3,6,,0,1,1,1,0,0,1,1,1,1,0,2,0,2275,2,1,0,68,31.3180581561163,0,1,1,1,1,141,0,1,0,1,0,,0,,,,0,0,0,,,0,52.2,1,866.847826086957,6.76486344359805,3,1,0,1,54,1,1,13597,15323,6286,7,3399,73.1464707461084,0,Q4,high,high,Q4,Q4,Coronary Insufficiency,9.30595482546201,1,0,0,0
1,2810782512,2017-12-16,1594.5,2,1,161,52,69,81,0.89,10.8,101.5,5.8,12646,1570.93596059113,7.35942687395636,1.2258064516129,0.20359895524124,1,,51.12,,2333.43,1,2298.94581280788,7.74020595458888,1,64.93,0,12646,0,3,,12646,0,,,2,4488,6444,12646,,,,,0,0,,,,0,0,4,0,12646,C10AA05,20 MG,C10,C10A,C10AA,C10AA05,81G,1,,,1,1,1,1,,,,,"","",,,,,,,,,,,,1,0,0,1,1,1,1,0,0,0,0,,2.53,45.01,2,020509CJB,506.602,1.05,28,228.1,28,135.603,8,13778,13778,51.12,1,1,1,81,1,2,1,1,1,0,0,0,0,0,0,0,0,114,64.5,,,,,,,1,,,,,6,2,,0,1,1,1,0,0,0,1,1,1,2,2,0,567,1,0,0,64,19.2659768770051,1,0,1,1,1,,0,0,0,0,0,,0,,,,0,0,0,,,0,95.2,1,106.4039408867,4.66724261463047,2,0,0,1,68,0,1,,17564,,,,23.1019994204578,1,Q3,high,high,Q1-Q3,Q1-Q3,,,,,,
1,2810782556,2017-09-30,2971.6,2,1,259,23,577,103,1,587.3,165.6,10.1,11585,1794.44444444444,7.49245075131458,1.52136075949367,0.419605170881977,1,,83.06,,1481.65,1,894.716183574879,6.79650655465964,1,67.87,0,11585,0,3,41,11585,1,2108,13693,1,4425,5659,11585,,,,11456,1,1,-3716,7869,,0,1,4,1,11585,C10AX09,10 MG,C10,C10A,C10AX,C10AX09,325 MG,1,,,1,1,1,,,1,1,,"","",,,,,,,,,,,,1,0,0,1,1,1,0,0,1,1,0,,8.19,752.5,2,011609CJB,406.522,5.55,9,261,9,162.649,8,13002,13002,83.06,1,1,1,325,1,8,0,0,0,0,0,0,0,1,0,1,0,226,67.75,0,0,0,0,0,0,1,,,,,7,1,,0,1,1,1,1,1,0,,1,1,0,2,0,2275,2,0,0,60,34.6174802179264,0,1,1,1,1,141,0,1,1,1,0,,0,,1,1,1,0,0,,,0,120.6,1,3546.49758454106,8.17371579955945,3,1,1,0,81,1,1,14199,,7768,6,,22.1536351165981,1,Q4,high,high,Q1-Q3,Q4,Angina,,,,,
1,2810782729,2017-12-02,649.5,2,1,143,42,271,139,1.05,3,72.6,6.2,12267,894.628099173554,6.796408100268,1.18215271389144,0.167337110208111,1,,40.1,,624.63,1,860.371900826446,6.75736473859255,1,71.97,0,12267,0,3,,12267,0,,,1,4550,5771,12267,14619,14619,2352,,0,0,,,,0,0,4,0,12267,C10AA01,10/20 MG,C09,C09A,C09AA,C09AA07,81 MG,1,,,1,,1,1,1,,1,,C09AA07,"",,,,,1,,,,,,,1,0,0,1,1,1,1,1,0,1,0,,1.15,79.9,2,020409CJB,393.476,3.29,26,120.8,26,84.235,8,13429,13429,40.1,1,1,1,81,1,8,0,0,0,0,0,0,0,0,0,0,0,190,69,0,0,0,0,0,0,1,,,,,3,6,,0,1,1,1,0,0,0,,1,1,0,2,0,567,1,0,0,76,28.0582791789402,0,1,1,1,1,,0,0,0,0,0,,0,,,,0,0,0,,,0,46.8,0,41.3223140495868,3.7214026458195,2,1,0,1,69,0,0,,17216,,,,12.9656246257037,1,Q2,low,low,Q1-Q3,Q1-Q3,,,,,,
1,2810782854,2017-11-23,405.2,2,1,161,90,102,93,,3,39.8,5.7,11516,1018.09045226131,6.92568404607223,,,,,40.18,,356.89,1,896.708542713568,6.79873088474832,1,70.95,0,11516,0,3,,11516,0,,,2,4273,5651,11516,13610,13610,2094,,0,0,,,,0,0,4,0,11516,B01AC06,325 MG,B01,B01A,B01AC,B01AC06,325 MG,1,,,,,,,,,,,"","",,,,,,,,,,,,1,0,0,0,0,0,0,0,0,0,0,,,56.12,2,013009CJB,,,20,338.4,20,92.742,8,12761,12761,40.18,0,3,2,325,0,2,0,0,0,0,0,0,0,0,0,0,0,100,59.75,0,0,0,0,0,0,1,,,,,4,0,,0,1,0,0,0,0,0,1,1,1,0,2,0,975,2,0,0,73,19.6938122557466,0,0,0,0,0,,0,0,0,0,0,,0,,,,0,0,0,,,0,50.6,0,75.3768844221106,4.32250065535986,2,0,0,0,,0,0,,16549,,,,,1,Q2,low,,,Q1-Q3,,,,,,
1,2810783731,2017-10-07,1154.8,2,1,196,54,74,109,0.85,4.4,143.8,5.6,11986,803.059805285118,6.68842918848993,2.99244712990937,1.09609149076154,0,,25.54,,1148.54,1,798.706536856745,6.68299359026039,1,63.64,0,11986,0,3,,11986,0,,,2,4517,5746,11986,14057,14057,2071,,0,0,,,,0,0,4,0,11986,C10AA05,10 MG,C10,C10A,C10AA,C10AA05,81 MG,1,,,,1,1,1,1,,,,"","",,,,,,,,,,,,1,0,0,0,1,1,1,1,0,0,0,,2.35,71.77,2,012009CJB,329.238,1.05,10,139.9,10,102.202,8,13386,13386,25.54,1,1,1,81,0,2,0,0,0,0,0,0,0,0,0,0,0,168,67.5,0,0,0,0,0,0,1,,,,,3,6,,0,1,1,0,0,0,0,1,1,1,0,2,0,567,1,0,0,63,25.9243185153037,0,0,1,1,1,,0,0,0,0,0,,0,,,,0,0,0,,,0,127.2,1,30.5980528511822,3.42093637461941,2,0,0,1,73,0,0,,17178,10660,6,5192,11.0008192504811,1,Q1,low,low,Q1-Q3,Q1-Q3,Angina,14.2149212867899,1,1,1,0
1,2810783762,2017-09-13,725.9,2,1,228,74,62,105,0.78,3,47,5.5,12095,1544.46808510638,7.34243484856883,1.91535433070866,0.649902634607523,0,,34.92,,1120.5,1,2384.04255319149,7.77655287751901,1,74.87,0,12095,0,3,,12095,0,,,2,4549,5817,12095,14233,14233,2138,,0,0,,,,0,0,4,0,12095,"","","","","","","",,,,,,,,,,,,"","",,,,,,,,,,,,0,0,0,0,0,0,0,0,0,0,0,,2.22,54.85,2,022109CJB,516.426,1.75,5,300.5,5,161.591,8,13574,13574,34.92,0,1,1,250,0,2,1,1,1,0,0,0,0,0,0,0,0,109,57.5,0,0,0,0,0,0,1,,,,,3,1,,0,0,0,0,0,0,0,1,1,1,2,,0,1750,2,0,0,63,23.1790921048761,1,0,0,0,0,,0,0,0,0,0,,0,,,,0,0,0,,,0,141.6,0,63.8297872340426,4.15621996594019,2,0,0,0,81,0,1,,17367,,,,19.0675072235356,1,Q3,high,high,Q1-Q3,Q1-Q3,,,,,,
1,2810785445,2017-12-16,701.8,2,1,199,75,66,90,0.83,7.3,73.2,5.5,11531,958.743169398907,6.86562322816994,2.77634961439589,1.02113697649982,0,,40.72,,551.72,1,753.715846994536,6.62501543622815,1,51.75,1,11531,1,2,12,11531,0,,,2,4148,5247,11531,14064,14064,2533,,0,0,,,,0,0,3,0,11531,M01AE01,12.5 MG,M01,M01A,M01AE,M01AE01,"",,1,,,,,,1,,,,"","",,,,,,,,,,,,0,1,0,0,0,0,0,1,0,0,0,,8.29,65.03,2,020509CJB,343.53,1.73,28,269.6,28,161.82,8,12665,12665,40.72,1,1,1,81,0,2,0,0,0,0,0,0,0,0,0,0,0,157,64.25,0,0,0,0,0,0,1,,,,,7,6,,0,1,1,0,0,0,0,1,1,1,0,2,0,567,1,0,0,72,26.7398521140515,0,0,1,0,1,,0,0,0,0,0,,1,13696,,,0,0,0,,,0,110.8,1,99.7267759562842,4.60243420616922,2,0,0,0,70,0,0,,16451,13696,12,4920,13.696330991413,0,Q2,low,low,Q1-Q3,Q1-Q3,TIA,13.4702258726899,1,1,1,0
1,2810785649,2018-01-08,1322.1,2,1,186,42,97,118,0.99,3,198.2,5.5,12745,667.053481331988,6.50287022460825,1.99472759226714,0.690507495789172,0,,38.14,,1500.75,1,757.189707366297,6.62961382622416,1,64.99,0,12745,0,3,,12745,0,,,1,4492,5794,12745,14769,14769,2024,15650,1,0,1736,14481,,0,0,4,0,12745,B01AC06,325 MG,B01,B01A,B01AC,B01AC06,325 MG,1,,,,,,,,,,,"","",,,,,,,,,,,,1,0,0,0,0,0,0,0,0,0,0,,4.14,129.3,2,021109bCJ,,,36,269.1,36,181.464,8,13760,13760,38.14,0,2,1,325,0,8,0,0,0,0,1,1,0,0,0,0,0,183,63.75,0,0,0,0,0,0,1,,,,,8,1,,0,1,0,0,0,0,0,,1,1,0,2,2,4550,2,0,0,67,31.6589366742747,0,0,0,0,0,,0,0,0,0,0,,0,,2,6,0,0,0,,,0,124.6,0,15.1362260343088,2.71709094575436,1,0,0,0,78,0,0,,17545,,,,8.55196770938446,1,Q1,low,low,Q1-Q3,Q1-Q3,,,,,,
1,2810786110,2017-10-25,772.6,2,1,174,63,72,96,0.79,3,104,5.5,12474,742.884615384615,6.6105407370789,1.53986928104575,0.431697530384996,1,,31.86,,1019.7,1,980.480769230769,6.8880430322169,1,62.15,0,12474,0,3,,12474,0,,,2,4537,5804,12474,14548,14548,2074,,0,0,,,,0,0,4,0,12474,M01AX05,1500/1200MG,M01,M01A,M01AX,M01AX25,"",,1,,1,,1,1,1,,,,M01AX25,"",,1,,,,,,,,,,0,1,0,1,0,1,1,1,0,0,0,,0.3,43.33,2,012209CJB,287.342,0.68,12,114.5,12,83.778,8,13842,13842,31.86,1,1,1,81,0,2,0,0,0,0,0,0,0,0,0,0,0,180,64,0,0,0,0,0,0,1,,,,,3,2,,0,0,1,0,0,0,0,1,1,1,0,,0,567,1,0,0,60,30.8971321067642,0,0,1,1,1,,0,0,0,0,0,,0,,,,0,0,1,,,0,96.6,0,28.8461538461539,3.36197666850887,1,0,0,1,81,0,0,,17634,,,,9.17141500474834,1,Q1,low,low,Q1-Q3,Q1-Q3,,,,,,
1,2810787590,2018-01-14,4856,2,1,178,45,77,109,1.01,3,109,5.6,12762,4455.04587155963,8.40179263649828,2.28367346938776,0.825785317207253,0,,44.9,,1166.04,1,1069.76146788991,6.9751909753983,1,75.42,0,12762,0,3,,12762,0,,,1,4581,5831,12762,14492,14492,1730,13037,1,0,275,13037,,0,0,4,0,12762,C10AA01,40 MG,C10,C10A,C10AA,C10AA01,"",,,,1,1,1,1,1,,,,"","",,,,,,,,,,,,0,0,0,1,1,1,1,1,0,0,0,,3.94,57.21,2,021309CJB,269.748,2.73,40,201,40,132.849,8,13710,13710,44.9,1,5,2,81,0,8,0,0,0,0,0,0,0,0,0,0,0,225,66.5,0,0,0,0,0,0,1,,,,,4,6,,0,1,1,0,0,0,0,,1,1,0,2,0,405,1,0,0,71,35.7721332775471,0,0,1,1,1,,0,0,0,0,0,,0,,1,1,0,0,0,,,0,117.6,0,27.5229357798165,3.3150196854211,1,0,0,1,74,1,1,,17494,,,,60.2033225886437,1,Q4,high,high,Q4,Q4,,,,,,
1,2810787752,2018-01-13,1230.1,2,1,293,53,73,97,1.1,3,125.6,5.2,12011,979.37898089172,6.88691867782873,1.18788249694002,0.172172307749062,1,,17.32,,1125.55,1,896.138535031847,6.79809501601417,1,67.79,0,12011,0,3,,12011,0,,,1,4399,5694,12011,14003,14003,1992,,0,0,,,,0,0,4,0,12011,M01AX05,"",M01,M01A,M01AX,M01AX25,81 MG,1,1,,,,1,1,,,,,M01AX25,"",,1,,,,,,,,,,1,1,0,0,0,1,1,0,0,0,0,,1.42,87.27,2,021309CJB,393.236,1.29,39,236.6,39,175.434,8,12967,12967,17.32,0,1,1,81,0,8,0,0,0,0,0,0,0,0,0,0,0,225,69.25,0,0,0,0,0,0,1,,,,,6,1,,0,1,0,0,0,0,0,,1,1,0,2,0,567,1,0,0,61,32.9874371122538,0,0,0,1,0,,0,0,0,0,0,,0,,,,0,0,0,,,0,225.4,0,23.8853503184713,3.17326531361615,1,0,0,1,72,0,0,,16751,12838,6,4740,13.6024858457183,0,Q2,low,low,Q1-Q3,Q1-Q3,Angina,12.9774127310062,1,1,1,0
1,2810787877,2018-01-28,579.3,2,1,145,59,65,111,0.91,3,81.4,6,11782,711.670761670762,6.56761539108218,2.02373887240356,0.7049467274911,0,,38.9,,968.34,1,1189.60687960688,7.08137817825538,1,65.87,0,11782,0,3,1,11782,0,,,1,4430,5649,11782,13442,13442,1660,,0,0,,,,0,0,4,0,11782,C10AA05,40 MG,C10,C10A,C10AA,C10AA05,81 MG,1,,,,1,1,1,,,,,"","",,,,,,,,,,,,1,0,0,0,1,1,1,0,0,0,0,,0.8,85.56,2,021709CJB,299.174,1.03,42,195.3,42,113.815,8,12687,12687,38.9,1,1,1,81,0,8,0,0,0,0,0,0,0,0,0,0,0,201,66.25,0,0,0,0,0,0,1,,,,,7,2,,0,1,1,0,0,0,0,,1,1,0,2,0,567,1,0,0,64,32.198074791308,0,0,1,1,1,140,0,1,1,0,1,11890,0,,,,0,0,0,,,0,73,0,36.8550368550369,3.60699229464175,2,0,0,1,89,0,0,,16471,11890,1,4689,7.9963006929299,0,Q1,low,low,Q1-Q3,Q1-Q3,MI,12.8377823408624,1,1,1,0
1,2810788379,2018-07-06,20000,3,,,,,,,4.5,111.3,,12321,17969.4519317161,9.79642848024272,,,,,,,617.63,,554.92362982929,6.31883050036696,1,67.64,0,12321,0,3,12,12321,0,,,2,4636,5859,12321,14977,14977,2656,10592,1,1,-1729,10592,,0,0,4,0,12321,C09CA01,50 MG,C09,C09C,C09CA,C09CA01,"",,,1,,1,,,1,,,,"","",,,,,,,,,,,,0,0,1,0,1,0,0,1,0,0,0,,,,,"",,,,,,,,,,,1,1,1,81,0,2,0,0,0,0,0,0,0,0,0,0,0,152,61.75,0,0,0,0,0,0,1,,,,,4,0,,0,1,1,0,0,0,0,1,1,1,0,2,0,567,1,0,0,81,28.0269137305637,0,0,1,0,1,,0,0,0,0,0,,1,9849,1,1,1,0,1,,,0,,1,40.4312668463612,3.69960341747691,2,,0,0,,1,1,,17109,9849,12,4788,,0,Q4,high,,,Q4,TIA,13.1088295687885,1,1,1,0
1,2810788692,2017-11-23,1528.7,2,1,147,38,133,258,1.93,57.3,117.6,8.7,11628,1299.91496598639,7.17005413053055,2.07238229093465,0.728698810725424,0,,60.06,,698.84,1,594.251700680272,6.38730296812981,1,70.06,0,11628,0,3,,11628,0,,,1,,5666,11628,13834,13834,2206,,0,0,,,,0,0,4,0,11628,C10AA05,5 MG,C10,C10A,C10AA,C10AA05,500 MG,1,,,,,1,1,1,,1,,"","",,,,,,,,,,,,1,0,0,0,0,1,1,1,0,1,0,,0.95,51.55,2,013009CJB,488.496,2.08,20,191.6,20,156.876,8,12865,12865,60.06,1,1,1,500,1,8,0,0,0,0,0,0,0,0,0,0,0,136,66.25,0,0,0,0,0,0,1,,,,,3,6,,0,1,1,1,0,0,0,,1,1,0,2,0,3500,2,0,0,82,21.7857620478502,0,1,1,1,1,,0,0,0,0,0,,0,,,,0,0,0,,,0,82.4,1,487.244897959184,6.1887668672383,3,1,0,1,32,0,1,14532,,14532,28,2904,40.6223426870748,0,Q3,low,high,Q4,Q1-Q3,Death,7.95071868583162,1,0,0,0
1,2810789133,2018-01-13,1086.8,2,1,145,40,134,108,0.95,3.4,78.8,5.7,11979,1379.18781725888,7.22925006667645,,,,,44.42,,958.83,1,1216.78934010152,7.10397098030638,1,80.22,0,11979,0,3,1,11979,0,,,1,4390,5677,11979,13978,13978,1999,,0,0,,,,0,0,4,0,11979,C10AX06,1000 MG,C10,C10A,C10AX,C10AX06,325 MG,1,,,1,1,1,1,1,,,,"","",,,,,,,,,,,,1,0,0,1,1,1,1,1,0,0,0,,1.87,69.81,2,021309CJB,423.852,3.22,39,181.7,39,142.938,8,12953,12953,44.42,1,1,1,325,0,8,0,0,0,0,0,0,0,0,0,1,0,160,62.75,0,0,0,0,0,0,1,,,,,3,6,,0,1,1,0,1,0,0,,1,1,0,2,0,2275,2,0,0,77,28.5692036598911,0,0,1,1,1,140,0,1,1,0,1,11912,0,,,,0,0,0,,,0,78.2,0,43.1472081218274,3.76461771374042,2,0,0,1,77,0,1,,16737,11912,1,4758,17.9115300942712,0,Q3,high,high,Q1-Q3,Q1-Q3,MI,13.0266940451745,1,1,1,0
1,2810790791,2017-10-28,1393,2,1,171,37,261,126,1.05,3,110.1,5.4,12425,1265.21344232516,7.14299611603926,1.19897523484202,0.181467220988039,1,,33.16,,1132.9,1,1028.97366030881,6.9363171381389,1,78.79,0,12425,0,3,41,12425,1,3806,16231,2,4538,5785,12425,14486,14486,2061,13318,1,0,296,12721,,0,1,4,1,12425,M01AE01,200 MG,M01,M01A,M01AE,M01AE01,325 MG,1,1,,1,1,1,1,1,,,,"","",,,,,,,,,,,,1,1,0,1,1,1,1,1,0,0,0,,1.02,35.64,2,012309CJB,405.63,2.32,13,280.5,13,209.796,8,13772,13772,33.16,1,1,1,325,0,2,0,0,0,0,0,0,1,1,0,1,0,162,63.5,0,0,0,0,0,0,1,,,,,3,6,,0,1,1,0,1,1,0,1,1,1,0,2,0,2275,2,0,0,75,28.2470550681073,0,0,1,1,1,140,0,1,1,0,0,,0,,1,7,0,0,0,,,0,81.8,0,27.2479564032698,3.30497852392161,1,0,0,1,52,0,1,,17564,12043,6,5139,24.3310277370223,1,Q3,low,high,Q4,Q1-Q3,Angina,14.0698151950719,1,1,1,0
1,2810791684,2018-01-13,405.8,2,1,174,39,121,94,1.11,3,66.8,5,12302,607.48502994012,6.40932753283721,1.19221041982802,0.175809079765514,1,,41.88,,769.2,1,1151.49700598802,7.04881811916012,1,61.51,0,12302,0,3,,12302,0,,,1,4614,5744,12302,14429,14429,2127,,0,0,,,,0,0,4,0,12302,M01AX05,1500+1200 MG,M01,M01A,M01AX,M01AX25,81 MG,1,1,,,,1,1,,,,,M01AX25,"",,1,,,,,,,,,,1,1,0,0,0,1,1,0,0,0,0,,1.63,56.18,2,021309CJB,340.05,2.51,39,96.8,39,94.304,8,13262,13262,41.88,0,1,1,81,0,8,0,0,0,0,0,0,0,0,0,0,0,206,75,0,0,0,0,0,0,1,,,,,8,1,,0,1,0,0,0,0,0,,1,1,0,2,0,567,1,0,0,61,25.748403496807,0,0,0,1,0,,0,0,0,0,0,,0,,,,0,0,0,,,0,110.8,0,44.9101796407186,3.80466448710765,2,0,0,1,71,0,0,,17046,,,,8.55612718225521,1,Q1,low,low,Q1-Q3,Q1-Q3,,,,,,
1,2810792326,2017-11-18,1265.1,2,1,120,31,216,172,0.83,10.5,144.8,7.9,11724,873.687845303867,6.7727231554571,1.95,0.667829372575655,0,,46,,1148.55,1,793.197513812155,6.67607226226372,1,62.5,0,11724,0,3,,11724,0,,,1,4399,5649,11724,13728,13728,2004,,0,0,,,,0,0,4,0,11724,C10AA05,10 MG,C10,C10A,C10AA,C10AA05,325 MG,1,,,,1,1,1,,,1,,"","",,,,,,,,,,,,1,0,0,0,1,1,1,0,0,1,0,,0.37,125.6,2,012909CJB,388.08,0.75,19,72.1,19,72.222,8,12974,12974,46,1,1,1,325,1,8,0,0,0,0,0,0,0,0,0,1,0,208,68.75,0,0,0,0,0,0,1,,,,,3,1,,0,1,1,1,1,0,0,,1,1,0,2,0,2275,2,0,0,60,30.9402303432706,0,1,1,1,1,140,0,1,1,0,0,,0,,,,0,0,0,,,0,45.8,1,72.5138121546961,4.283777056194,2,1,0,1,96,0,0,,16765,8531,6,5041,9.10091505524862,0,Q2,low,low,Q1-Q3,Q1-Q3,Angina,13.8015058179329,1,1,1,0
1,2810792436,2017-08-26,1510.6,2,1,136,44,87,108,1.41,3,117.3,6.2,11982,1287.80903665814,7.16069763220801,1.32038834951456,0.277925897506416,1,,38.38,,950.61,1,810.409207161125,6.69753931412503,1,66.08,0,11982,0,3,,11982,0,,,1,4566,5774,11982,14212,14212,2230,,0,0,,,,0,0,4,0,11982,C10AA05,20 MG,C10,C10A,C10AA,C10AA05,325 MG,1,,,1,1,1,1,,,,,"","",,,,,,,,,,,,1,0,0,1,1,1,1,0,0,0,0,,1.21,32.2,2,010909CJB,670.098,3.97,1,175.2,1,121.913,8,13569,13569,38.38,1,1,1,325,0,8,0,0,0,0,0,0,0,0,0,0,0,185,66.75,0,0,0,0,0,0,1,,,,,7,6,,0,1,1,0,0,0,0,,1,1,0,2,0,2275,2,0,0,76,29.1927360776827,0,0,1,1,1,141,0,1,0,1,0,,0,,,,0,0,0,,,0,74.6,0,25.5754475703325,3.24163281199082,1,0,0,1,48,0,1,,17363,,,,26.8293549303779,1,Q3,low,high,Q4,Q1-Q3,,,,,,
1,2810793884,2017-10-01,1584.5,2,1,144,31,92,105,0.95,5.8,102.8,5.5,12392,1541.34241245136,7.340409012098,2.03707518022657,0.711515043891333,0,,49.14,,1970.84,1,1917.15953307393,7.55859995975723,1,65.64,0,12392,0,3,,12392,0,,,1,4561,5812,12392,14556,14556,2164,,0,0,,,,0,0,4,0,12392,M01AE01,200 MG,M01,M01A,M01AE,M01AE01,81 MG,1,1,,,1,1,,,,,,"","",,,,,,,,,,,,1,1,0,0,1,1,0,0,0,0,0,,1.13,200.1,2,012009CJB,504.572,18.77,9,136.7,9,158.495,8,13802,13802,49.14,1,1,1,81,0,8,0,0,0,0,0,0,0,0,0,0,0,276,70.25,0,0,0,0,0,0,1,,,,,5,1,,0,1,1,0,0,0,0,,1,1,0,2,0,567,1,0,0,54,39.3207721484654,0,0,1,1,1,,0,0,0,0,0,,0,,,,0,0,0,,,0,94.6,1,56.420233463035,4.03282784351345,2,0,1,0,90,0,1,,15794,,,,17.1260268050151,1,Q3,high,low,Q1-Q3,Q1-Q3,,,,,,
1,2810794202,2018-12-17,2737.3,2,1,153,45,108,88,0.87,3,177.9,5.8,12553,1538.67341202923,7.33867590341136,1.51623376623377,0.416229474695323,1,,39.5,,1283.27,1,721.343451377178,6.58111537806289,1,66.04,0,12553,0,3,12,12553,0,,,1,4612,6813,12553,14518,14518,1965,13505,1,0,936,13489,,0,0,4,0,12553,C10AA05,40 MG,C10,C10A,C10AA,C10AA05,325 MG,1,,,1,,1,1,,,,,"","",,,,,,,,,,,,1,0,0,1,0,1,1,0,0,0,0,,0.32,55.88,2,020609CJB,,,29,124.3,29,129.163,8,13665,13665,39.5,0,1,1,325,0,8,0,0,0,0,0,0,0,0,0,0,0,187,71.5,0,0,0,0,0,0,1,,,,,8,6,,0,1,0,0,0,0,0,,1,1,0,2,0,2275,2,0,0,79,25.7178782243525,0,0,0,1,0,140,0,1,1,0,0,,1,14066,2,1,0,0,1,,,0,86.4,0,16.8634064080944,2.82514597297846,1,0,0,1,82,0,1,16153,,9765,6,,18.7643099027955,1,Q3,high,high,Q1-Q3,Q1-Q3,Angina,,,,,
1,2810794286,2018-01-14,1041.6,2,1,143,36,127,110,1.16,42.7,251,5.7,11603,414.980079681275,6.02823051831061,1.19544198895028,0.178515982230548,1,,45.96,,1704.08,1,678.916334661355,6.52049790150034,1,55.15,0,11603,0,3,,11603,0,,,1,,5642,11603,13604,13604,2001,13604,1,0,476,12079,,0,0,4,0,11603,C10AA01,40 MG,C10,C10A,C10AA,C10AA01,325 MG,1,,,1,1,1,1,1,,,,"","",,,,,,,,,,,,1,0,0,1,1,1,1,1,0,0,0,,6.51,133.5,2,021309CJB,429.586,4.94,40,163.7,40,114.587,8,12555,12555,45.96,1,1,1,325,0,8,0,0,0,0,0,0,0,0,0,1,0,275,72,0,0,0,0,0,0,1,,,,,5,1,,0,1,1,0,1,0,0,,1,1,0,2,0,2275,2,0,0,63,37.2969495938992,0,0,1,1,1,140,0,1,1,0,0,,0,,1,3,0,0,0,,,0,81.6,1,170.119521912351,5.13650126008493,2,0,0,1,67,0,0,,16339,6797,30,4736,6.19373253255634,0,Q1,low,low,Q1-Q3,Q1-Q3,IC,12.9664613278576,1,1,1,0
1,2810794521,2017-10-28,2778.2,2,1,127,49,70,109,0.95,6.6,170.4,5.6,12236,1630.39906103286,7.39658008655617,1.32793522267206,0.283625271756167,1,,35.38,,1805.85,1,1059.77112676056,6.96580824564202,1,64.09,0,12236,0,3,1,12236,0,,,1,4557,5771,12236,,,,13877,1,0,220,12456,,0,0,4,0,12236,C10AA05,40 MG,C10,C10A,C10AA,C10AA05,325 MG,1,,1,1,,1,1,,,,,"","",,,,,,,,,,,,1,0,1,1,0,1,1,0,0,0,0,,0.65,86.24,2,012309CJB,664.412,3.17,14,167.8,14,117.121,8,13576,13576,35.38,1,1,1,325,0,8,0,0,0,0,0,0,0,0,0,0,0,211,72.5,0,0,0,0,0,0,1,,,,,3,6,,0,0,1,0,0,0,0,,1,1,0,,0,2275,2,0,0,79,28.2235770179032,0,0,1,1,1,140,0,1,1,0,1,5683,0,,2,2,0,0,0,,,0,64,1,38.7323943661972,3.6566763136193,2,0,0,1,76,0,1,,17368,5116,6,5132,21.4526192241166,1,Q3,high,high,Q1-Q3,Q1-Q3,Angina,14.0506502395619,1,1,1,0
1,2810795677,2017-09-23,1120,2,1,183,29,558,115,1.08,331.2,107,5.8,12387,1046.72897196262,6.95342531581533,1.71428571428571,0.538996500732687,0,,51.8,,1068.04,1,998.168224299065,6.90592182352849,1,67.65,0,12387,0,3,1,12387,0,,,1,4544,6059,12387,,,,,0,0,,,,0,0,4,0,12387,M01AX25,"",M01,M01A,M01AX,M01AX25,"",,1,,,,,,,,,,"","",,,,,,,,,,,,0,1,0,0,0,0,0,0,0,0,0,,7.09,149.7,2,011509CJB,482.052,3.73,7,209.3,7,144.891,8,13834,13834,51.8,2,1,1,81,0,8,0,0,0,0,0,0,0,0,0,0,0,204,64,0,0,0,0,0,0,1,,,,,4,6,,0,1,1,0,0,0,0,,1,1,0,2,0,567,1,0,0,77,35.0167497209994,0,0,0,0,1,140,0,1,1,0,1,12441,0,,,,0,0,0,,,0,42.4,1,3095.32710280374,8.03764886703134,3,0,0,0,66,0,0,14561,12846,12331,6,459,15.8595298782215,0,Q2,low,low,Q1-Q3,Q1-Q3,Angina,1.25667351129363,0,0,0,0
1,2810796109,2017-12-14,892,2,1,151,63,159,95,0.74,3.7,147.4,5.7,12601,605.156037991859,6.40548633881287,1.32740213523132,0.28322375031007,1,,41.1,,1655.74,1,1123.29715061058,7.02402352402059,1,75.31,0,12601,0,3,,12601,0,,,2,,5817,12601,15099,15099,2498,,0,0,,,,0,0,4,0,12601,C10AA05,10 MG,C10,C10A,C10AA,C10AA05,325 MG,1,,,,,1,1,,,,,"","",,,,,,,,,,,,1,0,0,0,0,1,1,0,0,0,0,,4.55,66.01,2,020409CJB,316.268,2.87,26,241.5,26,168.641,8,13755,13755,41.1,0,1,1,325,0,2,1,1,1,0,0,0,0,0,0,0,0,159,63.5,0,0,0,0,0,0,1,,,,,8,1,,0,1,0,0,0,0,0,1,1,1,2,2,0,2275,2,0,0,54,27.7239614557349,1,0,0,1,0,,0,0,0,0,0,,0,,,,0,0,0,,,0,56.2,0,25.1017639077341,3.22293811887708,1,0,0,1,92,0,0,,17542,,,,6.57778302165064,1,Q1,low,low,Q1-Q3,Q1-Q3,,,,,,
1,2810796640,2018-01-10,2204,2,1,209,55,115,120,0.73,3.8,75.9,5.5,11516,2903.8208168643,7.97378267185931,1.54529914529915,0.43521751316032,1,,30.06,,977.43,1,1287.78656126482,7.16068017962862,1,72.6,0,11516,0,3,12,11516,0,,,1,4161,5674,11516,13561,13561,2045,,0,0,,,,0,0,4,0,11516,B01AC06,81 MG,B01,B01A,B01AC,B01AC06,81 MG,1,,,,,,,,,,,"","",,,,,,,,,,,,1,0,0,0,0,0,0,0,0,0,0,,2.19,217.7,2,021209CJB,211.088,4.3,38,170.5,38,125.79,8,12499,12499,30.06,0,1,1,81,0,8,0,0,0,0,0,0,0,0,0,0,0,195,68.5,,,,,,,1,,,,,3,8,,0,1,0,0,0,0,0,,1,1,0,2,0,567,1,0,0,70,29.2185783369915,0,0,0,0,0,,0,0,0,0,0,,1,14067,,,0,0,1,,,0,131,0,50.0658761528327,3.91333966131289,2,0,0,0,94,1,1,15426,16232,14067,12,4716,30.8917108177053,0,Q4,high,high,Q4,Q4,TIA,12.911704312115,1,1,1,0
1,2810796746,2018-01-01,1562.6,2,1,201,49,107,137,1.43,4.4,148.8,6.9,12732,1050.13440860215,6.95667344315174,1.13646368305209,0.127921408720336,1,,66.14,,1264.67,1,849.912634408602,6.74513356115312,1,74.37,0,12732,0,3,,12732,0,,,1,4593,5771,12732,15086,15086,2354,14643,1,0,1911,14643,,0,0,4,0,12732,C10AB05,145 MG,C10,C10A,C10AB,C10AB05,325 MG,1,,,1,1,1,1,,,,,"","",,,,,,,,,,,,1,0,0,1,1,1,1,0,0,0,0,,1.29,217.5,2,021009CJB,482.234,1.31,33,249.3,33,177.025,8,13785,13785,66.14,1,1,1,325,1,8,0,0,0,0,0,0,0,0,0,0,0,192,71,0,0,0,0,0,0,1,,,,,8,7,,0,1,1,1,0,0,0,,1,1,0,2,0,2275,2,0,0,75,26.778740325979,0,0,1,1,1,,0,0,0,0,0,,0,,2,1,0,0,1,,,0,130.6,1,29.5698924731183,3.38675669750736,1,1,0,1,48,0,0,,17570,15272,30,4838,21.8778001792115,0,Q2,low,high,Q1-Q3,Q1-Q3,IC,13.2457221081451,1,1,1,0
1,2810797253,2017-11-26,806,2,1,149,59,88,96,1.25,69.3,135.3,5.2,11656,595.713229859571,6.38975939331798,,,,,43.96,,10,1,7.3909830007391,2.00026074380539,1,,2,11656,,,1,11656,0,,,1,4355,5868,11656,13916,13916,2260,8725,1,1,-2931,8725,,0,0,,0,11656,C10AX09,80 MG,C10,C10A,C10AA,C10AA01,325 MG,1,,,1,1,1,,1,,,,C10AA01,"",,,,,,1,1,,,,,1,0,0,1,1,1,1,1,0,0,0,,0.6,94.22,2,020309CJB,291.148,1.11,22,111.9,22,78.814,8,12865,12865,43.96,1,1,1,325,0,8,0,0,0,0,0,0,0,0,0,0,0,171,67.5,0,0,0,0,0,0,1,,,,,8,7,,0,1,1,0,0,0,0,,1,1,0,2,0,2275,2,0,0,75,26.3872527745056,0,0,1,1,1,141,0,1,1,1,1,5655,0,,1,1,1,0,0,,,0,72.4,1,512.195121951219,6.23870565000125,3,0,0,1,56,0,0,,16653,566,6,4997,10.6377362474923,0,Q1,low,low,Q1-Q3,Q1-Q3,Angina,13.6810403832991,1,1,1,0
1,2810798167,2017-11-26,2030.6,2,1,194,61,181,121,0.91,3,28.4,5.9,12167,7150,8.87486763568805,1.81477398015435,0.595960931121878,0,,43.22,,622.34,1,2191.33802816901,7.69226760800996,1,72.02,0,12167,0,3,,12167,0,,,2,4635,5727,12167,15057,15057,2890,,0,0,,,,0,0,4,0,12167,C10AA02,40 MG,C10,C10A,C10AA,C10AA02,"",,,,,1,1,1,1,,,,"","",,,,,,,,,,,,0,0,0,0,1,1,1,1,0,0,0,,5.15,269.3,2,020309CJB,514.368,1.44,23,197.6,23,142.671,8,13363,13363,43.22,1,1,1,81,0,2,0,0,0,0,0,0,0,0,0,0,0,217,65.75,0,0,0,0,0,0,1,,,,,4,0,,0,1,1,0,0,0,0,1,1,1,0,2,0,567,1,0,0,71,35.2918018505007,0,0,1,1,1,,0,0,0,0,0,,0,,,,0,0,0,,,0,96.8,0,105.633802816901,4.65997842248309,2,0,0,1,63,1,1,,16382,9527,6,4215,113.492063492064,0,Q4,high,high,Q4,Q4,Angina,11.5400410677618,1,1,0,0
1,2810798431,2017-12-02,218.8,2,1,234,82,117,92,0.56,3,12.1,5.5,12565,1808.26446280992,7.50012280393322,2.56327724945135,0.941286615332332,0,,62.72,,209.78,1,1733.71900826446,7.45802409591885,1,66.94,0,12565,0,3,,12565,0,,,2,4644,5793,12565,14639,14639,2074,,0,0,,,,0,0,4,0,12565,B01AC06,81 MG,B01,B01A,B01AC,B01AC06,81 MG,1,,,,,,,,,,,"","",,,,,,,,,,,,1,0,0,0,0,0,0,0,0,0,0,,2.03,55.87,2,020409CJB,465.448,1.08,25,151,25,143.576,8,13734,13734,62.72,0,1,1,81,0,2,0,0,0,0,0,0,0,0,0,0,0,132,62,0,0,0,0,0,0,1,,,,,3,6,,0,1,0,0,0,0,0,1,1,1,0,2,0,567,1,0,0,65,24.1432740929998,0,0,0,0,0,,0,0,0,0,0,,0,,,,0,0,0,,,0,128.6,0,247.933884297521,5.51316211504755,2,0,0,0,98,1,1,,17522,,,,18.4516781919379,1,Q4,high,high,Q1-Q3,Q4,,,,,,
1,2810798464,2017-12-23,1923.1,2,1,140,42,148,113,1.05,3.4,148.4,6.1,12365,1295.88948787062,7.16695260157161,1.99210734017364,0.689193043339965,0,,34.78,,1797.16,1,1211.02425876011,7.09922177535915,1,65.15,0,12365,0,3,12,12365,0,,,1,4538,5716,12365,,,,14055,1,0,1690,14055,,0,0,4,0,12365,C10AA05,20 MG,C10,C10A,C10AA,C10AA05,81 MG,1,,,,,1,1,,,,,"","",,,,,,,,,,,,1,0,0,0,0,1,1,0,0,0,0,,2.33,66.1,2,020609CJB,483.114,1.57,30,270.1,30,149.826,8,13472,13472,34.78,0,1,1,81,0,8,0,0,0,0,0,0,0,0,0,0,0,181,69.5,0,0,0,0,0,0,1,,,,,3,6,,0,1,0,0,0,0,0,,1,1,0,2,0,567,1,0,0,73,26.3459933782866,0,0,0,1,0,141,0,1,0,1,1,14047,1,5567,1,1,0,0,0,,,0,68.4,0,22.911051212938,3.13161937987097,1,0,0,1,70,0,1,,17258,5567,12,4893,18.5127069695803,0,Q3,low,high,Q1-Q3,Q1-Q3,TIA,13.3963039014374,1,1,1,0
1,2810799136,2017-10-28,257.6,2,1,224,71,127,111,0.96,3,24.5,5.5,12404,1051.42857142857,6.95790506266761,2.0826140567201,0.733623862692387,0,,33.08,,1122.46,1,4581.4693877551,8.42977505267501,1,74.75,0,12404,0,3,41,12404,1,3763,16167,2,4487,5792,12404,14475,14475,2071,,0,0,,,,0,1,4,1,12404,M01AX05,TAB,M01,M01A,M01AX,M01AX25,81 MG,1,1,,,1,1,,,,,,M01AX25,"",,1,,,,,,1,,,,1,1,0,0,1,1,0,1,0,0,0,,0.4,113.7,2,012309CJB,425.766,2.05,14,215.8,14,118.502,8,13743,13743,33.08,1,1,1,81,0,2,0,0,0,0,0,0,0,0,0,0,0,242,60,0,0,0,0,0,0,1,,,,,3,8,,0,1,1,0,0,0,0,1,1,1,0,2,0,567,1,0,0,76,47.2626945253891,0,0,1,0,1,,0,0,0,0,0,,0,,,,0,0,0,,,0,127.6,0,122.448979591837,4.80769445009957,2,0,1,0,57,0,0,16202,,16167,41,,18.4461152882206,1,Q2,low,high,Q1-Q3,Q1-Q3,CHF,,,,,
1,2810799596,2018-01-01,439.7,2,,,,,,,3,46.6,,12167,943.562231759657,6.84966232104326,1.79973297730307,0.587638307955033,0,,,,935.72,,2007.98283261803,7.60488593128206,1,69.33,0,12167,0,3,12,12167,0,,,1,4476,5720,12167,,,,,0,0,,,,0,0,4,0,12167,C10AX06,2-/125 MG,C03,C03A,C03AA,C03AA03,81 MG,1,,,1,1,1,1,,,,1,C03AA03,"",,,,,,,,1,,,,1,0,0,1,1,1,1,1,0,0,1,,,,,"",,,,,,,,,,,1,3,2,81,0,8,1,1,1,0,0,0,0,0,0,0,1,214,65.75,0,0,0,0,1,1,1,,,,,4,6,,0,1,1,0,0,0,1,,1,1,2,2,0,243,1,1,1,69,34.8038967557933,1,0,1,1,1,141,1,1,0,1,1,10188,1,11075,,,0,0,0,,,0,,0,64.3776824034335,4.16476702651865,2,,0,1,,0,0,13880,,3468,6,,,1,Q2,low,,,Q1-Q3,Angina,,,,,
1,2810799932,2017-10-25,4458.7,2,1,155,52,143,159,0.72,7.9,141.7,6.8,11915,3146.57727593507,8.05407056199644,1.37837837837838,0.320907720080101,1,,38.26,,1466.8,1,1035.14467184192,6.94229647548863,1,64.67,0,11915,0,3,,11915,0,,,2,4628,5721,11915,14200,14200,2285,,0,0,,,,0,0,4,0,11915,M01AX25,400 MG,M01,M01A,M01AX,M01AX25,81 MG,1,1,,,,1,1,,,1,,"","",,,,,,,,,,,,1,1,0,0,0,1,1,0,0,1,0,,6.02,159.1,2,012209CJB,360.884,1.8,12,85,12,71.078,8,13282,13282,38.26,1,1,1,81,1,2,0,0,0,0,0,0,0,0,0,0,0,166,64.25,0,0,0,0,0,0,1,,,,,4,0,,0,1,1,1,0,0,0,1,1,1,0,2,0,567,1,0,0,73,28.2727098785512,0,1,1,1,1,,0,0,0,0,0,,0,,,,0,0,0,,,0,74.4,1,55.7515878616796,4.02090589175848,2,1,0,1,83,1,1,,17074,,,,37.9105695895792,1,Q4,high,high,Q4,Q4,,,,,,
1,2810800093,2017-12-31,1316.5,2,1,157,48,66,119,0.78,107.3,55.7,5.8,12581,2363.55475763016,7.76792201799122,,,,,56.78,,746.22,1,1339.71274685817,7.20021050194856,1,64.5,0,12581,0,3,12,12581,1,464,13045,2,4749,5847,12581,,,,12581,1,1,-3256,9325,,0,1,4,1,12581,C07AB03,50 MG,C07,C07A,C07AB,C07AB03,81 MG,1,,,1,,,,1,,,1,"","",,,,,,,,,,,,1,0,0,1,0,0,0,1,0,0,1,,1.29,49.12,2,021009CJB,445.502,16.02,33,232.3,33,162.973,8,13639,13639,56.78,1,1,1,81,0,2,0,0,0,0,0,0,0,1,0,0,0,117,64.5,0,0,0,0,0,0,1,,,,,7,6,,0,1,1,0,0,1,0,1,1,1,0,2,0,567,1,0,0,72,19.7729762685053,0,0,1,0,1,,0,0,0,0,0,,1,10337,1,3,1,1,0,,,0,95.8,1,1926.39138240575,7.56340378168555,3,0,0,0,76,1,1,13096,,10337,12,,31.09940470566,1,Q4,high,high,Q4,Q4,TIA,,,,,
1,2810800403,2017-12-14,156.4,2,1,176,76,48,92,0.7,3.5,31.5,5.4,11959,496.507936507937,6.20759946826771,2.6399730820996,0.970768720931848,0,,25.98,,297.79,1,945.365079365079,6.85157118025899,1,66.39,0,11959,0,3,,11959,0,,,2,4286,5629,11959,13787,13787,1828,,0,0,,,,0,0,4,0,11959,M01AH01,200 MG,M01,M01A,M01AH,M01AH01,325 MG,1,1,,1,,1,1,,,,,"","",,,,,,,,,,,,1,1,0,1,0,1,1,0,0,0,0,,0.39,32.77,2,020409bCJ,332.372,1.78,26,189.3,26,125.752,8,13112,13112,25.98,0,1,1,325,0,2,0,0,0,0,0,0,0,0,0,0,0,171,65.75,0,0,0,0,0,0,1,,,,,3,6,,0,1,0,0,0,0,0,1,1,1,0,2,0,2275,2,0,0,69,27.8105903983209,0,0,0,1,0,,0,0,0,0,0,,0,,,,0,0,1,,,0,90.4,0,111.111111111111,4.71053070164592,2,0,0,1,88,0,0,,16899,,,,5.64213564213564,1,Q1,low,low,Q1-Q3,Q1-Q3,,,,,,
1,2810801639,2017-12-14,911.3,2,1,189,60,55,94,0.96,3,133.6,5.6,12649,682.110778443114,6.52519207638763,2.56082725060827,0.940330351060302,0,,31.44,,939.91,1,703.525449101796,6.55610405088493,1,64.6,0,12649,0,3,,12649,0,,,2,4549,5806,12649,,,,12410,1,1,-239,12410,,0,0,4,0,12649,M01AX05,1500/1200/500 M,M01,M01A,M01AX,M01AX25,81 MG,1,1,,1,,,,,,,,M01AX25,"",,1,,,,,,,,,,1,1,0,1,0,0,0,0,0,0,0,,2.33,29.04,2,020409bCJ,442.398,1.54,27,198.5,27,146.415,8,13797,13797,31.44,0,1,1,81,0,2,0,0,0,0,0,0,0,1,0,0,0,149,63.5,0,0,0,0,0,0,1,,,,,6,0,,0,1,0,0,0,1,0,1,1,1,0,2,0,567,1,0,0,70,25.9803160811604,0,0,0,0,0,,0,0,0,0,0,,0,,2,1,1,0,0,,,0,118,0,22.4550898203593,3.1115173065477,1,0,0,0,60,0,0,,17584,,,,11.3685129740519,1,Q1,low,low,Q1-Q3,Q1-Q3,,,,,,
1,2810801855,2018-12-08,1414.8,2,1,164,47,79,107,1.11,12.4,123.6,5.6,12220,1144.66019417476,7.04286309829583,2.45305676855895,0.897334907511199,0,,24.6,,1361.36,1,1101.42394822006,7.00435912002768,1,63.37,0,12220,0,3,,12220,0,,,1,5037,5765,12220,14391,14391,2171,,0,0,,,,0,0,4,0,12220,C10AA05,10 MG,C10,C10A,C10AA,C10AA05,81 MG,1,,,,,1,1,,,,,"","",,,,,,,,,,,,1,0,0,0,0,1,1,0,0,0,0,,4.06,57.77,2,020509CJB,251.326,2.17,29,231,29,170.575,8,13339,13339,24.6,0,1,1,81,0,8,0,0,0,0,0,0,0,0,0,0,0,220,69.5,0,0,0,0,0,0,1,,,,,8,6,,0,1,0,0,0,0,0,,1,1,0,2,0,567,1,0,0,66,32.0227543824479,0,0,0,1,0,,0,0,0,0,0,,0,,,,0,0,0,,,0,101.2,1,100.323624595469,4.60840120656954,2,0,0,1,69,0,0,,17125,,,,16.5892781764458,1,Q2,low,low,Q1-Q3,Q1-Q3,,,,,,
1,2810801995,2017-10-28,572.9,2,1,189,62,61,101,1.75,3,79.1,5.1,12069,724.273072060683,6.58516849262902,,,,,40.94,,1122.43,1,1419.0012642225,7.2577085680846,1,71.65,0,12069,0,3,,12069,0,,,2,4496,5820,12069,14850,14850,2781,,0,0,,,,0,0,4,0,12069,C10AA05,10 MG,C10,C10A,C10AA,C10AA05,81 MG,1,,,,1,1,1,,,,,"","",,,,,,,,,,,,1,0,0,0,1,1,1,0,0,0,0,,1.89,67.92,2,012309CJB,459.208,1.58,14,116.1,14,75.213,8,13415,13415,40.94,1,1,1,81,0,2,0,0,0,0,0,0,0,0,0,0,0,149,62.75,0,0,0,0,0,0,1,,,,,8,1,,0,1,1,0,0,0,0,1,1,1,0,2,0,567,1,0,0,60,26.6050709082736,0,0,1,1,1,,0,0,0,0,0,,0,,,,0,0,0,,,0,114.8,0,37.9266750948167,3.63565469287664,2,0,0,1,31,0,0,,17207,,,,23.3636474858285,1,Q1,low,high,Q1-Q3,Q1-Q3,,,,,,
1,2810802575,2018-06-30,3827.9,2,1,257,110,68,95,0.7,3,96.3,5.4,12556,3974.97403946002,8.28777349611365,3.81594372801876,1.33918800715099,0,,46.1,,1340.82,1,1392.33644859813,7.23873851326836,1,69.83,0,12556,0,3,,12556,0,,,2,4518,5820,12556,14600,14600,2044,,0,0,,,,0,0,4,0,12556,M01AX05,750 MG,M01,M01A,M01AX,M01AX05,81 MG,1,1,,,,,,,,,,"","",,,,,,,,,,,,1,1,0,0,0,0,0,0,0,0,0,,1.22,31.95,2,012709bCJ,379.822,0.72,18,178.8,18,119.76,8,13831,13831,46.1,0,1,1,81,0,2,0,0,0,0,0,0,0,0,0,0,0,129,64.25,0,0,0,0,0,0,1,,,,,8,1,,0,1,0,0,0,0,0,1,1,1,0,2,0,567,1,0,0,58,21.9709612911633,0,0,0,0,0,,0,0,0,0,0,,0,,,,0,0,0,,,0,133.4,0,31.1526479750779,3.43889924884617,2,0,0,0,96,1,1,,17622,,,,41.4059795777086,1,Q4,high,high,Q4,Q4,,,,,,
1,2810802902,2017-12-16,2295.4,2,1,194,70,51,84,0.85,5,130.5,5.7,11839,1758.92720306513,7.47245935847191,2.69839449541284,0.992656964818383,0,,39,,1127.08,1,863.662835249042,6.76118245566152,1,63.51,0,11839,0,3,,11839,0,,,1,4815,5658,11839,13856,13856,2017,,0,0,,,,0,0,4,0,11839,B01AC06,81 MG,B01,B01A,B01AC,B01AC06,81 MG,1,,,,,,,,,,,"","",,,,,,,,,,,,1,0,0,0,0,0,0,0,0,0,0,,3.94,17.9,2,020409bCJ,404.598,2.34,27,167.5,27,112.996,8,12974,12974,39,0,1,1,81,0,8,1,1,1,0,0,0,0,0,0,0,2,140,69.75,0,0,0,0,0,0,1,,,,,3,1,,0,1,0,0,0,0,1,,1,1,2,2,0,567,1,1,0,60,20.2322985291132,1,0,0,0,0,,0,0,0,0,0,,0,,,,0,0,0,,,0,113.8,1,38.3141762452107,3.64581996465349,2,0,0,0,95,1,1,,16761,11877,30,4922,18.5150231901593,0,Q4,high,high,Q1-Q3,Q4,IC,13.4757015742642,1,1,1,0
1,2810802936,2017-09-02,3027.8,2,1,,,,,,3,108.9,,12277,2780.34894398531,7.93033171822696,,,,,,,771.47,,708.42056932966,6.56303794180794,1,64.53,0,12277,0,3,,12277,0,,,2,4485,5798,12277,14494,14494,2217,,0,0,,,,0,0,4,0,12277,M01AE03,12.5 MG,M01,M01A,M01AE,M01AE03,81 MG,1,1,,1,1,1,1,,,,,"","",,,,,,,,,,,,1,1,0,1,1,1,1,0,0,0,0,,,,,"",,,,,,,,,,,1,1,1,81,0,2,0,0,0,0,0,0,0,0,0,0,0,218,63.75,0,0,0,0,0,0,1,,,,,7,2,,0,0,1,0,0,0,0,1,1,1,0,,0,567,1,0,0,61,37.7139245627972,0,0,1,1,1,,0,0,0,0,0,,0,,,,0,0,0,,,0,,0,27.5482093663912,3.31593753771133,1,,0,1,,1,1,,17594,,,,,1,Q4,high,,,Q4,,,,,,
1,2810803009,2017-11-23,430.3,2,1,95,43,69,98,1.34,595.8,27.1,5.4,11551,1587.82287822878,7.37011909794699,1.50406020994256,0.408168257932832,1,,38.8,,844.69,1,3116.93726937269,8.04460615424326,1,64.13,0,11551,0,3,12,11551,1,319,11870,1,4308,5663,11551,,,,,0,0,,,,0,1,4,1,11551,C10AX09,10 MG,C10,C10A,C10AX,C10AX09,325 MG,1,,,1,1,1,1,1,,,,"","",,,,,,,,,,,,1,0,0,1,1,1,1,1,0,0,0,,3.08,55.96,2,013009CJB,412.758,5.35,20,202.5,20,107.385,8,12796,12796,38.8,1,1,1,325,0,8,0,0,0,0,0,0,0,0,0,1,2,191,67.5,0,0,1,1,1,1,1,,,,,3,6,,0,1,1,0,1,0,1,,1,1,0,2,0,2275,2,1,1,84,29.4734811691846,0,0,1,1,1,140,0,1,1,0,0,,1,1624,,,0,0,0,,,0,38.2,1,21985.2398523985,9.99812659137566,3,0,0,1,48,0,1,12298,,1624,12,,33.079643296433,1,Q3,high,high,Q4,Q1-Q3,TIA,,,,,
1,2810803940,2017-10-25,1720.8,2,1,147,58,90,98,1.26,33.2,83.6,5.6,11547,2058.37320574163,7.62967124385096,1.89982876712329,0.641763759544422,0,,35.9,,1750.05,1,2093.36124401914,7.64652630383541,1,62.15,0,11547,0,3,,11547,0,,,1,4369,5685,11547,13692,13692,2145,,0,0,,,,0,0,4,0,11547,C10AX09,40 MG,C10,C10A,C10AA,C10AA01,81 MG,1,,,1,1,1,,,,,,C10AA01,"",,,,,,1,1,,,,,1,0,0,1,1,1,1,0,0,0,0,,3.15,20.88,2,012209CJB,408.476,2.68,12,171.1,12,107.346,8,12925,12925,35.9,1,1,1,81,0,8,0,0,0,0,0,0,0,0,0,0,0,176,67,0,0,0,0,0,0,1,,,,,4,2,,0,1,1,0,0,0,0,,1,1,0,2,0,567,1,0,0,72,27.5656777644587,0,0,1,1,1,,0,0,0,0,0,,0,,,,0,0,0,,,0,71,1,397.129186602871,5.98426163481392,3,0,0,1,57,1,1,,16717,,,,36.1118106270461,1,Q4,high,high,Q4,Q4,,,,,,
7,2810804252,2017-08-13,578.7,2,1,231,69,76,109,1.1,3,60.4,5.8,3262,958.112582781457,6.86496528962712,1.75632614807873,0.563224211496614,0,3.8,29.8,31.44,724.83,2,1200.04966887417,7.090118225648,1,67.56,0,3262,0,3,,3262,0,,,1,3262,,,,,,,0,0,,,,0,0,4,0,3262,C03AA03,25 MG,C03,C03A,C03AA,C03AA03,81 MG,1,,,,,,,1,,,,"","",,,,,,,,,,,,1,0,0,0,0,0,0,1,0,0,0,,1.92,68.96,2,010509CJB,503.77,2.82,3,152.7,3,100.563,3,,,29.8,1,1,1,81,0,,0,0,0,0,0,0,,,,,0,238,73.5,0,0,0,0,0,0,,1,,,,7,2,,0,1,1,0,,,0,,2,2,0,2,0,567,1,0,0,67,30.9747558270627,0,0,1,0,1,,0,0,0,0,0,,0,,,,0,0,0,,,0,146.8,0,49.6688741721854,3.90537846270948,2,0,0,0,80,0,0,5636,,5636,27,2374,11.9764072847682,0,Q2,low,low,Q1-Q3,Q1-Q3,,6.49965776865161,1,0,0,0
1,2810804642,2017-10-30,1624,2,1,145,36,173,136,1.11,7.1,155.1,6.8,11917,1047.06640876854,6.95374763652722,,,,,35.22,,1217.57,1,785.022566086396,6.66571246397611,1,71.47,0,11917,0,3,,11917,0,,,1,4614,5728,11917,14258,14258,2341,,0,0,,,,0,0,4,0,11917,C10AX09,80 MG,C10,C10A,C10AA,C10AA01,81 MG,1,,,,1,1,,1,,1,,C10AA01,"",,,,,,1,1,,,,,1,0,0,0,1,1,1,1,0,1,0,,1.53,75.07,2,012609CJB,667.696,2.46,16,152.7,16,131.22,8,13226,13226,35.22,1,1,1,81,1,8,0,0,0,0,0,0,0,0,0,0,0,211,68.5,0,0,0,0,0,0,1,,,,,8,6,,0,1,1,1,0,0,0,,1,1,0,2,0,567,1,0,0,69,31.6160001492575,0,1,1,1,1,,0,0,0,0,0,,0,,,,0,0,0,,,0,74.4,1,45.7769181173437,3.82377999284691,2,1,0,1,67,0,0,,17017,,,,15.6278568472916,1,Q2,low,low,Q1-Q3,Q1-Q3,,,,,,
1,2810804801,2018-01-26,1234.2,2,1,236,67,59,102,1.03,3,156.4,5.1,12542,789.130434782609,6.67093162376385,3.52411994784876,1.25963074490919,0,,49.42,,1390.8,1,889.25831202046,6.79038775801059,1,61.2,0,12542,0,3,,12542,0,,,1,4504,5749,12542,14571,14571,2029,,0,0,,,,0,0,4,0,12542,B01AC06,81 MG,B01,B01A,B01AC,B01AC06,81 MG,1,,,,,,,,,,,"","",,,,,,,,,,,,1,0,0,0,0,0,0,0,0,0,0,,0.33,41.94,2,021409CJB,354.49,0.98,41,315,41,188.514,8,13474,13474,49.42,0,1,1,81,0,8,0,0,0,0,0,0,0,0,0,0,0,209,71,0,0,0,0,0,0,1,,,,,7,1,,0,1,0,0,0,0,0,,1,1,0,2,0,567,1,0,0,48,29.149774625675,0,0,0,0,0,,0,0,0,0,0,,0,,,,0,0,0,,,0,157.2,0,19.1815856777494,2.95395073953904,1,0,0,0,85,0,0,,17258,,,,9.28388746803069,1,Q1,low,low,Q1-Q3,Q1-Q3,,,,,,
1,2810805225,2018-01-26,1702,2,1,129,48,47,105,0.83,3.4,133.2,6,11781,1277.77777777778,7.15287773701512,1.53994082840237,0.431743992572005,1,,41.7,,1725.07,1,1295.0975975976,7.16634133623407,1,67.47,0,11781,0,3,,11781,0,,,1,4314,5651,11781,13847,13847,2066,13650,1,0,1869,13650,,0,0,4,0,11781,C10AA07,5 MG,C10,C10A,C10AA,C10AA07,81 MG,1,,,,,1,1,,,,,"","",,,,,,,,,,,,1,0,0,0,0,1,1,0,0,0,0,,1.04,51.19,2,021409CJB,443.502,1.88,41,331.6,41,164.149,8,12715,12715,41.7,0,1,1,81,0,8,0,0,0,0,0,0,0,0,0,0,0,187,73.25,0,0,0,0,0,0,1,,,,,4,6,,0,1,0,0,0,0,0,,1,1,0,2,0,567,1,0,0,73,24.5037166098514,0,0,0,1,0,,0,0,0,0,0,,0,,2,1,0,0,0,,,0,71.6,0,25.5255255255255,3.23967895249796,1,0,0,1,87,0,1,,16499,,,,14.6871008939974,1,Q3,low,low,Q1-Q3,Q1-Q3,,,,,,
1,2810805813,2017-11-23,1221.4,2,0,157,37,129,99,0.79,3,123.6,5.4,12217,988.187702265372,6.89587266175354,1.10865191146881,0.103144783056286,1,,43.7,,815.96,1,660.161812297735,6.49248497511927,1,,0,12217,,,14,12217,0,,,1,4479,5705,12217,14359,14359,2142,11685,1,1,-532,11685,,0,0,,0,12217,C10AX06,1000 MG,C10,C10A,C10AX,C10AX06,81 MG,1,,,1,,1,1,,,,,"","",,,,,,,,,,,,1,0,0,1,0,1,1,0,0,0,0,,0.77,113.3,2,013009CJB,391.212,1.15,21,192.7,21,150.293,8,13453,13453,43.7,0,1,1,81,0,8,0,0,0,0,0,0,0,1,0,0,0,209,66,0,0,0,0,0,0,1,,,,,4,6,,0,1,0,0,0,1,0,,1,1,0,2,0,567,1,0,0,73,33.733703831044,0,0,0,1,0,,0,0,0,0,0,,1,14166,1,1,1,0,1,,,0,94.2,0,24.2718446601942,3.18931702262666,1,0,0,1,89,0,0,16766,15971,14166,14,3754,11.1032326097233,0,Q2,low,low,Q1-Q3,Q1-Q3,Intracerebral Hemmorhage,10.2778918548939,1,1,0,0
1,2810806840,2017-11-18,1327.1,2,1,178,67,48,84,0.79,9.6,149.6,5.5,11358,887.098930481283,6.78795650989092,4.35028712059065,1.47024184765586,0,,39.12,,1643.67,1,1098.70989304813,7.00189194598788,1,76.12,0,11358,0,3,,11358,0,,,2,,5756,11358,13350,13350,1992,,0,0,,,,0,0,4,0,11358,C10AX06,1000 MG,C10,C10A,C10AX,C10AX06,81 MG,1,,,,,1,,,,,,"","",,,,,,,,,,,,1,0,0,0,0,1,0,0,0,0,0,,1.17,61.17,2,012909CJB,380.368,0.76,19,225.7,19,149.845,8,12611,12611,39.12,0,1,1,81,0,2,0,0,0,0,0,0,0,0,0,0,0,144,64.5,0,0,0,0,0,0,1,,,,,3,2,,0,1,0,0,0,0,0,1,1,1,0,2,0,567,1,0,0,58,24.3359707920065,0,0,0,0,0,,0,0,0,0,0,,0,,,,0,0,0,,,0,101.4,1,64.1711229946524,4.16155331191555,2,0,1,0,83,0,0,,16402,,,,10.6879389214612,1,Q2,low,low,Q1-Q3,Q1-Q3,,,,,,
1,2810806971,2018-01-28,358,2,1,169,40,218,108,0.96,3,44.5,6.4,12190,804.494382022472,6.6902139832166,1.70898292501856,0.535898412871464,0,,61.84,,434.86,1,977.213483146067,6.88470513702281,1,61.91,,12190,0,3,,12190,0,,,1,,5631,12190,14242,14242,2052,14530,1,0,1822,14012,,0,0,4,0,12190,C10AB05,145 MG,C10,C10A,C10AB,C10AB05,81 MG,1,,,1,1,1,1,1,,,,"","",,,,,,,,,,,,1,0,0,1,1,1,1,1,0,0,0,,2.82,64.12,2,021809CJB,314.504,1.31,43,178.7,43,152.384,8,13085,13085,61.84,1,1,1,81,0,8,1,1,1,0,0,0,0,0,0,0,0,164,67.5,0,0,0,0,0,0,1,,,,,3,6,,0,1,1,0,0,0,0,,1,1,2,2,0,567,1,0,0,63,25.3070728363679,1,0,1,1,1,,0,0,0,0,0,,0,,1,2,0,0,1,,,0,85.4,0,67.4157303370787,4.21087837847805,2,0,0,1,84,0,0,14942,,12284,30,,9.57731407169609,1,Q1,low,low,Q1-Q3,Q1-Q3,IC,,,,,
1,2810807116,2018-01-01,987.6,2,1,175,75,120,104,0.81,6.6,89.5,4.9,11565,1103.46368715084,7.00620931817831,1.53062985332183,0.425679319529773,1,,46.82,,1261.99,1,1410.04469273743,7.25137667984678,1,68.28,0,11565,0,3,,11565,0,,,2,4399,5622,11565,13597,13597,2032,,0,0,,,,0,0,4,0,11565,C10AA05,10 MG,C10,C10A,C10AA,C10AA05,81 MG,1,,,1,,1,1,,,,,"","",,,,,,,,,,,,1,0,0,1,0,1,1,0,0,0,0,,5.25,31.7,2,021009CJB,402.806,1.57,34,193.1,34,93.771,8,12617,12617,46.82,1,1,1,81,0,2,0,0,0,0,0,0,0,0,0,0,0,130,67,0,0,0,0,0,0,1,,,,,7,6,,0,1,1,0,0,0,0,1,1,1,0,2,0,567,1,0,0,66,20.3610119851115,0,0,1,1,1,,0,0,0,0,0,,0,,,,0,0,0,,,0,76,1,73.7430167597765,4.30058630273371,2,0,0,1,76,0,0,,16402,,,,14.5192590414584,1,Q2,low,low,Q1-Q3,Q1-Q3,,,,,,
7,2810807455,2017-08-12,1090.2,2,1,277,97,88,92,0.76,3,50.7,5.6,3262,2150.29585798817,7.67336072002113,1.60975609756098,0.476082675322118,1,1,40.64,41.2,459.56,2,906.429980276134,6.80951378537612,1,79.88,0,3262,0,3,,3262,0,,,2,3262,5151,,,5151,1889,,0,0,,,,0,0,4,0,3262,C10AX06,1200 MG,C10,C10A,C10AX,C10AX06,81 MG,1,,1,,1,1,,1,,,,"","",,,,,,,,,,,,1,0,1,0,1,1,0,1,0,0,0,,1.38,36.1,2,123008CJB,444.03,1.29,3,280.6,3,156.895,3,,,40.64,1,1,1,81,0,,0,0,0,0,0,0,,,,,0,150,65.25,0,0,0,0,0,0,,1,,,,7,1,,0,0,1,0,,,0,,2,2,0,,0,567,1,0,0,64,24.7705608371978,0,0,1,0,1,,0,0,0,0,0,,0,,,,0,0,0,,,0,162.4,0,59.1715976331361,4.08044165705311,2,0,1,0,96,1,1,,7832,,,,22.3989151873767,1,Q4,high,high,Q1-Q3,Q4,,,,,,
1,2810807669,2018-02-22,2734.5,2,1,189,76,86,130,1.01,22.5,132.5,6.1,12715,2063.77358490566,7.63229142334864,1.47176079734219,0.38645950529626,1,,44.02,,2208.69,1,1666.9358490566,7.41874239914085,1,52.74,2,12715,1,2,,12715,0,,,1,,5724,12715,14712,14712,1997,,0,0,,,,0,0,3,0,12715,"","","","","","","",,,,,,,,,,,,"","",,,,,,,,,,,,0,0,0,0,0,0,0,0,0,0,0,,10.72,93.83,2,022109CJB,462.454,2.15,50,269.9,50,144.653,8,13331,13331,44.02,0,1,1,81,0,8,1,0,0,57,0,0,0,0,0,0,0,220,71.25,1,1,0,0,0,0,1,,,,,7,1,,0,1,0,0,0,0,0,,1,1,1,2,0,567,1,0,1,61,30.4690249269695,0,0,0,0,0,,0,0,0,0,0,,0,,,,0,0,0,,,0,95.8,1,169.811320754717,5.13468794276623,2,1,0,0,80,1,1,,16128,,,,25.7971698113208,1,Q4,high,high,Q4,Q4,,,,,,
1,2810808368,2017-09-06,553.8,2,1,168,34,109,90,1.3,3,116.8,5.4,11517,474.143835616438,6.16151072633083,1.38654012079379,0.326811522397761,1,,22.2,,923.53,1,790.693493150685,6.67291039981662,1,63.74,0,11517,0,3,2,11517,0,,,1,4198,5634,11517,13723,13723,2206,,0,0,,,,0,0,4,0,11517,C09CA08,40/12.5 MG,C03,C03A,C03AA,C03AA03,650,1,,,,1,,,,,,,C03AA03,"",,,,,,,,1,,,,1,0,0,0,1,0,0,1,0,0,0,,0.6,92.21,2,011309CJB,246,8.04,4,294.2,4,234.061,8,13024,13024,22.2,1,2,1,325,0,8,0,0,0,0,0,0,0,0,0,0,0,252,69,0,0,0,0,0,0,1,,,,,6,1,,0,1,1,0,0,0,0,,1,1,0,2,0,4550,2,0,0,58,37.2141387004891,0,0,1,0,1,140,0,1,1,0,1,13010,0,,,,0,0,0,,,0,112.2,0,25.6849315068493,3.24590449725612,1,0,0,0,60,0,0,,16817,13010,2,5300,7.90239726027397,1,Q1,low,low,Q1-Q3,Q1-Q3,MI,14.5106091718001,1,1,1,0
1,2810808445,2018-01-28,2785.9,2,1,145,42,165,111,0.73,4.2,300.7,5.7,12391,926.471566345195,6.83138335593468,,,,,41.88,,2045.85,1,680.362487529099,6.5226257260346,1,65.28,0,12391,0,3,,12391,0,,,2,4621,5706,12391,,,,,0,0,,,,0,0,4,0,12391,C10AA05,40 MG,C10,C10A,C10AA,C10AA05,81 MG,1,,,1,1,1,1,,,,,"","",,,,,,,,,,,,1,0,0,1,1,1,1,0,0,0,0,,1.15,84.54,2,021709CJB,445.864,3.5,42,187.2,42,133.459,8,13290,13290,41.88,1,1,1,81,0,2,0,0,0,0,0,0,0,0,0,0,0,170,65.25,0,0,0,0,0,0,1,,,,,3,6,,0,1,1,0,0,0,0,1,1,1,0,2,0,567,1,0,0,62,28.0733022821575,0,0,1,1,1,,0,0,0,0,0,,0,,,,0,0,0,,,0,70,1,13.9674093781177,2.63672671427698,1,0,0,1,88,0,0,,17074,,,,10.5280859811954,1,Q2,low,low,Q1-Q3,Q1-Q3,,,,,,
1,2810808446,2018-01-14,685.3,2,1,140,61,89,90,0.99,3,173.4,5.4,11728,395.213379469435,5.97942582023343,2.02502234137623,0.705580733276026,0,,44.22,,1133.22,1,653.529411764706,6.48238753857746,1,64.93,0,11728,0,3,,11728,0,,,1,4294,5639,11728,13814,13814,2086,,0,0,,,,0,0,4,0,11728,C07AB02,200 MG,C07,C07A,C07AB,C07AB02,325 MG,1,,,1,,,,1,,,,"","",,,,,,,,,,,,1,0,0,1,0,0,0,1,0,0,0,,1.99,39.94,2,021409CJB,307.84,1.12,40,265.5,40,111.233,8,12674,12674,44.22,1,1,1,325,0,8,0,0,0,0,0,0,0,0,0,0,0,182,68.25,0,0,0,0,0,0,1,,,,,4,5,,0,0,1,0,0,0,0,,1,1,0,,0,2275,2,0,0,64,27.4708241724176,0,0,1,0,1,,0,0,0,0,0,,0,,,,0,0,0,,,0,61.2,0,17.3010380622837,2.85076650330381,1,0,0,0,80,0,0,,16458,,,,4.94016724336794,1,Q1,low,low,Q1-Q3,Q1-Q3,,,,,,
1,2810809530,2018-12-06,7298.4,2,1,150,41,76,92,1.11,7,200.9,5.4,12160,3632.85216525635,8.19777333919847,1.1695652173913,0.156632070678644,1,,31.32,,1384.26,1,689.029367844699,6.53528389397278,1,63.35,0,12160,0,3,,12160,0,,,1,4493,5712,12160,14231,14231,2071,,0,0,,,,0,0,4,0,12160,C09AA03,10 MG,C09,C09A,C09AA,C09AA03,81 MG,1,,,1,1,,,,,,,"","",,,,,,,,,,,,1,0,0,1,1,0,0,0,0,0,0,,3.17,147.9,2,012909CJB,448.87,2.81,19,171.8,19,98.425,8,13422,13422,31.32,1,1,1,81,0,8,1,1,1,0,0,0,0,0,0,0,0,201,69.75,0,0,0,0,0,0,1,,,,,7,1,,0,1,1,0,0,0,0,,1,1,2,2,0,567,1,0,0,64,29.0478000310839,1,0,1,0,1,,0,0,0,0,0,,0,,,,0,0,0,,,0,93.8,1,34.8432055749129,3.55085815621656,2,0,0,0,70,1,1,,17213,,,,51.8978880750907,1,Q4,high,high,Q4,Q4,,,,,,
1,2810810164,2017-12-16,2144.3,2,1,254,45,274,102,0.76,9.6,263.4,5.6,11901,814.08504176158,6.7020648344541,1.24379024839006,0.2181633694817,1,,43.42,,1597.3,1,606.416097190585,6.40756637947482,1,72.25,0,11901,0,3,,11901,0,,,2,4277,5627,11901,13937,13937,2036,,0,0,,,,0,0,4,0,11901,C07AB03,50 MG,C07,C07A,C07AB,C07AB03,81 MG,1,,,1,,,,,,,,"","",,,,,,,,,,,,1,0,0,1,0,0,0,0,0,0,0,,3.61,55.55,2,020409bCJ,314.936,1.25,27,243.1,27,168.279,8,13041,13041,43.42,1,1,1,81,0,2,0,0,0,0,0,0,0,0,0,0,0,152,63,0,0,0,0,0,0,1,,,,,7,7,,0,1,1,0,0,0,0,1,1,1,0,2,0,567,1,0,0,62,26.9257681372506,0,0,1,0,1,,0,0,0,0,0,,0,,,,0,0,0,,,0,154.2,1,36.4464692482916,3.59584458814675,2,0,0,0,84,0,0,,16828,,,,9.69148859239976,1,Q1,low,low,Q1-Q3,Q1-Q3,,,,,,
7,2810810539,2017-08-22,1030.6,2,1,142,59,41,95,0.71,21.9,100.8,5.6,4836,1022.42063492063,6.92992826624495,3.58470588235294,1.27667642950135,0,,39.82,,960.87,1,953.244047619048,6.8598709544161,1,70.99,0,4836,0,3,,4836,0,,,2,4836,,,,,,,0,0,,,,0,0,4,0,4836,M01AE01,200 MG,M01,M01A,M01AE,M01AE01,81 MG,1,1,,1,,1,1,,,,,"","",,,,,,,,,,,,1,1,0,1,0,1,1,0,0,0,0,,0.66,34.61,2,010809CJB,265.334,1.75,5,141.4,5,90.094,3,,,39.82,1,1,1,81,0,,0,0,0,0,0,0,,,,,0,144,62,0,0,0,0,0,0,,1,,,,4,7,,0,1,1,0,,,0,,2,2,0,2,0,567,1,0,0,72,26.3381171923634,0,0,1,1,1,,0,0,0,0,0,,0,,,,0,0,0,,,0,74.8,1,217.261904761905,5.38110356016732,2,0,0,1,99,0,0,,9247,,,,10.3274811608145,1,Q2,low,low,Q1-Q3,Q1-Q3,,,,,,
1,2810811789,2018-01-08,691.3,2,1,210,64,129,89,0.9,3,58.3,5.2,12405,1185.76329331046,7.07814197558286,1.87472527472528,0.628462128540729,0,,25.86,,418.55,1,717.924528301887,6.57636444973771,1,63.14,0,12405,0,3,,12405,0,,,2,4522,5736,12405,14387,14387,1982,,0,0,,,,0,0,4,0,12405,M01AX05,"",M01,M01A,M01AX,M01AX25,81 MG,1,1,,,1,1,1,,,,,M01AX25,"",,1,,,,,,,,,,1,1,0,0,1,1,1,0,0,0,0,,2.08,76.49,2,021109bCJ,443.972,1.5,37,189.6,37,125.795,8,13408,13408,25.86,1,1,1,81,0,2,0,0,0,0,0,0,0,0,0,0,0,163,62.75,0,0,0,0,0,0,1,,,,,3,6,,0,1,1,0,0,0,0,1,1,1,0,2,0,567,1,0,0,69,29.1048762285141,0,0,1,1,1,,0,0,0,0,0,,0,,,,0,0,0,,,0,120.2,0,51.4579759862779,3.9407654742938,2,0,0,1,65,0,1,,17193,,,,18.2425122047764,1,Q3,low,high,Q1-Q3,Q1-Q3,,,,,,
1,2810811867,2017-12-14,1519.5,2,1,132,40,73,91,0.9,3.6,127.9,5.5,12446,1188.03752931978,7.08005808976014,1.61643835616438,0.480225183317274,1,,35.84,,854.16,1,667.8342455043,6.50404000727334,1,59.88,0,12446,0,3,,12446,0,,,1,4566,5784,12446,15000,15000,2554,12446,1,1,-6662,5784,,0,0,4,0,12446,M01AX05,"",M01,M01A,M01AX,M01AX25,81 MG,1,1,,1,,1,1,,,,1,M01AX25,"",,1,,,,,,,,,,1,1,0,1,0,1,1,0,0,0,1,,1.87,104.7,2,020409bCJ,263.748,2.62,27,161.3,27,144.158,8,13594,13594,35.84,0,1,1,81,0,8,0,0,0,0,0,0,0,1,0,0,0,258,72.25,0,0,0,0,0,0,1,,,,,7,6,,0,1,0,0,0,1,0,,1,1,0,2,0,567,1,0,0,69,34.7495844714514,0,0,0,1,0,,0,0,0,0,0,,0,,1,3,1,1,0,,,0,77.4,0,28.1469898358092,3.3374404158594,1,0,0,1,87,0,1,,17381,,,,13.6556037852848,1,Q3,low,low,Q1-Q3,Q1-Q3,,,,,,
1,2810812414,2017-11-26,2333,2,1,163,50,92,174,0.66,10.1,164.2,6.1,12295,1420.82825822168,7.25899526099119,1.01848049281314,0.0183118036423377,1,,116.16,,1230.7,1,749.512789281364,6.61942338114806,1,67.79,0,12295,0,3,,12295,0,,,2,,5335,12295,14878,14878,2583,14759,1,0,2464,14759,,0,0,4,0,12295,M01AX05,"",M01,M01A,M01AX,M01AX25,81 MG,1,1,,,,1,1,,,1,,M01AX25,"",,1,,,,,,,,,,1,1,0,0,0,1,1,0,0,1,0,,0.72,67.4,2,020309bCJ,473.85,0.76,24,156.4,24,110.324,8,13488,13488,116.16,0,2,1,81,1,3,0,0,0,0,0,0,0,0,0,0,0,198,67.75,0,0,0,0,0,0,1,,,,,6,1,,0,1,0,1,0,0,0,1,1,1,0,2,0,1134,2,0,0,51,30.328588863493,0,1,0,1,0,,0,0,0,0,0,,0,,1,1,0,0,0,,,0,94.6,1,61.510353227771,4.11920550581102,2,1,0,1,102,0,1,,17276,,,,13.9296888060949,1,Q3,high,low,Q1-Q3,Q1-Q3,,,,,,
7,2810812914,2018-11-24,11699.7,2,1,239,50,189,99,0.71,3.6,149,6.1,4476,7852.14765100671,8.9685423594741,2.97234352256186,1.08935070650226,0,1.6,33.88,34.64,1203.2,2,807.51677852349,6.69396383323821,1,64.61,0,4476,0,3,,4476,0,,,2,4476,6184,,,6184,1708,,0,0,,,,0,0,4,0,4476,M01AC01,20 MG,M01,M01A,M01AC,M01AC01,160 MG,1,1,,,,,,,,,,"","",,,,,,,,,,,,1,1,0,0,0,0,0,0,0,0,0,,1.85,43.1,2,010509CJB,298.134,0.89,4,229.5,4,175.915,3,,,33.88,0,3,2,160,0,,0,0,0,0,0,0,,,,,0,171,62.25,0,0,0,0,0,0,1,,,,,3,1,,1,0,0,0,,,0,,1,1,0,1,0,480,1,0,0,62,31.0258016364487,0,0,0,0,0,,0,0,0,0,0,,0,,,,0,0,0,,,0,151.2,0,24.1610738255034,3.18474281849874,1,0,0,0,91,1,1,,9002,,,,86.2873368242496,1,Q4,high,high,Q4,Q4,,,,,,
1,2810814294,2017-10-28,655.2,2,1,143,32,146,101,1.7,27.8,84.5,5.6,11764,775.384615384616,6.65335918416382,2.20643431635389,0.791377781033254,0,,39.48,,632.94,1,749.041420118343,6.61879428254674,1,68.65,0,11764,0,3,,11764,0,,,1,4278,5631,11764,14099,14099,2335,,0,0,,,,0,0,4,0,11764,C10AX09,40 MG,C10,C10A,C10AA,C10AA01,81 MG,1,,,,1,1,,1,,,,C10AA01,"",,,,,,1,1,,,,,1,0,0,0,1,1,1,1,0,0,0,,2.78,86.09,2,012309CJB,483.808,3.4,13,212.3,13,181.235,8,13114,13114,39.48,1,1,1,81,0,8,0,0,0,0,0,0,0,0,1,0,1,215,69.75,0,0,0,0,0,0,1,,,,,7,8,,0,0,1,0,0,0,1,,1,1,0,,0,567,1,1,0,74,31.0710298839953,0,0,1,1,1,140,0,1,1,0,0,,0,,,,0,0,1,,,0,81.8,1,328.994082840237,5.7960397653156,3,0,0,1,39,0,0,15337,17022,12076,30,5258,19.8816568047337,1,Q1,low,high,Q1-Q3,Q1-Q3,IC,14.3956194387406,1,1,1,0
1,2810814757,2018-12-17,693.6,2,1,147,34,177,95,0.71,3,53.5,5.7,11998,1296.44859813084,7.16738395755246,1.75460636515913,0.562244538403691,0,,46.28,,626.29,1,1170.63551401869,7.06530205470095,1,66.85,0,11998,0,3,,11998,0,,,1,4917,,11998,,,,14697,1,0,2214,14212,,0,0,4,0,11998,C10AA01,80 MG,C10,C10A,C10AA,C10AA01,81 MG,1,,,,,1,1,,,,,"","",,,,,,,,,,,,1,0,0,0,0,1,1,0,0,0,0,,0.28,70.93,2,020509CJB,559.802,2.76,28,198.2,28,164.678,8,13120,13120,46.28,0,1,1,81,0,8,0,0,0,0,0,0,0,0,0,0,0,151,65.75,0,0,0,0,0,0,1,,,,,8,1,,0,1,0,0,0,0,0,,1,1,0,2,0,567,1,0,0,61,24.5578897669383,0,0,0,1,0,,0,0,0,0,0,,0,,2,6,0,0,0,,,0,77.6,0,56.0747663551402,4.02668591374829,2,0,0,1,101,0,1,,16906,,,,12.8361247339687,1,Q3,low,low,Q1-Q3,Q1-Q3,,,,,,
1,2810815202,2017-10-30,576.1,2,1,168,39,115,128,0.79,6.8,43.4,5.9,11391,1327.41935483871,7.19099200162007,1.22014260249554,0.198967739205807,1,,39.88,,1644.29,1,3788.6866359447,8.23977470396814,1,61.23,0,11391,0,3,,11391,0,,,1,4319,5648,11391,13376,13376,1985,,0,0,,,,0,0,4,0,11391,C09AA05,10 MG,C09,C09A,C09AA,C09AA05,325 MG,1,,,,1,,,,,,,"","",,,,,,,,,,,,1,0,0,0,1,0,0,0,0,0,0,,1.36,98.77,2,012609CJB,700.104,2.04,15,216.6,15,201.87,8,12701,12701,39.88,1,1,1,325,0,8,0,0,0,0,0,0,0,0,0,0,0,172,67.5,0,0,0,0,0,0,1,,,,,3,8,,0,1,1,0,0,0,0,,1,1,0,2,0,2275,2,0,0,84,26.5415641942395,0,0,1,0,1,,0,0,0,0,0,,0,,,,0,0,1,,,0,106,1,156.68202764977,5.05421845005784,2,1,0,0,82,0,1,14431,15952,14431,28,3040,16.1880409126672,0,Q3,high,low,Q1-Q3,Q1-Q3,Death,8.32306639288159,1,0,0,0
1,2810815588,2017-10-25,2065,2,1,201,66,78,104,0.81,8.4,231.7,5.4,11855,891.238670694864,6.79261225994489,2.90207373271889,1.06542556169226,0,,41.58,,1742.84,1,752.196806214933,6.62299800010185,1,66.76,0,11855,0,3,40,11855,1,2217,14072,1,4519,5727,11855,13931,13931,2076,15231,1,0,2076,13931,,0,1,4,1,11855,M01AX25,1500 MG,M01,M01A,M01AX,M01AX25,81 MG,1,1,,,,1,,,,,,"","",,,,,,,,,,,,1,1,0,0,0,1,0,0,0,0,0,,1.08,108.9,2,012209CJB,318.264,2,12,161.4,12,122.075,8,13219,13219,41.58,1,3,2,81,0,8,0,0,0,0,0,0,0,0,0,0,0,246,67.75,0,0,0,0,0,0,1,,,,,4,6,,0,1,1,0,0,0,0,,1,1,0,2,0,243,1,0,0,79,37.6809740425216,0,0,0,0,1,,0,0,0,0,0,,0,,1,1,0,0,1,,,0,119.4,1,36.2537764350453,3.59054355339307,2,0,1,0,85,0,0,15257,,14072,40,,10.4851608317043,1,Q2,low,low,Q1-Q3,Q1-Q3,CHF,,,,,
1,2810815698,2018-02-22,3635.7,2,0,120,28,181,92,1.17,188.3,40.8,5,13110,8911.02941176471,9.09504504822053,2.59220477021524,0.952508776224271,0,,223.1,,1013.74,1,2484.6568627451,7.81788984559396,1,81.17,0,13110,0,3,12,13110,0,,,1,4690,5901,13110,,,,,0,0,,,,0,0,4,0,13110,C07AB02,50 MG,C07,C07A,C07AB,C07AB02,81,1,,,1,,,,,,,,"","",,,,,,,,,,,,1,0,0,1,0,0,0,0,0,0,0,,2.57,104.3,2,022109CJB,,,50,271.3,50,185.256,8,13723,13723,223.1,1,1,1,81,0,8,0,0,0,0,0,0,0,0,0,1,0,132,63.75,0,0,0,0,0,0,1,,,,,4,8,,0,1,1,0,1,0,0,,1,1,0,2,0,567,1,0,0,74,22.8359543224277,0,0,1,0,1,140,0,1,1,0,0,,1,13482,,,0,0,0,1,13845,0,55.8,1,4615.19607843137,8.43710963323513,3,0,0,0,61,1,1,13852,,13482,12,,146.082449373192,1,Q4,high,high,Q4,Q4,TIA,,,,,
1,2810815919,2018-01-01,1372.8,2,1,150,39,185,89,2.23,67.2,183,5.3,12428,750.16393442623,6.62029176188037,3.50468637346792,1.25410103673062,0,,34.08,,1769.59,1,966.989071038251,6.87418719346414,1,77.53,0,12428,0,3,12,12428,1,3436,15864,2,4634,5960,12428,14387,14387,1959,14781,1,0,1959,14387,,0,1,4,1,12428,C10AX09,10 MG,C10,C10A,C10AX,C10AX09,"",,,1,1,,1,1,1,,,,"","",,,,,,,,,,,,0,0,1,1,0,1,1,1,0,0,0,,0.34,119.3,2,021009CJB,410.622,1.91,34,218.3,34,133.326,8,13471,13471,34.08,1,1,1,325,0,2,0,0,0,0,0,0,0,0,0,0,1,130,62.5,0,0,0,0,0,0,1,,,,,4,8,,0,1,1,0,0,0,1,1,1,1,0,2,0,2275,2,1,0,82,23.3985491970984,0,0,1,1,1,,0,0,0,0,0,,1,8365,1,1,0,0,0,,,0,74,1,367.213114754098,5.90594237366982,3,0,0,1,20,0,0,16069,,8365,12,,37.5081967213115,1,Q1,low,high,Q4,Q1-Q3,TIA,,,,,
1,2810816231,2017-12-24,324.6,2,1,187,38,103,87,1.35,3,57.2,5.5,12495,567.482517482518,6.34120994268283,3.34962147281487,1.20884734626317,0,,44.94,,695.25,1,1215.47202797203,7.10288778071641,1,72.76,0,12495,0,3,12,12495,0,,,1,4566,5770,12495,14591,14591,2096,,0,0,,,,0,0,4,0,12495,C03AA03,25 MG,C03,C03A,C03AA,C03AA03,81 MG,1,,,,,,,1,,,,"","",,,,,,,,,,,,1,0,0,0,0,0,0,1,0,0,0,,2.38,20.01,2,020709CJB,352.61,1.86,31,151.6,31,172.938,8,13581,13581,44.94,1,1,1,81,0,8,0,0,0,0,0,0,0,0,0,0,0,137,66.5,0,0,0,0,0,0,1,,,,,7,6,,0,1,1,0,0,0,0,,1,1,0,2,0,567,1,0,0,79,21.7812544845509,0,0,1,0,1,,0,0,0,0,0,,1,3812,,,0,0,0,,,0,128.4,0,52.4475524475525,3.95981366926449,2,0,0,0,50,0,0,14883,15388,3812,12,2893,11.3496503496504,0,Q1,low,low,Q1-Q3,Q1-Q3,TIA,7.92060232717317,1,0,0,0
1,2810816788,2017-09-30,1684.8,2,1,220,41,261,97,1.08,15,106.9,5.9,11213,1576.05238540692,7.3626785093368,,,,,45.56,,1791.81,1,1676.15528531338,7.42425792908502,1,66.24,0,11213,0,3,2,11213,1,1292,12505,2,,5623,11213,,,,,0,0,,,,0,1,4,1,11213,M01AE01,200 MG,M01,M01A,M01AE,M01AE01,81 MG,1,1,,,1,1,1,1,,,,"","",,,,,,,,,,,,1,1,0,0,1,1,1,1,0,0,0,,2.03,124.6,2,012009CJB,580.936,7.94,9,176.4,9,141.004,8,12630,12630,45.56,1,1,1,81,0,2,0,0,0,0,0,0,0,0,0,0,0,185,57.5,0,0,0,0,0,0,1,,,,,3,0,,0,1,1,0,0,0,0,1,1,1,0,2,0,567,1,0,0,65,39.3406609119457,0,0,1,1,1,,0,0,0,0,1,12505,0,,,,0,0,0,,,0,126.8,1,140.318054256314,4.94391166205335,2,0,0,1,54,0,1,12505,,12505,2,,29.1861552853134,1,Q3,high,high,Q4,Q1-Q3,MI,,,,,
1,2810817471,2018-02-01,832,2,1,174,52,136,97,0.85,4.6,66.1,5.7,12736,1258.69894099849,7.13783387995166,2.81654676258993,1.03551158230017,0,,42.24,,722.43,1,1092.93494704992,6.99662196861016,1,72.84,0,12736,0,3,,12736,0,,,2,,5526,12736,14594,14594,1858,,0,0,,,,0,0,4,0,12736,M01AX25,40 MG,C10,C10A,C10AA,C10AA01,325 MG,1,1,,1,,1,,1,,,,C10AA01,"",,,,,,1,1,,,,,1,1,0,1,0,1,1,1,0,0,0,,0.32,51.63,2,021809bCJ,360.23,1.63,44,159.7,44,123.266,8,13596,13596,42.24,1,3,2,325,0,2,0,0,0,0,0,0,0,0,0,0,0,125,64,0,0,0,0,0,0,1,,,,,8,1,,0,1,1,0,0,0,0,1,1,1,0,2,0,975,2,0,0,61,21.4563417408085,0,0,1,1,1,,0,0,0,0,0,,0,,,,0,0,1,,,0,94.8,1,69.5915279878971,4.24264283561955,2,0,0,1,74,0,1,,17377,15337,30,4641,17.0094451486282,0,Q3,low,low,Q1-Q3,Q1-Q3,IC,12.7063655030801,1,1,1,0
1,2810818190,2018-01-10,1134.6,2,1,116,32,106,115,1.34,3,109.3,5.9,11970,1038.06038426349,6.94510923569807,1.49960598896769,0.405202399581762,1,,34.76,,646.13,1,591.152790484904,6.38207451273256,1,67.95,0,11970,0,3,2,11970,0,,,1,4396,5707,11970,13916,13916,1946,11128,1,1,-4065,7905,,0,0,4,0,11970,C10AA05,20 MG,C10,C10A,C10AA,C10AA05,325 MG,1,,,1,1,1,1,,,,1,"","",,,,,,,,,,,,1,0,0,1,1,1,1,0,0,0,1,,1.64,104.9,2,021209CJB,364.984,2.04,38,130.8,38,130.811,8,12960,12960,34.76,1,1,1,325,0,8,0,0,0,0,0,0,0,1,0,0,0,228,71.25,0,0,1,1,0,0,1,,,,,1,1,,0,1,1,0,0,1,0,,1,1,0,2,0,2275,2,0,1,67,31.5769894697684,0,0,1,1,1,140,0,1,1,0,1,8467,0,,1,1,1,0,0,,,0,62.8,0,27.4473924977127,3.31227117246775,1,0,0,1,54,0,0,,16744,8467,2,4774,19.223340449324,0,Q2,low,high,Q1-Q3,Q1-Q3,MI,13.0704996577687,1,1,1,0
1,2810818437,2017-08-29,1867.9,2,1,198,67,133,108,1.08,3,50.4,5.4,11082,3706.15079365079,8.21774909507603,2.17241379310345,0.775838896405059,0,,33.64,,864.5,1,1715.27777777778,7.44733031603411,1,,0,11082,,,,11082,0,,,2,4524,,11082,,,,,0,0,,,,0,0,,0,11082,C10AX06,1200 MG,C10,C10A,C10AX,C10AX06,81 MG,1,,,1,,1,,,,,,"","",,,,,,,,,,,,1,0,0,1,0,1,0,0,0,0,0,,1.08,89.76,2,011209CJB,256.678,0.76,2,167.7,2,90.675,8,12635,12635,33.64,1,1,1,81,0,2,0,0,0,0,0,0,0,0,0,0,0,126,63,0,0,0,0,0,0,1,,,,,4,6,,0,1,1,0,0,0,0,1,1,1,0,2,0,567,1,0,0,64,22.3200446400893,0,0,1,0,1,,0,0,0,0,0,,0,,,,0,0,0,,,0,104.4,0,59.5238095238095,4.08637639257292,2,0,1,0,54,1,1,11806,15970,11806,29,724,68.6324221046443,0,Q4,high,high,Q4,Q4,Death,1.98220396988364,0,0,0,0
1,2810818649,2017-09-30,262.2,2,1,209,59,111,54,2.15,511.9,50,6.8,11606,524.4,6.26225475188955,2.36358099878197,0.860177841356533,0,,78.54,,134.64,1,269.28,5.5957517304425,1,69.33,0,11606,0,3,41,11606,1,1566,13172,1,4262,5775,11606,,,,13287,1,0,1681,13287,,0,1,4,1,11606,C10AA05,40 MG,C10,C10A,C10AA,C10AA05,325 MG,1,,,1,1,1,1,1,1,1,,"","",,,,,,,,,,,,1,0,0,1,1,1,1,1,1,1,0,,1.53,197.9,2,011609CJB,680.8,3.46,8,281.2,8,203.328,8,13028,13028,78.54,1,1,1,325,1,8,0,0,0,0,0,0,0,0,,0,1,149,62.5,0,0,0,0,0,0,1,,,,,8,6,,0,1,1,1,0,0,1,,1,1,0,2,0,2275,2,1,0,76,26.8183371566743,0,1,1,1,1,141,0,1,0,1,0,,0,,1,1,0,0,0,,,0,127.8,1,10238,9.23386156701753,3,1,0,1,29,0,0,13297,,6640,30,,18.0827586206897,1,Q1,low,high,Q1-Q3,Q1-Q3,IC,,,,,
1,2810818817,2017-10-25,2130.7,2,1,212,48,177,106,0.7,42.8,78.2,5.8,12294,2724.68030690537,7.91010638164815,1.77533460803059,0.573988916727838,0,,41.94,,2134.41,1,2729.42455242967,7.91184607930458,1,65.97,0,12294,0,3,,12294,0,,,1,4629,5805,12294,14353,14353,2059,,0,0,,,,0,0,4,0,12294,C10AA05,20 MG,C10,C10A,C10AA,C10AA05,81 MG,1,,,,,1,1,,,,,"","",,,,,,,,,,,,1,0,0,0,0,1,1,0,0,0,0,,0.62,111.7,2,012209CJB,,,12,193.4,12,160.562,8,13667,13667,41.94,0,1,1,81,0,8,0,0,0,0,0,0,0,0,0,0,0,234,70.75,0,0,0,0,0,0,1,,,,,7,2,,0,1,0,0,0,0,0,,1,1,0,2,0,567,1,0,0,63,32.8676445538535,0,0,0,1,0,,0,0,0,0,0,,0,,,,0,0,0,,,0,128.6,1,547.314578005115,6.30502373401862,3,0,0,1,100,1,1,,17459,,,,27.2468030690537,1,Q4,high,high,Q4,Q4,,,,,,
1,2810818997,2017-11-23,1512,2,1,260,48,139,111,0.88,4,112.2,6,12195,1347.5935828877,7.20607574963897,2.46708463949843,0.903037145632559,0,,30.16,,822.22,1,732.816399286988,6.59689519204918,1,60.42,0,12195,0,3,,12195,0,,,1,4496,5715,12195,14373,14373,2178,,0,0,,,,0,0,4,0,12195,C09AA03,5 MG,C09,C09A,C09AA,C09AA03,"",,,,,1,,,,,,,"","",,,,,,,,,,,,0,0,0,0,1,0,0,0,0,0,0,,0.67,56.67,2,020209CJB,531.452,1.69,21,172,21,156.485,8,13426,13426,30.16,1,1,1,81,0,8,0,0,0,0,0,0,0,0,0,0,0,191,69.75,0,0,0,0,0,0,1,,,,,8,1,,0,1,1,0,0,0,0,,1,1,0,2,0,567,1,0,0,55,27.602635850433,0,0,1,0,1,,0,0,0,0,0,,0,,,,0,0,0,,,0,184.2,1,35.650623885918,3.57376664701343,2,0,0,0,97,0,1,,17214,9721,6,5019,13.8927173493577,0,Q3,high,low,Q1-Q3,Q1-Q3,Angina,13.741273100616,1,1,1,0
1,2810819363,2017-11-23,1320.5,2,1,258,59,125,106,1.05,8.5,199.5,5.7,11768,661.904761904762,6.49512168139536,,,,,27.4,,1317.69,1,660.496240601504,6.49299143219978,1,60.4,0,11768,0,3,,11768,0,,,1,4405,5636,11768,13930,13930,2162,,0,0,,,,0,0,4,0,11768,B01AC06,81 MG,B01,B01A,B01AC,B01AC06,81 MG,1,,,,,,,,,,,"","",,,,,,,,,,,,1,0,0,0,0,0,0,0,0,0,0,,1.68,64.75,2,020209CJB,432.148,1.89,21,189.3,21,148.34,8,12999,12999,27.4,0,1,1,81,0,8,0,0,0,0,0,0,0,0,0,0,0,174,69.5,0,0,0,0,0,0,1,,,,,8,7,,0,1,0,0,0,0,0,,1,1,0,2,0,567,1,0,0,61,25.3270875570269,0,0,0,0,0,,0,0,0,0,0,,0,,,,0,0,1,,,0,174,1,42.6065162907268,3.75200720614849,2,0,0,0,76,0,0,,16787,10994,6,5019,8.70927318295739,0,Q1,low,low,Q1-Q3,Q1-Q3,Angina,13.741273100616,1,1,1,0
1,2810819527,2018-07-06,20000,3,1,121,31,139,134,0.92,53,293.7,6.5,11812,6809.66973101805,8.82609890031965,1.64127290260366,0.495472100903792,1,,46.42,,2037.02,1,693.571671773919,6.54185458232246,1,64.87,0,11812,0,3,,11812,0,,,1,4262,5632,11812,,,,,0,0,,,,0,0,4,0,11812,M01AE01,200 MG,M01,M01A,M01AE,M01AE01,81 MG,1,1,,1,1,1,1,1,,,,"","",,,,,,,,,,,,1,1,0,1,1,1,1,1,0,0,0,,1.25,52.15,2,021709CJB,469.028,3.09,41,169.5,41,129.22,8,12739,12739,46.42,1,1,1,81,0,8,0,0,0,0,0,0,0,0,0,0,0,223,66.25,0,0,0,0,0,0,1,,,,,3,1,,0,0,1,0,0,0,0,,1,1,0,,0,567,1,0,0,65,35.7222421814014,0,0,1,1,1,141,0,1,0,1,0,,0,,,,0,0,0,,,0,62.2,1,180.456247871978,5.19548835432969,2,1,0,1,87,1,1,14163,,12491,11,,78.2720658737707,1,Q4,high,high,Q4,Q4,Atherothrombotic Infarction of Brain,,,,,
1,2810819561,2018-02-17,947.4,2,1,189,51,74,111,1.03,3.3,83,5.5,12006,1141.44578313253,7.04005096868115,1.60111464968153,0.470700042744508,1,,45.6,,555.93,1,669.795180722892,6.50697196523552,1,73.35,0,12006,0,3,,12006,0,,,1,,5651,12006,13677,13677,1671,,0,0,,,,0,0,4,0,12006,C09AA06,10 MG,C09,C09A,C09AA,C09AA06,81 MG,1,,,,1,,,,,,,"","",,,,,,,,,,,,1,0,0,0,1,0,0,0,0,0,0,,1.36,71.29,2,022009CJB,257.21,1.48,49,256.5,49,190.057,8,12698,12698,45.6,1,4,2,81,0,8,0,0,0,0,0,0,0,0,,0,0,201,67.25,0,0,0,0,0,0,1,,,,,7,7,,0,1,1,0,0,0,0,,1,1,0,2,0,324,1,0,0,70,31.2476306604332,0,0,1,0,1,,0,0,0,0,0,,0,,,,0,0,0,,,0,123.2,0,39.7590361445783,3.68283713965797,2,0,0,0,73,0,0,,16478,,,,15.6362436045552,1,Q2,low,low,Q1-Q3,Q1-Q3,,,,,,
1,2810820775,2017-10-30,727.8,2,1,126,44,74,92,1.57,3.6,81.1,5.3,12002,897.410604192355,6.79951351004478,1.69318181818182,0.526609491467253,0,,26.64,,495.55,1,611.035758323058,6.41515548171944,1,64.88,0,12002,0,3,,12002,0,,,1,4616,,12002,14021,14021,2019,,0,0,,,,0,0,4,0,12002,C10AX06,1 TBSP,C10,C10A,C10AX,C10AX06,81 MG,1,,,,1,1,1,,,,,"","",,,,,,,,,,,,1,0,0,0,1,1,1,0,0,0,0,,1.21,112.3,2,012609CJB,561.984,1.69,14,147.4,14,96.534,8,13338,13338,26.64,1,1,1,81,0,8,0,0,0,0,0,0,0,0,0,0,0,175,64.75,0,0,0,0,0,0,,1,,,,5,7,,0,0,1,0,0,0,0,,2,2,0,,0,567,1,0,0,80,29.3470272842664,0,0,1,1,1,,0,0,0,0,0,,0,,,,0,0,0,,,0,67.2,0,44.3896424167694,3.79300616332283,2,0,0,1,48,0,0,16421,,16421,29,4419,18.6960542540074,0,Q2,low,high,Q1-Q3,Q1-Q3,Death,12.0985626283368,1,1,1,0
1,2810820973,2018-01-28,2316.3,2,1,201,34,790,165,1,18.1,128.2,5.7,11789,1806.78627145086,7.4993050054844,1.43356643356643,0.360165348878501,1,,47.64,,984.28,1,767.769110764431,6.64348905092182,1,59.53,0,11789,0,3,,11789,0,,,1,4323,5643,11789,13780,13780,1991,,0,0,,,,0,0,4,0,11789,C09AA03,10 MG,C09,C09A,C09AA,C09AA03,81 MG,1,,,,1,,,,,1,,"","",,,,,,,,,,,,1,0,0,0,1,0,0,0,0,1,0,,1.35,122.8,2,021709CJB,336.776,1.96,42,261.4,42,147.101,8,12688,12688,47.64,1,1,1,81,1,8,0,0,0,0,1,1,0,0,0,0,0,216,69,0,0,0,0,0,0,1,,,,,4,7,,0,1,1,1,0,0,0,,1,1,0,2,2,567,1,0,0,68,31.8978331718478,0,1,1,0,1,,0,0,0,0,0,,0,,,,0,0,1,,,0,9,1,141.185647425897,4.95007567276735,2,1,0,0,77,1,1,,16472,,,,23.4647567720891,1,Q4,high,high,Q4,Q4,,,,,,
7,2810821060,2018-11-26,6076.4,2,1,166,44,132,101,0.64,26.3,60.8,6.1,4566,9994.07894736842,9.20974809134948,1.30737704918033,0.268022877491643,1,,51.54,,1008.45,1,1658.63486842105,7.41375017459913,1,78.32,0,4566,0,3,,4566,0,,,2,4566,,,,,,,0,0,,,,0,0,4,0,4566,C09AA03,10 MG,C09,C09A,C09AA,C09AA07,81 MG,1,,,1,1,,,,1,1,,C09AA07,"",,,,,1,,,,,,,1,0,0,1,1,0,0,0,1,1,0,,4.07,120.6,2,010809CJB,132.084,4.51,5,153.6,5,98.125,3,,,51.54,1,1,1,81,1,,1,0,0,56,0,0,,,,,0,180,63.25,0,0,0,0,0,0,,1,,,,,10,,1,0,1,1,,,0,,2,2,1,1,0,567,1,0,0,58,31.6342147158821,0,1,1,0,1,,0,0,0,0,0,,0,,,,0,0,0,,,0,95.6,1,432.565789473684,6.06973442919373,3,1,0,0,114,1,1,,4598,,,,87.6673591874423,1,Q4,high,high,Q4,Q4,,,,,,
1,2810822591,2018-02-03,1473.5,2,1,200,116,93,96,0.98,5,154.3,5.7,11915,954.957874270901,6.86166722879673,4.29667063020214,1.45784045075009,0,,56.02,,1806.01,1,1170.45366169799,7.06514669767914,1,80.81,0,11915,0,3,,11915,0,,,2,4293,5690,11915,13922,13922,2007,,0,0,,,,0,0,4,0,11915,M01AB02,200 MG,M01,M01A,M01AB,M01AB02,"",,1,,,1,1,1,1,,,,"","",,,,,,,,,,,,0,1,0,0,1,1,1,1,0,0,0,,1.16,81.25,2,021809bCJ,252.852,1.69,45,209.6,45,90.937,8,12767,12767,56.02,1,1,1,81,0,2,0,0,0,0,0,0,0,0,0,0,0,169,63,0,0,0,0,0,0,1,,,,,4,8,,0,1,1,0,0,0,0,1,1,1,0,2,0,567,1,0,0,75,29.9372027315483,0,0,1,1,1,,0,0,0,0,0,,0,,,,0,0,1,,,0,65.4,1,32.4044069993519,3.47829443204712,2,0,0,1,56,0,0,,16487,,,,17.0528191834089,1,Q2,low,low,Q1-Q3,Q1-Q3,,,,,,
1,2810822722,2018-02-17,818.2,2,1,198,64,57,112,1.03,9.1,60.7,5,12742,1347.94069192751,7.20633329341794,1.44178310046574,0.365880611783385,1,,69.36,,830.17,1,1367.66062602965,7.22085698701779,1,69.49,0,12742,0,3,,12742,0,,,1,4528,6237,12742,14742,14742,2000,,0,0,,,,0,0,4,0,12742,C09AA03,5 MG,C09,C09A,C09AA,C09AA03,81 MG,1,,,1,1,,,1,,,,"","",,,,,,,,,,,,1,0,0,1,1,0,0,1,0,0,0,,1.03,61.73,2,022009CJB,298.52,1.14,48,226.4,48,99.211,8,13446,13446,69.36,1,1,1,81,0,8,0,0,0,0,0,0,0,0,0,0,0,170,65.5,0,0,0,0,0,0,1,,,,,7,7,,0,1,1,0,0,0,0,,1,1,0,2,0,567,1,0,0,79,27.8594112342353,0,0,1,0,1,,0,0,0,0,0,,0,,,,0,0,1,,,0,122.6,1,149.9176276771,5.01008599443949,2,0,0,0,69,0,1,,17227,,,,19.5353723467755,1,Q3,high,high,Q1-Q3,Q1-Q3,,,,,,
1,2810823677,2018-01-14,419.2,2,1,193,65,67,103,0.9,3,48.8,5.8,11762,859.016393442623,6.75578800613582,2.53121693121693,0.92870018757678,0,,41.06,,447.83,1,917.684426229508,6.82185356924347,1,67.98,0,11762,0,3,,11762,0,,,2,4322,5643,11762,13769,13769,2007,,0,0,,,,0,0,4,0,11762,C09AA03,10 MG/12.5 MG,C03,C03A,C03AA,C03AA03,81 MG,1,,,,1,,,,,,,C03AA03,"",,,,,,,,1,,,,1,0,0,0,1,0,0,1,0,0,0,,0.62,36.8,2,021409CJB,367.07,2.22,40,150.9,40,104.679,8,12701,12701,41.06,1,1,1,81,0,2,0,0,0,0,0,0,0,0,0,0,0,150,66.5,0,0,0,0,0,0,1,,,,,3,2,,0,1,1,0,0,0,0,1,1,1,0,2,0,567,1,0,0,64,23.8480888516981,0,0,1,0,1,143,1,0,0,0,0,,0,,,,0,0,0,,,0,114.6,0,61.4754098360656,4.11863725479115,2,0,0,0,68,0,0,,16485,,,,12.632594021215,1,Q2,low,low,Q1-Q3,Q1-Q3,,,,,,
1,2810825992,2017-10-30,388.1,2,1,106,38,69,145,0.83,3,28.1,6.4,11756,1381.13879003559,7.23066364802325,1.03217821782178,0.0316713438376514,1,,31.8,,898.16,1,3196.29893238434,8.06974883579892,1,74.81,0,11756,0,3,,11756,0,,,1,,,11756,14054,14054,2298,,0,0,,,,0,0,4,0,11756,C10AX09,10 MG,C10,C10A,C10AX,C10AX09,"",,,,1,,1,1,1,,,,"","",,,,,,,,,,,,0,0,0,1,0,1,1,1,0,0,0,,2.67,155,2,012609CJB,281.87,1.25,15,102.7,15,95.095,8,13068,13068,31.8,1,1,1,325,1,8,0,0,0,0,0,0,0,0,0,0,0,281,69.75,0,0,0,0,0,0,1,,,,,4,6,,0,1,1,1,0,0,0,,1,1,0,2,0,2275,2,0,0,62,40.6091134762915,0,0,1,1,1,141,0,1,0,1,0,,0,,,,0,0,0,,,0,54.2,0,106.761565836299,4.67059799131055,2,1,0,1,94,0,1,,16859,,,,14.6929658514424,1,Q3,high,low,Q1-Q3,Q1-Q3,,,,,,
7,2810827088,2017-08-13,4495.8,2,1,173,40,159,150,0.65,13,183.5,7.2,4389,2450.0272479564,7.80385442509179,1.45231607629428,0.373159576111274,1,0.6,35.44,35.74,1209.68,2,659.226158038147,6.49106665929788,1,72.85,0,4389,0,3,,4389,0,,,2,4389,5986,,,5986,1597,,0,0,,,,0,0,4,0,4389,M01AE02,325 MG,M01,M01A,M01AE,M01AE02,325 MG,1,1,,,,,,,,,,"","",,,,,,,,,,,,1,1,0,0,0,0,0,0,0,0,0,,2.64,308,2,010509CJB,530.796,3.24,3,164,3,148.968,3,,,35.44,0,2,2,325,1,,0,0,0,0,0,0,,,,,0,152,58.5,0,0,0,0,1,1,,,,,,6,0,1,1,0,0,1,,,0,,,,0,1,0,650,2,0,1,58,31.2275180763379,0,0,0,0,0,,0,0,0,0,0,,0,,,,0,0,0,,,0,101.2,1,70.8446866485014,4.26048996894905,2,1,0,0,98,1,1,,8930,,,,25.0002780403715,1,Q4,high,high,Q4,Q4,,,,,,
1,2810827208,2017-09-17,583.3,2,1,162,38,215,94,0.99,3,96.5,5.1,12317,604.455958549223,6.40432881140274,,,,,34.24,,696.12,1,721.367875647668,6.58114923690912,1,62.75,0,12317,0,3,,12317,0,,,1,4504,5800,12317,14387,14387,2070,,0,0,,,,0,0,4,0,12317,M01AX05,"",M01,M01A,M01AX,M01AX25,81 MG,1,1,1,,,,,,,,,M01AX25,"",,1,,,,,,,,,,1,1,1,0,0,0,0,0,0,0,0,,3.28,55.45,2,011509CJB,528.168,2.68,7,206.9,7,174.405,8,13771,13771,34.24,1,1,1,81,0,8,0,0,0,0,0,0,0,0,0,0,0,175,65.75,,,0,0,0,0,1,,,,,5,7,,0,1,1,0,0,0,0,,1,1,0,2,0,567,1,0,0,66,28.4611305245974,0,0,1,0,1,,0,0,0,0,0,,0,,,,0,0,0,,,0,81,0,31.0880829015544,3.43682455930531,2,0,0,0,79,0,0,,17564,,,,7.65134124745852,1,Q1,low,low,Q1-Q3,Q1-Q3,,,,,,
1,2810827355,2017-11-18,680.4,2,1,122,41,158,121,1.27,3,102.1,6.4,12543,666.405484818805,6.50189832133918,1.03011204481793,0.0296675777019079,1,,45.08,,679.85,1,665.866797257591,6.50108964641917,1,63.78,0,12543,0,3,1,12543,0,,,1,4515,5806,12543,14562,14562,2019,,0,0,,,,0,0,4,0,12543,C10AX09,10 MG,C10,C10A,C10AX,C10AX09,325 MG,1,,,1,1,1,1,1,,,,"","",,,,,,,,,,,,1,0,0,1,1,1,1,1,0,0,0,,1,93.16,2,012909CJB,381.958,2.55,19,266.5,19,200.956,8,13793,13793,45.08,1,1,1,160,0,8,0,0,0,0,0,0,0,0,0,1,0,191,66,0,0,0,0,0,0,1,,,,,3,2,,0,1,1,0,1,0,0,,1,1,0,2,0,1120,2,0,0,58,30.8284087642556,0,0,1,1,1,140,0,1,1,0,1,9194,0,,,,0,0,0,,,0,49.4,0,29.382957884427,3.38041484247963,1,0,0,1,62,0,0,16153,16777,9194,1,4234,10.7484755615936,0,Q1,low,low,Q1-Q3,Q1-Q3,MI,11.5920602327173,1,1,0,0
1,2810828824,2017-11-25,1001.4,2,1,198,55,80,96,1.25,4.4,130.6,5.3,12489,766.76875957121,6.64218526904161,,,,,54.44,,686.59,1,525.719754977029,6.26476828554246,1,46.17,2,12489,1,2,41,12489,1,-2449,10040,1,4577,5795,12489,14724,14724,2235,,0,0,,,,1,0,1,1,12489,C09AA03,15 MG,C09,C09A,C09AA,C09AA03,81 MG,1,,,,1,,,1,,,,"","",,,,,,,,,,,,1,0,0,0,1,0,0,1,0,0,0,,0.77,33.71,2,020209CJB,330.794,1.24,22,326.2,22,171.937,8,13705,13705,54.44,1,1,1,81,0,8,0,0,0,0,0,0,0,1,0,1,0,223,67.5,0,0,0,0,0,0,1,,,,,3,7,,0,1,1,0,1,1,0,,1,1,0,2,0,567,1,0,0,64,34.411446600671,0,0,1,0,1,,0,0,0,0,0,,0,,,,0,0,0,,,0,127,1,33.6906584992343,3.51722060306402,2,0,0,0,60,0,0,,17493,10040,41,5004,12.7794793261868,0,Q1,low,low,Q1-Q3,Q1-Q3,CHF,13.700205338809,1,1,1,0
1,2810829208,2018-01-01,2764,2,1,223,61,181,104,0.76,5.5,132.4,5.6,11748,2087.61329305136,7.64377672737274,2.45341018251681,0.897478967977516,0,,57.22,,1798.37,1,1358.28549848943,7.21397852055076,1,76.47,0,11748,0,3,,11748,0,,,2,4516,5545,11748,13912,13912,2164,,0,0,,,,0,0,4,0,11748,C10AA01,10 MG,C10,C10A,C10AA,C10AA01,81 MG,1,,,1,,1,1,,,,,"","",,,,,,,,,,,,1,0,0,1,0,1,1,0,0,0,0,,1.1,43.27,2,021109CJB,377.262,2.43,34,240.8,34,178.977,8,12785,12785,57.22,1,1,1,81,0,2,0,0,0,0,0,0,0,0,0,0,0,171,61.25,0,0,0,0,0,0,1,,,,,4,6,,0,1,1,0,0,0,0,1,1,1,0,2,0,567,1,0,0,78,32.0471591380501,0,0,1,1,1,,0,0,0,0,0,,0,,,,0,0,0,,,0,125.8,1,41.5407854984894,3.72667572771765,2,0,0,1,75,1,1,,16570,13132,11,4822,27.8348439073515,0,Q4,high,high,Q4,Q4,Atherothrombotic Infarction of Brain,13.201916495551,1,1,1,0
1,2810829284,2018-02-17,446.1,2,1,111,48,68,104,0.77,3,47.8,5.9,12301,933.26359832636,6.8386876886249,2.30673575129534,0.835833430496504,0,,34.22,,710.46,1,1486.3179916318,7.3040571940616,1,70.61,0,12301,0,3,2,12301,0,,,1,,5638,12301,14407,14407,2106,,0,0,,,,0,0,4,0,12301,C10AX09,10 MG,C10,C10A,C10AX,C10AX09,325 MG,1,,,1,,1,1,,,,,"","",,,,,,,,,,,,1,0,0,1,0,1,1,0,0,0,0,,1.14,64.72,2,021909bCJ,432.056,1.48,48,69.7,48,51.025,8,13034,13034,34.22,0,1,1,325,0,8,1,1,1,0,0,0,0,0,0,0,0,182,67.75,0,0,0,0,0,0,1,,,,,4,1,,0,1,0,0,0,0,0,,1,1,2,2,0,2275,2,0,0,63,27.8777938038168,1,0,0,1,0,141,0,1,0,1,1,10543,0,,,,0,0,0,,,0,49.4,0,62.7615062761506,4.13934192815284,2,0,0,1,97,0,0,,16815,10543,2,4514,9.6212742095501,0,Q2,low,low,Q1-Q3,Q1-Q3,MI,12.3586584531143,1,1,1,0
1,2810829932,2017-12-14,3332.9,2,1,119,40,114,112,1.06,32,195.1,5.5,12617,1708.30343413634,7.44325601321637,2.027,0.706556867469863,0,,37.1,,940.36,1,481.98872373142,6.17792071902885,1,65.88,0,12617,0,3,4,12617,0,,,1,4482,5802,12617,14605,14605,1988,13364,1,0,747,13364,,0,0,4,0,12617,C10AX06,20 / 12.5 MG,C03,C03A,C03AA,C03AA03,81 MG,1,,,1,1,1,1,,,,,C03AA03,"",,,,,,,,1,,,,1,0,0,1,1,1,1,1,0,0,0,,1.5,98.17,2,020309bCJ,397.686,2.74,24,141.5,24,100.849,8,13806,13806,37.1,1,1,1,81,0,8,0,0,0,0,0,0,0,0,0,1,0,231,69.5,0,0,0,0,0,0,1,,,,,3,7,,0,0,1,0,1,0,0,,1,1,0,,0,567,1,0,0,53,33.6238921015702,0,0,1,1,1,141,1,1,1,1,1,12278,0,,1,1,0,0,0,,,0,56.2,1,164.018452075859,5.0999789341528,2,0,0,1,80,1,1,15899,,11435,6,,21.3537929267043,1,Q4,high,high,Q1-Q3,Q4,Angina,,,,,
1,2810830047,2017-08-23,520.5,2,1,187,45,183,106,0.9,15.3,50.5,5.2,11825,1030.69306930693,6.9379867377618,,,,,58.42,,762.99,1,1510.87128712871,7.32044177474545,1,62.15,0,11825,0,3,,11825,0,,,1,4530,5699,11825,14078,14078,2253,,0,0,,,,0,0,4,0,11825,C09AA03,40 MG,C09,C09A,C09AA,C09AA03,81 MG,1,,,,1,,,1,,,,"","",,,,,,,,,,,,1,0,0,0,1,0,0,1,0,0,0,,0.71,43.6,2,010909CJB,280.606,2.34,1,221.4,1,184.746,8,13434,13434,58.42,1,1,1,81,0,8,0,0,0,0,0,0,0,0,0,0,0,157,65.75,0,0,0,0,0,0,1,,,,,4,6,,0,1,1,0,0,0,0,,1,1,0,2,0,567,1,0,0,67,25.5336999563531,0,0,1,0,1,,0,0,0,0,0,,0,,,,0,0,0,,,0,105.4,1,302.970297029703,5.71363477109921,3,0,0,0,88,0,0,,17228,,,,11.7124212421242,1,Q2,low,low,Q1-Q3,Q1-Q3,,,,,,
1,2810831239,2018-02-17,429.9,2,1,164,47,123,110,0.86,3,63.1,5.4,11836,681.299524564184,6.52400203994316,2.5896309314587,0.951515368051419,0,,32.74,,883.41,1,1400.01584786054,7.24423883543967,1,66.79,0,11836,0,3,,11836,0,,,2,3923,,11836,13740,13740,1904,,0,0,,,,0,0,4,0,11836,M01AE01,200 MG,M01,M01A,M01AE,M01AE01,81 MG,1,1,,,,,,1,,,,"","",,,,,,,,,,,,1,1,0,0,0,0,0,1,0,0,0,,1.36,104.1,2,022009CJB,269.216,1.05,49,199.7,49,133.164,8,12530,12530,32.74,1,1,1,81,0,2,0,0,0,0,0,0,0,0,0,0,0,203,64.5,0,0,0,0,0,0,1,,,,,8,1,,0,1,1,0,0,0,0,1,1,1,0,2,0,567,1,0,0,58,34.3069588248425,0,0,1,0,1,,0,0,0,0,0,,0,,,,0,0,1,,,0,92.4,0,47.5435816164818,3.86164679810308,2,0,0,0,74,0,0,,16310,,,,9.20675033194843,1,Q1,low,low,Q1-Q3,Q1-Q3,,,,,,
1,2810831490,2017-11-26,794,2,1,130,51,84,109,1.55,4.9,26.7,5.8,11287,2973.78277153558,7.99759008182902,,,,,83.7,,198.45,1,743.258426966292,6.61104379981096,1,24.74,4,11287,1,1,41,11287,1,-983,10304,1,4119,,11287,,,,10305,1,1,-983,10304,,1,0,1,1,11287,C10AA01,10 MG,C10,C10A,C10AA,C10AA01,81 MG,1,,,1,1,1,1,1,,,1,"","",,,,,,,,,,,,1,0,0,1,1,1,1,1,0,0,1,,1.15,37.25,2,020309bCJ,353.892,4.75,25,188.6,25,116.378,8,12466,12466,83.7,1,1,1,81,0,8,0,0,0,0,0,0,0,0,0,0,0,157,68.75,0,0,0,0,0,0,1,,,,,4,6,,0,1,1,0,0,0,0,,1,1,0,2,0,567,1,0,0,82,23.3539238648725,0,0,1,1,1,141,0,1,0,1,0,,0,,2,1,1,0,1,,,0,62.2,1,183.520599250936,5.21232691869251,2,0,0,1,41,1,1,12505,,6814,6,,72.5312871106239,1,Q4,high,high,Q4,Q4,Angina,,,,,
1,2810831665,2017-08-26,3563.9,2,1,136,31,91,93,1.2,15.9,365.9,5.1,11999,974.009292156327,6.8814208437986,,,,,46.9,,1003.89,1,274.361847499317,5.61444784645929,1,63.34,0,11999,0,3,,11999,0,,,1,4584,5796,11999,14212,14212,2213,,0,0,,,,0,0,4,0,11999,C10AA01,20 MG,C10,C10A,C10AA,C10AA01,"",,,,,1,1,1,,,,,"","",,,,,,,,,,,,0,0,0,0,1,1,1,0,0,0,0,,6.97,95.78,2,010909CJB,451.676,2.46,1,186.2,1,137.708,8,13587,13587,46.9,1,1,1,81,0,8,0,0,0,0,0,0,0,0,0,0,0,167,63.75,0,0,0,0,0,0,1,,,,,3,6,,0,1,1,0,0,0,0,,1,1,0,2,0,567,1,0,0,77,28.8909422109502,0,0,1,1,1,,0,0,0,0,0,,0,,,,0,0,0,,,0,86.8,1,43.4544957638699,3.77171431618316,2,0,0,1,58,0,0,,17186,,,,16.7932636578677,1,Q2,low,low,Q1-Q3,Q1-Q3,,,,,,
1,2810832636,2018-01-06,1336.9,2,1,205,40,127,96,0.9,3.6,111.8,5.7,11504,1195.79606440072,7.08656740525617,,,,,51.72,,1408.08,1,1259.4633273703,7.13844097855281,1,,0,11504,,,2,11504,0,,,2,4295,5643,11504,13540,13540,2036,,0,0,,,,0,0,,0,11504,C09CA08,20 MG/12.5 MG,C03,C03A,C03AA,C03AA03,81 MG,1,,,1,1,,,,,,,C03AA03,"",,,,,,,,1,,,,1,0,0,1,1,0,0,1,0,0,0,,4.25,48.74,2,021109CJB,,,36,264.4,36,181.678,8,12526,12526,51.72,1,7,1,81,0,2,0,0,0,0,0,0,0,0,0,0,0,138,59,0,0,0,0,0,0,1,,,,,2,6,,0,0,1,0,0,0,0,1,1,1,0,,0,3969,2,0,0,80,27.872804955607,0,0,1,0,1,141,0,1,0,1,1,12049,0,,,,0,0,1,,,0,139.6,0,32.2003577817531,3.4719775637232,2,0,0,0,60,0,1,,16311,12049,2,4807,19.9299344066786,0,Q3,low,high,Q1-Q3,Q1-Q3,MI,13.160848733744,1,1,1,0
1,2810834937,2017-12-16,763.9,2,1,204,46,245,115,0.68,35.5,41.6,5.7,12246,1836.29807692308,7.51550690926819,,,,,43.46,,638.51,1,1534.87980769231,7.33620735577795,1,72,0,12246,0,3,,12246,0,,,2,4445,5840,12246,,,,,0,0,,,,0,0,4,0,12246,C09AA03,10 MG,C09,C09A,C09AA,C09AA03,81 MG,1,,,,1,,,,,,,"","",,,,,,,,,,,,1,0,0,0,1,0,0,0,0,0,0,,3.28,156.8,2,020409bCJ,,,,,,,,,,43.46,1,1,1,81,0,2,0,0,0,0,0,0,0,0,0,0,0,182,61.5,0,0,0,0,0,0,1,,,,,8,1,,0,1,1,0,0,0,0,1,1,1,0,2,0,567,1,0,0,58,33.8319296507719,0,0,1,0,1,,0,0,0,0,0,,0,,,,0,0,1,,,0,109,1,853.365384615385,6.74918780819629,3,0,0,0,96,1,1,,17171,,,,19.1281049679487,1,Q4,high,high,Q1-Q3,Q4,,,,,,
1,2810835291,2017-08-23,1168.2,2,1,205,58,125,125,0.63,7.9,95.5,6.1,11250,1223.24607329843,7.10926332010762,1.43684820393975,0.362451967515655,1,,67.78,,806.89,1,844.910994764398,6.73923129016964,1,75.85,0,11250,0,3,,11250,0,,,2,4341,5855,11250,13478,13478,2228,,0,0,,,,0,0,4,0,11250,C09AA03,TABLET,C10,C10A,C10AD,C10AD02,325 MG,1,,,1,1,,,1,,,,C10AD02,"",,,,,,1,,,,,,1,0,0,1,1,1,0,1,0,0,0,,6.78,221.7,2,010809CJB,401.392,3.26,1,178.3,1,131.473,8,12866,12866,67.78,1,1,1,325,1,2,0,0,0,0,0,0,0,0,0,0,0,177,64.75,0,0,0,0,0,0,1,,,,,3,7,,0,0,1,1,0,0,0,1,1,1,0,,0,2275,2,0,0,71,29.6824218818009,0,0,1,1,1,,0,0,0,0,0,,0,,,,0,0,0,,,0,122,1,82.7225130890052,4.41549179096843,2,0,1,0,90,0,1,,16660,,,,13.5916230366492,1,Q3,low,low,Q1-Q3,Q1-Q3,,,,,,
1,2810835311,2017-12-23,2620.8,2,1,140,32,167,115,0.87,5.3,133.5,5.1,12012,1963.14606741573,7.58230360180654,1.06197654941374,0.0601318410446239,1,,36.46,,2378.78,1,1781.85767790262,7.48541173834441,1,64.72,0,12012,0,3,,12012,0,,,1,4229,5639,12012,13983,13983,1971,8701,1,1,-3320,8692,,0,0,4,0,12012,M01AX05,1.5 G,M01,M01A,M01AX,M01AX25,81 MG,1,1,,1,,1,1,,,,,M01AX25,"",,1,,,,,,,,,,1,1,0,1,0,1,1,0,0,0,0,,0.48,68.86,2,020709CJB,242.196,1.15,30,205.1,30,187.809,8,13106,13106,36.46,1,1,1,81,0,8,0,0,0,0,0,0,0,0,0,0,0,202,64.75,0,0,0,0,0,0,1,,,,,7,8,,0,1,1,0,0,0,0,,1,1,0,2,0,567,1,0,0,72,33.8748543509818,0,0,1,1,1,141,0,1,0,1,0,,0,,1,2,1,0,1,,,0,74.6,1,39.7003745318352,3.68136062169991,2,0,0,1,86,1,1,,16892,3174,6,4880,22.8272798536713,0,Q4,high,high,Q1-Q3,Q4,Angina,13.3607118412047,1,1,1,0
1,2810835393,2017-11-23,578.7,2,1,188,72,76,88,0.85,3,65.6,5.6,11832,882.164634146342,6.78237869861784,2.52399823866138,0.925844246842504,0,,28.54,,526.48,1,802.560975609756,6.68780783418591,1,63.19,0,11832,0,3,2,11832,0,,,2,4251,5635,11832,13786,13786,1954,13639,1,0,1807,13639,,0,0,4,0,11832,C10AX06,1000 MG,C10,C10A,C10AX,C10AX06,81 MG,1,,,1,,1,1,,,,,"","",,,,,,,,,,,,1,0,0,1,0,1,1,0,0,0,0,,0.86,24.73,2,013009CJB,356.05,0.77,20,204.3,20,108.909,8,13076,13076,28.54,1,1,1,325,0,2,0,0,0,0,0,0,0,0,0,1,0,142,64.25,0,0,0,0,0,0,1,,,,,6,6,,0,1,1,0,1,0,0,1,1,1,0,2,0,2275,2,0,0,60,24.1850891732185,0,0,1,1,1,141,0,1,1,1,1,15442,0,,1,2,0,0,0,,,0,100.8,0,45.7317073170732,3.8227918717002,2,0,0,1,74,0,0,,16864,15442,2,5032,11.9211437046803,0,Q2,low,low,Q1-Q3,Q1-Q3,MI,13.7768651608487,1,1,1,0
1,2810836035,2018-01-01,745.9,2,1,158,45,97,98,0.89,3,73,5.6,12362,1021.78082191781,6.92930228780082,1.46864406779661,0.384339572255896,1,,28.44,,1098.66,1,1505.01369863014,7.31655727922138,1,67.28,0,12362,0,3,,12362,0,,,1,4577,5743,12362,14345,14345,1983,15347,1,0,2572,14934,,0,0,4,0,12362,M01AE02,220 MG,M01,M01A,M01AE,M01AE02,81 MG,1,1,,,,,,,,,,"","",,,,,,,,,,,,1,1,0,0,0,0,0,0,0,0,0,,4.64,69.69,2,021009CJB,422.162,3,34,239.4,34,150.702,8,13400,13400,28.44,0,1,1,81,0,8,0,0,0,0,0,0,0,0,0,0,0,242,69.5,0,0,0,0,0,0,1,,,,,4,8,,0,1,0,0,0,0,0,,1,1,0,2,0,567,1,0,0,76,35.2250298206926,0,0,0,0,0,,0,0,0,0,0,,0,,1,2,0,0,1,,,0,93.6,0,41.0958904109589,3.71590812650186,2,0,0,0,83,0,0,,17185,,,,12.3106123122628,1,Q2,low,low,Q1-Q3,Q1-Q3,,,,,,
1,2810836356,2017-09-23,2322,2,1,170,61,100,114,0.96,3.2,159.8,6,12208,1453.06633291615,7.28143131491375,1.28329809725159,0.249433402567565,1,,51.56,,1384.13,1,866.16395494368,6.76407421505816,1,60.84,0,12208,0,3,,12208,0,,,1,4563,5796,12208,14279,14279,2071,,0,0,,,,0,0,4,0,12208,C10AA05,10 MG,C10,C10A,C10AA,C10AA05,"",,,,1,,1,1,,,,,"","",,,,,,,,,,,,0,0,0,1,0,1,1,0,0,0,0,,6.37,57.74,2,011509CJB,377.636,2.68,7,176.3,7,120.703,8,13651,13651,51.56,0,1,1,81,0,8,0,0,0,0,0,0,0,0,0,0,0,226,66.5,0,0,0,0,0,0,1,,,,,3,6,,0,1,0,0,0,0,0,,1,1,0,2,0,567,1,0,0,65,35.9311205365585,0,0,0,1,0,,0,0,0,0,0,,0,,,,0,0,0,1,5840,1,89,0,20.0250312891114,2.99698305545564,1,0,0,1,83,0,1,,17444,,,,17.5068232881463,1,Q3,high,low,Q1-Q3,Q1-Q3,,,,,,
1,2810836374,2017-10-28,673.9,2,1,167,51,237,111,1.08,3.1,39.8,6.1,11391,1693.21608040201,7.43438500564987,,,,,39.72,,618.14,1,1553.11557788945,7.34801824271654,1,61.82,0,11391,0,3,,11391,0,,,2,4282,,11391,,,,,0,0,,,,0,0,4,0,11391,M01AB05,100 MG,M01,M01A,M01AB,M01AB05,81 MG,1,1,,1,,1,1,1,,,,"","",,,,,,,,,,,,1,1,0,1,0,1,1,1,0,0,0,,2.42,40.67,2,012309CJB,568.24,3.03,14,123.4,14,76.375,8,12731,12731,39.72,1,1,1,81,0,2,0,0,0,0,0,0,0,0,0,0,0,168,60.75,0,0,0,0,0,0,1,,,,,8,6,,0,1,1,0,0,0,0,1,1,1,0,2,0,567,1,0,0,66,32.0053315003749,0,0,1,1,1,,0,0,0,0,0,,0,,,,0,0,1,,,0,68.6,0,77.8894472361809,4.35529047818285,2,0,0,1,53,0,1,,14226,,,,31.9474732151323,1,Q3,high,high,Q4,Q1-Q3,,,,,,
1,2810837651,2018-01-10,765.7,2,1,225,101,68,110,0.76,3,31.2,5.3,11637,2454.16666666667,7.80554253929173,1.14432989690722,0.134819222808951,1,,31.86,,455.36,1,1459.48717948718,7.28584040607414,1,74.91,0,11637,0,3,,11637,0,,,2,4344,5631,11637,13743,13743,2106,,0,0,,,,0,0,4,0,11637,C10AX06,1000 MG,C10,C10A,C10AX,C10AX06,81 MG,1,,,,,1,,,,,,"","",,,,,,,,,,,,1,0,0,0,0,1,0,0,0,0,0,,0.29,55.29,2,021209CJB,338.268,0.92,38,258.4,38,145.367,8,12625,12625,31.86,0,1,1,81,0,2,0,0,0,0,0,0,0,0,0,0,0,113,61.25,0,0,0,0,0,0,1,,,,,3,6,,0,0,0,0,0,0,0,1,1,1,0,,0,567,1,0,0,64,21.177362471343,0,0,0,0,0,,0,0,0,0,0,,0,,,,0,0,1,,,0,110.4,0,96.1538461538462,4.56594947283481,2,0,1,0,83,1,1,,16409,,,,29.5682730923695,1,Q4,high,high,Q4,Q4,,,,,,
1,2810839299,2017-11-13,845,2,1,172,66,97,98,0.9,3,106.3,5.4,12542,794.920037629351,6.67824152799736,2.93496503496504,1.07669554007964,0,,34.94,,363.04,1,341.523988711195,5.83341792167172,1,66.86,0,12542,0,3,,12542,0,,,1,4510,5834,12542,14565,14565,2023,,0,0,,,,0,0,4,0,12542,M01AE01,200 MG,M01,M01A,M01AE,M01AE01,81 MG,1,1,,,,1,1,,,,,"","",,,,,,,,,,,,1,1,0,0,0,1,1,0,0,0,0,,0.5,22.02,2,012709CJB,290.176,0.36,17,289.5,17,118.902,8,13831,13831,34.94,0,1,1,81,0,8,0,0,0,0,0,0,0,0,0,0,0,162,69,0,0,0,0,0,0,1,,,,,7,1,,0,1,0,0,0,0,0,,1,1,0,2,0,567,1,0,0,60,23.9233748788859,0,0,0,1,0,,0,0,0,0,0,,0,,,,0,0,1,,,0,86.6,0,28.2220131702728,3.34010228230234,1,0,0,1,93,0,0,14945,,14945,27,2403,8.54752728633711,0,Q1,low,low,Q1-Q3,Q1-Q3,,6.57905544147844,1,0,0,0
1,2810839911,2017-11-13,4093.7,2,1,135,45,73,117,0.87,16.1,148.3,6.2,11217,2760.41807147674,7.92313742241272,0.952646239554318,-0.0485116514256737,1,,42.84,,1216.4,1,820.229265003372,6.70958389264742,1,55.31,2,11217,0,3,,11217,0,,,1,4258,5645,11217,13247,13247,2030,,0,0,,,,0,0,4,0,11217,C10AX09,10/20 MG,C10,C10A,C10AA,C10AA01,81 MG,1,,,1,,1,,,,,,C10AA01,"",,,,,,1,1,,,,,1,0,0,1,0,1,1,0,0,0,0,,0.4,179.1,2,012709CJB,612.62,2.56,16,162.3,16,148.483,8,12513,12513,42.84,1,1,1,81,0,8,0,0,0,0,0,0,0,0,0,0,0,210,68.75,0,0,0,0,0,0,1,,,,,6,6,,0,1,1,0,0,0,0,,1,1,0,2,0,567,1,0,0,72,31.2377325581098,0,0,1,1,1,141,0,1,0,1,0,,0,,,,0,0,0,,,0,75.4,1,108.563722184761,4.68733730182867,2,0,0,1,86,1,1,,16304,8192,6,5087,32.0978845520551,1,Q4,high,high,Q4,Q4,Angina,13.927446954141,1,1,1,0
1,2810840194,2017-12-02,2069.9,2,1,179,44,256,106,0.76,5.9,107.6,5.6,12175,1923.69888475836,7.56200511417415,2.22041763341067,0.797695301349206,0,,29.1,,1511.19,1,1404.45167286245,7.247402237168,1,68.33,0,12175,0,3,,12175,0,,,2,4630,5719,12175,14331,14331,2156,,0,0,,,,0,0,4,0,12175,C10AX06,1000 MG,C10,C10A,C10AX,C10AX06,81 MG,1,,,1,,1,1,,,,,"","",,,,,,,,,,,,1,0,0,1,0,1,1,0,0,0,0,,3.1,60.55,2,020409CJB,432.128,1.59,25,218.6,25,149.635,8,13341,13341,29.1,1,1,1,81,0,2,0,0,0,0,0,0,0,0,0,0,0,142,66,0,0,1,1,0,0,1,,,,,3,6,,0,1,1,0,0,0,0,1,1,1,0,2,0,567,1,0,1,68,22.9195499713314,0,0,1,1,1,,0,0,0,0,0,,0,,,,0,0,1,,,0,83.8,1,54.8327137546469,4.00428698216613,2,0,0,1,81,1,1,15178,,15178,27,3003,23.7493689476341,0,Q4,high,high,Q4,Q4,,8.2217659137577,1,0,0,0
1,2810840528,2018-02-10,455.7,2,1,192,61,34,107,0.76,3,70.7,5.7,12577,644.554455445545,6.4685593113554,0.966437177280551,-0.0341389826734133,1,,45.76,,616.49,1,871.980198019802,6.77076671495825,1,56.42,0,12577,0,3,,12577,0,,,1,4623,5730,12577,,,,,0,0,,,,0,0,4,0,12577,M01AX05,550 MG,M01,M01A,M01AX,M01AX05,81 MG,1,1,,,,1,,,,,,"","",,,,,,,,,,,,1,1,0,0,0,1,0,0,0,0,0,,3.92,55.75,2,021909bCJ,176.452,1.66,48,211.8,48,144.396,8,13316,13316,45.76,0,1,1,81,0,8,0,0,0,0,0,0,0,0,0,0,0,219,71,0,0,0,0,0,0,1,,,,,8,1,,0,1,0,0,0,0,0,,1,1,0,2,0,567,1,0,0,64,30.5445006843198,0,0,0,0,0,,0,0,0,0,0,,0,,,,0,0,0,,,0,124.2,0,42.4328147100424,3.74792199474772,2,0,1,0,96,0,0,,17097,,,,6.71410891089109,1,Q1,low,low,Q1-Q3,Q1-Q3,,,,,,
1,2810840986,2017-09-23,874.3,2,1,163,58,69,111,0.77,22.7,122,5.7,11617,716.639344262295,6.57457270744168,3.3065164923572,1.19589521597957,0,,32.18,,796.68,1,653.016393442623,6.4816022337739,1,54.04,0,11617,1,2,,11617,0,,,1,4288,5645,11617,14137,14137,2520,15353,1,0,3736,15353,,0,0,3,0,11617,B01AC06,81 MG,B01,B01A,B01AC,B01AC06,81 MG,1,,,,,,,,,,,"","",,,,,,,,,,,,1,0,0,0,0,0,0,0,0,0,0,,0.48,95.67,2,011609CJB,479.308,1.31,7,191.4,7,138.965,8,13057,13057,32.18,0,1,1,81,0,8,0,0,0,0,0,0,0,0,0,0,0,225,69.25,0,0,0,0,0,0,1,,,,,7,1,,0,1,0,0,0,0,0,,1,1,0,2,0,567,1,0,0,69,32.9874371122538,0,0,0,0,0,,0,0,0,0,0,,0,,1,1,0,0,1,,,0,91.2,1,186.065573770492,5.22609915873624,2,0,0,0,93,0,0,15368,17051,15368,27,3751,7.70579940066984,0,Q1,low,low,Q1-Q3,Q1-Q3,,10.2696783025325,1,1,0,0
1,2810841117,2017-11-13,2099.4,2,1,122,45,164,142,0.84,9,195.1,6.2,12421,1076.06355715018,6.98106480696072,1.29252437703142,0.256597187595064,1,,35.46,,2052.98,1,1052.27063044593,6.9587056134893,1,68.01,0,12421,0,3,41,12421,1,3094,15515,1,4550,5838,12421,14365,14365,1944,14860,1,0,399,12820,,0,1,4,1,12421,C10AA05,10 MG,C10,C10A,C10AA,C10AA05,81 MG,1,,,1,1,1,1,,,,,"","",,,,,,,,,,,,1,0,0,1,1,1,1,0,0,0,0,,0.98,187.4,2,012709bCJ,419.194,3.07,18,68.7,18,49.786,8,13688,13688,35.46,1,1,1,81,0,8,0,0,0,0,0,0,0,0,0,0,0,226,66.5,0,0,0,0,0,0,1,,,,,8,1,,0,1,1,0,0,0,0,,1,1,0,2,0,567,1,0,0,59,35.9311205365585,0,0,1,1,1,143,1,0,0,0,0,,0,,1,1,0,0,1,1,13785,0,44.2,1,46.1301896463352,3.83146760868929,2,1,0,1,96,0,0,15902,15456,15515,41,3094,11.208995386981,0,Q2,low,low,Q1-Q3,Q1-Q3,CHF,8.47091033538672,1,0,0,0
1,2810843075,2018-01-08,963.4,2,1,151,46,95,113,1.01,3,141.4,5.4,11899,681.329561527581,6.52404612672174,1.13770844540075,0.129016103758934,1,,48.32,,922.29,1,652.256011315417,6.48043714024944,1,78.96,0,11899,0,3,,11899,0,,,1,4374,5679,11899,13939,13939,2040,,0,0,,,,0,0,4,0,11899,B01AC06,81 MG,B01,B01A,B01AC,B01AC06,81 MG,1,,,,,,,,,,,"","",,,,,,,,,,,,1,0,0,0,0,0,0,0,0,0,0,,0.84,84.32,2,021109bCJ,546.522,1.17,37,261.6,37,141.042,8,12903,12903,48.32,0,1,1,81,0,8,0,0,0,0,0,0,0,0,0,0,0,158,66.5,0,0,0,0,0,0,1,,,,,4,6,,0,0,0,0,0,0,0,,1,1,0,,0,567,1,0,0,75,25.1199869237887,0,0,0,0,0,143,1,0,0,0,0,,0,,,,0,0,1,,,0,86,0,21.2164073550212,3.05477481418777,1,0,0,0,72,0,0,,13939,,,,9.46291057677196,1,Q1,low,low,Q1-Q3,Q1-Q3,,,,,,
1,2810843273,2017-11-26,2439.3,2,1,163,44,50,109,1.08,9.2,224.5,5.6,11426,1086.54788418708,6.99076087068768,,,,,46.28,,2439.7,1,1086.72605790646,6.99092483871429,1,64.22,0,11426,0,3,,11426,0,,,1,,5631,11426,13568,13568,2142,,0,0,,,,0,0,4,0,11426,C09AA03,10/12.5 MG,C03,C03A,C03AA,C03AA03,81 MG,1,,,1,1,,,,,,,C03AA03,"",,,,,,,,1,,,,1,0,0,1,1,0,0,1,0,0,0,,1,77.17,2,020309bCJ,357.202,4.41,25,327.4,25,196.192,8,12599,12599,46.28,1,1,1,81,0,8,1,1,1,0,0,0,0,0,0,0,0,219,69,0,0,0,0,0,0,1,,,,,3,1,,0,1,1,0,0,0,0,,1,1,2,2,0,567,1,0,0,63,32.3408586325679,1,0,1,0,1,,0,0,0,0,0,,0,,,,0,0,0,,,0,109,1,40.9799554565702,3.71308305585482,2,0,0,0,73,0,0,,16387,,,,14.8842175916039,1,Q2,low,low,Q1-Q3,Q1-Q3,,,,,,
7,2810844002,2017-08-16,2107.9,2,1,192,43,248,155,0.88,4.7,218.9,7.6,3352,962.951119232526,6.87000265166512,2.3800217155266,0.8671096118126,0,3,49.7,51.88,1346.75,2,615.235267245318,6.42200474301992,1,62.24,0,3352,0,3,,3352,0,,,1,3352,5167,,,5167,1815,,0,0,,,,0,0,4,0,3352,C10,81 MG,C10,C10,C10,C10,81 MG,1,,,,,1,,,,1,,"","",,,,,,,,,,,,1,0,0,0,0,1,0,0,0,1,0,,4.09,53.12,2,010609CJB,387.208,2.15,4,152.3,4,116.635,3,,,49.7,0,1,1,81,1,,0,0,0,0,0,0,,,,,0,153,68,0,0,0,0,0,0,,,1,,,7,1,,0,1,0,1,,,0,,2,3,0,2,0,567,1,0,0,49,23.2637229980342,0,1,0,1,0,,0,0,0,0,0,,0,,,,0,0,0,,,0,99.4,1,21.4709913202376,3.06670278316933,1,1,1,0,101,0,0,,7847,,,,9.53416949735175,1,Q2,low,low,Q1-Q3,Q1-Q3,,,,,,
1,2810844591,2018-01-06,1746.6,2,1,133,34,167,107,1.26,159.4,150.2,5.4,12068,1162.84953395473,7.05862876663769,2.16142735768904,0.770768817199736,0,,50.2,,890.38,1,592.796271637816,6.38485078455221,1,71.61,0,12068,0,3,,12068,0,,,1,4270,5634,12068,14065,14065,1997,,0,0,,,,0,0,4,0,12068,C10AA05,10 MG,C10,C10A,C10AA,C10AA05,81 MG,1,,,,1,1,1,,,,,"","",,,,,,,,,,,,1,0,0,0,1,1,1,0,0,0,0,,1.56,101.5,2,021109CJB,411.956,3.69,35,256,35,190.505,8,13092,13092,50.2,1,1,1,81,0,8,0,0,0,0,0,0,0,0,0,0,0,157,67,0,0,0,0,0,0,1,,,,,2,6,,0,1,1,0,0,0,0,,1,1,0,2,0,567,1,0,0,76,24.5898375512501,0,0,1,1,1,,0,0,0,0,0,,0,,,,0,0,0,,,0,65.6,1,1061.2516644474,6.96720430600822,3,0,0,1,55,0,1,,16877,,,,21.1427187991769,1,Q3,low,high,Q1-Q3,Q1-Q3,,,,,,
1,2810846147,2017-11-21,826.4,2,1,221,49,70,97,1.1,9.6,131.4,5.4,12083,628.919330289193,6.44400299774301,1.0125786163522,0.0125001627642315,1,,46.28,,910.32,1,692.785388127854,6.54072026598634,1,68.12,0,12083,0,3,,12083,0,,,1,,5733,12083,14205,14205,2122,,0,0,,,,0,0,4,0,12083,C10AA04,20 MG,C10,C10A,C10AA,C10AA04,81 MG,1,,,,,1,1,,,,,"","",,,,,,,,,,,,1,0,0,0,0,1,1,0,0,0,0,,2.89,84.67,2,012909CJB,412.954,3.3,19,181.9,19,172.318,8,13345,13345,46.28,0,1,1,81,0,8,0,0,0,0,0,0,0,0,0,0,0,190,67.75,0,0,0,0,0,0,1,,,,,7,1,,0,1,0,0,0,0,0,,1,1,0,2,0,567,1,0,0,59,29.1031913336549,0,0,0,1,0,,0,0,0,0,0,,0,,,,0,0,0,1,8402,1,158,1,73.0593607305936,4.29127227140542,2,0,0,1,73,0,0,,17136,,,,8.61533329163279,1,Q1,low,low,Q1-Q3,Q1-Q3,,,,,,
1,2810846165,2017-10-29,383.3,2,1,136,50,78,102,0.8,3,37.8,5.1,12441,1014.02116402116,6.92167905574906,3.17677419354839,1.15586627739105,0,,21.98,,543.31,1,1437.32804232804,7.27054114278782,1,52.71,2,12441,1,2,41,12441,1,-3756,8685,1,4414,5786,12441,14531,14531,2090,12441,1,1,-3832,8609,,1,0,1,1,12441,C07AB02,75 MG 2,C07,C07A,C07AB,C07AB02,81 MG,1,,,1,,,,,,,1,"","",,,,,,,,,,,,1,0,0,1,0,0,0,0,0,0,1,,2.21,31.2,2,012609CJB,333.474,1.66,15,197.8,15,149.216,8,13754,13754,21.98,0,1,1,81,0,8,0,0,0,0,0,0,0,1,0,0,0,174,64,0,0,0,0,0,0,1,,,,,3,6,,0,1,0,0,0,1,0,,1,1,0,2,0,567,1,0,0,73,29.8672277032054,0,0,0,0,0,143,1,0,0,0,0,,0,,1,3,1,1,1,,,0,70.4,0,79.3650793650794,4.3740584650247,2,0,0,0,89,0,0,17380,16114,8685,41,3673,11.3934962249569,0,Q2,low,low,Q1-Q3,Q1-Q3,CHF,10.0561259411362,1,1,0,0
7,2810846711,2017-08-10,1357,2,1,136,39,103,103,0.87,7.5,126.2,5.8,4291,1075.27733755943,6.98033389571585,1.12490650710546,0.117699927407842,1,3.7,31.1,32.76,1067.29,2,845.713153724247,6.74018024032011,1,73.03,0,4291,0,3,,4291,0,,,2,4291,5991,,,5991,1700,,0,0,,,,0,0,4,0,4291,C10AA05,10 MG,C10,C10A,C10AA,C10AA05,81 MG,1,,,1,1,1,1,1,,,,"","",,,,,,,,,,,,1,0,0,1,1,1,1,1,0,0,0,,2.82,116.8,2,122208CJB,533.274,0.94,1,128.2,1,93.752,3,,,31.1,1,1,1,81,0,,0,0,0,0,0,0,,,,,0,174,63.75,0,0,0,0,0,0,1,,,,,4,2,,1,0,1,0,,,0,,1,1,0,1,0,567,1,0,0,55,30.1019397886547,0,0,1,1,1,,0,0,0,0,0,,0,,,,0,0,0,,,0,76.4,1,59.4294770206022,4.08479034941729,2,0,0,1,75,0,0,,8967,,,,14.3370311674591,1,Q2,low,low,Q1-Q3,Q1-Q3,,,,,,
1,2810847066,2017-12-23,3321.9,2,1,269,64,123,87,0.72,3,79,5.4,12524,4204.93670886076,8.34401452089324,1.96894409937888,0.677497408892818,0,,52.52,,596.7,1,755.316455696203,6.62713680804911,1,71.27,0,12524,0,3,,12524,0,,,2,4530,5792,12524,14505,14505,1981,,0,0,,,,0,0,4,0,12524,C10AX06,250 MG,C10,C10A,C10AX,C10AX06,250 MG,1,,,,,1,,,,,,"","",,,,,,,,,,,,1,0,0,0,0,1,0,0,0,0,0,,1.92,27.97,2,020609CJB,374.728,1.64,30,222.3,30,159.476,8,13624,13624,52.52,0,1,2,250,0,2,0,0,0,0,0,0,0,0,0,0,0,133,58.75,0,0,0,0,0,0,1,,,,,6,2,,0,1,0,0,0,0,0,1,1,1,0,2,0,250,1,0,0,60,27.0920277467536,0,0,0,0,0,,0,0,0,0,0,,0,,,,0,0,0,,,0,180.4,0,37.9746835443038,3.63691971518323,2,0,1,0,91,1,1,,17410,,,,46.2080957017666,1,Q4,high,high,Q4,Q4,,,,,,
1,2810847289,2017-09-15,1238.9,2,1,218,72,57,104,1.01,3,167.7,5.8,12064,738.759689922481,6.60497268528062,,,,,31.36,,1179.4,1,703.279666070364,6.55575463072533,1,67.88,0,12064,0,3,,12064,0,,,1,4600,5763,12064,14172,14172,2108,,0,0,,,,0,0,4,0,12064,B01AC06,81 MG,B01,B01A,B01AC,B01AC06,81 MG,1,,,,,,,,,,,"","",,,,,,,,,,,,1,0,0,0,0,0,0,0,0,0,0,,1.1,63.21,2,011409CJB,291.782,1.12,6,224.1,6,146.072,8,13533,13533,31.36,0,1,1,81,0,8,0,0,0,0,0,0,0,0,0,0,0,167,65.75,1,1,0,0,0,0,1,,,,,7,8,,0,1,0,0,0,0,0,,1,1,0,2,0,567,1,0,1,70,27.1600502720443,0,0,0,0,0,,0,0,0,0,0,,0,,,,0,0,0,,,0,134.6,0,17.8890876565295,2.88419089882108,1,0,0,0,75,0,0,,17326,,,,9.85012919896641,1,Q1,low,low,Q1-Q3,Q1-Q3,,,,,,
7,2810847295,2017-08-12,970.6,2,1,145,46,74,95,0.71,6.6,76.3,5.7,4081,1272.08387942333,7.1484116846688,2.95245062179956,1.08263554474955,0,0.1,33.66,33.6,403.94,2,529.410222804718,6.27176359977792,1,68.5,0,4081,0,3,,4081,0,,,2,4081,5974,,,5974,1893,,0,0,,,,0,0,4,0,4081,C10AA05,10 MG,C10,C10A,C10AA,C10AA05,81 MG,1,,,1,,1,1,,,,,"","",,,,,,,,,,,,1,0,0,1,0,1,1,0,0,0,0,,0.31,65.54,2,122208CJB,180.052,1.03,1,134.7,1,93.376,3,,,33.66,1,1,1,81,0,,0,0,0,0,0,0,,,,,0,144,62,0,0,0,0,0,0,,1,,,,4,8,,0,0,1,0,,,0,,2,2,0,,0,567,1,0,0,64,26.3381171923634,0,0,1,1,1,,0,0,0,0,0,,0,,,,0,0,0,,,0,84.2,1,86.5006553079948,4.46015198972411,2,0,0,1,104,0,1,,8785,,,,12.2315757636859,1,Q3,low,low,Q1-Q3,Q1-Q3,,,,,,
1,2810848021,2017-12-24,2827.5,2,1,131,57,71,102,0.64,3,114.7,5.5,12134,2465.12641673932,7.80999836984304,,,,,46.92,,1329.41,1,1159.03225806452,7.05534067562242,1,67.31,0,12134,0,3,,12134,0,,,2,4612,5711,12134,,,,,0,0,,,,0,0,4,0,12134,C09AA03,10 MG,C09,C09A,C09AA,C09AA03,81 MG,1,,,,1,,,,,,,"","",,,,,,,,,,,,1,0,0,0,1,0,0,0,0,0,0,,0.89,94.2,2,020709CJB,367.238,1.56,31,132.8,31,81.767,8,13217,13217,46.92,1,1,1,81,0,2,1,1,1,0,0,0,0,0,0,0,0,208,62.5,1,1,0,0,0,0,1,,,,,4,1,,0,1,1,0,0,0,0,1,1,1,2,2,0,567,1,0,1,64,37.4376787153574,1,0,1,0,1,,0,0,0,0,0,,0,,,,0,0,1,1,13105,0,59.8,0,26.15518744551,3.26404754351492,1,0,0,0,94,1,1,14057,,3742,30,,26.2247491142481,1,Q4,high,high,Q4,Q4,IC,,,,,
1,2810848034,2017-10-22,1392,2,1,138,40,105,108,0.91,3,112.2,5.9,11609,1240.64171122995,7.12338403379386,3.4085308056872,1.22628134968134,0,,29.22,,728.14,1,648.966131907308,6.47538053029974,1,71.37,0,11609,0,3,,11609,0,,,2,4437,5630,11609,13806,13806,2197,,0,0,,,,0,0,4,0,11609,C10AX09,10 MG,C10,C10A,C10AX,C10AX09,325 MG,1,,,1,,1,1,1,,,,"","",,,,,,,,,,,,1,0,0,1,0,1,1,1,0,0,0,,0.52,76.04,2,012109CJB,279.264,1.07,11,114.3,11,120.074,8,13001,13001,29.22,0,1,1,325,0,2,0,0,0,0,0,0,0,0,0,1,0,152,63.25,0,0,0,0,0,0,1,,,,,6,6,,0,1,0,0,1,0,0,1,1,1,0,2,0,2275,2,0,0,69,26.7133368711894,0,0,1,1,1,141,0,1,1,1,0,,0,,,,0,0,0,,,0,77,0,26.7379679144385,3.28608457456165,1,0,0,1,64,0,1,15711,15530,15711,28,4102,19.3850267379679,0,Q3,low,high,Q1-Q3,Q1-Q3,Death,11.2306639288159,1,1,0,0
1,2810848184,2017-12-23,658.6,2,1,201,71,131,96,1.14,3,101.9,5.7,12230,646.319921491658,6.47129461570168,2.05276381909548,0.719187089575565,0,,51.94,,1031.36,1,1012.12953876349,6.91981184438649,1,55.73,1,12230,0,3,,12230,0,,,2,4619,5719,12230,,,,,0,0,,,,0,0,4,0,12230,C10AA04,37.5/25 MG,C03,C03A,C03AA,C03AA03,81 MG,1,,,,,1,1,1,,,,C03AA03,"",,,,,,,,1,,,,1,0,0,0,0,1,1,1,0,0,0,,4.11,52.38,2,020609CJB,402.732,1.46,30,132.1,30,121.903,8,13336,13336,51.94,1,1,1,81,0,2,0,0,0,0,0,0,0,0,0,0,0,147,63,0,0,0,0,0,0,1,,,,,4,0,,0,1,1,0,0,0,0,1,1,1,0,2,0,567,1,0,0,83,26.0400520801042,0,0,1,1,1,,0,0,0,0,0,,0,,,,0,0,0,,,0,103.8,0,29.4406280667321,3.38237562742157,1,0,0,1,44,0,0,14830,,14830,28,2600,14.6890891248104,0,Q1,low,low,Q1-Q3,Q1-Q3,Death,7.11841204654346,1,0,0,0
1,2810848768,2018-12-08,8937.7,2,1,195,59,81,101,0.98,6.6,136.7,5.8,12593,6538.18580833943,8.78541500663245,2.1070801638385,0.745303180533284,0,,46.22,,1013.16,1,741.155815654719,6.6082108807276,1,76.77,0,12593,0,3,,12593,0,,,1,4588,5784,12593,,,,,0,0,,,,0,0,4,0,12593,"","","","","","","",,,,,,,,,,,,"","",,,,,,,,,,,,0,0,0,0,0,0,0,0,0,0,0,,2.7,25.73,2,020609CJB,436.364,2.09,29,222.7,29,143.786,8,13701,13701,46.22,0,1,1,81,0,8,0,0,0,0,0,0,0,0,0,0,0,137,68.5,0,0,0,0,0,0,1,,,,,3,6,,0,1,0,0,0,0,0,,1,1,0,2,0,567,1,0,0,85,20.5279242675274,0,0,0,0,0,,0,0,0,0,0,,0,,,,0,0,1,,,0,119.8,1,48.2809070958303,3.87703618428461,2,0,0,0,70,1,1,,17411,,,,93.402654404849,1,Q4,high,high,Q4,Q4,,,,,,
7,2810848931,2017-08-10,681.1,2,1,147,41,208,104,0.82,3,68.1,6.2,4105,1000.14684287812,6.9079021110799,2.44811320754717,0.895317608493876,0,6.3,52.6,48.1,898.87,2,1319.92657856094,7.18533139173112,1,65.76,0,4102,0,3,,4102,0,,,2,4102,5838,,,5838,1736,,0,0,,,,0,0,4,0,4102,C10AA05,10 MG,C10,C10A,C10AA,C10AA05,81 MG,1,,,,,1,1,,,,,"","",,,,,,,,,,,,1,0,0,0,0,1,1,0,0,0,0,,0.64,105,2,122308CJB,533.464,1.41,2,124.3,2,58.78,3,,,52.6,0,1,1,81,0,,0,0,0,0,0,0,,,,,0,205,63.5,0,0,0,0,0,0,,1,,,,8,1,,0,1,0,0,,,0,,2,2,0,2,0,567,1,0,0,56,35.7447301787777,0,0,0,1,0,,0,0,0,0,0,,0,,,,0,0,0,,,0,64.4,0,44.0528634361234,3.78539035449478,2,0,0,1,93,0,0,,8733,,,,10.7542671277217,1,Q2,low,low,Q1-Q3,Q1-Q3,,,,,,
1,2810849499,2018-12-17,696,2,1,189,45,122,94,0.94,3,77.9,5.2,11514,893.453145057766,6.79509389344581,2.96879643387816,1.08815662956377,0,,20.1,,502.72,1,645.340179717587,6.46977758817865,1,68.06,0,11514,0,3,,11514,0,,,2,4405,5652,11514,,,,,0,0,,,,0,0,4,0,11514,C07AB03,25 MG,C07,C07A,C07AB,C07AB03,81 MG,1,,,1,,,,,,,,"","",,,,,,,,,,,,1,0,0,1,0,0,0,0,0,0,0,,0.59,66.46,2,020509CJB,290.782,1.22,29,216.5,29,157.966,8,12636,12636,20.1,1,1,1,81,0,2,0,0,0,0,0,0,0,0,0,0,0,153,64.75,0,0,0,0,0,0,1,,,,,7,2,,0,1,1,0,0,0,0,1,1,1,0,2,0,567,1,0,0,64,25.6576867113872,0,0,1,0,1,,0,0,0,0,0,,0,,,,0,0,0,,,0,119.6,0,38.5109114249037,3.65094161477354,2,0,0,0,64,0,0,11899,,11899,27,385,13.9602053915276,0,Q2,low,low,Q1-Q3,Q1-Q3,,1.05407255304586,0,0,0,0
1,2810852452,2017-10-30,2302.2,2,1,177,46,188,113,1.08,24.1,238.2,5.4,12541,966.498740554156,6.87367999554785,1.30543187889581,0.266533927708154,1,,34.44,,1994.6,1,837.363560033585,6.73025833703466,1,67.78,0,12541,0,3,13,12541,0,,,1,4539,5801,12541,14573,14573,2032,12060,1,1,-762,11779,,0,0,4,0,12541,C10AX06,TAB 1000MG,C10,C10A,C10AX,C10AX06,81MG,1,,,1,1,1,1,1,,,1,"","",,,,,,,,,,,,1,0,0,1,1,1,1,1,0,0,1,,1.88,100,2,012709CJB,493.966,2.67,16,191.1,16,154.923,8,13845,13845,34.44,1,1,1,81,0,8,0,0,0,0,0,0,0,1,0,0,0,199,67.75,0,0,1,1,0,0,1,,,,,7,6,,0,1,1,0,0,1,0,,1,1,0,2,0,567,1,0,1,67,30.4817635547228,0,0,1,1,1,,0,0,0,0,0,,1,13726,2,1,1,0,1,,,0,93.4,1,101.175482787573,4.61685646255755,2,0,0,1,71,0,0,,17636,13726,13,5095,13.6126583176642,1,Q2,low,low,Q1-Q3,Q1-Q3,Cancer Death,13.9493497604381,1,1,1,0
1,2810853159,2017-09-07,775.9,2,1,160,47,86,110,0.82,3,59.4,6.3,11434,1306.22895622896,7.1748996055194,2.35040431266846,0.854587361301545,0,,37.42,,821.76,1,1383.43434343434,7.23232434124098,1,63.16,0,11434,0,3,,11434,0,,,2,,,11434,,,,,0,0,,,,0,0,4,0,11434,C10AX06,40 MG,C10,C10A,C10AX,C10AX06,81 MG,1,,,1,,1,1,,,,,"","",,,,,,,,,,,,1,0,0,1,0,1,1,0,0,0,0,,3.23,51.64,2,011309CJB,354.144,2.01,5,195.5,5,113.596,8,12924,12924,37.42,1,1,1,81,0,1,0,0,0,0,0,0,0,0,0,0,0,174,66,0,0,0,0,0,0,1,,,,,3,6,,0,0,1,0,0,0,0,0,1,1,0,,0,567,1,0,0,67,28.0845189789553,0,0,1,1,1,,0,0,0,0,0,,0,,,,0,0,0,,,0,95.8,0,50.5050505050505,3.92207334128165,2,0,0,1,74,0,1,,16717,,,,17.6517426517427,1,Q3,high,low,Q1-Q3,Q1-Q3,,,,,,
1,2810853984,2017-12-16,927.1,2,1,145,41,103,97,1.13,3,143.3,5.4,11881,646.964410327983,6.4722912857669,1.96687211093991,0.676444519977449,0,,31.04,,835.83,1,583.272854152128,6.3686550942781,1,69.51,0,11881,0,3,,11881,0,,,1,4269,5680,11881,,,,14580,1,0,901,12782,,0,0,4,0,11881,C10AA01,20 MG,C10,C10A,C10AA,C10AA01,"",,,,1,,1,1,,,,,"","",,,,,,,,,,,,0,0,0,1,0,1,1,0,0,0,0,,1.71,45.89,2,020409bCJ,261.432,1.82,27,175,27,160.791,8,13027,13027,31.04,0,1,1,325,0,8,0,0,0,0,0,0,0,0,0,0,0,135,64.75,0,0,0,0,0,0,1,,,,,7,8,,0,1,0,0,0,0,0,,1,1,0,2,0,2275,2,0,0,73,22.6391353335769,0,0,0,1,0,140,0,1,1,0,0,,0,,1,2,0,0,0,,,0,83.4,0,20.9351011863224,3.04142723281612,1,0,0,1,64,0,0,14737,,8945,6,,10.1088189113747,1,Q1,low,low,Q1-Q3,Q1-Q3,Angina,,,,,
1,2810855413,2017-11-13,1693.1,2,1,180,45,98,106,0.76,3,92.3,5.7,11454,1834.34452871073,7.51444249161347,3.11342592592593,1.13572370379183,0,,21.86,,867.58,1,939.956663055255,6.84583377106856,1,63.07,0,11454,0,3,,11454,0,,,1,,5685,11454,13631,13631,2177,,0,0,,,,0,0,4,0,11454,C03AA03,12.5 MG,C03,C03A,C03AA,C03AA03,81 MG,1,,1,,,,,1,,,,"","",,,,,,,,,,,,1,0,1,0,0,0,0,1,0,0,0,,1.67,89.49,2,012709CJB,463.598,1.83,16,214.4,16,150.331,8,12750,12750,21.86,1,1,1,81,0,8,0,0,0,0,0,0,0,0,0,0,0,204,69.75,,,0,0,0,0,1,,,,,7,5,,0,1,1,0,0,0,0,,1,1,0,2,0,567,1,0,0,58,29.4813492852792,0,0,1,0,1,,0,0,0,0,0,,0,,,,0,0,1,,,0,115.4,0,32.5027085590466,3.48132342614144,2,0,0,0,101,1,1,,16541,,,,18.1618270169379,1,Q4,high,high,Q1-Q3,Q4,,,,,,
1,2810856883,2017-08-29,1871.7,2,1,146,58,113,104,0.83,42.3,187.8,5.5,11718,996.645367412141,6.90439500699878,3.04875886524823,1.11473457837426,0,,54.28,,1828.62,1,973.70607028754,6.88110948221355,1,,0,11718,,,,11718,0,,,2,4609,5714,11718,13911,13911,2193,14121,1,0,2403,14121,,0,0,,0,11718,C10AA01,TABLET,C09,C09A,C09AA,C09AA07,325 MG,1,,,1,,1,1,1,,,,C09AA07,"",,,,,1,,,1,,,,1,0,0,1,1,1,1,1,0,0,0,,2.85,37.15,2,011209CJB,382.378,3.33,2,105.4,2,87.893,8,13272,13272,54.28,1,1,1,325,0,2,0,0,0,0,0,0,0,0,0,0,0,149,64.25,0,0,0,0,0,0,1,,,,,3,0,,0,1,1,0,0,0,0,1,1,1,0,2,0,2275,2,0,0,75,25.3773118789406,0,0,1,1,1,,0,0,0,0,0,,0,,1,1,0,0,0,,,0,65.4,1,225.239616613419,5.41716479826021,2,0,0,1,69,0,0,,17066,,,,14.4441357595962,1,Q2,low,low,Q1-Q3,Q1-Q3,,,,,,
1,2810857198,2018-01-06,2786.3,2,1,153,41,108,103,0.78,3.3,159.3,5.9,12378,1749.08976773384,7.46685079887809,2.35524475524476,0.856644652108264,0,,47.6,,1743.1,1,1094.22473320778,6.99780138529291,1,80.44,0,12378,0,3,41,12378,1,654,13032,1,,5999,12378,14485,14485,2107,14721,1,0,922,13300,,0,1,4,1,12378,C10AA05,40 MG,C10,C10A,C10AA,C10AA05,"",,,,1,,1,1,,,,,"","",,,,,,,,,,,,0,0,0,1,0,1,1,0,0,0,0,,2.42,62.59,2,021109CJB,322.612,4.18,35,227.5,35,166.459,8,13407,13407,47.6,1,1,1,325,0,8,0,0,0,0,0,0,0,0,0,0,2,196,67.25,0,0,0,0,0,0,1,,,,,7,8,,0,1,1,0,0,0,1,,1,1,0,2,0,2275,2,1,0,77,30.4703264151488,0,0,1,1,1,141,1,1,0,1,0,,0,,1,2,0,0,1,,,0,90.4,0,20.7156308851224,3.03088853053857,1,0,0,1,87,1,1,15109,,0,6,,20.1044800888947,1,Q4,high,high,Q1-Q3,Q4,Angina,,,,,
1,2810857989,2018-12-08,6228.3,2,1,185,61,93,96,0.73,3,93.2,5.8,12276,6682.72532188841,8.80728116564716,,,,,27.38,,1483.61,1,1591.85622317597,7.37265605025055,1,67.7,0,12276,0,3,,12276,0,,,2,4665,5730,12276,14387,14387,2111,14103,1,0,1364,13640,,0,0,4,0,12276,C10AX06,1000 MG/300 OM-,C10,C10A,C10AX,C10AX06,81 MG,1,,,,,1,1,,,,,"","",,,,,,,,,,,,1,0,0,0,0,1,1,0,0,0,0,,0.46,87.12,2,020509CJB,429.852,2.22,28,178.1,28,108.947,8,13409,13409,27.38,0,1,1,81,0,2,1,1,0,57,0,0,0,0,0,0,0,135,62.25,0,0,0,0,0,0,1,,,,,7,1,,0,1,0,0,0,0,0,1,1,1,1,2,0,567,1,0,0,57,24.4940539235121,1,0,0,1,0,140,0,1,1,0,0,,0,,1,1,0,0,1,,,0,105.4,0,32.1888412017167,3.4716198459587,2,0,0,1,91,1,1,,17195,,,,73.4365419987738,1,Q4,high,high,Q4,Q4,,,,,,
1,2810858097,2018-01-06,2022,2,1,172,72,79,100,0.68,14,107.7,5.9,12413,1877.43732590529,7.53766300140617,2.35928629359286,0.858359155330857,0,,51.02,,1263.86,1,1173.50046425255,7.06774641090459,1,64.77,0,12413,0,3,,12413,0,,,2,4528,5711,12413,14469,14469,2056,,0,0,,,,0,0,4,0,12413,C10AA05,10 MG,C10,C10A,C10AA,C10AA05,325 MG,1,,,,,1,1,1,,,,"","",,,,,,,,,,,,1,0,0,0,0,1,1,1,0,0,0,,0.76,30.58,2,021109CJB,314.462,1.72,35,162.1,35,113.005,8,13442,13442,51.02,1,1,3,325,0,2,0,0,0,0,0,0,0,0,0,0,0,134,59.75,0,0,0,0,0,0,1,,,,,3,0,,0,1,1,0,0,0,0,1,1,1,0,2,0,74.7126436781609,1,0,0,72,26.3897084227004,0,0,1,1,1,,0,0,0,0,0,,0,,,,0,0,0,,,0,84.2,1,129.990714948932,4.86746302443505,2,0,0,1,87,1,1,16813,,16813,28,4400,21.5797393782218,0,Q4,high,high,Q1-Q3,Q4,Death,12.0465434633812,1,1,1,0
1,2810858179,2017-10-22,1356.6,2,1,139,39,104,103,1.09,13.5,171.3,6.1,11826,791.943957968476,6.67449062917,0.909090909090909,-0.0953101798043249,1,,55.4,,1234.13,1,720.449503794513,6.57987532803488,1,62.22,0,11826,0,3,,11826,0,,,1,4601,5794,11826,14094,14094,2268,,0,0,,,,0,0,4,0,11826,M01AB05,75 MG,M01,M01A,M01AB,M01AB05,"",,1,,,1,1,1,,,,,"","",,,,,,,,,,,,0,1,0,0,1,1,1,0,0,0,0,,7.41,105.2,2,012109CJB,549.086,9.6,10,187.8,10,137.689,8,13221,13221,55.4,1,1,1,81,0,8,0,0,0,0,0,0,0,0,0,0,0,206,69,0,0,0,0,0,0,1,,,,,7,7,,0,1,1,0,0,0,0,,1,1,0,2,0,567,1,0,0,65,30.4210816361141,0,0,1,1,1,,0,0,0,0,0,,0,,,,0,0,0,,,0,79.2,1,78.8091068301226,4.36702855909645,2,0,0,1,71,0,0,,17013,,,,11.1541402530771,1,Q1,low,low,Q1-Q3,Q1-Q3,,,,,,
1,2810858598,2017-10-28,917.5,2,1,149,44,93,98,0.98,5.2,110.9,5.3,12075,827.321911632101,6.7181938715605,2.15687992988606,0.76866270052898,0,,27.96,,1560.16,1,1406.8169522092,7.24908495071858,1,68.89,0,12075,0,3,,12075,0,,,1,4483,5705,12075,14036,14036,1961,,0,0,,,,0,0,4,0,12075,"","","","","","","",,,,,,,,,,,,"","",,,,,,,,,,,,0,0,0,0,0,0,0,0,0,0,0,,1.62,38.43,2,012209CJB,358.858,1.47,13,135.3,13,101.326,8,13429,13429,27.96,0,2,2,325,0,8,0,0,0,0,0,0,0,0,0,0,0,186,71,0,0,0,0,0,0,1,,,,,7,1,,0,1,0,0,0,0,0,,1,1,0,2,0,650,2,0,0,62,25.9419046907921,0,0,0,0,0,,0,0,0,0,0,,0,,,,0,0,1,,,0,86.4,1,46.8890892696123,3.8477850102132,2,0,0,0,82,0,0,,17221,,,,10.0892916052695,1,Q1,low,low,Q1-Q3,Q1-Q3,,,,,,
1,2810859219,2017-10-25,1934.5,2,1,196,74,54,99,0.82,3,142.1,5.8,11743,1361.36523574947,7.2162433250256,2.48402948402948,0.909882033577876,0,,40.3,,1331.93,1,937.318789584799,6.84302344805188,1,69.12,0,11743,0,3,,11743,0,,,2,4799,5659,11743,13766,13766,2023,,0,0,,,,0,0,4,0,11743,M01AC01,20/12.5 MG,C03,C03A,C03AA,C03AA03,81 MG,1,1,,,1,,,,,,,C03AA03,"",,,,,,,,1,,,,1,1,0,0,1,0,0,1,0,0,0,,5.04,63.43,2,020209CJB,450.306,2.68,21,195.2,21,113.348,8,12971,12971,40.3,1,1,1,81,0,2,0,0,0,0,0,0,0,0,0,0,0,232,69.75,0,0,0,0,0,0,1,,,,,6,1,,0,1,1,0,0,0,0,1,1,1,0,2,0,567,1,0,0,58,33.5278089911019,0,0,1,0,1,,0,0,0,0,0,,0,,,,0,0,0,,,0,111.2,0,21.1118930330753,3.04983653254719,1,0,0,0,79,0,1,,16374,,,,17.2324713386009,1,Q3,high,low,Q1-Q3,Q1-Q3,,,,,,
1,2810859802,2017-09-15,889.3,2,1,159,39,85,113,1.45,3,139.2,6.4,11825,638.864942528736,6.45969307449337,1.42923976608187,0.35714267079478,1,,20.4,,1050.82,1,754.899425287356,6.62658452883565,1,68.46,0,11825,0,3,13,11825,0,,,1,4569,5710,11825,13901,13901,2076,15634,1,0,1332,13157,,0,0,4,0,11825,M01AX05,"",M01,M01A,M01AX,M01AX25,81 MG,1,1,,,1,1,,,,,,M01AX25,"",,1,,,,,,,,,,1,1,0,0,1,1,0,0,0,0,0,,1.77,78.3,2,011409CJB,418.99,2.23,6,207.9,6,139.89,8,13290,13290,20.4,1,1,1,81,0,8,0,0,0,0,0,0,0,0,0,0,0,186,66.5,0,0,0,0,0,0,1,,,,,5,8,,0,1,1,0,0,0,0,,1,1,0,2,0,567,1,0,0,69,29.5716301761056,0,0,1,1,1,,0,0,0,0,0,,1,13621,1,6,0,0,0,,,0,103,0,21.551724137931,3.07045581974993,1,0,1,0,49,0,0,,17083,13621,13,5258,13.0380600516069,1,Q1,low,low,Q1-Q3,Q1-Q3,Cancer Death,14.3956194387406,1,1,1,0
1,2810860635,2017-08-29,643.2,2,1,208,67,122,95,0.92,3,59.2,6,11259,1086.48648648649,6.99070436196289,1.61214953271028,0.477568402009508,1,,45.32,,341.01,1,576.030405405405,6.35616044646486,1,62.91,0,11259,0,3,13,11259,0,,,2,4341,5751,11259,13450,13450,2191,,0,0,,,,0,0,4,0,11259,C10AA04,80 MG,C10,C10A,C10AA,C10AA04,81 MG,1,,,1,1,1,1,,,,,"","",,,,,,,,,,,,1,0,0,1,1,1,1,0,0,0,0,,2.6,61.7,2,010909CJB,425.29,1.55,2,186.8,2,107.956,8,12825,12825,45.32,1,1,1,81,0,2,0,0,0,0,0,0,0,0,0,0,0,185,60.75,0,0,0,0,0,0,1,,,,,3,0,,0,0,1,0,0,0,0,1,1,1,0,,0,567,1,0,0,74,35.2439662355319,0,0,1,1,1,,0,0,0,0,0,,1,15757,,,0,0,1,,,0,116.6,0,50.6756756756757,3.92544602576029,2,0,0,1,61,0,0,15857,,15757,13,,17.8112538768276,1,Q2,low,high,Q1-Q3,Q1-Q3,Cancer Death,,,,,
1,2810861240,2018-02-17,1965.8,2,1,138,48,50,230,1.07,3.3,132.6,6.2,11993,1482.50377073907,7.30148767436886,2.02365591397849,0.704905733998023,0,,52.8,,824.7,1,621.945701357466,6.43285279207564,1,70.24,0,11993,0,3,,11993,0,,,1,4607,5967,11993,,,,,0,0,,,,0,0,4,0,11993,M01AX05,1,M01,M01A,M01AX,M01AX25,81 MG,1,1,,,1,1,,,1,,,M01AX25,"",,1,,,,,,,,,,1,1,0,0,1,1,0,0,1,0,0,,2.86,90.39,2,022009CJB,464.598,6.64,48,229.2,48,144.186,8,12711,12711,52.8,1,1,1,81,1,8,0,0,0,0,0,0,0,0,0,0,0,249,74,0,0,0,0,0,0,1,,,,,8,8,,0,1,1,1,0,0,0,,1,1,0,2,0,567,1,0,0,78,31.9699178477977,0,1,1,0,1,,0,0,0,0,0,,0,,,,0,0,0,,,0,80,0,24.8868778280543,3.21434066970281,1,1,1,0,66,0,1,,16184,,,,22.4621783445313,1,Q3,high,high,Q1-Q3,Q1-Q3,,,,,,
1,2810861265,2017-12-31,782.8,2,1,185,39,274,145,0.76,4.4,63.8,6.6,12154,1226.9592476489,7.11229423115927,3.37963693764799,1.21776828882849,0,,44.78,,678.85,1,1064.02821316614,6.96981718568364,1,61.13,0,12154,0,3,,12154,0,,,2,4628,5809,12154,14057,14057,1903,,0,0,,,,0,0,4,0,12154,C10AX06,10 MG,C10,C10A,C10AX,C10AX06,"",,,,1,1,1,1,,,1,,"","",,,,,,,,,,,,0,0,0,1,1,1,1,0,0,1,0,,3.45,86.87,2,020909CJB,485.58,4.72,32,190.4,32,123.961,8,13224,13224,44.78,1,1,1,325,1,2,0,0,0,0,0,0,0,0,0,0,0,203,63.5,0,0,0,0,0,0,1,,,,,3,0,,0,1,1,1,0,0,0,1,1,1,0,2,0,2275,2,0,0,76,35.3960011038628,0,1,1,1,1,,0,0,0,0,0,,0,,,,0,0,0,,,0,91.2,1,68.9655172413793,4.23360662955561,2,1,0,1,76,0,1,,17010,,,,16.1442006269592,1,Q3,low,low,Q1-Q3,Q1-Q3,,,,,,
1,2810861470,2018-12-22,4662.2,2,1,188,56,108,109,0.89,3,114.7,5.6,12382,4064.69049694856,8.31009288057119,1.98158179848321,0.683895413888013,0,,35.28,,1069.8,1,932.693984306887,6.83807715594992,1,68.58,0,12382,0,3,,12382,0,,,2,,6395,12382,14056,14056,1674,,0,0,,,,0,0,4,0,12382,C10AA03,40 MG,C10,C10A,C10AA,C10AA03,325 MG,1,,,1,,1,1,1,,,,"","",,,,,,,,,,,,1,0,0,1,0,1,1,1,0,0,0,,2.08,130.4,2,022109CJB,531.612,1.28,50,183.7,50,143.357,8,13025,13025,35.28,1,1,1,325,0,2,0,0,0,0,0,0,0,0,0,0,1,152,62,0,0,0,0,0,0,1,,,,,8,1,,0,1,1,0,0,0,1,1,1,1,0,2,0,2275,2,1,0,63,27.8013459252725,0,0,1,1,1,,0,0,0,0,0,,0,,,,0,0,0,,,0,110.4,0,26.15518744551,3.26404754351492,1,0,0,1,69,1,1,,16805,,,,58.9085579267908,1,Q4,high,high,Q4,Q4,,,,,,
1,2810862317,2018-01-28,453.3,2,1,195,83,74,118,0.78,3,62.2,6.3,12472,728.778135048232,6.59136934418976,3.29086229086229,1.19114962492354,0,,42.22,,343.58,1,552.379421221865,6.31423516744126,1,65.63,0,12472,0,3,,12472,0,,,2,5016,6108,12472,14143,14143,1671,,0,0,,,,0,0,4,0,12472,M01AX25,1000 MG,M01,M01A,M01AX,M01AX25,325 MG,1,1,,,,,,,,,,"","",,,,,,,,,,,,1,1,0,0,0,0,0,0,0,0,0,,1.22,34.98,2,021809CJB,,,43,248.4,43,146.587,8,13358,13358,42.22,0,1,1,325,0,2,0,0,0,0,0,0,0,0,0,0,0,116,63.25,0,0,0,0,0,0,1,,,,,6,8,,0,1,0,0,0,0,0,1,1,1,0,2,0,2275,2,0,0,88,20.3864939280129,0,0,0,0,0,140,0,1,1,0,0,,0,,,,0,0,1,,,0,97.2,0,48.2315112540193,3.87601256790511,2,0,0,0,68,0,0,,17126,6138,7,4654,10.7173255154152,0,Q1,low,low,Q1-Q3,Q1-Q3,Coronary Insufficiency,12.7419575633128,1,1,1,0
1,2810862356,2018-12-17,3248.9,2,1,118,39,99,148,1,9.4,144.6,7.2,12452,2246.81881051176,7.71727063275772,1.26360153256705,0.233966002802805,1,,35.64,,1477.43,1,1021.73582295989,6.92925824709477,1,64.93,0,12452,0,3,12,12452,0,,,1,4553,5778,12452,,,,12452,1,1,-1483,10969,,0,0,4,0,12452,C10AX09,80 MG,C10,C10A,C10AA,C10AA01,"",,,1,1,1,1,,,,1,1,C10AA01,"",,,,,,1,1,,,,,0,0,1,1,1,1,1,0,0,1,1,,3.29,87.82,2,020509CJB,426.076,6.43,28,186.5,28,128.962,8,13577,13577,35.64,1,1,1,81,1,8,0,0,0,0,0,0,0,1,0,1,0,232,71,0,0,0,0,0,0,1,,,,,3,6,,0,1,1,1,1,1,0,,1,1,0,2,0,567,1,0,0,77,32.3576445605579,0,1,1,1,1,140,0,1,1,0,0,,1,2456,1,3,1,1,0,,,0,59.2,1,65.0069156293223,4.17449365853343,2,1,0,1,72,1,1,16683,15636,2456,12,3184,31.2058168126633,0,Q4,high,high,Q4,Q4,TIA,8.71731690622861,1,0,0,0
1,2810863035,2017-11-26,2825.1,2,1,161,69,72,97,0.95,3,149.7,5.3,11581,1887.17434869739,7.54283593574664,2.02412545235223,0.705137731891857,0,,52.12,,1376.01,1,919.178356713427,6.82348018047125,1,60.99,0,11581,0,3,12,11581,0,,,1,,5667,11581,,,,,0,0,,,,0,0,4,0,11581,"","","","","","","",,,,,,,,,,,,"","",,,,,,,,,,,,0,0,0,0,0,0,0,0,0,0,0,,6,63.26,2,020309bCJ,320.426,3.33,24,226.5,24,144.901,8,12774,12774,52.12,0,1,1,325,0,8,1,1,1,0,0,0,0,0,0,0,0,238,69.5,0,0,0,0,0,0,1,,,,,3,8,,0,1,0,0,0,0,0,,1,1,2,2,0,2275,2,0,0,69,34.64279792283,1,,0,0,0,,0,0,0,0,0,,1,15466,,,0,0,0,,,0,77.6,0,20.0400801603206,2.99773427622466,1,0,0,0,81,1,1,,16562,15466,12,4981,23.2984487493506,0,Q4,high,high,Q1-Q3,Q4,TIA,13.637234770705,1,1,1,0
1,2810863508,2018-01-26,703.3,2,1,202,56,101,96,1.13,3,131.9,5.5,12642,533.206974981046,6.2789096695788,2.1163454675232,0.749690765094819,0,,42.22,,2195.98,1,1664.88248673237,7.41750982138465,1,65.55,0,12642,0,3,,12642,0,,,1,4594,5788,12642,14987,14987,2345,,0,0,,,,0,0,4,0,12642,C09CA01,50/12.5 MG,C03,C03A,C03AA,C03AA03,"",,,,,1,,,,,,,C03AA03,"",,,,,,,,1,,,,0,0,0,0,1,0,0,1,0,0,0,,1.26,92.76,2,021409CJB,340.962,1.81,41,198.6,41,145.768,8,13576,13576,42.22,1,1,1,81,0,8,1,0,0,65,0,0,0,0,0,0,0,179,69,0,0,1,1,0,0,1,,,,,7,7,,0,0,1,0,0,0,0,,1,1,1,,0,567,1,0,1,67,26.4338524896331,0,0,1,0,1,,0,0,0,0,0,,0,,,,0,0,1,,,0,125.8,0,22.7445034116755,3.12432350792698,1,0,0,0,67,0,0,,17271,,,,7.9583130594186,1,Q1,low,low,Q1-Q3,Q1-Q3,,,,,,
1,2810863882,2018-01-28,3870,2,1,156,35,117,142,0.75,3.8,168.1,5.8,12405,2302.2010707912,7.74162093159735,1.27945205479452,0.246431904086406,1,,46.52,,1391.11,1,827.549077929804,6.71846841416903,1,,0,12405,,,,12405,0,,,1,4587,5727,12405,14672,14672,2267,,0,0,,,,0,0,,0,12405,C10AA05,10 MG,C10,C10A,C10AA,C10AA05,81 MG,1,,,,,1,1,1,,,,"","",,,,,,,,,,,,1,0,0,0,0,1,1,1,0,0,0,,2.55,114.2,2,021809CJB,726.224,3.5,43,158.3,43,135.512,8,13299,13299,46.52,1,1,1,81,0,8,1,0,0,60,0,0,0,0,0,0,0,248,70.5,0,0,0,0,0,0,1,,,,,6,1,,0,1,1,0,0,0,0,,1,1,1,2,0,567,1,0,0,63,35.0815731056541,0,0,1,1,1,,0,0,0,0,0,,0,,,,0,0,0,,,0,97.6,0,22.6055919095776,3.11819730529991,1,1,0,1,98,1,1,,17080,,,,23.4918476611347,1,Q4,high,high,Q4,Q4,,,,,,
1,2810867420,2017-10-28,1757.2,2,1,246,58,276,94,0.79,3.7,155.1,5.7,12356,1132.94648613798,7.03257702790722,3.54035683942226,1.26422752416218,0,,31.4,,1463.33,1,943.475177304965,6.84957005529978,1,63.83,0,12356,0,3,,12356,0,,,1,4530,5792,12356,14422,14422,2066,,0,0,,,,0,0,4,0,12356,C10AA05,20 MG,C10,C10A,C10AA,C10AA05,81 MG,1,,,,,1,1,,,,,"","",,,,,,,,,,,,1,0,0,0,0,1,1,0,0,0,0,,2.62,57.22,2,012309CJB,480.582,2.47,13,179,13,126,8,13708,13708,31.4,0,1,1,81,0,8,0,0,0,0,0,0,0,0,0,0,0,188,66.25,0,0,0,0,0,0,1,,,,,7,1,,0,0,0,0,0,0,0,,1,1,0,,0,567,1,0,0,58,30.1156122426164,0,0,0,1,0,,0,0,0,0,0,,0,,,,0,0,0,,,0,132.8,0,23.8555770470664,3.17201802844982,1,0,0,1,99,0,0,,17500,,,,11.4439039003836,1,Q2,low,low,Q1-Q3,Q1-Q3,,,,,,
1,2810867686,2017-09-27,1669.4,2,1,182,43,220,112,1.34,12.9,81.9,6.4,12251,2038.33943833944,7.6198907545457,3.24225352112676,1.17626861924647,0,,49.52,,718.78,1,877.631257631258,6.77722652550001,1,86.77,0,12251,0,3,,12251,0,,,2,4655,5808,12251,14505,14505,2254,,0,0,,,,0,0,4,0,12251,C10AC02,5 G,C10,C10A,C10AC,C10AC02,81 MG,1,,,,1,1,1,,,1,,"","",,,,,,,,,,,,1,0,0,0,1,1,1,0,0,1,0,,1.49,165.7,2,011609CJB,542.702,4.32,8,158.1,8,142.624,8,13680,13680,49.52,1,1,1,81,1,2,0,0,0,0,0,0,0,0,0,0,0,218,61,0,0,0,0,0,0,1,,,,,2,6,,0,1,1,1,0,0,0,1,1,1,0,2,0,567,1,0,0,78,41.1910095521347,0,1,1,1,1,,0,0,0,0,0,,0,,,,0,0,0,,,0,95,1,157.509157509158,5.05948359949074,2,1,0,1,38,1,1,,17473,,,,53.6405115352484,1,Q4,high,high,Q4,Q4,,,,,,
1,2810867903,2018-01-01,1541.9,2,1,157,33,242,101,1.11,3,147.3,5.4,12321,1046.77528852682,6.95346956369681,0.97153024911032,-0.0288828741487861,1,,31.22,,1195.67,1,811.724372029871,6.69916083922479,1,64.3,0,12321,0,3,,12321,0,,,1,4644,5713,12321,14297,14297,1976,,0,0,,,,0,0,4,0,12321,C10AA05,10 MG,C10,C10A,C10AA,C10AA05,81 MG,1,,,,1,1,1,,,,,"","",,,,,,,,,,,,1,0,0,0,1,1,1,0,0,0,0,,0.87,103,2,021009CJB,342.958,1.18,34,247.1,34,125.438,8,13366,13366,31.22,1,1,1,81,0,8,0,0,0,0,0,0,0,0,0,0,0,212,66.25,0,0,0,0,0,0,1,,,,,3,6,,0,1,1,0,0,0,0,,1,1,0,2,0,567,1,0,0,66,33.9601584863547,0,0,1,1,1,,0,0,0,0,0,,0,,,,0,0,0,,,0,75.6,0,20.3665987780041,3.01389624418166,1,0,0,1,69,0,0,,17151,,,,15.1706563554611,1,Q2,low,low,Q1-Q3,Q1-Q3,,,,,,
7,2810868213,2017-08-10,705.1,2,1,242,84,120,111,0.91,12.9,106.7,5.9,3654,660.824742268041,6.49348866440538,2.33755274261603,0.849104545612153,0,0.3,42.88,43.06,1393.94,2,1306.41049671978,7.17503857646765,1,67.78,0,3654,0,3,14,3654,1,2407,6061,2,3654,5484,,,5484,1830,,0,0,,,,0,1,4,1,3654,M01AX05,"",M01,M01A,M01AX,M01AX25,81 MG,1,1,,1,1,,,1,,,,M01AX25,"",,1,,,,,,,,,,1,1,0,1,1,0,0,1,0,0,0,,2.07,76.76,2,122308CJB,225.722,1.77,1,180.6,1,117.797,3,,,42.88,1,1,1,81,0,,1,0,0,77,0,0,,,,,0,189,63.5,0,0,0,0,0,0,,1,,,,5,6,,0,1,1,0,,,0,,2,2,1,2,0,567,1,0,0,78,32.9548975794585,0,0,1,0,1,,0,0,0,0,0,,1,4573,,,0,0,0,,,0,134,1,120.899718837863,4.79496143204206,2,0,0,0,70,0,0,,6711,453,30,3057,9.44035346097202,0,Q1,low,low,Q1-Q3,Q1-Q3,IC,8.36960985626283,1,0,0,0
1,2810868304,2017-09-02,566.8,2,1,232,70,87,90,0.65,3,64.6,5.9,11451,877.399380804954,6.77696228301606,1.14304577464789,0.133696431821707,1,,35.18,,754.82,1,1168.4520123839,7.06343508542821,1,62.49,0,11451,0,3,,11451,0,,,2,,5658,11451,13579,13579,2128,,0,0,,,,0,0,4,0,11451,C10AA03,40 MG,C10,C10A,C10AA,C10AA03,400 MG,1,,,,1,1,1,,,,,"","",,,,,,,,,,,,1,0,0,0,1,1,1,0,0,0,0,,1.01,34.48,2,011209CJB,835.7,2.01,3,224.3,3,143.643,8,12972,12972,35.18,1,2,1,400,0,1,1,1,0,62,0,0,0,0,0,0,0,125,61,0,0,0,0,0,0,1,,,,,3,6,,0,1,1,0,0,0,0,0,1,1,1,2,0,5600,2,0,0,66,23.6186981376919,1,0,1,1,1,,0,0,0,0,0,,0,,,,0,0,0,,,0,144.6,0,46.4396284829721,3.83815315686169,2,0,0,1,93,0,0,,16765,,,,9.43440194413929,1,Q2,low,low,Q1-Q3,Q1-Q3,,,,,,
1,2810868343,2018-02-17,1920.7,2,1,163,68,45,99,1.28,23.2,129.2,5.4,12924,1486.60990712074,7.3042535765504,3.37545565006075,1.21653032263722,0,,29.94,,1302.39,1,1008.04179566563,6.91576491172571,1,70.7,0,12924,0,3,,12924,0,,,1,4602,5804,12924,14862,14862,1938,,0,0,,,,0,0,4,0,12924,C10AX09,10 MG,C10,C10A,C10AA,C10AA01,325 MG,1,,,,1,1,,,,,,C10AA01,"",,,,,,1,1,1,,,,1,0,0,0,1,1,1,1,0,0,0,,1.33,52.95,2,021909bCJ,328.462,2.21,48,194,48,125.79,8,13657,13657,29.94,1,3,2,325,0,8,0,0,0,0,1,1,0,0,0,0,0,153,67.5,0,0,0,0,0,0,1,,,,,8,1,,0,1,1,0,0,0,0,,1,1,0,2,2,975,2,0,0,69,23.6096472192944,0,0,1,1,1,,0,0,0,0,0,,0,,,,0,0,1,,,0,86,1,179.566563467492,5.1905459663059,2,0,0,1,57,0,1,,17438,,,,26.0808755635218,1,Q3,high,high,Q4,Q1-Q3,,,,,,
1,2810868773,2018-06-30,20000,3,1,164,39,78,109,0.84,3,167.5,5.9,12609,11940.2985074627,9.3876743872591,1.17984496124031,0.165383041065913,1,,43.34,,1327.78,1,792.70447761194,6.67545048838518,1,60.46,0,12609,0,3,,12609,0,,,1,4489,5786,12609,14607,14607,1998,,0,0,,,,0,0,4,0,12609,C09AA03,10 MG,C09,C09A,C09AA,C09AA03,81 MG,1,,,,1,,,,,,,"","",,,,,,,,,,,,1,0,0,0,1,0,0,0,0,0,0,,26.38,112.1,2,020409bCJ,492.214,4.81,27,268.8,27,199.212,8,13758,13758,43.34,1,2,2,81,1,8,1,1,1,0,0,0,0,0,0,0,0,178,66,1,1,0,0,0,0,1,,,,,2,7,,0,1,1,1,0,0,0,,1,1,2,2,0,162,1,0,1,66,28.7301401049083,1,1,1,0,1,,0,0,0,0,0,,0,,,,0,0,0,,,0,109.4,0,17.910447761194,2.88538421638513,1,0,0,0,91,1,1,15605,,15605,28,2996,131.212071510579,0,Q4,high,high,Q4,Q4,Death,8.20260095824778,1,0,0,0
1,2810868856,2017-12-24,3004.7,2,1,148,41,111,150,0.95,79.7,200.5,6.7,12736,1498.60349127182,7.31228894761642,2.80773480662983,1.03237803962024,0,,45.44,,2235.46,1,1114.94264339152,7.01655824166663,1,66.61,0,12736,0,3,,12736,0,,,1,4515,5842,12736,14928,14928,2192,15593,1,0,1929,14665,,0,0,4,0,12736,C10AA01,5/10 MG,C09,C09A,C09AA,C09AA07,81 MG,1,,,,,1,1,,,1,,C09AA07,"",,,,,1,,,,,,,1,0,0,0,1,1,1,0,0,1,0,,2.96,331.4,2,020709CJB,442.71,2.87,31,210.6,31,159.81,8,13820,13820,45.44,1,1,1,81,1,8,0,0,0,0,0,0,0,0,0,0,0,199,70.5,0,0,0,0,0,0,1,,,,,7,1,,0,1,1,1,0,0,0,,1,1,0,2,0,567,1,0,0,61,28.150133258166,0,1,1,1,1,,0,0,0,0,0,,0,,1,2,0,0,0,,,0,84.8,1,397.506234413965,5.98521061803168,3,1,0,1,86,0,1,,17606,,,,17.4256219915328,1,Q3,high,low,Q1-Q3,Q1-Q3,,,,,,
1,2810869102,2017-12-14,1662.9,2,1,230,65,110,105,0.91,23.3,96.4,5.4,11794,1725,7.45298232946546,1.63870246085011,0.493904746277654,1,,46.86,,508.36,1,527.344398340249,6.26785384238546,1,64.59,0,11794,0,3,,11794,0,,,1,4391,5655,11794,13769,13769,1975,,0,0,,,,0,0,4,0,11794,B01AC06,81 MG,B01,B01A,B01AC,B01AC06,81 MG,1,,,,,,,,,,,"","",,,,,,,,,,,,1,0,0,0,0,0,0,0,0,0,0,,0.64,47.99,2,020309bCJ,358.898,1.14,24,158.2,24,138.099,8,12977,12977,46.86,1,1,1,81,0,8,0,0,0,0,0,0,0,0,0,0,0,177,66.25,0,0,0,0,0,0,1,,,,,2,7,,0,1,1,0,0,0,0,,1,1,0,2,0,567,1,0,0,68,28.3535285475697,0,0,1,0,1,,0,0,0,0,0,,0,,,,0,0,0,1,13145,0,143,1,241.701244813278,5.48770243793729,2,0,0,0,86,1,1,,16765,,,,20.0581395348837,1,Q4,high,high,Q1-Q3,Q4,,,,,,
1,2810869483,2017-11-21,1567.3,2,1,180,49,94,115,1.19,4.2,94.9,5.5,12070,1651.52792413066,7.40945615303223,2.24344355758267,0.808011987919375,0,,57,,3382.33,1,3564.0990516333,8.17866658046974,1,61.93,0,12070,0,3,,12070,0,,,1,4663,5705,12070,,,,,0,0,,,,0,0,4,0,12070,C09AA03,20/25 MG,C03,C03A,C03AA,C03AA03,81 MG,1,,,,1,,,,,,,C03AA03,"",,,,,,,,1,,,,1,0,0,0,1,0,0,1,0,0,0,,5.95,129.6,2,012709bCJ,495.45,1.74,17,176.5,17,137.013,8,13352,13352,57,1,1,1,81,0,8,0,0,0,0,0,0,0,0,0,0,0,184,69,0,0,0,0,0,0,1,,,,,3,6,,0,1,1,0,0,0,0,,1,1,0,2,0,567,1,0,0,74,27.1722282575,0,0,1,0,1,,0,0,0,0,0,,0,,,,0,0,0,,,0,112.2,1,44.2571127502634,3.79001609865558,2,0,0,0,60,0,1,16585,,16585,28,4515,27.5254654021777,0,Q3,high,high,Q4,Q1-Q3,Death,12.3613963039014,1,1,1,0
1,2810869692,2017-09-17,1185.4,2,1,166,57,80,89,0.86,3,120.2,5.3,11851,986.189683860233,6.89384871324072,1.87250237868696,0.627275706735248,0,,30.4,,932.71,1,775.965058236273,6.65410749112339,1,68.47,0,11851,0,3,,11851,0,,,1,4616,5715,11851,13996,13996,2145,,0,0,,,,0,0,4,0,11851,C10AA05,10 MG,C10,C10A,C10AA,C10AA05,81 MG,1,,,,,1,1,,,,,"","",,,,,,,,,,,,1,0,0,0,0,1,1,0,0,0,0,,0.9,53.78,2,011509CJB,342.048,1.54,7,205,7,120.984,8,13301,13301,30.4,0,1,1,81,0,8,0,0,0,0,0,0,0,0,0,0,0,179,69.75,0,0,0,0,0,0,1,,,,,8,1,,0,1,0,0,0,0,0,,1,1,0,2,0,567,1,0,0,59,25.8684388336519,0,0,0,1,0,,0,0,0,0,0,,0,,,,0,0,1,,,0,93,0,24.9584026622296,3.21721054554914,1,0,0,1,95,0,0,,17094,,,,10.380944040634,1,Q2,low,low,Q1-Q3,Q1-Q3,,,,,,
1,2810870010,2018-12-06,8058.5,2,1,159,41,64,104,1.09,18.6,146.6,5.5,11970,5496.93042291951,8.61194511049831,1.28127853881279,0.24785843785186,1,,49.48,,1173.66,1,800.586630286494,6.68534474680186,1,64.58,0,11970,0,3,,11970,0,,,1,4572,5715,11970,13973,13973,2003,,0,0,,,,0,0,4,0,11970,C10AA05,20 MG,C10,C10A,C10AA,C10AA05,"",,,,,,1,1,,,,,"","",,,,,,,,,,,,0,0,0,0,0,1,1,0,0,0,0,,0.64,39.33,2,012909CJB,261.468,2.67,19,176.6,19,133.859,8,13226,13226,49.48,0,1,2,325,0,8,1,1,1,0,0,0,0,0,0,0,0,190,71.25,0,0,0,0,0,0,1,,,,,6,1,,0,1,0,0,0,0,0,,1,1,2,2,0,325,1,0,0,57,26.3141578914737,1,0,0,1,0,,0,0,0,0,0,,0,,,,0,0,0,,,0,105.2,1,126.8758526603,4.84320907024874,2,0,0,1,75,1,1,,17017,,,,73.2924056389268,1,Q4,high,high,Q4,Q4,,,,,,
1,2810870094,2018-02-01,413.8,2,1,154,54,69,92,1.28,3,103.6,5.7,11813,399.420849420849,5.99001562147415,1.93531468531469,0.660269941328839,0,,30.58,,430.28,1,415.328185328185,6.02906901572651,1,73.03,0,11813,0,3,13,11813,0,,,1,3977,5422,11813,13855,13855,2042,14250,1,0,850,12663,,0,0,4,0,11813,C07AA03,5/20 MG,C09,C09A,C09AA,C09AA07,81 MG,1,,,1,,,,,,,,C09AA07,"",,,,,1,,,,,,,1,0,0,1,1,0,0,0,0,0,0,,15.28,96.02,2,021809bCJ,325.594,2.05,44,200.5,44,119.512,8,12677,12677,30.58,1,1,1,81,0,8,0,0,0,0,0,0,0,0,0,0,0,225,71.25,0,0,0,0,0,0,1,,,,,7,1,,0,1,1,0,0,0,0,,1,1,0,2,0,567,1,0,0,67,31.1615027662188,0,0,1,0,1,,0,0,0,0,0,,1,15483,1,1,0,0,0,,,0,86.2,0,28.957528957529,3.36583023782486,1,0,0,0,58,0,0,,16458,15483,13,4645,6.88656636932499,0,Q1,low,low,Q1-Q3,Q1-Q3,Cancer Death,12.7173169062286,1,1,1,0
1,2810870723,2018-02-10,1695.4,2,1,192,35,214,101,0.9,463.5,184.9,5.6,11840,916.928069226609,6.82102902776932,1.22690909090909,0.204498072445297,1,,52.96,,1327.11,1,717.744726879394,6.57611397223701,1,55.7,0,11840,0,3,,11840,0,,,1,4323,5664,11840,13785,13785,1945,,0,0,,,,0,0,4,0,11840,"","","","","","","",,,,,,,,,,,,"","",,,,,,,,,,,,0,0,0,0,0,0,0,0,0,0,0,,5.15,85.43,2,021909bCJ,153.104,2.7,47,284.2,47,199.446,8,12614,12614,52.96,0,1,1,81,0,8,1,0,0,61,0,0,0,0,0,0,0,222,72.75,0,0,0,0,0,0,1,,,,,3,1,,0,1,0,0,0,0,0,,1,1,1,2,0,567,1,0,0,63,29.4912100080338,0,0,0,0,0,,0,0,0,0,0,,0,,,,0,0,0,,,0,114.2,1,2506.76041103299,7.82674652559497,3,0,0,0,91,0,0,,16395,,,,10.0761326288638,1,Q2,low,low,Q1-Q3,Q1-Q3,,,,,,
7,2810871802,2017-08-19,1277.8,2,1,182,40,126,107,1.08,60,116.2,6.3,3352,1099.65576592083,7.00275246973852,1.18835616438356,0.172570977678577,1,,42.88,,878.69,1,756.18760757315,6.62828950355893,1,75.46,0,3352,0,3,,3352,0,,,1,3352,5328,,,5328,1976,,0,0,,,,0,0,4,0,3352,M01AX05,1500/800 MG,M01,M01A,M01AX,M01AX25,81 MG,1,1,,,1,1,,,,,,M01AX25,"",,1,,,,1,1,,,,,1,1,0,0,1,1,1,0,0,0,0,,1.22,75.51,2,010809CJB,249.682,0.84,5,176.9,5,149.064,3,,,42.88,1,1,1,81,0,,0,0,0,0,0,0,,,,,0,152,65.5,0,0,0,0,0,0,,,1,,,8,6,,0,1,1,0,,,0,,2,3,0,2,0,567,1,0,0,64,24.9095912211986,0,0,1,1,1,,0,0,0,0,0,,0,,,,0,0,0,,,0,116.8,1,516.351118760757,6.24678699678643,3,0,0,1,72,0,0,,7803,,,,15.2729967489004,1,Q2,low,low,Q1-Q3,Q1-Q3,,,,,,
1,2810872388,2017-11-21,1388.9,2,1,201,58,162,118,0.93,37.5,150.8,5.6,12508,921.021220159151,6.82548307633641,3.05853658536585,1.11793656149451,0,,23.28,,1206.51,1,800.072944297082,6.6847029038826,1,73.24,0,12508,0,3,,12508,0,,,1,4532,5785,12508,14591,14591,2083,,0,0,,,,0,0,4,0,12508,C10AA05,10 MG,C10,C10A,C10AA,C10AA05,"",,,,,1,1,1,,,,,"","",,,,,,,,,,,,0,0,0,0,1,1,1,0,0,0,0,,0.47,56.45,2,012709bCJ,311.588,0.22,17,143.8,17,114.52,8,13789,13789,23.28,1,1,1,81,0,8,0,0,0,0,0,0,0,0,0,0,0,221,73.5,0,0,0,0,0,0,1,,,,,8,6,,0,1,1,0,0,0,0,,1,1,0,2,0,567,1,0,0,65,28.7622732679868,0,0,1,1,1,,0,0,0,0,0,,0,,,,0,0,0,,,0,110.6,1,248.67374005305,5.51614175638465,2,0,0,1,86,0,0,,17580,,,,10.709549071618,1,Q2,low,low,Q1-Q3,Q1-Q3,,,,,,
1,2810873191,2017-12-24,1958.4,2,1,215,57,119,111,1.03,3,148,5.2,12650,1323.24324324324,7.18784100454198,2.32466509062254,0.843575981619478,0,,39.76,,1835.41,1,1240.14189189189,7.12298108099766,1,48.38,1,12650,1,2,,12650,0,,,1,4537,5801,12650,,,,,0,0,,,,0,0,3,0,12650,C10AA05,40 MG,C10,C10A,C10AA,C10AA05,81 MG,1,,,,,1,1,,,,,"","",,,,,,,,,,,,1,0,0,0,0,1,1,0,0,0,0,,2.81,40.19,2,020909CJB,743.944,2.21,32,197.6,32,164.992,8,13722,13722,39.76,0,1,1,81,0,8,0,0,0,0,0,0,0,0,0,0,0,169,64,0,0,0,0,1,1,1,,,,,6,6,,0,1,0,0,0,0,0,,1,1,0,2,0,567,1,0,1,69,29.0089740335731,0,0,0,1,0,140,0,1,1,0,0,,0,,,,0,0,1,,,0,134.2,0,20.2702702702703,3.00915529388613,1,0,0,1,74,0,1,14628,,14628,27,1978,17.881665449233,0,Q3,high,high,Q1-Q3,Q1-Q3,,5.4154688569473,1,0,0,0
1,2810873589,2017-12-14,507.8,2,1,231,48,157,83,0.9,12.3,101.3,5.6,12510,501.283316880553,6.21717144400403,3.09830866807611,1.13085637165901,0,,53.56,,919.24,1,907.443237907206,6.81063101642216,1,67.51,0,12510,0,3,2,12510,0,,,2,4593,5860,12510,14637,14637,2127,15101,1,0,2556,15066,,0,0,4,0,12510,"","","","","","","",,,,,,,,,,,,"","",,,,,,,,,,,,0,0,0,0,0,0,0,0,0,0,0,,1.01,56.37,2,020409CJB,291.882,2.27,26,263.3,26,217.484,8,13664,13664,53.56,0,1,1,81,0,2,0,0,0,0,0,0,0,0,0,0,0,126,65.5,0,0,0,0,0,0,1,,,,,3,6,,0,1,0,0,0,0,0,1,1,1,0,2,0,567,1,0,0,81,20.6487400912568,0,0,0,0,0,,0,0,0,0,1,14601,0,,1,1,0,0,1,,,0,151.6,1,121.42152023692,4.79926813010587,2,0,0,0,60,0,0,15245,15789,14601,2,3279,8.35472194800921,0,Q1,low,low,Q1-Q3,Q1-Q3,MI,8.97741273100616,1,0,0,0
1,2810873591,2017-08-29,1703.8,2,1,158,77,120,92,0.78,33.5,60.7,5.1,11923,2806.91927512356,7.93984281753138,1.69821930646673,0.529580235301171,0,,33.7,,1526.73,1,2515.20593080725,7.83010996021845,1,63.99,0,11923,0,3,2,11923,0,,,1,4557,5716,11923,14142,14142,2219,,0,0,,,,0,0,4,0,11923,M01AX25,400 MG,M01,M01A,M01AX,M01AX25,81 MG,1,1,,,,1,1,,,,,"","",,,,,,,,,,,,1,1,0,0,0,1,1,0,0,0,0,,2.23,36.61,2,011209CJB,355.67,2.67,2,174.9,2,109.233,8,13476,13476,33.7,0,1,1,81,0,8,0,0,0,0,1,1,0,0,0,0,0,153,64,0,0,0,0,0,0,1,,,,,4,2,,0,1,0,0,0,0,0,,1,1,0,2,2,567,1,0,0,76,26.2625622907496,0,0,0,1,0,140,0,1,1,0,1,9218,0,,,,0,0,1,,,0,57,1,551.894563426689,6.31335701974771,3,0,0,1,88,1,1,,17270,4844,6,5347,31.8968099445859,1,Q4,high,high,Q4,Q4,Angina,14.6392881587953,1,1,1,0
1,2810873748,2017-10-28,402.6,2,1,182,88,71,97,0.72,3,34.8,5.4,12110,1156.89655172414,7.05349631241335,3.00842105263158,1.10141537389523,0,,38.18,,967.83,1,2781.12068965517,7.93060925122656,1,73.93,0,12110,0,3,,12110,0,,,2,4529,5718,12110,14462,14462,2352,,0,0,,,,0,0,4,0,12110,M01AX05,"",M01,M01A,M01AX,M01AX25,81 MG,1,1,,,,,,,,,,M01AX25,"",,1,,,,,,,,,,1,1,0,0,0,0,0,0,0,0,0,,0.63,51.75,2,012309CJB,480.844,0.74,14,184.2,14,105.374,8,13449,13449,38.18,0,1,1,81,0,2,0,0,0,0,0,0,0,0,0,0,0,123,62,0,0,0,0,0,0,1,,,,,6,0,,0,1,0,0,0,0,0,1,1,1,0,2,0,567,1,0,0,63,22.4971417684771,0,0,0,0,0,,0,0,0,0,0,,0,,,,0,0,1,,,0,79.8,0,86.2068965517242,4.45675018086982,2,0,0,0,89,0,1,,17241,,,,12.9988376598218,1,Q3,low,low,Q1-Q3,Q1-Q3,,,,,,
1,2810873893,2017-10-30,923.5,2,1,165,57,91,98,0.86,6,56.5,5.8,12251,1634.51327433628,7.39910034747499,1.64937910883857,0.500398919421158,1,,37.36,,723.83,1,1281.11504424779,7.15548610602019,1,64.4,0,12251,0,3,,12251,0,,,1,4571,5789,12251,14232,14232,1981,15173,1,0,10,12261,,0,0,4,0,12251,C10AA05,10 MG,C10,C10A,C10AA,C10AA05,81 MG,1,,,1,,1,1,,,,,"","",,,,,,,,,,,,1,0,0,1,0,1,1,0,0,0,0,,1.29,82.36,2,012609CJB,518.81,4.91,14,165.5,14,109.223,8,13583,13583,37.36,1,1,1,81,0,8,0,0,0,0,0,0,0,0,0,0,0,201,72.5,0,0,0,0,0,0,1,,,,,3,6,,0,1,1,0,0,0,0,,1,1,0,2,0,567,1,0,0,73,26.8859667326945,0,0,1,1,1,,0,0,0,0,0,,0,,1,6,0,0,0,,,0,89.8,1,106.194690265487,4.6652741100578,2,0,0,1,86,0,1,,17375,,,,19.0059683062359,1,Q3,high,high,Q1-Q3,Q1-Q3,,,,,,
1,2810873904,2017-11-23,448.9,2,1,160,63,104,79,0.84,6.8,82.5,5.3,11662,544.121212121212,6.29917203843534,3.41176470588235,1.2272296664902,0,,21.56,,567.05,1,687.333333333333,6.5328193759088,1,72.51,0,11662,0,3,,11662,0,,,2,4294,5680,11662,13747,13747,2085,,0,0,,,,0,0,4,0,11662,M01AH01,100 MG,M01,M01A,M01AH,M01AH01,81 MG,1,1,,,,1,1,,,,,"","",,,,,,,,,,,,1,1,0,0,0,1,1,0,0,0,0,,0.2,37.55,2,013009CJB,385.622,0.68,20,191.8,20,105.317,8,12907,12907,21.56,0,1,1,81,0,2,0,0,0,0,0,0,0,0,0,0,0,129,62,0,0,0,0,0,0,1,,,,,4,0,,0,0,0,0,0,0,0,1,1,1,0,,0,567,1,0,0,69,23.5945633181589,0,0,0,1,0,,0,0,0,0,0,,0,,,,0,0,0,,,0,76.2,1,82.4242424242424,4.41187959782356,2,0,0,1,71,0,0,,16695,,,,7.66367904396073,1,Q1,low,low,Q1-Q3,Q1-Q3,,,,,,
1,2810874223,2017-11-21,1663.4,2,1,191,83,62,96,0.76,3,97.8,5.1,12503,1700.81799591002,7.43886458838191,2.43086816720257,0.888248464000299,0,,24.86,,927.08,1,947.934560327198,6.85428547068168,1,66.31,0,12503,0,3,,12503,0,,,2,4566,5757,12503,,,,,0,0,,,,0,0,4,0,12503,C09AA03,20 MG,C09,C09A,C09AA,C09AA03,81 MG,1,,,1,1,,,,,,,"","",,,,,,,,,,,,1,0,0,1,1,0,0,0,0,0,0,,23.51,43.35,2,012709bCJ,351.172,0.41,18,157.3,18,83.568,8,13779,13779,24.86,1,1,1,81,0,2,0,0,0,0,0,0,0,0,0,0,0,173,63.5,0,0,0,0,0,0,1,,,,,7,2,,0,1,1,0,0,0,0,1,1,1,0,2,0,567,1,0,0,65,30.1650649801393,0,0,1,0,1,,0,0,0,0,0,,0,,,,0,0,0,,,0,95.6,0,30.6748466257669,3.42344299060948,2,0,0,0,82,0,1,,17570,,,,20.7416828769515,1,Q3,high,high,Q1-Q3,Q1-Q3,,,,,,
1,2810874717,2018-01-26,1913.4,2,1,140,36,199,108,1.06,15.3,117.9,5.4,11638,1622.90076335878,7.39197042168883,2.01470588235294,0.700473220652018,0,,71,,905.64,1,768.142493638677,6.64397525452954,1,68.07,0,11638,0,3,,11638,0,,,1,4305,5645,11638,13687,13687,2049,,0,0,,,,0,0,4,0,11638,C10AA05,10 MG,C10,C10A,C10AA,C10AA05,81 MG,1,,,,1,1,1,,,,,"","",,,,,,,,,,,,1,0,0,0,1,1,1,0,0,0,0,,1.23,150.9,2,021709CJB,394.972,1.55,42,251.9,42,151.436,8,12550,12550,71,1,1,1,81,0,8,0,0,0,0,0,0,0,0,0,0,0,224,75.25,0,0,0,0,0,0,1,,,,,3,1,,0,1,1,0,0,0,0,,1,1,0,2,0,567,1,0,0,65,27.8125380480074,0,0,1,1,1,,0,0,0,0,0,,0,,,,0,0,1,,,0,64.2,1,129.770992366412,4.8657712998372,2,0,0,1,73,0,1,,16334,,,,22.2315173062846,1,Q3,high,high,Q1-Q3,Q1-Q3,,,,,,
1,2810875207,2017-12-14,977.2,2,1,163,52,130,91,0.85,3.4,97.1,5.6,11725,1006.38516992791,6.9141201500744,1.9780578898226,0.682115499618865,0,,41.68,,732.98,1,754.871266735325,6.62654722707561,1,73.73,0,11725,0,3,,11725,0,,,2,4367,5706,11725,14279,14279,2554,,0,0,,,,0,0,4,0,11725,C10AC01,5 MG,C10,C10A,C10AC,C10AC01,81 MG,1,,,1,,1,1,,,,,"","",,,,,,,,,,,,1,0,0,1,0,1,1,0,0,0,0,,2.66,25.34,2,020409bCJ,326.998,4.14,27,189.7,27,124.995,8,12873,12873,41.68,0,1,1,81,0,2,0,0,0,0,0,0,0,0,0,0,0,151,65.75,0,0,0,0,0,0,1,,,,,7,6,,0,1,0,0,0,0,0,1,1,1,0,2,0,567,1,0,0,69,24.5578897669383,0,0,0,1,0,140,0,1,1,0,0,,0,,,,0,0,0,,,0,85,0,35.0154479917611,3.55578933530697,2,0,0,1,70,0,0,,16660,,,,14.3769309989701,1,Q2,low,low,Q1-Q3,Q1-Q3,,,,,,
1,2810876080,2017-09-13,403.6,2,1,164,58,69,96,1.12,3,80.1,5.2,11985,503.870162297129,6.22231862039323,2.21805792163543,0.796632002940418,0,,19.12,,597.19,1,745.555555555556,6.61412965262951,1,68.23,0,11985,0,3,4,11985,0,,,1,4542,5705,11985,14308,14308,2323,,0,0,,,,0,0,4,0,11985,C10AA05,10 MG,C10,C10A,C10AA,C10AA05,"",,,,,,1,1,,,,,"","",,,,,,,,,,,,0,0,0,0,0,1,1,0,0,0,0,,2.91,60.17,2,011409CJB,,,6,229.9,6,150.54,8,13455,13455,19.12,0,1,1,81,0,8,0,0,0,0,0,0,0,0,0,0,0,177,71.75,0,0,0,0,0,0,1,,,,,8,2,,0,1,0,0,0,0,0,,1,1,0,2,0,567,1,0,0,74,24.1732513719128,0,0,0,1,0,,0,0,0,0,1,0,0,,,,0,0,0,,,0,92.2,0,37.4531835205993,3.62309171357593,2,0,0,1,64,0,0,,17248,0,4,5263,7.87297128589264,1,Q1,low,low,Q1-Q3,Q1-Q3,MI,14.4093086926763,1,1,1,0
1,2810876515,2017-12-23,1103.1,2,1,168,55,144,97,0.84,5.6,91.5,5.5,12607,1205.5737704918,7.09471089068195,2.15371621621622,0.767194822708521,0,,33.14,,1300.85,1,1421.69398907104,7.25960438964582,1,,0,12607,,,,12607,0,,,2,4591,5798,12607,14568,14568,1961,,0,0,,,,0,0,,0,12607,M01AX05,500 + 400,M01,M01A,M01AX,M01AX25,81 MG,1,1,,1,1,1,1,1,,,,M01AX25,"",,1,,,,,,,,,,1,1,0,1,1,1,1,1,0,0,0,,0.79,110.2,2,020609CJB,324.76,1.76,30,208.4,30,141.542,8,13714,13714,33.14,1,1,1,81,0,2,0,0,0,0,0,0,0,0,0,0,0,182,61.25,0,0,0,0,0,0,1,,,,,6,2,,0,1,1,0,0,0,0,1,1,1,0,2,0,567,1,0,0,70,34.1086722989773,0,0,1,1,1,140,0,1,1,0,0,,0,,,,0,0,1,,,0,84.2,1,61.2021857923497,4.11418290444176,2,0,0,1,70,0,1,,17500,,,,17.2224824355972,1,Q3,low,low,Q1-Q3,Q1-Q3,,,,,,
1,2810876743,2018-01-01,2744.6,2,1,268,34,329,109,0.83,7.5,132.3,6,12679,2074.5275888133,7.63748873870271,1.08796680497925,0.0843106378389444,1,,60.5,,1703.46,1,1287.57369614512,7.16051487062413,1,71.78,0,12679,0,3,,12679,0,,,1,,5792,12679,,,,,0,0,,,,0,0,4,0,12679,C07AB02,50 MG,C07,C07A,C07AB,C07AB02,325 MG,1,,,1,,,,,,,,"","",,,,,,,,,,,,1,0,0,1,0,0,0,0,0,0,0,,2.8,100.1,2,021009CJB,418.67,4.45,34,225.1,34,196.021,8,13718,13718,60.5,1,1,1,325,0,8,1,1,1,0,1,0,0,0,0,0,0,204,69.5,0,0,0,0,0,0,1,,,,,4,1,,0,1,1,0,0,0,0,,1,1,2,2,1,2275,2,0,0,56,29.6938267909971,1,0,1,0,1,,0,0,0,0,0,,0,,,,0,0,0,,,0,168.2,1,56.6893424036281,4.03758622840349,2,0,0,0,98,1,1,,16622,,,,21.1686488654419,1,Q4,high,high,Q1-Q3,Q4,,,,,,
1,2810878468,2017-10-22,786.6,2,1,212,44,253,116,0.85,33.5,45.9,6.5,11699,1713.72549019608,7.4464249289193,4.60294117647059,1.52669548536405,0,,20.4,,832.03,1,1812.70152505447,7.50257356678505,1,78.36,0,11699,0,3,,11699,0,,,2,4304,5630,11699,,,,,0,0,,,,0,0,4,0,11699,C09CA03,160 MG,C09,C09C,C09CA,C09CA03,81 MG,1,,,,1,,,,,1,,"","",,,,,,,,,,,,1,0,0,0,1,0,0,0,0,1,0,,0.81,69.73,2,012109CJB,394.574,2.68,11,,11,,8,13085,13085,20.4,1,1,1,81,1,3,0,0,0,0,0,0,0,0,0,0,0,174,61.75,0,0,0,0,0,0,1,,,,,3,0,,0,1,1,1,0,0,0,1,1,1,0,2,0,567,1,0,0,78,32.0834407178821,0,1,1,0,1,,0,0,0,0,0,,0,,,,0,0,0,,,0,117.4,1,729.847494553377,6.59283560074666,3,1,0,0,66,1,1,12702,,12702,29,1003,25.9655377302436,0,Q4,high,high,Q4,Q4,Death,2.7460643394935,0,0,0,0
1,2810878894,2018-01-01,483.5,2,1,174,61,72,100,0.7,3,12.6,5.3,12351,3837.30158730159,8.25252468692401,,,,,42.8,,265.47,1,2106.90476190476,7.65297521197803,1,52.02,1,12351,1,2,,12351,0,,,2,4517,5802,12351,14338,14338,1987,,0,0,,,,0,0,3,0,12351,C03DB02,37.5 / 25,C03,C03A,C03AA,C03AA03,81 MG,1,,,,,,,1,,,,C03AA03,"",,,,,,,,1,,,,1,0,0,0,0,0,0,1,0,0,0,,1.86,27.56,2,021009CJB,525.982,2.31,34,137.9,34,86.845,8,13393,13393,42.8,1,3,2,81,0,2,0,0,0,0,0,0,0,0,0,0,0,175,65.25,0,0,0,0,0,0,1,,,,,4,1,,0,1,1,0,0,0,0,1,1,1,0,2,0,243,1,0,0,61,28.8989876433974,0,0,1,0,1,,0,0,0,0,0,,0,,,,0,0,0,,,0,98.6,0,238.095238095238,5.47267075369282,2,0,0,0,94,1,1,,17178,,,,40.822357311719,1,Q4,high,high,Q4,Q4,,,,,,
1,2810879481,2018-02-17,193.4,2,1,136,61,37,114,0.82,3,22.2,6.8,12177,871.171171171171,6.76983848012905,4.20786026200873,1.43695426718648,0,,51.44,,182.63,1,822.657657657658,6.71254014531381,1,47.44,1,12177,1,2,,12177,0,,,1,4405,5722,12177,,,,,0,0,,,,0,0,3,0,12177,M01AE02,220 MG,M01,M01A,M01AE,M01AE02,325 MG,1,1,,,1,1,1,,,1,,"","",,,,,,,,,,,,1,1,0,0,1,1,1,0,0,1,0,,2.29,37.09,2,022009CJB,456.536,1.84,49,215.3,49,131.049,8,12869,12869,51.44,1,1,1,325,1,8,0,0,0,0,0,0,0,0,0,0,0,203,71,0,0,0,0,0,0,1,,,,,6,7,,0,1,1,1,0,0,0,,1,1,0,2,0,2275,2,0,0,60,28.3129389904882,0,1,1,1,1,,0,0,0,0,0,,0,,,,0,0,1,,,0,67.6,0,135.135135135135,4.90627527877201,2,1,0,1,96,0,0,,16649,,,,9.0746996996997,1,Q2,low,low,Q1-Q3,Q1-Q3,,,,,,
1,2810880063,2018-01-26,1726.6,2,1,170,66,93,112,0.63,4.4,106.3,6.9,12159,1624.27093132643,7.39281433644161,1.75873655913979,0.564595687137109,0,,58.54,,1660.31,1,1561.90968955786,7.35366451154368,1,60.75,0,12159,0,3,,12159,0,,,2,4292,5651,12159,14191,14191,2032,11243,1,1,-916,11243,,0,0,4,0,12159,C10AA03,10 MG,C10,C10A,C10AA,C10AA03,81 MG,1,,,,1,1,1,1,1,1,,"","",,,,,,,,,,,,1,0,0,0,1,1,1,1,1,1,0,,4.78,70.45,2,021709CJB,388.308,2.78,42,199.8,42,84.868,8,13079,13079,58.54,1,1,1,81,1,2,0,0,0,0,0,0,0,1,0,0,0,267,64.5,0,0,0,0,0,0,1,,,,,3,0,,0,1,1,1,0,1,0,1,1,1,0,2,0,567,1,0,0,64,45.122945843512,0,1,1,1,1,,0,0,0,0,0,,0,,1,1,1,0,0,,,0,85.4,1,41.3922859830668,3.72309453455845,2,1,0,1,95,0,1,15006,,15006,27,2847,17.0975887508046,0,Q3,high,low,Q1-Q3,Q1-Q3,,7.79466119096509,1,0,0,0
1,2810880346,2017-08-23,3095.2,2,1,171,89,73,102,0.61,9.3,130.7,5.1,12020,2368.1713848508,7.76987336874422,,,,,26.26,,1432.21,1,1095.79954093344,6.99923955017143,1,62.15,0,12020,0,3,,12020,0,,,2,4487,5790,12020,14288,14288,2268,,0,0,,,,0,0,4,0,12020,M01AX05,"",M01,M01A,M01AX,M01AX25,81 MG,1,1,,1,,,,,,,,M01AX25,"",,1,,,,,,,,,,1,1,0,1,0,0,0,0,0,0,0,,0.99,31.95,2,010909CJB,525.462,1.5,1,184.4,1,115.673,8,13615,13615,26.26,1,1,1,81,0,2,0,0,0,0,0,0,0,0,0,0,0,147,67.5,0,0,0,0,0,0,1,,,,,3,6,,0,1,1,0,0,0,0,1,1,1,0,2,0,567,1,0,0,66,22.6837787008907,0,0,1,0,1,140,0,1,1,0,0,,0,,,,0,0,1,,,0,67.4,1,71.1553175210406,4.26486505851117,2,0,0,0,94,1,1,,17409,,,,25.1933126047958,1,Q4,high,high,Q4,Q4,,,,,,
1,2810880360,2018-01-10,921.1,2,1,208,39,108,91,1.01,6.5,51.9,5.7,11585,1774.7591522158,7.48142000381044,2.48342245989305,0.90963763296915,0,,49.12,,466.85,1,899.518304431599,6.80185940274618,1,63.06,0,11585,0,3,,11585,0,,,1,3899,5649,11585,13633,13633,2048,,0,0,,,,0,0,4,0,11585,M01AX05,750 + 600 MG,M01,M01A,M01AX,M01AX25,81 MG,1,1,1,,,,,,,,,M01AX25,"",,1,,,,,,,,,,1,1,1,0,0,0,0,0,0,0,0,,0.97,80.68,2,021209CJB,319.454,1.6,38,203.1,38,194.058,8,12569,12569,49.12,1,1,1,81,0,8,0,0,0,0,0,0,0,0,0,0,0,220,69.25,0,0,0,0,0,0,1,,,,,4,6,,0,1,1,0,0,0,0,,1,1,0,2,0,567,1,0,0,69,32.2543829542038,0,0,1,0,1,,0,0,0,0,0,,0,,,,0,0,0,,,0,147.4,1,125.2408477842,4.83023866571189,2,0,0,0,76,1,1,16107,13468,16107,29,4522,23.3520941081026,0,Q4,high,high,Q1-Q3,Q4,Death,12.3805612594114,1,1,1,0
1,2810882699,2017-10-07,648.3,2,1,85,35,61,108,2,12.2,39.2,6.1,12379,1653.82653061224,7.41084699137262,,,,,41.08,,341.61,1,871.454081632653,6.7701631746823,1,19.68,4,12379,1,1,41,12379,1,-254,12125,1,4565,5789,12379,,,,12188,1,1,-5114,7265,,1,0,1,1,12379,C10AA05,80 G,C10,C10A,C10AA,C10AA05,81 MG,1,,,1,1,1,1,1,,,1,"","",,,,,,,,,,,,1,0,0,1,1,1,1,1,0,0,1,,27.83,50,2,012009CJB,338.02,10.26,10,207.7,10,158.781,8,13779,13779,41.08,1,2,1,81,0,8,0,0,0,0,0,0,1,1,0,0,0,160,65.5,0,0,0,0,0,0,1,,,,,4,6,,0,1,1,0,0,1,0,,1,1,0,2,0,1134,2,0,0,72,26.2206223381038,0,0,1,1,1,141,0,1,0,1,0,,0,,1,2,1,0,0,,,0,37.8,1,311.224489795918,5.74051448392493,3,0,0,1,32,0,1,14248,,5305,6,,51.6820790816327,1,Q3,high,high,Q4,Q1-Q3,Angina,,,,,
1,2810882967,2017-12-02,904.6,2,1,235,41,178,111,0.97,3,87.4,5.9,12175,1035.0114416476,6.94216776037034,1.35822401614531,0.306177975874685,1,,33.68,,1095.92,1,1253.91304347826,7.13402437546974,1,58,0,12175,0,3,40,12175,1,-535,11640,2,4630,5719,12175,14331,14331,2156,,0,0,,,,1,0,2,1,12175,C09CA03,160 MG,C09,C09C,C09CA,C09CA03,325 MG,1,,,1,1,,,1,,,,"","",,,,,,,,,,,,1,0,0,1,1,0,0,1,0,0,0,,4.94,176.9,2,020409CJB,419.868,3.67,25,167.7,25,144.586,8,13341,13341,33.68,1,1,1,325,0,2,0,0,0,0,0,0,1,0,0,0,0,266,65.25,0,0,0,0,0,0,1,,,,,4,6,,0,1,1,0,0,0,0,1,1,1,0,2,0,2275,2,0,0,71,43.9264612179641,0,0,1,0,1,,0,0,0,0,0,,0,,,,0,0,0,,,0,158.4,0,34.324942791762,3.53587228498876,2,0,0,0,59,0,0,15719,14337,11640,40,2162,17.5425668075864,0,Q2,low,low,Q1-Q3,Q1-Q3,CHF,5.9192334017796,1,0,0,0
7,2810884123,2017-08-13,757.7,2,1,179,53,129,121,1.04,3,101.2,6.3,3934,748.715415019763,6.61835895807205,1.31545454545455,0.274182267845022,1,3.4,14.48,15.18,1001.11,2,989.239130434783,6.89693609252236,1,67.96,0,3934,0,3,,3934,0,,,2,3934,5480,,,5480,1546,,0,0,,,,0,0,4,0,3934,M01AH01,200 MG,M01,M01A,M01AH,M01AH01,81 MG,1,1,,1,1,1,1,,1,1,,"","",,,,,,,,,,,,1,1,0,1,1,1,1,0,1,1,0,,0.19,65.18,2,123008CJB,561.456,1.15,3,141.4,3,107.061,3,,,14.48,1,1,1,81,1,,0,0,0,0,0,0,,,,,0,175,62,0,0,0,0,0,0,,,,,,8,6,1,1,0,1,1,,,0,,,,0,1,0,567,1,0,0,61,32.0081285323861,0,1,1,1,1,,0,0,0,0,0,,0,,,,0,0,0,,,0,100.2,0,29.6442687747036,3.38926881079688,1,1,0,1,58,0,0,7873,,5368,6,,12.908886465858,1,Q1,low,low,Q1-Q3,Q1-Q3,Angina,,,,,
1,2810884913,2018-02-01,2525,2,1,192,45,120,103,0.85,12.5,93.2,5.5,11969,2709.22746781116,7.90441880600601,0.766990291262136,-0.265281135762614,1,,47.62,,777.44,1,834.163090128755,6.72642893495414,1,69.89,0,11969,0,3,,11969,0,,,1,4636,5740,11969,,,,,0,0,,,,0,0,4,0,11969,B01AC06,81 MG,B01,B01A,B01AC,B01AC06,81 MG,1,,,,,,,,,,,"","",,,,,,,,,,,,1,0,0,0,0,0,0,0,0,0,0,,1.8,99.2,2,021809CJB,408.39,1.09,44,229.1,44,209.048,8,12837,12837,47.62,0,1,1,81,0,8,0,0,0,0,0,0,0,0,0,0,0,201,68.75,0,0,0,0,0,0,1,,,,,7,6,,0,1,0,0,0,0,0,,1,1,0,2,0,567,1,0,0,72,29.8989725913336,0,0,0,0,0,,0,0,0,0,0,,0,,,,0,0,0,,,0,123,1,134.12017167382,4.89873620159885,2,0,0,0,87,1,1,12681,,12681,27,712,31.1405456070248,0,Q4,high,high,Q4,Q4,,1.94934976043806,0,0,0,0
1,2810885265,2017-08-26,4841.8,2,1,182,34,95,99,0.8,3,183.6,5.5,12127,2637.14596949891,7.87745253920085,1.17721518987342,0.163151640686235,1,,42.62,,1277.75,1,695.942265795207,6.54526670545009,1,65.09,0,12127,0,3,,12127,0,,,1,4567,5786,12127,14333,14333,2206,,0,0,,,,0,0,4,0,12127,M01AX05,600 IU / 1200 M,M01,M01A,M01AX,M01AX25,81 MG,1,1,,1,,,,,,,,M01AX25,"",,1,,,,,,,,,,1,1,0,1,0,0,0,0,0,0,0,,8.18,45.29,2,010909CJB,550.008,1.79,2,233.5,2,176.701,8,13707,13707,42.62,1,1,1,81,0,8,0,0,0,0,0,0,0,0,0,0,0,181,68,1,1,0,0,0,0,1,,,,,8,8,,0,1,1,0,0,0,0,,1,1,0,2,0,567,1,0,1,81,27.5211363571516,0,0,1,0,1,,0,0,0,0,0,,0,,,,0,0,1,,,0,129,0,16.3398692810458,2.79360808946386,1,0,0,0,84,1,1,15488,,15488,29,3361,31.394594874987,0,Q4,high,high,Q4,Q4,Death,9.20191649555099,1,0,0,0
1,2810887669,2018-01-28,1027.1,2,1,187,41,153,147,0.89,4.6,119.7,5.4,11864,858.061821219716,6.75467614959592,,,,,38.34,,1294.23,1,1081.22807017544,6.98585277612174,1,67.23,0,11864,0,3,,11864,0,,,1,4312,5672,11864,13772,13772,1908,11001,1,1,-2930,8934,,0,0,4,0,11864,M01AH01,10 MG,C10,C10A,C10AA,C10AA01,81 MG,1,1,,1,1,1,,,,1,,C10AA01,"",,,,,,1,1,,,,,1,1,0,1,1,1,1,0,0,1,0,,0.34,116.5,2,021709CJB,426.77,0.94,42,231.7,42,181.931,8,12764,12764,38.34,1,1,1,81,1,8,0,0,0,0,0,0,0,1,0,0,0,249,71,0,0,0,0,0,0,1,,,,,4,1,,0,1,1,1,0,1,0,,1,1,0,2,0,567,1,0,0,58,34.728678860254,0,1,1,1,1,,0,0,0,0,0,,0,,1,1,1,0,0,,,0,115.4,1,38.4294068504595,3.64882296991326,2,1,0,1,94,0,0,,16548,7194,7,4684,9.12831724701825,0,Q2,low,low,Q1-Q3,Q1-Q3,Coronary Insufficiency,12.8240930869268,1,1,1,0
1,2810887702,2017-12-23,3959.1,2,1,219,73,106,248,1.01,58.7,190,10.6,12369,2083.73684210526,7.6419181195185,,,,,26.5,,1023.43,1,538.647368421053,6.28906112382015,1,70.36,0,12369,0,3,41,12369,1,2005,14374,2,4517,5733,12369,14554,14554,2185,15624,1,0,2008,14377,,0,1,4,1,12369,C09CA04,150 MG,C09,C09C,C09CA,C09CA04,81 MG,1,,,,1,,,,,1,,"","",,,,,,,,,,,,1,0,0,0,1,0,0,0,0,1,0,,1.28,60.2,2,020609CJB,448.198,2.39,30,273.4,30,136.079,8,13470,13470,26.5,1,1,1,81,1,2,0,0,0,0,0,0,0,0,0,0,0,205,62.5,0,0,0,0,0,0,1,,,,,4,0,,0,1,1,1,0,0,0,1,1,1,0,2,0,567,1,0,0,83,36.8977121954244,0,1,1,0,1,,0,0,0,0,0,,0,,1,1,0,0,0,1,14309,0,124.8,1,308.947368421053,5.7331709336557,3,1,0,0,51,1,1,15624,,14374,41,,40.8575851393189,1,Q4,high,high,Q4,Q4,CHF,,,,,
1,2810888010,2018-11-26,5187.8,2,1,157,32,79,92,0.93,3.6,221,5.4,11427,2347.42081447964,7.76107247866243,,,,,20.24,,1224.12,1,553.900452488688,6.31698498195277,1,59.32,0,11427,0,3,1,11427,0,,,1,4303,5673,11427,13586,13586,2159,,0,0,,,,0,0,4,0,11427,M01AE01,200 MG,M01,M01A,M01AE,M01AE01,81MG,1,1,,,1,1,,,,,,"","",,,,,,,,,,,,1,1,0,0,1,1,0,0,0,0,0,,0.37,28.67,2,011309CJB,266.684,0.76,5,212.3,5,155.713,8,12912,12912,20.24,1,4,2,81,0,8,0,0,0,0,0,0,0,0,0,0,0,204,67.5,0,0,0,0,0,0,1,,,,,8,1,,0,1,1,0,0,0,0,,1,1,0,2,0,324,1,0,0,51,31.4795296257259,0,0,1,0,1,140,0,1,1,0,1,11830,0,,,,0,0,0,,,0,109.2,0,16.289592760181,2.79052642292645,1,0,1,0,95,1,1,,14632,11830,1,3205,24.7096927839962,0,Q4,high,high,Q4,Q4,MI,8.77481177275839,1,0,0,0
1,2810888315,2018-02-01,644.3,2,1,134,41,99,108,0.83,3,93.9,5.4,12173,686.15548455804,6.53110425591847,3.59020217729394,1.27820851770942,0,,39.66,,936.22,1,997.039403620873,6.90479029136829,1,73.68,0,12173,0,3,,12173,0,,,1,4281,5650,12173,13710,13710,1537,,0,0,,,,0,0,4,0,12173,C10AA05,20 MG,C10,C10A,C10AA,C10AA05,81 MG,1,,,1,1,1,1,,,1,,"","",,,,,,,,,,,,1,0,0,1,1,1,1,0,0,1,0,,0.34,90.48,2,021809CJB,188.79,1.55,43,136.7,43,117.607,8,13055,13055,39.66,1,1,1,81,1,8,0,0,0,0,0,0,0,0,0,1,0,192,67.5,0,0,0,0,0,0,1,,,,,4,1,,0,1,1,1,1,0,0,,1,1,0,2,0,567,1,0,0,64,29.6277925889185,0,1,1,1,1,140,0,1,1,0,0,,0,,,,0,0,0,,,0,73.2,0,31.9488817891374,3.46413718143603,2,1,0,1,93,0,0,,16836,7536,6,4663,7.37801596298968,0,Q1,low,low,Q1-Q3,Q1-Q3,Angina,12.766598220397,1,1,1,0
7,2810888821,2017-08-10,636.7,2,1,163,79,69,253,0.94,108.9,96.4,7,3549,660.477178423237,6.49296257139457,3.41353383458647,1.22774806981959,0,2.9,31.34,32.66,1158.36,2,1201.61825726141,7.09142447502012,1,66.2,0,3549,0,3,2,3549,0,,,1,3549,,,,,,4131,1,0,582,4131,,0,0,4,0,3549,C10AX06,10 MG,C10,C10A,C10AX,C10AX06,81 MG,1,,,,,1,1,1,1,,,"","",,,,,,,,,,,,1,0,0,0,0,1,1,1,1,0,0,,0.82,14.03,2,122308CJB,469.206,1.79,1,168.8,1,115.377,3,,,31.34,1,1,1,81,1,,0,0,0,0,0,0,,,,,0,189,69,,,,,,,,,1,,,7,8,,0,0,1,1,,,0,,2,3,0,,0,567,1,0,0,77,27.9106040253668,0,1,1,1,1,,0,0,0,0,1,4131,0,,1,1,0,0,0,,,0,70.2,1,1129.66804979253,7.02967910730455,3,1,0,1,78,0,0,4140,,-2464,11,,8.46765613363124,1,Q1,low,low,Q1-Q3,Q1-Q3,Atherothrombotic Infarction of Brain,,,,,
1,2810888933,2017-11-13,534.7,2,1,153,38,119,92,1.17,3,99.2,5.4,12018,539.012096774194,6.28973801365195,1.40376984126984,0.339161361446024,1,,50.82,,2426.74,1,2446.31048387097,7.8023362435435,1,57.73,0,12018,0,3,,12018,0,,,1,4619,5725,12018,,,,11370,1,1,-805,11213,,0,0,4,0,12018,C10AA05,20 MG,C10,C10A,C10AA,C10AA05,325 MG,1,,,1,,1,1,,,,,"","",,,,,,,,,,,,1,0,0,1,0,1,1,0,0,0,0,,2.64,131.8,2,012709CJB,337.41,1.53,16,159.4,16,166.012,8,13317,13317,50.82,2,1,1,325,0,8,0,0,0,0,0,0,0,1,0,0,0,188,65,0,0,0,0,0,0,1,,,,,6,7,,0,1,1,0,0,1,0,,1,1,0,2,0,2275,2,0,0,62,31.2850424517417,0,0,0,1,1,140,0,1,1,0,0,,0,,2,2,1,0,1,,,0,91.2,0,30.241935483871,3.40922955335942,2,0,0,1,66,0,0,,17108,6651,6,5090,8.16684995112415,1,Q1,low,low,Q1-Q3,Q1-Q3,Angina,13.9356605065024,1,1,1,0
1,2810890572,2017-10-29,1101.7,2,1,202,46,176,132,0.94,249.2,144,6.7,11163,765.069444444444,6.63996660675811,1.12688553682343,0.119457665412861,1,,51.2,,995.62,1,691.402777777778,6.53872254509267,1,67.64,0,11163,0,3,,11163,0,,,1,,4664,11163,13296,13296,2133,,0,0,,,,0,0,4,0,11163,C09AA03,20 MG,C09,C09A,C09AA,C09AA03,81 MG,1,,,1,1,,,1,1,,,"","",,,,,,,,,,,,1,0,0,1,1,0,0,1,1,0,0,,1.37,62.25,2,012609CJB,388.028,2.8,15,189.8,15,141.042,8,12494,12494,51.2,1,1,1,81,1,8,0,0,0,0,0,0,0,0,0,0,0,213,68.75,0,0,0,0,0,0,,,,,,8,1,1,0,1,1,1,0,0,0,,1,1,0,2,0,567,1,0,0,63,31.6839858803685,0,1,1,0,1,,0,0,0,0,0,,0,,,,0,0,0,,,0,120.8,1,1730.55555555556,7.45619776631944,3,1,0,0,86,0,0,,16285,,,,8.89615633074936,1,Q1,low,low,Q1-Q3,Q1-Q3,,,,,,
1,2810890728,2017-11-23,203.2,2,0,155,35,94,151,1.92,12.6,27.8,6.9,12001,730.935251798561,6.59432488099583,1.43067590987868,0.358146996852083,1,,34.98,,489.68,1,1761.43884892086,7.47388628183431,1,62.06,0,12001,0,3,12,12001,1,642,12643,1,4538,5712,12001,,,,12711,1,0,498,12499,,0,1,4,1,12001,C09AA03,40 MG,C09,C09A,C09AA,C09AA03,81 MG,1,,1,1,1,,,1,,1,,"","",,,,,,,,,,,,1,0,1,1,1,0,0,1,0,1,0,,13.26,52.54,2,013009CJB,353.808,6.56,21,223.2,21,174.695,8,13237,13237,34.98,1,1,1,81,1,8,0,0,0,0,0,0,0,0,0,0,0,181,61.75,0,0,0,0,0,0,1,,,,,3,6,,0,1,1,1,0,0,0,,1,1,0,2,0,567,1,0,0,84,33.3741538502107,0,1,1,0,1,141,1,1,1,1,1,12645,1,2030,1,1,0,0,1,,,0,101.2,1,453.237410071942,6.11641607224298,3,1,0,0,31,0,0,12749,15358,2030,12,3357,23.578556509631,0,Q1,low,high,Q4,Q1-Q3,TIA,9.19096509240246,1,0,0,0
7,2810890876,2018-11-24,18639.2,2,1,178,42,129,148,0.58,18.7,183.5,7,4507,10157.6021798365,9.22597768735709,1.732421875,0.549520357270072,0,0.5,43,42.72,1332.14,2,725.961852861036,6.58749746917575,1,62.68,0,4507,0,3,4,4507,0,,,2,4507,6846,,,6846,2339,,0,0,,,,0,0,4,0,4507,C09CA08,40 MG,C09,C09C,C09CA,C09CA08,81 MG,1,,,,1,,,,,1,,"","",,,,,,,,,,,,1,0,0,0,1,0,0,0,0,1,0,,5.88,123,2,010509CJB,436.656,2.42,3,111.5,3,88.903,3,,,43,1,1,1,81,1,,0,0,0,0,0,0,,,,,0,166,63,0,0,0,0,0,0,,,,,,4,1,,1,0,1,1,,,0,,,,0,1,0,567,1,0,0,54,29.4057730972605,0,1,1,0,1,,0,0,0,0,1,7389,0,,,,0,0,0,,,0,110.2,1,101.907356948229,4.62406413534805,2,1,0,0,104,1,1,,9051,7389,4,4544,97.6692517291973,0,Q4,high,high,Q4,Q4,MI,12.4407939767283,1,1,1,0
1,2810891296,2017-12-31,247.2,2,1,140,44,89,98,1.37,3,34.2,5.7,12002,722.80701754386,6.58314226750307,1.12434061793519,0.117196746431499,1,,38.02,,363.76,1,1063.62573099415,6.96943885143629,1,62.03,0,12002,0,3,,12002,0,,,1,,,12002,,,,,0,0,,,,0,0,4,0,12002,M01AX05,1500 + 1200 MG,M01,M01A,M01AX,M01AX25,500 MG,1,1,,,1,,,1,,,,M01AX25,"",,1,,,,,,,,,,1,1,0,0,1,0,0,1,0,0,0,,2.44,68.61,2,020909CJB,295.184,3.19,32,221.4,32,166.155,8,13073,13073,38.02,1,1,1,500,0,8,0,0,0,0,0,0,0,0,0,0,0,202,64.75,0,0,0,0,0,0,1,,,,,4,2,,0,1,1,0,0,0,0,,1,1,0,2,0,3500,2,0,0,86,33.8748543509818,0,0,1,0,1,,0,0,0,0,0,,0,,,,0,0,0,,,0,78.2,0,87.719298245614,4.47414192358169,2,0,0,0,46,0,0,15276,,11455,6,,15.7131960335622,1,Q1,low,low,Q1-Q3,Q1-Q3,Angina,,,,,
7,2810892101,2017-08-12,893.7,2,1,138,62,75,92,0.88,4.1,63.3,5.4,4301,1411.84834123223,7.25265500522531,1.3656914893617,0.311660885978718,1,2.2,22.64,23.36,450.52,2,711.721958925751,6.56768732801746,1,70.99,0,4301,0,3,,4301,0,,,2,4301,5965,,,5965,1664,,0,0,,,,0,0,4,0,4301,C10AX09,10 MG,C10,C10A,C10AX,C10AX09,81 MG,1,,1,,1,1,1,1,,,,"","",,,,,,,,,,,,1,0,1,0,1,1,1,1,0,0,0,,3.36,97.51,2,122208CJB,303.784,1,1,125,1,88.593,3,,,22.64,1,1,1,81,0,,0,0,0,0,0,0,,,,,0,207,69,1,1,0,0,0,0,,1,,,,4,7,,0,0,1,0,,,0,,2,2,0,,0,567,1,0,1,73,30.5687567896875,0,0,1,1,1,,0,0,0,0,0,,0,,,,0,0,0,2,6810,0,61,1,64.7709320695103,4.17085692354227,2,0,0,1,76,0,1,,8981,0,30,4680,18.5769518583188,0,Q3,high,high,Q1-Q3,Q1-Q3,IC,12.8131416837782,1,1,1,0
1,2810892367,2017-12-24,1176.6,2,1,176,96,82,240,1.1,6.7,134.9,6.5,12000,872.201630837657,6.77102062520474,2.76168582375479,1.01584129897143,0,,43.44,,1479.14,1,1096.47146034099,6.99985253955842,1,64.76,0,12000,0,3,,12000,0,,,1,4249,5635,12000,14114,14114,2114,,0,0,,,,0,0,4,0,12000,B01AC06,325 MG,B01,B01A,B01AC,B01AC06,325 MG,1,,,,,,,,,1,,"","",,,,,,,,,,,,1,0,0,0,0,0,0,0,0,1,0,,0.34,27.96,2,020709CJB,285.84,0.94,31,154.4,31,91.513,8,13084,13084,43.44,0,3,2,325,1,8,0,0,0,0,0,0,0,0,0,0,0,143,68.75,0,0,0,0,0,0,1,,,,,6,6,,0,1,0,1,0,0,0,,1,1,0,2,0,975,2,0,0,74,21.2714083609985,0,1,0,0,0,,0,0,0,0,0,,0,,,,0,0,0,,,0,63.6,1,49.6664195700519,3.90532904216535,2,1,0,0,66,0,0,,16870,,,,13.215176224813,1,Q2,low,low,Q1-Q3,Q1-Q3,,,,,,
1,2810892730,2017-11-13,2458.7,2,1,162,70,84,115,0.89,11.1,208.3,5.6,11776,1180.36485837734,7.07357887168131,1.20477568740955,0.186293398086929,1,,26.52,,2022.08,1,970.753720595295,6.87807280130626,1,75.56,0,11776,0,3,2,11776,1,2384,14160,2,4231,5624,11776,14002,14002,2226,,0,0,,,,0,1,4,1,11776,M01AE02,500 MG,M01,M01A,M01AE,M01AE02,81 MG,1,1,,1,,1,1,,,,,"","",,,,,,,,,,,,1,1,0,1,0,1,1,0,0,0,0,,0.9,71.25,2,012709bCJ,436.478,0.15,17,199,17,134.736,8,13059,13059,26.52,1,1,1,81,0,2,0,0,0,0,0,0,0,0,0,1,0,195,64,0,0,0,0,0,0,1,,,,,3,0,,0,1,1,0,1,0,0,1,1,1,0,2,0,567,1,0,0,73,33.4718931156612,0,0,1,1,1,140,0,1,1,0,1,10986,0,,,,0,0,0,,,0,75.2,1,53.2885261641863,3.9757210390335,2,0,0,1,64,0,1,,16808,10986,2,5032,18.4432009121459,0,Q3,low,high,Q1-Q3,Q1-Q3,MI,13.7768651608487,1,1,1,0
1,2810893704,2017-12-24,2124.1,2,1,139,58,71,80,0.79,11.5,198.4,5.1,12252,1070.61491935484,6.97598845337016,2.15830875122911,0.769324929460712,0,,28.78,,1951.59,1,983.664314516129,6.89128469506505,1,68.53,0,12252,0,3,,12252,0,,,2,,5302,12252,,,,,0,0,,,,0,0,4,0,12252,C07AB03,25 MG,C07,C07A,C07AB,C07AB03,81 MG,1,,,1,,,,,,,,"","",,,,,,,,,,,,1,0,0,1,0,0,0,0,0,0,0,,1.18,40.33,2,020709CJB,248.86,1.85,31,153.7,31,102.574,8,13343,13343,28.78,1,1,1,81,0,2,0,0,0,0,0,0,0,0,0,0,0,163,65.75,0,0,0,0,0,0,1,,,,,3,6,,0,1,1,0,0,0,0,1,1,1,0,2,0,567,1,0,0,56,26.5095101457678,0,0,1,0,1,,0,0,0,0,0,,0,,,,0,0,1,,,0,66.8,1,57.9637096774194,4.05981711950057,2,0,0,0,84,0,0,,17129,,,,12.7454157066052,1,Q2,low,low,Q1-Q3,Q1-Q3,,,,,,
1,2810893832,2017-08-30,657.6,2,1,268,48,196,159,1.23,199.3,46.7,7.9,12286,1408.13704496788,7.25002286505521,,,,,47.4,,215.13,1,460.663811563169,6.13266851787583,1,64.04,0,12286,0,3,,12286,0,,,2,4517,5797,12286,,,,9444,1,1,-5198,7088,,0,0,4,0,12286,C10AX06,5 MG,C10,C10A,C10AX,C10AX06,"",,,,1,1,1,,,,,,"","",,,,,,,,,,,,0,0,0,1,1,1,0,0,0,0,0,,3.53,54.87,2,011209CJB,283.922,1.73,2,172.7,2,176.167,8,13832,13832,47.4,1,1,1,81,1,2,0,0,0,0,0,0,0,2,0,0,0,142,62.5,0,0,0,0,0,0,1,,,,,7,8,,0,1,1,1,0,1,0,1,1,1,0,2,0,567,1,0,0,77,25.5584152768306,0,0,1,0,1,,0,0,0,0,0,,0,,1,1,1,0,1,3,9444,1,180.8,1,4267.66595289079,8.35882234152603,3,1,1,0,42,0,1,14592,15453,14592,27,2306,33.5270724992352,0,Q3,high,high,Q4,Q1-Q3,,6.31348391512663,1,0,0,0
1,2810894013,2018-01-10,2638.3,2,1,226,75,146,104,0.78,15.4,171.5,5.4,12776,1538.36734693878,7.3384769687105,1.41719242902208,0.348677751786388,1,,39.4,,2313.9,1,1349.21282798834,7.20727661099016,1,63.58,0,12776,0,3,,12776,0,,,1,4564,5936,12776,,,,,0,0,,,,0,0,4,0,12776,C10AA03,40 MG,C10,C10A,C10AA,C10AA03,81 MG,1,,,1,,1,1,,,,,"","",,,,,,,,,,,,1,0,0,1,0,1,1,0,0,0,0,,1.93,203.5,2,021209CJB,307.622,2.44,38,194.8,38,149.559,8,13758,13758,39.4,1,1,1,81,0,8,0,0,0,0,0,0,0,0,0,1,0,213,71.25,0,0,0,0,0,0,1,,,,,8,1,,0,1,1,0,1,0,0,,1,1,0,2,0,567,1,0,0,60,29.4995559520205,0,0,1,1,1,140,0,1,1,0,0,,0,,,,0,0,0,,,0,121.8,1,89.7959183673469,4.49753952179573,2,0,0,1,98,0,1,,17542,,,,15.6976259891712,1,Q3,high,low,Q1-Q3,Q1-Q3,,,,,,
1,2810894188,2017-09-17,1355.6,2,1,191,69,58,124,0.76,3,162.2,5.7,11820,835.758323057953,6.72833948403968,,,,,38.6,,1378.75,1,850.030826140567,6.74527261487449,1,63.58,0,11820,0,3,,11820,0,,,2,4654,5757,11820,13915,13915,2095,,0,0,,,,0,0,4,0,11820,M01AE02,37.5/25 MG,C03,C03A,C03AA,C03AA03,325 MG,1,1,,1,,,,1,,,,C03AA03,"",,,,,,,,1,,,,1,1,0,1,0,0,0,1,0,0,0,,9.95,118,2,011509CJB,524.128,2.79,6,217.5,6,135.917,8,13276,13276,38.6,1,1,1,325,0,2,0,0,0,0,0,0,0,0,0,0,0,257,62.75,0,0,0,0,0,0,1,,,,,3,5,,0,1,1,0,0,0,0,1,1,1,0,2,0,2275,2,0,0,59,45.8892833787001,0,0,1,0,1,,0,0,0,0,0,,0,,,,0,0,0,,,0,110.4,0,18.4956843403206,2.91753742596893,1,0,0,0,86,0,0,,17069,,,,9.7181200355576,1,Q1,low,low,Q1-Q3,Q1-Q3,,,,,,
1,2810894775,2018-02-10,1993.1,2,1,164,48,65,84,0.79,3.1,95.9,5.4,12991,2078.31074035454,7.63931069866739,2.08228571428571,0.733466191462289,0,,22.66,,1219.96,1,1272.11678832117,7.14843755440325,1,66.61,0,12991,0,3,,12991,0,,,1,4509,5804,12991,15133,15133,2142,,0,0,,,,0,0,4,0,12991,C10AX06,1200 MG,C10,C10A,C10AX,C10AX06,81 MG,1,,,,,1,1,,,,,"","",,,,,,,,,,,,1,0,0,0,0,1,1,0,0,0,0,,2.1,24.97,2,021909bCJ,265.894,1.66,48,235.7,48,163.03,8,13726,13726,22.66,0,1,1,81,0,8,1,1,1,0,0,0,0,0,0,0,0,151,68.5,0,0,0,0,0,0,1,,,,,7,1,,0,1,0,0,0,0,0,,1,1,2,2,0,567,1,0,0,63,22.6256683532601,1,0,0,1,0,,0,0,0,0,0,,0,,,,0,0,0,,,0,103,0,32.325338894682,3.47585140858385,2,0,0,1,96,1,1,,17507,,,,21.6490702120264,1,Q4,high,high,Q1-Q3,Q4,,,,,,
1,2810895165,2018-02-10,559,2,1,224,53,107,97,0.82,5.2,82.6,5.4,12817,676.755447941889,6.51730997861626,1.521113243762,0.419442463998069,1,,47.4,,619.33,1,749.794188861986,6.61979875402103,1,62.95,0,12817,0,3,,12817,0,,,1,5184,6457,12817,14539,14539,1722,,0,0,,,,0,0,4,0,12817,B01AC06,500 MG,B01,B01A,B01AC,B01AC06,500 MG,1,,,,,,,,,,,"","",,,,,,,,,,,,1,0,0,0,0,0,0,0,0,0,0,,2.43,94.81,2,021909bCJ,166.068,1.56,48,240.7,48,166.526,8,13552,13552,47.4,0,1,2,500,0,8,0,0,0,0,1,1,0,0,0,0,0,269,75,0,0,0,0,0,0,1,,,,,7,1,,0,1,0,0,0,0,0,,1,1,0,2,2,500,1,0,0,61,33.6229152458305,0,0,0,0,0,,0,0,0,0,0,,0,,,,0,0,1,,,0,149.6,1,62.953995157385,4.14240422404259,2,0,0,0,95,0,0,,17333,,,,7.12374155728304,1,Q1,low,low,Q1-Q3,Q1-Q3,,,,,,
1,2810895671,2018-12-17,880.3,2,1,198,97,44,108,0.94,6.5,116.2,5.6,11372,757.573149741825,6.63012010003714,,,,,39.48,,1306.07,1,1123.98450946644,7.02463524874518,1,66.57,0,11372,0,3,,11372,0,,,2,4113,5611,11372,13594,13594,2222,,0,0,,,,0,0,4,0,11372,C10AA05,10 MG,C10,C10A,C10AA,C10AA05,81 MG,1,,,,1,1,1,1,,,,"","",,,,,,,,,,,,1,0,0,0,1,1,1,1,0,0,0,,0.99,47.99,2,020509CJB,303.434,1.86,29,183.1,29,97.991,8,12490,12490,39.48,1,1,1,81,0,2,0,0,0,0,0,0,0,0,0,0,0,141,61,0,0,0,0,0,0,1,,,,,8,1,,0,1,1,0,0,0,0,1,1,1,0,2,0,567,1,0,0,67,26.6418914993165,0,0,1,1,1,,0,0,0,0,0,,0,,,,0,0,0,,,0,92.2,1,55.9380378657487,4.02424461146592,2,0,0,1,63,0,0,15612,,15612,28,4240,12.0249706308226,0,Q1,low,low,Q1-Q3,Q1-Q3,Death,11.6084873374401,1,1,0,0
1,2810896450,2017-11-18,300.1,2,1,181,47,110,107,0.87,3,38.9,5.6,12484,771.46529562982,6.64829168781001,1.63604488078541,0.492281671047189,1,,43.44,,239.85,1,616.580976863753,6.42418966331176,1,71.89,0,12484,0,3,2,12484,0,,,1,4637,5792,12484,14470,14470,1986,,0,0,,,,0,0,4,0,12484,B01AC06,81 MG,B01,B01A,B01AC,B01AC06,81 MG,1,,,,,,,,,,,"","",,,,,,,,,,,,1,0,0,0,0,0,0,0,0,0,0,,1.41,59.39,2,012909CJB,326.368,1.66,20,258.3,20,156.585,8,13734,13734,43.44,0,1,1,81,0,8,0,0,0,0,0,0,0,0,0,0,0,192,69,0,0,0,0,0,0,1,,,,,3,1,,0,1,0,0,0,0,0,,1,1,0,2,0,567,1,0,0,60,28.353629486087,0,0,0,0,0,,0,0,0,0,1,16245,0,,,,0,0,0,,,0,112,0,77.120822622108,4.34537331702585,2,0,0,0,94,0,0,,17469,16199,6,4985,8.20707761308319,0,Q1,low,low,Q1-Q3,Q1-Q3,Angina,13.6481861738535,1,1,1,0
7,2810896753,2017-08-16,1019.6,2,1,148,54,125,106,0.95,24.7,73.7,7.6,4065,1383.44640434193,7.23233305929476,0.98193315266486,-0.0182320455874275,1,6.2,27.94,30.5,1757.94,2,2385.26458616011,7.77706533476266,1,75.17,0,4065,0,3,,4065,0,,,2,4065,5770,,,5770,1705,,0,0,,,,0,0,4,0,4065,C10AB04,600 MG,C10,C10A,C10AB,C10AB04,81 MG,1,,1,,1,1,1,1,1,1,,"","",,,,,,,,,,,,1,0,1,0,1,1,1,1,1,1,0,,1.56,187.1,2,010609CJB,440.288,5.73,4,135.5,4,92.294,3,,,27.94,1,1,1,81,1,,0,0,0,0,0,0,,,,,0,254,65,0,0,0,0,0,0,1,,,,,1,0,,1,0,1,1,,,0,,1,1,0,1,0,567,1,0,0,58,42.2680892699063,0,1,1,1,1,141,0,1,0,1,0,,0,,,,0,0,0,,,0,69,1,335.142469470828,5.81455572342078,3,1,0,1,66,0,1,,8574,,,,20.9613091566959,1,Q3,high,high,Q1-Q3,Q1-Q3,,,,,,
1,2810897066,2017-11-21,620.5,2,1,242,62,227,125,1.28,6.4,86.4,6.1,11306,718.171296296296,6.57670811482274,3.04757548032937,1.11434635001714,0,,37.86,,641.34,1,742.291666666667,6.60974224769199,1,61.87,0,11306,0,3,,11306,0,,,1,4335,5634,11306,13532,13532,2226,13425,1,0,2119,13425,,0,0,4,0,11306,M01AE02,220 MG,M01,M01A,M01AE,M01AE02,81 MG,1,1,,,,1,1,,,,,"","",,,,,,,,,,,,1,1,0,0,0,1,1,0,0,0,0,,1.34,57.3,2,012709bCJ,440.136,1.37,17,245.3,17,197.269,8,12589,12589,37.86,2,3,2,81,1,8,0,0,0,0,0,0,0,0,1,1,1,151,66.75,0,0,0,0,0,0,1,,,,,7,6,,0,1,1,1,1,0,1,,1,1,0,2,0,243,1,1,0,83,23.8275845823248,0,0,0,1,1,141,0,1,1,1,0,,0,,1,1,0,0,0,,,0,134.6,1,74.0740740740741,4.30506559353775,2,0,0,1,51,0,0,14568,,11019,30,,14.0817901234568,1,Q1,low,low,Q1-Q3,Q1-Q3,IC,,,,,
1,2810897397,2017-10-30,372.2,2,1,116,46,206,98,0.95,3,38.1,5.8,12161,976.902887139108,6.88438724806359,1.69795918367347,0.529427049716536,0,,30.42,,1113.01,1,2921.28608923885,7.97977923981658,1,70.15,0,12161,0,3,13,12161,0,,,1,4528,5713,12161,14204,14204,2043,,0,0,,,,0,0,4,0,12161,C10AX09,10 MG,C10,C10A,C10AA,C10AA01,325 MG,1,,,1,1,1,,1,,,,C10AA01,"",,,,,,1,1,,,,,1,0,0,1,1,1,1,1,0,0,0,,2.72,74.79,2,012709CJB,375.164,2.98,16,198.5,16,94.004,8,13464,13464,30.42,1,1,1,325,0,8,0,0,0,0,0,0,0,0,0,1,0,187,69.75,0,0,0,0,0,0,1,,,,,6,10,,0,1,1,0,1,0,0,,1,1,0,2,0,2275,2,0,0,70,27.0245701781726,0,0,1,1,1,140,0,1,1,0,0,,1,15533,,,0,0,1,,,0,28.8,0,78.740157480315,4.36615328551759,2,0,0,1,81,0,0,15930,,8745,7,,12.0605294708532,1,Q2,low,low,Q1-Q3,Q1-Q3,Coronary Insufficiency,,,,,
1,2810897518,2017-08-30,1632.8,2,1,247,70,98,102,0.76,3.1,46.5,5.9,12000,3511.39784946237,8.16376948489042,3.4106412005457,1.22690030896964,0,,38,,696.6,1,1498.06451612903,7.31192923132668,1,73.28,0,12000,0,3,15,12000,0,,,2,,5771,12000,14213,14213,2213,,0,0,,,,0,0,4,0,12000,B01AC06,325 MG,B01,B01A,B01AC,B01AC06,325 MG,1,,,,,,,,,,,"","",,,,,,,,,,,,1,0,0,0,0,0,0,0,0,0,0,,3.42,50.9,2,011209CJB,287.758,1.14,2,234.9,2,118.959,8,13545,13545,38,0,3,2,325,0,2,1,1,1,0,0,0,0,0,0,0,0,140,63,0,0,0,0,0,0,1,,,,,7,1,,0,0,0,0,0,0,0,1,1,1,2,,0,975,2,0,0,59,24.8000496000992,1,0,0,0,0,,0,0,0,0,0,,1,16384,,,0,0,0,,,0,157.4,0,66.6666666666667,4.19970507787993,2,0,0,0,86,1,1,,17339,16384,15,5339,40.830207551888,1,Q4,high,high,Q4,Q4,Subarachnoid Hemmorhage,14.6173853524983,1,1,1,0
1,2810898989,2017-08-26,205.8,2,1,163,60,61,95,0.55,3,27.1,5.8,12050,759.409594095941,6.63254128150239,1.83022508038585,0.604438954036463,0,,41.1,,155.06,1,572.177121771218,6.34944859689325,1,71.34,0,12050,0,3,,12050,0,,,2,4530,6092,12050,14262,14262,2212,,0,0,,,,0,0,4,0,12050,B01AC06,325 MG,B01,B01A,B01AC,B01AC06,325 MG,1,,,,,,,,,,,"","",,,,,,,,,,,,1,0,0,0,0,0,0,0,0,0,0,,0.24,63.06,2,010909CJB,204.392,2.58,1,149,1,107.547,8,13637,13637,41.1,0,1,1,325,0,2,0,0,0,0,0,0,0,0,0,0,0,147,61.5,0,0,0,0,0,0,1,,,,,7,6,,0,1,0,0,0,0,0,1,1,1,0,2,0,2275,2,0,0,74,27.3257893333157,0,0,0,0,0,,0,0,0,0,0,,0,,,,0,0,0,,,0,90.8,0,110.70110701107,4.70683383976459,2,0,0,0,92,0,0,,17431,11687,6,5381,8.25445210973849,1,Q1,low,low,Q1-Q3,Q1-Q3,Angina,14.7323750855578,1,1,1,0
1,2810899177,2018-02-22,4623.9,2,1,140,37,109,100,0.87,3,53.3,5.9,12964,8675.23452157599,9.06822763863708,2.00127713920817,0.693785546365218,0,,57.26,,637.27,1,1195.62851782364,7.08642728243683,1,63.63,0,12964,0,3,41,12964,1,-1012,11952,1,5223,6163,12964,,,,11962,1,1,-1012,11952,,1,0,2,1,12964,C09AA02,2.5 MG,C09,C09A,C09AA,C09AA02,81 MG,1,,,1,1,,,1,,,1,"","",,,,,,,,,,,,1,0,0,1,1,0,0,1,0,0,1,,5.48,89.04,2,022109CJB,461.558,4.1,50,193.4,50,108.999,8,13608,13608,57.26,1,1,1,81,0,8,0,0,0,0,0,0,1,1,0,0,1,203,67.5,0,0,0,0,0,0,1,,,,,3,1,,0,1,1,0,0,1,1,,1,1,0,2,0,567,1,1,0,69,31.325218205992,0,0,1,0,1,,0,0,0,0,0,,0,,1,1,1,0,0,,,0,81.2,0,56.2851782363978,4.03043123647845,2,0,0,0,88,1,1,,17388,11952,41,4424,98.5822104724544,0,Q4,high,high,Q4,Q4,CHF,12.1122518822724,1,1,1,0
1,2810900040,2017-11-26,241.8,2,1,143,50,131,143,1.07,61.7,34.6,6.4,11713,698.843930635838,6.54942744210511,0.907780979827089,-0.0967521411212261,1,,32.08,,327.97,1,947.890173410405,6.85423864471089,1,58.48,0,11713,0,3,,11713,0,,,1,4278,5705,11713,,,,6261,1,1,-5452,6261,,0,0,4,0,11713,C10AX09,10 MG,C10,C10A,C10AX,C10AX09,162 MG,1,,,1,1,1,1,1,,1,,"","",,,,,,,,,,,,1,0,0,1,1,1,1,1,0,1,0,,0.55,22.86,2,020309bCJ,723.176,7.32,25,184.2,25,124.533,8,12886,12886,32.08,1,2,1,81,1,8,0,0,0,0,0,0,0,0,0,1,0,261,68.75,0,0,1,1,1,1,1,,,,,5,6,,0,1,1,1,1,0,0,,1,1,0,2,0,1134,2,0,1,80,38.8240390365078,0,1,1,1,1,141,0,1,1,1,0,,0,,1,2,1,0,0,2,11789,0,66.8,1,1783.23699421965,7.4861855278298,3,1,0,1,65,0,0,11965,,11954,11,,10.7514450867052,1,Q1,low,low,Q1-Q3,Q1-Q3,Atherothrombotic Infarction of Brain,,,,,
1,2810900235,2017-12-16,4258.2,2,1,219,57,88,91,0.58,15.5,97.7,5.9,12477,4358.44421699079,8.37987044169835,2.18474687705457,0.781499976095302,0,,51.54,,1605.57,1,1643.36745138178,7.40450273964304,1,71.01,0,12477,0,3,,12477,0,,,2,4558,5777,12477,,,,14608,1,0,81,12558,,0,0,4,0,12477,M01AE01,200 MG 2-4,M01,M01A,M01AE,M01AE01,"",1,1,,,,,,,,,,"","",,,,,,,,,,,,1,1,0,0,0,0,0,0,0,0,0,,0.85,41.77,2,020509CJB,615.952,2.42,28,156.7,28,114.558,8,13610,13610,51.54,0,1,1,,0,2,0,0,0,0,0,0,0,0,0,0,0,121,64,0,0,0,0,0,0,1,,,,,5,2,,0,1,0,0,0,0,0,1,1,1,0,2,0,,1,0,0,65,20.7697388051026,0,0,0,0,0,,0,0,0,0,0,,0,,1,1,0,0,0,,,0,144.4,1,158.648925281474,5.0666937438586,2,0,0,0,97,1,1,,16925,,,,44.9324146081525,1,Q4,high,high,Q4,Q4,,,,,,
1,2810900486,2018-02-03,4703.2,2,1,207,52,216,90,0.76,24.7,157.1,5.9,12238,2993.7619350732,8.00428604781456,0.975095785440613,-0.025219571332116,1,,57.94,,1753.01,1,1115.85614258434,7.01737723013804,1,64.92,0,12238,0,3,,12238,0,,,2,4256,,12238,14407,14407,2169,,0,0,,,,0,0,4,0,12238,C07AB02,50 MG,C07,C07A,C07AB,C07AB02,81 MG,1,,,1,,,,,,,,"","",,,,,,,,,,,,1,0,0,1,0,0,0,0,0,0,0,,19.58,160.2,2,021809bCJ,433.712,9.33,45,269.1,45,159.381,8,13082,13082,57.94,1,1,1,81,0,2,1,0,0,53,0,0,0,0,0,0,0,227,59.75,0,0,,,1,1,1,,,,,4,6,,0,1,1,0,0,0,0,1,1,1,1,2,0,567,1,0,1,71,44.7049538205447,0,0,1,0,1,,0,0,0,0,0,,0,,,,0,0,0,,,0,111.8,1,157.224697644812,5.05767597735449,2,0,0,0,79,1,1,,15451,,,,37.8957206971291,1,Q4,high,high,Q4,Q4,,,,,,
1,2810902553,2017-10-29,4968.9,2,1,207,72,56,93,0.9,7.3,117.2,6,12266,4239.67576791809,8.3522420754714,5.35401459854015,1.67784667175491,0,,19.78,,1447.69,1,1235.23037542662,7.11901277047286,1,66.27,0,12266,0,3,14,12266,0,,,1,4564,5775,12266,14309,14309,2043,,0,0,,,,0,0,4,0,12266,C10AA07,10 MG,C10,C10A,C10AA,C10AA07,325 MG,1,,,,,1,1,,,,,"","",,,,,,,,,,,,1,0,0,0,0,1,1,0,0,0,0,,3.5,38.26,2,022109CJB,304.242,6.73,15,192.1,15,127.629,8,13584,13584,19.78,0,1,1,325,0,8,0,0,0,0,0,0,0,0,0,0,0,146,69.5,0,0,0,0,0,0,1,,,,,3,6,,0,1,0,0,0,0,0,,1,1,0,2,0,2275,2,0,0,78,21.2514642719881,0,0,0,1,0,,0,0,0,0,0,,1,15644,,,0,0,1,,,0,123.8,1,62.2866894197952,4.13174774999357,2,0,0,1,82,1,1,15762,7542,15644,14,3378,51.7033630233913,0,Q4,high,high,Q4,Q4,Intracerebral Hemmorhage,9.24845995893224,1,0,0,0
1,2810902810,2018-01-01,849.2,2,1,164,36,86,121,0.94,74.4,61.2,6.1,12162,1387.58169934641,7.23531772629891,2.00341685649203,0.694854151102441,0,,45.14,,1225.54,1,2002.51633986928,7.6021598386442,1,62.58,0,12162,0,3,,12162,0,,,1,4593,5720,12162,14128,14128,1966,,0,0,,,,0,0,4,0,12162,B01AC06,325 MG,B01,B01A,B01AC,B01AC06,325 MG,1,,,,,,,,,,,"","",,,,,,,,,,,,1,0,0,0,0,0,0,0,0,0,0,,1.59,30.85,2,021009CJB,446.716,3.36,33,189.1,33,152.427,8,13218,13218,45.14,1,1,1,325,0,8,0,0,0,0,0,0,0,0,1,0,0,171,65,0,0,0,0,0,0,1,,,,,3,1,,0,1,1,0,0,0,0,,1,1,0,2,0,2275,2,1,0,65,28.4560758470629,0,0,1,0,1,140,0,1,1,0,0,,0,,,,0,0,0,,,0,110.8,1,1215.6862745098,7.1030640313029,3,0,0,0,85,0,1,,17003,13750,30,4841,16.3244905805459,0,Q3,high,low,Q1-Q3,Q1-Q3,IC,13.2539356605065,1,1,1,0
1,2810903316,2017-12-16,1464,2,1,154,44,144,91,0.96,5.2,216.3,5.4,11474,676.837725381415,6.51743154755034,1.54177545691906,0.432934646456771,1,,54.16,,3557.07,1,1644.50762829404,7.4051963042891,1,63.85,1,11474,0,3,1,11474,0,,,1,4406,5676,11474,13601,13601,2127,,0,0,,,,0,0,4,0,11474,C10AX06,5 MG,C10,C10A,C10AX,C10AX06,81 MG,1,,,1,1,1,1,,,,,"","",,,,,,,,,,,,1,0,0,1,1,1,1,0,0,0,0,,0.99,48.07,2,020509CJB,312.722,1.65,28,197.1,28,139.356,8,12608,12608,54.16,1,1,1,81,0,8,0,0,0,0,0,0,0,0,0,0,0,173,63,0,0,0,0,0,0,1,,,,,7,6,,0,1,1,0,0,0,0,,1,1,0,2,0,567,1,0,0,64,30.6457755772655,0,0,1,1,1,140,0,1,1,0,1,8461,0,,,,0,0,0,,,0,81.2,1,24.040684234859,3.17974757161051,1,0,0,1,83,0,0,,16394,8461,1,4920,8.15467139013753,0,Q1,low,low,Q1-Q3,Q1-Q3,MI,13.4702258726899,1,1,1,0
1,2810903486,2017-10-01,1258.7,2,1,253,101,73,104,1.25,3,137.4,5.1,12384,916.08442503639,6.8201085274973,1.91903073286052,0.651820231936677,0,,23.94,,837.85,1,609.788937409025,6.41311289304658,1,66.86,0,12384,0,3,,12384,0,,,2,,5719,12384,,,,,0,0,,,,0,0,4,0,12384,C10AX06,81 MG,C10,C10A,C10AX,C10AX06,81 MG,1,,,,,1,,,,,,"","",,,,,,,,,,,,1,0,0,0,0,1,0,0,0,0,0,,0.34,36.81,2,012009CJB,426.968,0.93,9,303.5,9,155.266,8,13793,13793,23.94,0,1,1,81,0,2,0,0,0,0,0,0,0,0,0,0,0,134,63.25,0,0,0,0,0,0,1,,,,,4,0,,0,0,0,0,0,0,0,1,1,1,0,,0,567,1,0,0,68,23.5499153996012,0,0,0,0,0,,0,0,0,0,0,,0,,,,0,0,0,,,0,137.4,0,21.8340611353712,3.083471187862,1,0,1,0,44,0,0,14941,,14941,28,2557,20.8201005690089,0,Q2,low,high,Q1-Q3,Q1-Q3,Death,7.00068446269678,1,0,0,0
1,2810903778,2018-01-26,867.5,2,1,189,67,87,92,0.91,5,82.1,5.4,11626,1056.63824604141,6.96284768135072,2.5003170577045,0.916417546914589,0,,44.82,,901.38,1,1097.90499390987,7.0011590918321,1,69.79,0,11626,0,3,1,11626,0,,,2,4225,5638,11626,13626,13626,2000,,0,0,,,,0,0,4,0,11626,B01AC06,81 MG,B01,B01A,B01AC,B01AC06,81 MG,1,,,,,,,,,,,"","",,,,,,,,,,,,1,0,0,0,0,0,0,0,0,0,0,,3.79,59.43,2,021709CJB,372.622,1.44,41,282.2,41,153.77,8,12550,12550,44.82,0,1,1,81,0,2,0,0,0,0,0,0,0,0,,0,0,147,61.75,0,0,0,0,0,0,1,,,,,4,1,,0,0,0,0,0,0,0,1,1,1,0,,0,567,1,0,0,74,27.1049757789004,0,0,0,0,0,,0,0,0,0,1,12423,0,,,,0,0,0,,,0,104.6,1,60.9013398294763,4.10925517495786,2,0,0,0,62,0,0,,16334,12423,1,4708,17.0425523555067,0,Q2,low,low,Q1-Q3,Q1-Q3,MI,12.8898015058179,1,1,1,0
1,2810903901,2017-12-31,4428.1,2,1,134,45,74,170,0.79,3,62.2,7,11684,7119.13183279743,8.87054106337565,2.42123983739837,0.884279738476104,0,,41.84,,477.11,1,767.057877813505,6.64256225851183,1,65.23,0,11684,0,3,12,11684,0,,,1,4418,5490,11684,13678,13678,1994,,0,0,,,,0,0,4,0,11684,C10AA01,10 MG,C10,C10A,C10AA,C10AA01,81 MG,1,,,1,,1,1,1,,,,"","",,,,,,,,,,,,1,0,0,1,0,1,1,1,0,0,0,,2.44,40.11,2,021009CJB,566.886,4.2,33,170.9,33,123.332,8,12742,12742,41.84,1,1,2,81,1,8,0,0,0,0,0,0,0,0,0,0,0,133,65.75,0,0,0,0,0,0,1,,,,,4,6,,0,1,1,1,0,0,0,,1,1,0,2,0,81,1,0,0,85,21.630459198694,0,0,1,1,1,,0,0,0,0,0,,1,13079,,,0,0,0,,,0,74.2,0,48.2315112540193,3.87601256790511,2,1,0,1,82,1,1,14600,,12068,11,,86.8186808877735,1,Q4,high,high,Q4,Q4,Atherothrombotic Infarction of Brain,,,,,
1,2810904694,2017-10-28,2009.6,2,0,180,40,123,104,0.74,3.5,112.5,5.4,11501,1786.31111111111,7.4879079406175,1.37452948557089,0.318111480245306,1,,22.42,,1077.05,1,957.377777777778,6.86419806567773,1,64.79,0,11501,0,3,,11501,0,,,2,4348,5708,11501,13659,13659,2158,,0,0,,,,0,0,4,0,11501,B01AC06,81 MG,B01,B01A,B01AC,B01AC06,81 MG,1,,,,,,,,,,,"","",,,,,,,,,,,,1,0,0,0,0,0,0,0,0,0,0,,2.23,85.34,2,012309CJB,255.568,1.83,14,223.4,14,170.799,8,12847,12847,22.42,0,2,2,81,0,2,0,0,0,0,0,0,0,0,0,0,0,161,61.75,0,0,0,0,0,0,1,,,,,4,0,,0,1,0,0,0,0,0,1,1,1,0,2,0,162,1,0,0,73,29.6864020435576,0,0,0,0,0,,0,0,0,0,0,,0,,,,0,0,0,,,0,115.4,0,31.1111111111111,3.43756502583303,2,0,0,0,80,1,1,,16639,,,,22.3288888888889,1,Q4,high,high,Q1-Q3,Q4,,,,,,
7,2810904830,2017-08-22,755.3,2,1,195,46,62,102,1.1,3,149.8,5.8,3847,504.205607476636,6.22298413622437,1.29328914664457,0.257188699417901,1,,43.1,,874.64,1,583.871829105474,6.3696814880312,1,64.69,0,3858,0,3,2,3847,0,,,1,3847,5560,,,5560,1713,,0,0,,,,0,0,4,0,3858,C10AX09,10 MG,C10,C10A,C10AX,C10AX09,81 MG,1,,,1,,1,,,,,,"","",,,,,,,,,,,,1,0,0,1,0,1,0,0,0,0,0,,2.9,183.9,2,010809CJB,165.686,1.48,5,178.2,5,154.275,3,,,43.1,0,2,1,81,0,,0,0,0,0,0,0,,,,,0,206,68.5,0,0,0,0,0,0,,1,,,,8,1,,0,1,0,0,,,0,,2,2,0,2,0,1134,2,0,0,52,30.8668058329244,0,0,0,1,0,140,0,1,1,0,1,2395,0,,,,0,0,0,,,0,136.6,0,20.0267022696929,2.99706649656713,1,0,1,0,89,0,0,,8274,2395,2,4427,5.6652315446813,0,Q1,low,low,Q1-Q3,Q1-Q3,MI,12.1204654346338,1,1,1,0
1,2810904876,2017-08-23,2237.3,2,1,162,36,252,117,0.86,9.6,139.8,6,12149,1600.35765379113,7.37798241686741,1.7425641025641,0.555357650674085,0,,48.68,,1660.89,1,1188.04721030043,7.08006623844313,1,59.73,0,12149,0,3,12,12149,0,,,1,4525,5787,12149,14478,14478,2329,,0,0,,,,0,0,4,0,12149,M01AX05,TABLET,M01,M01A,M01AX,M01AX05,"",,1,,,1,1,1,1,,,,"","",,,,,,,,,,,,0,1,0,0,1,1,1,1,0,0,0,,3.65,82.48,2,010909CJB,495.688,2.35,1,178.2,1,132.154,8,13751,13751,48.68,1,1,1,81,0,8,1,1,1,0,0,0,0,0,0,0,0,192,64,0,0,0,0,0,0,1,,,,,7,7,,0,1,1,0,0,0,0,,1,1,2,2,0,567,1,0,0,63,32.9569409138818,1,0,1,1,1,,0,0,0,0,0,,1,13135,,,0,0,0,,,0,75.6,1,68.6695278969957,4.22930554765622,2,0,0,1,92,0,1,,17545,11312,11,5396,17.395191889034,1,Q3,high,low,Q1-Q3,Q1-Q3,Atherothrombotic Infarction of Brain,14.7734428473648,1,1,1,0
1,2810905006,2017-11-26,4132.6,2,1,182,67,79,109,1.13,20.6,108.3,5.4,12366,3815.88180978763,8.24692705981065,3.2420443587271,1.17620410573903,0,,48.04,,860.45,1,794.506001846722,6.67772054019207,1,64.96,0,12366,0,3,,12366,0,,,1,5184,6275,12366,14697,14697,2331,8531,1,1,-3835,8531,,0,0,4,0,12366,C07AB02,25 MG,C07,C07A,C07AB,C07AB02,81 MG,1,,,1,,,,,,,,"","",,,,,,,,,,,,1,0,0,1,0,0,0,0,0,0,0,,0.84,59.24,2,020309bCJ,231.168,0.29,25,202.7,25,149.264,8,13538,13538,48.04,1,1,1,81,0,8,0,0,0,0,0,0,0,1,0,1,0,164,69,0,0,0,0,0,0,1,,,,,7,6,,0,1,1,0,1,1,0,,1,1,0,2,0,567,1,0,0,84,24.2187251860326,0,0,1,0,1,,0,0,0,0,0,,0,,2,1,1,0,1,1,8533,1,99.2,1,190.212373037858,5.24814120077073,2,0,0,0,59,1,1,,17326,,,,64.6759628777564,1,Q4,high,high,Q4,Q4,,,,,,
1,2810905098,2017-12-31,287.9,2,1,197,51,95,95,0.96,3,31,5.3,12035,928.709677419355,6.83379617912108,1.85120147874307,0.615834876259391,0,,29.24,,175.2,1,565.161290322581,6.33711116000524,1,71.99,0,12035,0,3,2,12035,0,,,1,4731,5784,12035,13895,13895,1860,15291,1,0,3256,15291,,0,0,4,0,12035,C10AX08,?500 MG,C10,C10A,C10AX,C10AX08,"",,,,,,1,,,,,,"","",,,,,,,,,,,,0,0,0,0,0,1,0,0,0,0,0,,5.01,74.18,2,020909CJB,205.444,1.14,32,292.2,32,227.325,8,13105,13105,29.24,0,1,1,81,0,8,0,0,0,0,0,0,0,0,0,0,0,173,69.25,0,0,0,0,0,0,1,,,,,7,1,,0,1,0,0,0,0,0,,1,1,0,2,0,567,1,0,0,75,25.363673868533,0,0,0,,0,,0,0,0,0,1,15291,0,,1,1,0,0,0,,,0,127,0,96.7741935483871,4.5723803631651,2,0,1,0,77,0,0,15978,,13892,6,,12.0611646418098,1,Q2,low,low,Q1-Q3,Q1-Q3,Angina,,,,,
1,2810906068,2018-02-03,1201.4,2,1,133,38,130,96,0.87,3,117.3,5.9,12451,1024.21142369991,6.93167825274472,1.96500530222694,0.675494943651902,0,,61.92,,1960.36,1,1671.23614663257,7.42131883915671,1,67.5,0,12451,0,3,,12451,0,,,2,4588,5692,12451,14249,14249,1798,,0,0,,,,0,0,4,0,12451,C10AA05,10 MG,C10,C10A,C10AA,C10AA05,"",,,,,1,1,1,1,,,,"","",,,,,,,,,,,,0,0,0,0,1,1,1,1,0,0,0,,1.21,117.9,2,021809bCJ,332.286,1.28,45,243.4,45,169.146,8,13300,13300,61.92,1,1,1,81,0,2,0,0,0,0,0,0,0,0,0,0,0,162,62.25,0,0,0,0,0,0,1,,,,,3,1,,0,1,1,0,0,0,0,1,1,1,0,2,0,567,1,0,0,62,29.3928647082145,0,0,1,1,1,,0,0,0,0,0,,0,,,,0,0,0,,,0,69,0,25.5754475703325,3.24163281199082,1,0,0,1,71,0,0,,17081,,,,14.425513009858,1,Q2,low,low,Q1-Q3,Q1-Q3,,,,,,
1,2810906412,2017-09-27,4009,2,1,167,54,71,97,1.25,3,170.1,5.8,12189,2356.84891240447,7.76508079922878,2.51288343558282,0.921430872918536,0,,50.4,,920.35,1,541.064079952969,6.29353771906501,1,69.44,0,12189,0,3,2,12189,1,4804,16993,1,4497,5785,12189,14424,14424,2235,,0,0,,,,0,1,4,1,12189,M01AX05,1500/1200,M01,M01A,M01AX,M01AX25,81 MG,1,1,,,,1,1,,,,,M01AX25,"",,1,,,,,,,,,,1,1,0,0,0,1,1,0,0,0,0,,4.3,26.92,2,011609CJB,317.504,1.3,8,129.2,8,110.433,8,13617,13617,50.4,0,1,1,81,0,8,0,0,0,0,0,0,0,0,0,0,0,173,68.25,0,0,0,0,0,0,1,,,,,8,6,,0,1,0,0,0,0,0,,1,1,0,2,0,567,1,0,0,79,26.1123768232321,0,0,0,1,0,,0,0,0,0,1,16993,0,,,,0,0,0,,,0,98.8,0,17.636684303351,2.86998106824843,1,0,0,1,54,1,1,,17410,16993,2,5221,43.6453502297124,1,Q4,high,high,Q4,Q4,MI,14.2943189596167,1,1,1,0
1,2810908356,2017-10-28,1656.8,2,1,158,33,159,113,0.83,28.3,183.8,5.6,12399,901.414581066376,6.80396528614788,1.2615484710475,0.232339911704056,1,,39.62,,1589.06,1,864.55930359086,6.76221990148758,1,67.11,0,12399,0,3,,12399,0,,,1,4501,5783,12399,14541,14541,2142,,0,0,,,,0,0,4,0,12399,C07AB03,25 MG,C07,C07A,C07AB,C07AB03,81 MG,1,,,1,,,,,,,,"","",,,,,,,,,,,,1,0,0,1,0,0,0,0,0,0,0,,0.76,42.2,2,012209CJB,420.696,2.16,13,174.6,13,162.611,8,13758,13758,39.62,1,1,1,81,0,8,0,0,0,0,0,0,0,0,0,0,0,182,69,0,0,0,0,0,0,1,,,,,5,6,,0,1,1,0,0,0,0,,1,1,0,2,0,567,1,0,0,77,26.8768779503533,0,0,1,0,1,,0,0,0,0,0,,0,,,,0,0,0,,,0,93.2,1,153.971708378672,5.03676887370974,2,0,0,0,85,0,0,,17550,,,,10.6048774243103,1,Q2,low,low,Q1-Q3,Q1-Q3,,,,,,
1,2810908415,2018-01-01,1510.9,2,1,182,46,83,99,0.9,3.5,189.5,5.2,11918,797.308707124011,6.68124194021141,1.73548861131521,0.551288994105842,0,,33.6,,1188.18,1,627.007915567282,6.44095916506246,1,72.7,0,11918,0,3,,11918,0,,,1,3859,5733,11918,13659,13659,1741,,0,0,,,,0,0,4,0,11918,M01AX05,750 + 600 MG,M01,M01A,M01AX,M01AX25,81 MG,1,1,,,,,,,,,,M01AX25,"",,1,,,,,,,,,,1,1,0,0,0,0,0,0,0,0,0,,0.83,63.94,2,021009CJB,,,34,200.3,34,138.499,8,12962,12962,33.6,0,1,1,81,0,8,0,0,0,0,0,0,0,0,0,0,0,179,68.75,0,0,0,0,0,0,1,,,,,8,6,,0,1,0,0,0,0,0,,1,1,0,2,0,567,1,0,0,65,26.6264482281031,0,0,0,0,0,,0,0,0,0,0,,0,,,,0,0,0,,,0,119.4,0,18.4696569920844,2.91612922295502,1,0,0,0,89,0,0,,16747,,,,8.95852479914619,1,Q1,low,low,Q1-Q3,Q1-Q3,,,,,,
1,2810910433,2017-08-29,333.1,2,1,229,72,70,93,,6.6,31.8,5.2,11237,1047.48427672956,6.9541466414016,2.74258970358814,1.00890262132445,0,,56.36,,297.24,1,934.716981132076,6.84024378949123,1,73.72,0,11237,0,3,,11237,0,,,2,,,11237,,,,,0,0,,,,0,0,4,0,11237,C09AA03,20/25 MG,C03,C03A,C03AA,C03AA03,81 MG,1,,,,1,,,,,,,C03AA03,"",,,,,,,,1,,,,1,0,0,0,1,0,0,1,0,0,0,,,35.99,2,011209CJB,,,,,,,,,,56.36,1,1,1,81,0,2,0,0,0,0,0,0,0,0,0,0,0,174,62.75,0,0,0,0,0,0,1,,,,,8,7,,0,1,1,0,0,0,0,1,1,1,0,2,0,567,1,0,0,70,31.0690089801316,0,0,1,0,1,,0,0,0,0,0,,0,,,,0,0,0,,,0,143,1,207.547169811321,5.33535863822839,2,0,0,0,,0,0,,16043,,,,,1,Q2,low,,,Q1-Q3,,,,,,
1,2810910519,2017-12-31,609.5,2,1,165,93,49,105,0.72,3,29.3,5.5,11918,2080.204778157,7.6402216188864,2.47018348623853,0.904292433807354,0,,29.88,,267.8,1,913.993174061433,6.81782310322214,1,70.6,0,11918,0,3,,11918,0,,,2,4419,5629,11918,13925,13925,2007,,0,0,,,,0,0,4,0,11918,B01AC06,81 MG,B01,B01A,B01AC,B01AC06,81 MG,1,,,,,,,,,,,"","",,,,,,,,,,,,1,0,0,0,0,0,0,0,0,0,0,,0.47,56.21,2,020909CJB,310.53,1.09,32,207.9,32,134.021,8,12987,12987,29.88,0,3,2,81,0,2,0,0,0,0,0,0,0,0,0,0,0,117,60.75,0,0,0,0,0,0,1,,,,,3,2,,0,0,0,0,0,0,0,1,1,1,0,,0,243,1,0,0,59,22.289427294904,0,0,0,0,0,,0,0,0,0,0,,0,,,,0,0,1,,,0,62.2,0,102.389078498294,4.62878005162723,2,0,0,0,92,1,1,,16773,,,,22.6109215017065,1,Q4,high,high,Q1-Q3,Q4,,,,,,
1,2810910924,2018-02-17,2436.8,2,1,172,56,84,90,0.69,13.8,145.6,5.6,12597,1673.62637362637,7.4227480323664,7.05303760848602,1.9534583904798,0,,44.7,,1340.22,1,920.480769230769,6.82489610879903,1,66.92,0,12597,0,3,,12597,0,,,2,4658,5705,12597,14919,14919,2322,,0,0,,,,0,0,4,0,12597,C10AX09,20 MG,C10,C10A,C10AA,C10AA01,81 MG,1,,,,1,1,,1,,,,C10AA01,"",,,,,,1,1,,,,,1,0,0,0,1,1,1,1,0,0,0,,15.07,43.53,2,022009CJB,409.418,8.46,49,220,49,120.384,8,13293,13293,44.7,1,1,1,81,0,2,0,0,0,0,0,0,0,0,0,0,0,269,63.5,0,0,0,0,0,0,1,,,,,3,1,,0,0,1,0,0,0,0,1,1,1,0,,0,567,1,0,0,68,46.9040605760547,0,0,1,1,1,,0,0,0,0,0,,0,,,,0,0,0,,,0,99.2,1,94.7802197802198,4.55156073538271,2,0,0,1,89,0,1,,17073,,,,18.8047907149031,1,Q3,high,high,Q1-Q3,Q1-Q3,,,,,,
7,2810911347,2017-08-12,1227.6,2,1,149,47,147,97,0.6,4.1,227.5,5.6,3987,539.604395604396,6.29083627034267,0.998160073597056,-0.00184162114664947,1,1.5,40.4,39.54,1061.31,2,466.50989010989,6.14527922072696,1,73.92,0,3987,0,3,,3987,0,,,2,3987,5754,,,5754,1767,,0,0,,,,0,0,4,0,3987,M01AE02,160/12.5,C03,C03A,C03AA,C03AA03,81 MG,1,1,,,1,1,1,,,,,C03AA03,"",,,,,,,,1,,,,1,1,0,0,1,1,1,1,0,0,0,,1.64,88.15,2,122208CJB,414.414,0.89,1,158.8,1,92.961,3,,,40.4,1,1,1,81,0,,0,0,0,0,0,0,,,,,0,161,61.5,0,0,0,0,0,0,,,1,,,7,1,,0,1,1,0,,,0,,2,3,0,2,0,567,1,0,0,53,29.9282454602982,0,0,1,1,1,,0,0,0,0,0,,0,,,,0,0,0,,,0,72.6,1,18.021978021978,2.89159201430139,1,0,0,1,104,0,0,,8691,,,,5.18850380388842,1,Q1,low,low,Q1-Q3,Q1-Q3,,,,,,
1,2810912329,2018-02-17,2388.8,2,1,185,88,88,113,0.55,6.5,128.2,5.9,12613,1863.33853354134,7.53012506828645,2.33049040511727,0.846078719730259,0,,46.5,,1469.91,1,1146.57566302652,7.04453509491021,1,75.37,0,12613,0,3,13,12613,0,,,2,,5766,12613,14584,14584,1971,12449,1,1,-164,12449,,0,0,4,0,12613,C10AX09,20 MG,C10,C10A,C10AA,C10AA01,81 MG,1,,,1,1,1,,,,,1,C10AA01,"",,,,,,1,1,,,,,1,0,0,1,1,1,1,0,0,0,1,,6.05,62.96,2,022009CJB,375.942,2.28,48,160.8,48,101.059,8,13330,13330,46.5,1,1,1,81,0,3,1,1,0,53,0,0,0,1,0,0,0,198,63.5,0,0,0,0,0,0,1,,,,,6,1,,0,1,1,0,0,1,0,1,1,1,1,2,0,567,1,0,0,53,34.5241784165756,1,0,1,1,1,,0,0,0,0,0,,1,12448,1,1,1,0,0,,,0,79.4,1,50.7020280811233,3.92596591139716,2,0,0,1,107,1,1,17040,,12448,13,,17.4143788181434,1,Q4,high,low,Q1-Q3,Q4,Cancer Death,,,,,
1,2810912460,2018-01-26,473.5,2,1,169,82,69,87,0.76,6.6,65.5,5.8,11637,722.900763358779,6.58327195597302,2.40449438202247,0.877339645289712,0,,53.8,,685.16,1,1046.04580152672,6.95277243097667,1,60.12,0,11637,0,3,,11637,0,,,2,4413,5651,11637,13568,13568,1931,,0,0,,,,0,0,4,0,11637,M01AX05,1500+1200 MG,M01,M01A,M01AX,M01AX25,81 MG,1,1,,,,1,1,,,,,M01AX25,"",,1,,,,,,,,,,1,1,0,0,0,1,1,0,0,0,0,,0.37,23.17,2,021709CJB,278.002,0.75,41,215.4,41,113.386,8,12561,12561,53.8,0,1,1,81,0,2,0,0,0,0,0,0,0,0,0,0,0,121,61.5,0,0,0,0,0,0,1,,,,,8,0,,0,1,0,0,0,0,0,1,1,1,0,2,0,567,1,0,0,78,22.4926565260626,0,0,0,1,0,,0,0,0,0,0,,0,,,,0,0,1,,,0,73.2,1,100.763358778626,4.61277478537331,2,0,0,1,75,0,0,,16345,1323,6,4708,9.63867684478372,0,Q1,low,low,Q1-Q3,Q1-Q3,Angina,12.8898015058179,1,1,1,0
1,2810913980,2018-01-06,1429.4,2,1,207,69,170,91,1.14,3,72.2,5,12336,1979.7783933518,7.59074019487519,2.29856115107914,0.832283340686898,0,,55.4,,731.48,1,1013.13019390582,6.92080001909574,1,69.95,0,12336,0,3,,12336,0,,,2,4616,5756,12336,14353,14353,2017,13717,1,0,1381,13717,,0,0,4,0,12336,M01AX05,1500 MG,M01,M01A,M01AX,M01AX05,81 MG,1,1,,1,,,,,,,,"","",,,,,,,,,,,,1,1,0,1,0,0,0,0,0,0,0,,5.27,38.84,2,021109CJB,379.606,9.75,35,266.2,35,146.634,8,13368,13368,55.4,1,1,1,81,0,2,0,0,0,0,0,0,0,0,0,0,0,138,63.25,1,1,0,0,0,0,1,,,,,6,1,,0,1,1,0,0,0,0,1,1,1,0,2,0,567,1,0,1,68,24.252897948843,0,0,1,0,1,,0,0,0,0,0,,0,,1,1,0,0,0,,,0,104,0,41.5512465373961,3.72692752175147,2,0,0,0,49,1,1,15310,,15310,27,2974,40.403640680649,0,Q4,high,high,Q4,Q4,,8.14236824093087,1,0,0,0
1,2810914393,2018-02-10,1782.9,2,1,238,44,223,106,0.88,4.9,111.2,5.5,11731,1603.3273381295,7.37983633521233,1.64285714285714,0.496436886313891,1,,47.3,,673.41,1,605.584532374101,6.40619416080317,1,71.53,0,11731,0,3,,11731,0,,,1,,5623,11731,13705,13705,1974,,0,0,,,,0,0,4,0,11731,C09AA03,5 MG,C09,C09A,C09AA,C09AA03,81 MG,1,,,,1,,,,,,,"","",,,,,,,,,,,,1,0,0,0,1,0,0,0,0,0,0,,2.09,129.6,2,021909bCJ,,,47,262.8,47,183.388,8,12494,12494,47.3,1,1,1,81,0,8,0,0,0,0,0,0,0,0,0,0,0,191,65.75,0,0,0,0,0,0,1,,,,,3,2,,0,1,1,0,0,0,0,,1,1,0,2,0,567,1,0,0,70,31.0632910297034,0,0,1,0,1,,0,0,0,0,0,,0,,,,0,0,0,,,0,149.4,1,44.0647482014388,3.78566010228224,2,0,0,0,87,0,1,,16275,,,,18.4290498635574,1,Q3,high,high,Q1-Q3,Q1-Q3,,,,,,
1,2810916001,2017-10-25,833,2,1,203,60,118,103,1.02,3,114.1,5.5,11535,730.061349693252,6.5931285712869,1.24756189047262,0.221191159014219,1,,39.48,,1568.87,1,1374.99561787905,7.22620582309854,1,66.06,0,11535,0,3,,11535,0,,,1,4406,5676,11535,13740,13740,2205,,0,0,,,,0,0,4,0,11535,C10AA05,10 MG,C10,C10A,C10AA,C10AA05,81 MG,1,,,,,1,1,,,,,"","",,,,,,,,,,,,1,0,0,0,0,1,1,0,0,0,0,,1.26,68.34,2,012209CJB,286.348,1.08,12,162.6,12,136.412,8,12910,12910,39.48,0,1,1,81,0,8,0,0,0,0,0,0,0,0,0,0,0,203,70.25,0,0,0,0,0,0,1,,,,,8,2,,0,1,0,0,0,0,0,,1,1,0,2,0,567,1,0,0,62,28.9207128483278,0,0,0,1,0,,0,0,0,0,0,,0,,,,0,0,0,,,0,119.4,0,26.2927256792288,3.26929231078222,1,0,0,1,78,0,0,16394,12211,16394,28,4859,9.35976089350322,0,Q1,low,low,Q1-Q3,Q1-Q3,Death,13.3032169746749,1,1,1,0
1,2810916042,2017-12-31,1347.1,2,1,131,67,36,99,0.87,3,118.4,5.8,12643,1137.75337837838,7.03681087624271,1.75164835164835,0.560557259839265,0,,21.54,,972.54,1,821.402027027027,6.71101266929033,1,65.12,0,12643,0,3,,12643,0,,,1,4566,5783,12643,14612,14612,1969,,0,0,,,,0,0,4,0,12643,M01AX05,"",M01,M01A,M01AX,M01AX25,81 MG,1,1,,,,,,,,,,M01AX25,"",,1,,,,,,,,,,1,1,0,0,0,0,0,0,0,0,0,,3.98,36.88,2,020909CJB,304.88,2.58,33,236,33,102.502,8,13709,13709,21.54,0,1,1,81,0,8,0,0,0,0,0,0,0,0,0,0,0,172,67.5,0,0,0,0,0,0,1,,,,,4,7,,0,1,0,0,0,0,0,,1,1,0,2,0,567,1,0,0,69,26.5415641942395,0,0,0,0,0,,0,0,0,0,0,,0,,,,0,0,1,,,0,56.8,0,25.3378378378378,3.23229884520034,1,0,0,0,88,0,0,,17494,,,,12.9290156633907,1,Q2,low,low,Q1-Q3,Q1-Q3,,,,,,
1,2810917258,2017-12-14,238.8,2,1,231,88,179,100,0.82,5.8,27.7,5.6,12540,862.093862815885,6.75936415431325,,,,,35.76,,181.63,1,655.703971119134,6.48570942355615,1,68.78,0,12540,0,3,,12540,0,,,2,4526,5787,12540,14758,14758,2218,,0,0,,,,0,0,4,0,12540,M01AX05,"",M01,M01A,M01AX,M01AX25,81 MG,1,1,,,1,,,,,,1,M01AX25,"",,1,,,,,,,,,,1,1,0,0,1,0,0,0,0,0,1,,7.54,63.05,2,020309bCJ,464.3,2.17,24,239.4,24,121.208,8,13729,13729,35.76,1,1,1,81,0,2,0,0,0,0,0,0,0,0,,0,,187,65,0,0,0,0,0,0,1,,,,,3,6,,0,1,1,0,0,0,,1,1,1,0,2,0,567,1,,0,75,31.1186326514665,0,0,1,0,1,,0,0,0,0,0,,0,,,,0,0,1,2,12480,1,107.2,1,209.386281588448,5.34418078334122,2,0,0,0,70,0,0,,17517,,,,12.3156266116555,1,Q2,low,low,Q1-Q3,Q1-Q3,,,,,,
1,2810917606,2017-12-23,1143.7,2,1,109,42,78,67,1.29,43.5,83.5,5.6,11840,1369.7005988024,7.22234745391845,0.990709459459459,-0.00933396679047545,1,,33.06,,925.54,1,1108.43113772455,7.01070090509203,1,53.44,1,11840,1,2,5,11840,1,-263,11577,1,4386,5681,11840,,,,11840,1,1,-426,11414,,1,0,1,1,11840,C10AX09,40 MG,C10,C10A,C10AA,C10AA01,"",,,,1,1,1,,,,1,1,C10AA01,"",,,,,,1,1,,,,,0,0,0,1,1,1,1,0,0,1,1,,1.19,37.1,2,020609CJB,591.14,4.57,30,242.5,30,141.276,8,12945,12945,33.06,1,1,1,81,1,8,0,0,0,0,0,0,0,1,,0,0,174,63.5,0,0,0,0,0,0,1,,,,,2,6,,0,1,1,1,0,1,0,,1,1,0,2,0,567,1,0,0,80,30.3394295175967,0,1,1,1,1,141,0,1,1,1,1,4597,0,,1,3,1,1,0,,,0,51.4,1,520.958083832335,6.25566958521997,3,1,0,1,52,0,1,14605,,4597,5,,26.3403961308153,1,Q3,high,high,Q4,Q1-Q3,MI,,,,,
1,2810919507,2017-10-22,286.4,2,1,219,48,237,142,0.6,3,18.1,6.4,11645,1582.32044198895,7.3666476828028,3.04256594724221,1.1127012209913,0,,22.92,,153.84,1,849.944751381215,6.74517134899684,1,63.46,0,11645,0,3,,11645,0,,,2,4293,5631,11645,13735,13735,2090,8379,1,1,-3266,8379,,0,0,4,0,11645,C10AX06,TABLET,C10,C10A,C10AX,C10AX06,325 MG,1,,,,1,1,,1,,,,"","",,,,,,,,,,,,1,0,0,0,1,1,0,1,0,0,0,,5.54,163.8,2,012109CJB,320.8,2.88,11,176.6,11,102.183,8,13037,13037,22.92,1,10,1,325,0,2,0,0,0,0,0,0,0,0,0,0,2,152,64.75,0,0,0,0,0,0,1,,,,,4,0,,0,1,1,0,0,0,1,1,1,1,0,2,0,22750,2,1,0,76,25.48998941262,0,0,1,0,1,,0,0,0,0,0,,0,,1,1,1,0,0,,,0,123.6,0,165.745856353591,5.11045562937847,2,1,1,0,89,0,1,,16829,,,,17.7788813706624,1,Q3,high,low,Q1-Q3,Q1-Q3,,,,,,
1,2810919792,2018-01-14,1477.6,2,1,162,51,91,116,1.05,3.2,165.2,5.5,11804,894.430992736078,6.79618775378624,1.3951395139514,0.332994420273662,1,,33.12,,1798.51,1,1088.68644067797,6.99272714821048,1,78.52,0,11804,0,3,,11804,0,,,1,4348,5650,11804,13882,13882,2078,,0,0,,,,0,0,4,0,11804,C10AA05,10 MG,C10,C10A,C10AA,C10AA05,"",,,,,,1,1,,,,,"","",,,,,,,,,,,,0,0,0,0,0,1,1,0,0,0,0,,0.29,40.52,2,021409CJB,298.778,0.75,40,248.9,40,173.728,8,12743,12743,33.12,0,1,1,325,0,8,,,,,,,0,0,0,0,0,150,65.75,1,1,0,0,0,0,1,,,,,4,1,,0,1,0,0,0,0,0,,1,1,,2,,2275,2,0,1,61,24.3952547353692,,0,0,1,0,,0,0,0,0,0,,0,,,,0,0,0,,,0,92.8,0,19.3704600484262,2.96374922770094,1,0,0,1,76,0,0,,16527,,,,11.7688288517905,1,Q2,low,low,Q1-Q3,Q1-Q3,,,,,,
1,2810919936,2018-12-17,976.6,2,1,142,42,126,134,1.48,3,109.9,6.8,12155,888.626023657871,6.78967647620608,1.0218487394958,0.0216134764205372,1,,23.72,,2457.95,1,2236.53321201092,7.71268227275635,1,55.21,1,12155,0,3,12,12155,1,3993,16148,1,,5151,12155,14475,14475,2320,,0,0,,,,0,1,4,1,12155,C10AB05,145 MG,C10,C10A,C10AB,C10AB05,"",,,,1,1,1,1,1,,1,,"","",,,,,,,,,,,,0,0,0,1,1,1,1,1,0,1,0,,1.29,88.02,2,020609CJB,362.68,2.17,29,173.4,29,109.137,8,13266,13266,23.72,1,1,1,325,1,8,0,0,0,0,0,0,0,0,1,1,1,197,65.25,0,0,0,0,0,0,1,,,,,1,6,,0,1,1,1,1,0,1,,1,1,0,2,0,2275,2,1,0,65,32.5320032328531,0,1,1,1,1,141,0,1,1,1,1,8700,1,13972,,,0,0,0,,,0,74.8,0,27.2975432211101,3.30679670624067,1,1,0,1,49,0,0,16802,,3461,6,,18.1352249726096,1,Q2,low,high,Q1-Q3,Q1-Q3,Angina,,,,,
1,2810920442,2017-10-25,1535.5,2,1,163,31,176,104,1.26,5.1,139.9,5.6,12480,1097.5696926376,7.00085364419753,0.98871181938911,-0.0113523756758299,1,,31.26,,1161.58,1,830.293066476054,6.72177873060811,1,71.7,0,12480,0,3,2,12480,0,,,1,4609,5784,12480,14614,14614,2134,,0,0,,,,0,0,4,0,12480,M01AB08,400 MG,M01,M01A,M01AB,M01AB08,81 MG,1,1,,1,1,1,1,,,,,"","",,,,,,,,,,,,1,1,0,1,1,1,1,0,0,0,0,,0.66,148.7,2,020209CJB,443.496,1.1,22,226.4,22,153.903,8,13701,13701,31.26,1,1,1,81,0,8,0,0,0,0,0,0,0,0,0,1,0,194,70.5,0,0,0,0,0,0,1,,,,,3,6,,0,1,1,0,1,0,0,,1,1,0,2,0,567,1,0,0,72,27.4428434778101,0,0,1,1,1,141,0,1,1,1,1,7588,0,,,,0,0,0,,,0,96.8,1,36.4546104360257,3.59606793704098,2,0,0,1,57,0,0,,17489,4537,6,5009,19.2556086427649,0,Q2,low,high,Q1-Q3,Q1-Q3,Angina,13.7138945927447,1,1,1,0
1,2810920690,2018-01-06,439.1,2,1,129,33,213,107,1.15,14.3,58.5,5,11582,750.598290598291,6.62087060931795,1.05705229793978,0.0554841833744107,1,,60.88,,409.4,1,699.82905982906,6.55083610497747,1,,2,11582,,,2,11582,0,,,1,,5628,11582,13591,13591,2009,9812,1,1,-2093,9489,,0,0,,0,11582,M01AH01,20 MG,C10,C10A,C10AA,C10AA01,325 MG,1,1,,1,1,1,,,,,,C10AA01,"",,,,,,1,1,,,,,1,1,0,1,1,1,1,0,0,0,0,,2.02,200.4,2,021109CJB,423.146,2.02,35,143.1,35,108.804,8,12610,12610,60.88,1,1,1,325,0,8,0,0,0,0,0,0,0,1,0,0,0,192,67.75,0,0,1,1,0,0,1,,,,,3,6,,0,0,1,0,0,1,0,,1,1,0,,0,2275,2,0,1,68,29.4095407161144,0,0,1,1,1,141,1,1,0,1,1,9808,0,,1,1,1,0,0,,,0,53.4,1,244.444444444444,5.49898806201019,2,0,0,1,65,0,0,,16395,9808,2,4813,11.5476660092045,0,Q1,low,low,Q1-Q3,Q1-Q3,MI,13.1772758384668,1,1,1,0
1,2810922087,2017-09-07,588.9,2,1,157,47,96,102,0.75,3,55.1,6.2,11299,1068.78402903811,6.97427685977975,1.20653907496013,0.18775599259549,1,,31.6,,892.95,1,1620.59891107078,7.39055105809673,1,69.6,0,11299,0,3,,11299,0,,,2,4322,5663,11299,13454,13454,2155,,0,0,,,,0,0,4,0,11299,M01AE02,500 MG,M01,M01A,M01AE,M01AE02,81 MG,1,1,,1,,1,1,1,,,,"","",,,,,,,,,,,,1,1,0,1,0,1,1,1,0,0,0,,0.77,60.5,2,011309CJB,454.986,1.51,4,130.7,4,124.237,8,12790,12790,31.6,1,1,1,81,0,2,0,0,0,0,0,0,0,0,0,0,0,139,59.75,0,0,0,0,0,0,1,,,,,7,1,,0,1,1,0,0,0,0,1,1,1,0,2,0,567,1,0,0,57,27.3743990354877,0,0,1,1,1,,0,0,0,0,0,,0,,,,0,0,0,,,0,90.8,0,54.4464609800363,3.99721785149138,2,0,0,1,88,0,0,,16583,,,,12.1452730572513,1,Q2,low,low,Q1-Q3,Q1-Q3,,,,,,
1,2810923716,2018-02-17,752.2,2,1,148,83,73,88,0.62,10.6,50,5.9,12046,1504.4,7.31614942659618,3.03782894736842,1.11114309823307,0,,31.72,,638.32,1,1276.64,7.15198690555997,1,77.95,0,12046,0,3,,12046,0,,,2,,6091,12046,13876,13876,1830,,0,0,,,,0,0,4,0,12046,C10AX06,1 CAPSULE,C10,C10A,C10AX,C10AX06,81 MG,1,,,,,1,1,,,,,"","",,,,,,,,,,,,1,0,0,0,0,1,1,0,0,0,0,,0.64,49.17,2,022009CJB,,,,,,,,,,31.72,0,3,2,81,0,2,0,0,0,0,0,0,0,0,0,0,0,139,66.5,0,0,0,0,0,0,1,,,,,6,6,,0,1,0,0,0,0,0,1,1,1,0,2,0,243,1,0,0,77,22.0992290025736,0,0,0,1,0,,0,0,0,0,0,,0,,,,0,0,0,,,0,50.4,1,212,5.35658627467201,2,0,0,1,87,0,1,,16512,,,,17.2919540229885,1,Q3,high,low,Q1-Q3,Q1-Q3,,,,,,
7,2810924160,2017-08-12,991,2,1,152,28,175,167,0.98,15.2,80.5,6.7,3431,1231.05590062112,7.11562753589356,1.06675657451113,0.064622806189667,1,0.5,36.62,36.34,990.29,2,1230.17391304348,7.11491083108973,1,63.42,0,3431,0,3,,3431,0,,,1,3431,5154,,,5154,1723,,0,0,,,,0,0,4,0,3431,C10AA01,80 MG,C10,C10A,C10AA,C10AA01,81 MG,1,,,1,1,1,1,,,1,,"","",,,,,,,,,,,,1,0,0,1,1,1,1,0,0,1,0,,11.77,92.78,2,123008CJB,171.106,5.77,3,80.6,3,74.784,3,,,36.62,0,1,1,81,1,,0,0,0,0,0,0,,,,,0,228,70.75,0,0,0,0,0,0,,1,,,,8,6,,0,1,0,1,,,0,,2,2,0,2,0,567,1,0,0,72,32.024884437088,0,1,0,1,0,141,0,1,0,1,0,,0,,,,0,0,0,2,5223,0,89,1,188.819875776398,5.24079352240985,2,1,0,1,89,0,1,7644,,2270,6,,13.8320887710238,1,Q3,low,low,Q1-Q3,Q1-Q3,Angina,,,,,
7,2810924489,2017-08-12,843.3,2,1,155,44,96,106,1.02,3,124,6.1,4215,680.08064516129,6.52221138696365,2.04577464788732,0.715776518690705,0,0.2,33.06,32.98,1105.39,2,891.443548387097,6.79284211324229,1,62.32,0,4215,0,3,,4215,0,,,1,4215,,,,,,,0,0,,,,0,0,4,0,4215,C10AA01,75 MG,C03,C03A,C03AA,C03AA03,81 MG,1,,,,,1,1,1,,,,C03AA03,"",,,,,,,,1,,,,1,0,0,0,0,1,1,1,0,0,0,,1.69,70.63,2,123008CJB,206.844,1.3,3,138,3,124.723,3,,,33.06,1,1,1,81,0,,0,0,0,0,0,0,,,,,0,232,74.25,0,0,0,0,0,0,,,,,,8,10,1,0,0,1,0,,,0,,,,0,,0,567,1,0,0,55,29.5869829572533,0,0,1,1,1,,0,0,0,0,0,,0,,,,0,0,0,,,0,91.8,0,24.1935483870968,3.18608600204521,1,0,0,1,82,0,0,,8792,,,,8.29366640440598,1,Q1,low,low,Q1-Q3,Q1-Q3,,,,,,
1,2810925252,2017-12-16,1790.4,2,1,134,50,56,106,1.19,3,182.2,5.7,12349,982.656421514819,6.89025953871989,2.16118047673099,0.770654589415131,0,,48.52,,1660.3,1,911.251372118551,6.81481878907597,1,63.89,0,12349,0,3,,12349,0,,,1,,5399,12349,14540,14540,2191,,0,0,,,,0,0,4,0,12349,M01AX05,750 MG,M01,M01A,M01AX,M01AX05,81 MG,1,1,,,1,1,1,,,,,"","",,,,,,,,,,,,1,1,0,0,1,1,1,0,0,0,0,,2.27,135.3,2,020409bCJ,292.436,1.4,28,227.8,28,150.536,8,13483,13483,48.52,1,1,1,81,0,8,0,0,0,0,0,0,0,0,0,0,0,209,70.5,0,0,0,0,0,0,1,,,,,8,1,,0,1,1,0,0,0,0,,1,1,0,2,0,567,1,0,0,58,29.5647128188779,0,0,1,1,1,,0,0,0,0,0,,0,,,,0,0,0,,,0,72.8,0,16.4654226125137,2.80126258282439,1,0,0,1,67,0,0,,17269,,,,14.6665137539525,1,Q2,low,low,Q1-Q3,Q1-Q3,,,,,,
1,2810926464,2017-12-24,917.3,2,1,182,63,101,88,0.76,11.5,77.7,5.4,12490,1180.56628056628,7.0737495011301,3.85723771580345,1.34995130963269,0,,47.22,,902.86,1,1161.98198198198,7.05788243125203,1,71.8,0,12490,0,3,,12490,0,,,2,5098,6528,12490,14605,14605,2115,,0,0,,,,0,0,4,0,12490,C10AX06,1200 MG,C10,C10A,C10AX,C10AX06,81 MG,1,,,,,1,1,,,,,"","",,,,,,,,,,,,1,0,0,0,0,1,1,0,0,0,0,,0.33,35.75,2,020709CJB,361.892,1.33,31,160.3,31,118.35,8,13575,13575,47.22,0,1,1,81,0,2,0,0,0,0,0,0,0,0,0,0,0,125,62.25,0,0,0,0,0,0,1,,,,,3,8,,0,1,0,0,0,0,0,1,1,1,0,2,0,567,1,0,0,76,22.6796795588075,0,0,0,1,0,,0,0,0,0,0,,0,,,,0,0,0,,,0,98.8,1,148.005148005148,4.99724705697774,2,0,0,1,76,0,1,,17361,,,,15.5337668495563,1,Q3,low,low,Q1-Q3,Q1-Q3,,,,,,
1,2810927502,2018-02-17,1999.4,2,1,119,32,98,95,1.53,82.2,54.4,5.4,12118,3675.36764705882,8.20940844665928,2.76968973747017,1.01873530579235,0,,41.88,,323.06,1,593.860294117647,6.38664409661181,1,54.69,2,12118,1,2,12,12118,0,,,1,4347,5705,12118,14029,14029,1911,,0,0,,,,0,0,3,0,12118,C10AX06,1200 MG,C10,C10A,C10AX,C10AX06,81 MG,1,,,1,1,1,1,1,,,,"","",,,,,,,,,,,,1,0,0,1,1,1,1,1,0,0,0,,0.59,31.66,2,021909bCJ,319.302,3.42,48,162.8,48,124.685,8,12851,12851,41.88,1,2,1,81,0,8,0,0,0,0,0,0,0,0,0,0,0,176,69.5,0,0,0,0,0,0,1,,,,,7,1,,0,1,1,0,0,0,0,,1,1,0,2,0,1134,2,0,0,74,25.6182035059583,0,0,1,1,1,141,0,1,1,1,1,14483,1,6998,,,0,0,0,,,0,67.4,1,1511.02941176471,7.32054642718237,3,0,0,1,44,1,1,,16592,6998,12,4474,83.5310828877006,0,Q4,high,high,Q4,Q4,TIA,12.249144421629,1,1,1,0
1,2810927564,2017-08-30,847.3,2,0,130,40,83,96,1.15,15.9,129.6,5.5,11512,653.780864197531,6.48277222527434,2.01020408163265,0.698236250067417,0,,42.58,,590.96,1,455.987654320988,6.1224657352904,1,65.19,0,11512,0,3,,11512,0,,,1,,6113,11512,14362,14362,2850,,0,0,,,,0,0,4,0,11512,C10AX06,1200 MG,C10,C10A,C10AX,C10AX06,81 MG,1,,,,1,1,1,,,,,"","",,,,,,,,,,,,1,0,0,0,1,1,1,0,0,0,0,,0.36,18.48,2,011209CJB,291.832,1.53,3,169.5,3,112.243,8,13052,13052,42.58,1,1,1,81,2,8,0,0,0,0,0,0,0,0,0,0,0,178,70.5,0,0,0,0,0,0,1,,,,,8,1,,0,1,1,1,0,0,0,,1,1,0,2,0,567,1,0,0,54,25.1795161806711,0,0,1,1,1,,0,0,0,0,0,,0,,,,0,0,0,,,0,73.4,1,122.685185185185,4.80962160429015,2,0,0,1,72,0,0,,16845,,,,9.08028978052126,1,Q1,low,low,Q1-Q3,Q1-Q3,,,,,,
7,2810929720,2017-08-10,1381.7,2,1,142,41,81,98,1.08,3,197.8,5.1,3697,698.533872598585,6.5489836708621,1.76024748646558,0.565454416474364,0,2.3,41.84,40.48,944.32,2,477.411526794742,6.16837885855405,1,65.2,0,3697,0,3,4,3697,0,,,1,3697,5500,,,5500,1803,,0,0,,,,0,0,4,0,3697,C10AA02,20 MG,C10,C10A,C10AA,C10AA02,325 MG,1,,,1,,1,1,,,,,"","",,,,,,,,,,,,1,0,0,1,0,1,1,0,0,0,0,,0.49,131.7,2,122908CJB,225.314,1.68,2,223.3,2,267.947,3,,,41.84,1,1,1,325,0,,0,0,0,0,0,0,,,,,0,173,70,0,0,0,0,0,0,,,1,,,8,1,,0,1,1,0,,,0,,2,3,0,2,0,2275,2,0,0,56,24.823078217585,0,0,1,1,1,140,0,1,1,0,1,2197,0,,,,0,0,0,,,0,84.8,0,15.1668351870576,2.71911114846164,1,0,0,1,76,0,0,,8314,2197,4,4617,9.19123516577085,0,Q1,low,low,Q1-Q3,Q1-Q3,MI,12.6406570841889,1,1,1,0
1,2810930240,2018-01-13,1582.6,2,1,149,53,112,94,0.72,5.4,96.3,5.4,12609,1643.40602284528,7.4045262103591,2.1124763705104,0.747860894629424,0,,38.06,,1592.49,1,1653.67601246106,7.41075597517576,1,61.15,0,12609,0,3,2,12609,0,,,1,4571,5772,12609,,,,,0,0,,,,0,0,4,0,12609,C10AA05,20 MG,C10,C10A,C10AA,C10AA05,81 MG,1,,,,1,1,1,,,,,"","",,,,,,,,,,,,1,0,0,0,1,1,1,0,0,0,0,,1.46,56.46,2,021309CJB,251.482,2.45,39,224.8,39,147.197,8,13584,13584,38.06,1,1,1,81,0,8,1,1,1,0,0,0,0,0,0,0,0,165,67.75,0,0,1,1,0,0,1,,,,,7,2,,0,1,1,0,0,0,0,,1,1,2,2,0,567,1,0,1,75,25.2738240529108,1,0,1,1,1,,0,0,0,0,1,12785,0,,,,0,0,1,,,0,73.6,1,56.0747663551402,4.02668591374829,2,0,0,1,91,0,1,13712,,5484,11,,18.0594068444536,1,Q3,high,high,Q1-Q3,Q1-Q3,Atherothrombotic Infarction of Brain,,,,,
1,2810930254,2017-10-28,1895.1,2,1,272,56,154,98,0.78,3,36.5,5.4,11966,5192.05479452055,8.55488481197241,2.09507042253521,0.739587167384424,0,,38.42,,852.23,1,2334.87671232877,7.75571436884984,1,70.15,0,11966,0,3,,11966,0,,,2,4616,5714,11966,,,,,0,0,,,,0,0,4,0,11966,C10AA01,40 MG,C10,C10A,C10AA,C10AA01,81 MG,1,,,,,1,1,,,,,"","",,,,,,,,,,,,1,0,0,0,0,1,1,0,0,0,0,,2.1,69.72,2,012309CJB,278.658,3.08,13,262.8,13,198.202,8,13316,13316,38.42,0,1,1,81,0,2,1,1,1,0,0,0,0,0,0,0,0,141,59.75,0,0,0,0,0,0,1,,,,,2,6,,0,1,0,0,0,0,0,1,1,1,2,2,0,567,1,0,0,70,27.7682752806027,1,0,0,1,0,,0,0,0,0,0,,0,,,,0,0,0,,,0,185.2,0,82.1917808219178,4.4090553070618,2,0,0,1,77,1,1,16364,12670,16364,28,4398,67.4292830457214,0,Q4,high,high,Q4,Q4,Death,12.041067761807,1,1,1,0
7,2810930891,2017-08-10,1362.4,2,1,162,45,130,115,0.54,4.5,127.9,6.6,3248,1065.20719311962,6.97092460675177,0.724460724460725,-0.322327729235048,1,4.5,44.54,41.82,955.01,2,746.684910086005,6.61564328903339,1,65.24,0,3248,0,3,,3248,0,,,2,3248,5049,,,5049,1801,,0,0,,,,0,0,4,0,3248,C10AA05,5/50 MG,C03,C03A,C03AA,C03AA03,81 MG,1,,,,1,1,1,1,,,,C03AA03,"",,,,,,,,1,,,,1,0,0,0,1,1,1,1,0,0,0,,2.7,74.77,2,122308CJB,322.414,1.65,2,51.3,2,42.589,3,,,44.54,1,1,1,81,0,,0,0,0,0,0,0,,,,,0,139,60.75,0,0,0,0,0,0,,,1,,,8,2,,0,1,1,0,,,0,,2,3,0,2,0,567,1,0,0,58,26.4806016580483,0,0,1,1,1,,0,0,0,0,0,,0,,,,0,0,0,,,0,91,1,35.1837372947615,3.56058396717361,2,0,0,1,104,0,0,,7869,,,,10.2423768569195,1,Q2,low,low,Q1-Q3,Q1-Q3,,,,,,
1,2810931040,2017-10-01,239,2,1,171,90,53,125,0.82,11.3,27.7,5.7,12065,862.815884476534,6.76020132472631,1.45326409495549,0.373812126472288,1,,39.98,,164.34,1,593.285198555957,6.38567522529784,1,64.69,0,12065,0,3,40,12065,1,4408,16473,1,4522,5719,12065,14169,14169,2104,,0,0,,,,0,1,4,1,12065,C10AX09,20 MG,C10,C10A,C10AA,C10AA01,"",,,,,1,1,,,,1,,C10AA01,"",,,,,,1,1,1,,,,0,0,0,0,1,1,1,1,0,1,0,,0.35,25.14,2,012009CJB,239.592,0.71,9,101.5,9,75.118,8,13478,13478,39.98,1,1,1,81,1,8,0,0,0,0,0,0,0,0,0,0,0,161,70.25,0,0,0,0,0,0,1,,,,,5,7,,0,1,1,1,0,0,0,,1,1,0,2,0,567,1,0,0,75,22.9371170866048,0,1,1,1,1,,0,0,0,0,0,,0,,,,0,0,0,,,0,70.4,1,407.942238267148,6.01112559150714,3,1,0,1,87,0,0,16999,17049,16473,40,4984,9.91742395950039,0,Q2,low,low,Q1-Q3,Q1-Q3,CHF,13.6454483230664,1,1,1,0
1,2810931366,2017-09-06,4135.8,2,1,131,41,208,146,1.1,13.6,121.1,6.8,11000,3415.19405450041,8.13598959454871,1.35759209344115,0.305712610997195,1,,48.36,,997.18,1,823.435177539224,6.71348483072008,1,57.18,0,11000,0,3,,11000,0,,,1,,4571,11000,,,,,0,0,,,,0,0,4,0,11000,C10AA05,10 MG,C10,C10A,C10AA,C10AA05,81 MG,1,,1,,1,1,1,,,,,"","",,,,,,,,,,,,1,0,1,0,1,1,1,0,0,0,0,,4.48,69.23,2,011309CJB,416.754,2.4,4,185.4,4,117.559,8,12511,12511,48.36,1,1,1,81,1,8,0,0,0,0,0,0,0,0,0,0,0,163,69.5,0,0,0,0,0,0,1,,,,,4,1,,0,1,1,1,0,0,0,,1,1,0,2,0,567,1,0,0,64,23.7259498379045,0,0,1,1,1,,0,0,0,0,0,,0,,,,0,0,1,,,0,48.4,1,112.303881090008,4.7212084211651,2,1,0,1,71,1,1,11685,13784,11685,29,685,48.1013247112734,0,Q4,high,high,Q4,Q4,Death,1.87542778918549,0,0,0,0
1,2810931637,2017-11-23,1086.1,2,1,260,85,97,98,0.63,13.3,93.1,5.7,11476,1166.59505907626,7.06184457899106,1.76388888888889,0.567520967442536,0,,49.22,,1388.04,1,1490.91299677766,7.30714396080038,1,66.58,0,11476,0,3,,11476,0,,,2,4130,5198,11476,13588,13588,2112,,0,0,,,,0,0,4,0,11476,C09AA07,10 MG,C03,C03A,C03AA,C03AA03,81 MG,1,,,,1,,,,,,,C03AA03,"",,,,,,,,1,,,,1,0,0,0,1,0,0,1,0,0,0,,4.6,68.15,2,013009CJB,410.998,1.69,20,279.5,20,131.096,8,12719,12719,49.22,1,1,1,81,0,2,1,1,1,0,0,0,0,0,0,0,0,116,62.5,0,0,0,0,0,0,1,,,,,6,2,,0,1,1,0,0,0,0,1,1,1,2,2,0,567,1,0,0,60,20.8787054374109,1,0,1,0,1,,0,0,0,0,0,,0,,,,0,0,0,,,0,155.6,1,142.857142857143,4.96184512992682,2,0,0,0,97,0,1,,16507,,,,12.0267531863532,1,Q3,low,low,Q1-Q3,Q1-Q3,,,,,,
1,2810932892,2018-05-23,15000,2,1,187,33,374,92,1.3,3,172.2,5.3,12313,8710.80139372822,9.07231907407881,1.34219495569189,0.294306300496144,1,,31.24,,1448.49,1,841.16724738676,6.73479050748656,1,57.88,0,12313,0,3,,12313,0,,,1,4544,5798,12313,,,,,0,0,,,,0,0,4,0,12313,C10AC01,4 GM,C10,C10A,C10AC,C10AC01,325 MG,1,,,,,1,,,,,,"","",,,,,,,,,,,,1,0,0,0,0,1,0,0,0,0,0,,2.82,80.62,2,011509CJB,,,7,276.7,7,148.059,8,13763,13763,31.24,0,1,1,325,0,8,0,0,0,0,0,0,0,0,0,0,0,208,72,0,0,0,0,0,0,1,,,,,7,1,,0,1,0,0,0,0,0,,1,1,0,2,0,2275,2,0,0,60,28.2100564201128,0,0,0,0,0,,0,0,0,0,0,,0,,,,0,0,0,,,0,79.2,0,17.4216027874564,2.85771097565662,1,0,1,0,59,1,1,,12313,,,,147.640701588614,1,Q4,high,high,Q4,Q4,,,,,,
1,2810932932,2018-02-10,1469.2,2,1,126,32,117,109,1.74,4.3,121.5,5.1,12609,1209.21810699588,7.097729237153,,,,,56.14,,1090.49,1,897.522633744856,6.79963833870167,1,52.42,0,12609,1,2,1,12609,1,2947,15556,1,4617,6056,12609,14499,14499,1890,,0,0,,,,0,1,3,1,12609,C10AX09,"",C09,C09A,C09AA,C09AA07,325 MG,1,,,1,1,1,1,1,,,,C09AA07,"",,,,,1,,,,,,,1,0,0,1,1,1,1,1,0,0,0,,9.27,158,2,021909bCJ,,,47,132.2,47,139.442,8,13370,13370,56.14,1,1,1,325,0,8,0,0,0,0,0,0,1,0,0,0,0,225,70,0,0,0,0,0,0,,1,,,,4,6,,0,1,1,0,0,0,0,,2,2,0,2,0,2275,2,0,0,71,32.2843502829863,0,0,1,1,1,141,0,1,1,1,1,4508,0,,,,0,0,0,,,0,70.6,1,35.3909465020576,3.56645603890105,2,0,0,1,45,0,1,15567,15122,4508,1,2513,26.8715134887974,0,Q3,low,high,Q4,Q1-Q3,MI,6.88021902806297,1,0,0,0
1,2810934682,2017-08-29,2022.9,2,1,164,56,73,88,0.83,10.5,120.6,5.2,12228,1677.3631840796,7.42497830610365,2.25190839694656,0.811778033138668,0,,47.96,,1166.23,1,967.023217247098,6.87422250472774,1,,0,12228,,,41,12228,1,4704,16932,1,4522,5776,12228,14435,14435,2207,,0,0,,,,0,1,,1,12228,C10AA05,160 MG/25 MG,C03,C03A,C03AA,C03AA03,81 MG,1,,,,1,1,1,,,,,C03AA03,"",,,,,,,,1,,,,1,0,0,0,1,1,1,1,0,0,0,,1.71,28.94,2,010909CJB,448.976,2.43,2,218.1,2,125.571,8,13790,13790,47.96,1,1,1,81,0,8,0,0,0,0,0,0,0,0,0,0,0,188,69.5,0,0,0,0,0,0,1,,,,,7,8,,0,1,1,0,0,0,0,,1,1,0,2,0,567,1,0,0,70,27.3648991995463,0,0,1,1,1,,0,0,0,0,0,,0,,,,0,0,0,,,0,93.4,1,87.0646766169154,4.46665125185253,2,0,0,1,89,0,1,,17584,16932,41,5356,18.846777349209,1,Q3,high,high,Q1-Q3,Q1-Q3,CHF,14.6639288158795,1,1,1,0
1,2810935028,2017-09-23,1392.7,2,1,224,43,146,112,0.95,4.3,211.8,5.6,12187,657.554296506138,6.48852734087983,,,,,54.2,,1303.18,1,615.288007554297,6.42209046315231,1,65.52,0,12187,0,3,,12187,0,,,1,4578,5786,12187,14343,14343,2156,,0,0,,,,0,0,4,0,12187,M01AX05,1000 MG,M01,M01A,M01AX,M01AX05,81 MG,1,1,,,1,1,,,,,,"","",,,,,,,,,,,,1,1,0,0,1,1,0,0,0,0,0,,0.34,77.74,2,011509CJB,,,7,238.7,7,238.605,8,13631,13631,54.2,1,1,1,81,0,8,0,0,0,0,1,1,0,0,0,0,0,211,70.5,0,0,0,0,0,0,1,,,,,3,6,,0,1,1,0,0,0,0,,1,1,0,2,2,567,1,0,0,63,29.8476287310203,0,0,1,1,1,,0,0,0,0,0,,0,,,,0,0,0,,,0,151.8,1,20.3021718602455,3.01072786851435,1,0,1,0,85,0,0,,17424,,,,7.73593290007221,1,Q1,low,low,Q1-Q3,Q1-Q3,,,,,,
7,2810935121,2017-08-19,1465.6,2,1,129,45,53,126,0.84,3,122.4,7.3,3375,1197.38562091503,7.08789580982973,,,,6.6,37.48,41.14,689.15,2,563.031045751634,6.33333477005031,1,67.6,0,3375,0,3,,3375,0,,,1,3375,5062,,,5062,1687,,0,0,,,,0,0,4,0,3375,C10AA05,10 MG,C10,C10A,C10AA,C10AA05,"",,,,,1,1,1,1,1,1,,"","",,,,,,,,,,,,0,0,0,0,1,1,1,1,1,1,0,,24.58,823.9,2,010609CJB,216.828,4,4,196.4,4,101.345,3,,,37.48,1,1,1,81,1,,0,0,0,0,0,0,,,,,0,398,68.5,0,0,0,0,0,0,,1,,,,8,1,,0,0,1,1,,,0,,2,2,0,,0,567,1,0,0,55,59.635867580116,0,1,1,1,1,,0,0,0,0,0,,0,,,,0,0,0,,,0,73.4,0,24.5098039215686,3.19907319757202,1,1,0,1,114,0,1,,7845,,,,10.5033826396055,1,Q3,low,low,Q1-Q3,Q1-Q3,,,,,,
1,2810935268,2018-11-26,5126.6,2,1,184,43,98,112,1.4,43.2,471.2,5.3,12222,1087.98811544992,6.99208550405652,2.11515748031496,0.749129268504083,0,,45.24,,2503.15,1,531.228777589134,6.27519277137317,1,60.97,0,12222,0,3,,12222,0,,,1,4517,5799,12222,14934,14934,2712,,0,0,,,,0,0,4,0,12222,M01AX05,1500 MG,M01,M01A,M01AX,M01AX25,325 MG,1,1,,,1,1,1,1,,,,M01AX25,"",,1,,,,,,,,,,1,1,0,0,1,1,1,1,0,0,0,,1.18,156.7,2,010809CJB,294.832,2.06,1,172.2,1,149.149,8,13833,13833,45.24,1,1,1,325,0,8,0,0,0,0,0,0,0,0,0,0,0,202,68.25,0,0,0,0,0,0,1,,,,,7,1,,0,1,1,0,0,0,0,,1,1,0,2,0,2275,2,0,0,68,30.4895960594964,0,0,1,1,1,,0,0,0,0,0,,0,,,,0,0,0,,,0,121.4,1,91.6808149405773,4.51831314189483,2,0,0,1,51,0,0,,17627,,,,21.3331003029395,1,Q2,low,high,Q1-Q3,Q1-Q3,,,,,,
1,2810935338,2017-09-06,1171,2,1,128,43,57,92,1,6.4,97.8,6.2,12170,1197.34151329243,7.08785897254504,1.93174767321613,0.658425123335494,0,,41.06,,777.21,1,794.693251533742,6.67795619306881,1,,2,12170,,,41,12170,1,3263,15433,1,4583,5795,12170,14298,14298,2128,15481,1,0,3244,15414,,0,1,,1,12170,M01AB01,75 MG,M01,M01A,M01AB,M01AB01,81 MG,1,1,,,,1,1,,,,,"","",,,,,,,,,,,,1,1,0,0,0,1,1,0,0,0,0,,0.82,21.86,2,011309CJB,432.732,1.92,4,248.6,4,165.631,8,13668,13668,41.06,0,1,1,81,0,8,0,0,0,0,0,0,0,0,0,0,0,189,67.5,0,0,0,0,0,0,1,,,,,7,1,,0,1,0,0,0,0,0,,1,1,0,2,0,567,1,0,0,57,29.1648583297167,0,0,0,1,0,141,0,1,0,1,0,,0,,2,1,0,0,0,,,0,73.6,1,65.439672801636,4.18112869230699,2,0,0,1,83,0,1,,17461,9031,6,5291,14.4258013649691,1,Q3,low,low,Q1-Q3,Q1-Q3,Angina,14.4859685147159,1,1,1,0
7,2810936361,2017-08-10,4880.7,2,1,147,39,114,129,1.05,6,115.5,6,4655,4225.71428571429,8.34894358720948,1.35767022149303,0.305770158329892,1,4.8,36.36,33.96,840.37,2,727.593073593074,6.58974192707292,1,56.92,0,4655,0,3,,4655,0,,,1,4655,6671,,,6671,2016,,0,0,,,,0,0,4,0,4655,C10AA05,10 MG,C10,C10A,C10AA,C10AA05,"",,,,,1,1,1,,,,,"","",,,,,,,,,,,,0,0,0,0,1,1,1,0,0,0,0,,3.79,199.3,2,122908CJB,244.184,1.39,2,213.2,2,154.961,3,,,36.36,1,2,2,81,0,,0,0,0,0,0,0,,,,,0,278,74,0,0,0,0,0,0,,1,,,,8,7,,0,0,1,0,,,0,,2,2,0,,0,162,1,0,0,71,35.693321934489,0,0,1,1,1,,0,0,0,0,0,,0,,,,0,0,0,,,0,85.2,1,51.948051948052,3.95024421824834,2,1,0,1,82,1,1,,9261,,,,51.5331010452962,1,Q4,high,high,Q4,Q4,,,,,,
1,2810937677,2017-12-02,381.3,2,1,212,80,65,96,0.81,3,24.8,5.3,12427,1537.5,7.33791299968067,1.93253629376601,0.65883328203582,0,,24.52,,516.11,1,2081.08870967742,7.64064645387403,1,68.57,0,12427,0,3,41,12427,1,2714,15141,2,4572,5792,12427,14625,14625,2198,15227,1,0,470,12897,,0,1,4,1,12427,M01AX25,400 MG,M01,M01A,M01AX,M01AX25,81 MG,1,1,,,1,,,,,,,"","",,,,,,,,,,,,1,1,0,0,1,0,0,0,0,0,0,,4.27,64.17,2,020409CJB,412.428,3.87,26,207.6,26,119.884,8,13588,13588,24.52,1,1,1,81,0,2,0,0,0,0,0,0,0,0,0,0,0,227,68.25,0,0,0,0,0,0,1,,,,,7,6,,0,1,1,0,0,0,0,1,1,1,0,2,0,567,1,0,0,64,34.263060918345,0,0,1,0,1,143,1,0,0,0,0,,0,,1,2,0,0,0,,,0,119,0,120.967741935484,4.79552391447931,2,0,0,0,77,0,1,,17375,15141,41,4948,19.9675324675325,0,Q3,high,high,Q1-Q3,Q1-Q3,CHF,13.5468856947296,1,1,1,0
1,2810938893,2017-10-22,718.2,2,1,246,72,136,100,0.88,3.4,83.3,5.4,12301,862.18487394958,6.75946971860728,3.13662239089184,1.14314654927966,0,,23.54,,2185.5,1,2623.64945978391,7.87232155111866,1,63.81,0,12301,0,3,,12301,0,,,2,4553,5790,12301,14373,14373,2072,,0,0,,,,0,0,4,0,12301,M01AX05,500 MG & 400 MG,M01,M01A,M01AX,M01AX25,81 MG,1,1,,,,,,,,,,M01AX25,"",,1,,,,,,,,,,1,1,0,0,0,0,0,0,0,0,0,,0.9,69.97,2,012109CJB,400.306,1.21,11,131.2,11,86.312,8,13681,13681,23.54,0,1,1,81,0,2,0,0,0,0,0,0,0,0,0,0,0,179,61.5,0,0,0,0,0,0,1,,,,,3,6,,0,0,0,0,0,0,0,1,1,1,0,,0,567,1,0,0,67,33.2742604807042,0,0,0,0,0,,0,0,0,0,0,,0,,,,0,0,0,,,0,146.8,0,40.8163265306122,3.70908216143146,2,0,0,0,68,0,0,,17473,,,,12.6791893227879,1,Q2,low,low,Q1-Q3,Q1-Q3,,,,,,
1,2810938973,2018-07-06,20000,3,1,196,102,35,112,0.85,6.7,156.5,5.8,11700,12779.552715655,9.45560172854401,4.49806351665376,1.50364697452541,0,,31.26,,1351.67,1,863.686900958467,6.76121031997749,1,71.13,0,11700,0,3,,11700,0,,,2,3740,5638,11700,13744,13744,2044,,0,0,,,,0,0,4,0,11700,B01AC06,81 MG,B01,B01A,B01AC,B01AC06,81 MG,1,,,,,,,,,,,"","",,,,,,,,,,,,1,0,0,0,0,0,0,0,0,0,0,,0.59,9.26,2,021909CJB,469.556,6.74,46,187.6,46,122.265,8,12501,12501,31.26,0,1,1,81,0,2,0,0,0,0,0,0,0,0,0,0,0,108,67.75,0,0,0,0,0,0,1,,,,,8,1,,0,1,0,0,0,0,0,1,1,1,0,2,0,567,1,0,0,60,16.5428666528144,0,0,0,0,0,,0,0,0,0,0,,0,,,,0,0,0,,,0,87,1,42.8115015974441,3.75680679539885,2,0,0,0,74,1,1,,16282,,,,172.696658319662,1,Q4,high,high,Q4,Q4,,,,,,
1,2810940162,2017-12-31,772.6,2,1,166,67,77,103,0.82,4.6,88.7,5.6,11691,871.025930101466,6.76967174690474,2.22528032619776,0.799882896984581,0,,59.44,,686.13,1,773.540022547914,6.65097741081794,1,56.69,0,11691,0,3,,11691,0,,,1,4295,5636,11691,13638,13638,1947,,0,0,,,,0,0,4,0,11691,C10AA05,10 MG,C10,C10A,C10AA,C10AA05,81 MG,1,,,1,,1,1,,,,,"","",,,,,,,,,,,,1,0,0,1,0,1,1,0,0,0,0,,1.18,42.81,2,020909CJB,605.468,1.53,32,197.5,32,127.476,8,12763,12763,59.44,1,2,1,81,0,8,0,0,0,0,0,0,0,0,0,0,0,139,67.5,0,0,0,0,0,0,1,,,,,8,6,,0,1,1,0,0,0,0,,1,1,0,2,0,1134,2,0,0,73,21.4492873430191,0,0,1,1,1,,0,0,0,0,0,,0,,,,0,0,0,,,0,83.6,1,51.8602029312289,3.94855169316165,2,0,0,1,88,0,0,15349,,15349,28,3658,9.8980219329712,0,Q2,low,low,Q1-Q3,Q1-Q3,Death,10.0150581793292,1,1,0,0
1,2810940914,2017-11-21,2725.7,2,0,196,44,100,93,1.01,3.2,220.3,5.4,12490,1237.26736268724,7.12066048702288,1.13036809815951,0.122543330262684,1,,35.5,,2188.26,1,993.309123921925,6.90104191864366,1,65.41,0,12490,0,3,,12490,0,,,1,4534,6527,12490,14489,14489,1999,,0,0,,,,0,0,4,0,12490,C09AA03,5 MG,C09,C09A,C09AA,C09AA03,81 MG,1,,,,1,,,1,,,,"","",,,,,,,,,,,,1,0,0,0,1,0,0,1,0,0,0,,0.8,103.6,2,012709bCJ,340.728,0.21,17,122.3,17,143.252,8,13768,13768,35.5,1,1,1,81,0,8,0,0,0,0,0,0,0,0,0,0,0,189,70.25,0,0,0,0,0,0,1,,,,,8,1,,0,1,1,0,0,0,0,,1,1,0,2,0,567,1,0,0,59,26.9261809277535,0,0,1,0,1,,0,0,0,0,0,,0,,,,0,0,1,,,0,132,0,14.5256468452111,2.67591583497952,1,0,0,0,81,0,1,,17559,,,,15.2749057121882,1,Q3,low,low,Q1-Q3,Q1-Q3,,,,,,
1,2810941775,2017-08-23,2404.9,2,1,138,31,138,103,0.85,17.8,163.7,5.3,11217,1469.08979841173,7.29239830324481,1.71611868484362,0.540065162335861,0,,43.98,,2522.45,1,1540.89798411729,7.34012063203677,1,65.13,0,11217,0,3,4,11217,0,,,1,4357,5574,11217,13505,13505,2288,13155,1,0,1938,13155,,0,0,4,0,11217,C02CA04,4 MG,C02,C02C,C02CA,C02CA04,81 MG,1,,1,,,,,,,,,"","",,,,,,,,,,,,1,0,1,0,0,0,0,0,0,0,0,,0.76,106.9,2,010909CJB,444.194,2.22,1,147.2,1,142.062,8,12824,12824,43.98,1,1,1,81,0,8,0,0,0,0,0,0,0,0,0,0,0,223,69,0,0,0,0,0,0,1,,,,,8,6,,0,1,1,0,0,0,0,,1,1,0,2,0,567,1,0,0,67,32.9315592468614,0,0,1,0,1,,0,0,0,0,1,14986,0,,2,1,0,0,0,,,0,79.4,1,108.735491753207,4.68891825190309,2,0,0,0,90,0,1,,16618,14986,4,5401,16.3232199823525,1,Q3,high,low,Q1-Q3,Q1-Q3,MI,14.7871321013005,1,1,1,0
1,2810941864,2017-12-31,1316.5,2,1,186,51,264,105,0.77,10.4,80.3,5.4,12147,1639.47696139477,7.40213254397174,1.47430406852248,0.388186060499812,1,,47.26,,1123.17,1,1398.71731008717,7.24331088854851,1,64.94,0,12147,0,3,13,12147,0,,,2,4881,6202,12147,14675,14675,2528,10599,1,1,-1548,10599,,0,0,4,0,12147,M01AX25,10 MG,M01,M01A,M01AX,M01AX25,81 MG,1,1,,1,,1,1,1,,,1,"","",,,,,,,,,,,,1,1,0,1,0,1,1,1,0,0,1,,0.92,67.04,2,020909CJB,676.67,1.53,32,209.7,32,161.839,8,13218,13218,47.26,1,1,1,81,0,2,0,0,0,0,0,0,0,1,0,0,0,121,61,0,0,0,0,0,0,1,,,,,3,0,,0,1,1,0,0,1,0,1,1,1,0,2,0,567,1,0,0,83,22.8628997972858,0,0,1,1,1,140,0,1,1,0,0,,1,15513,3,1,1,0,0,,,0,82.2,1,129.514321295143,4.86379146417675,2,0,0,1,71,0,1,15521,,9974,6,,23.091224808377,1,Q3,high,high,Q1-Q3,Q1-Q3,Angina,,,,,
1,2810942000,2017-09-07,1807.1,2,1,153,59,74,92,0.82,11.8,122.6,6.2,12341,1473.98042414356,7.2957217918901,4.26225854383358,1.4497991943972,0,,34.5,,1508.12,1,1230.11419249592,7.11486228348473,1,66.45,0,12341,0,3,,12341,0,,,2,4510,5818,12341,14462,14462,2121,15687,1,0,3346,15687,,0,0,4,0,12341,C10AA05,10 MG,C10,C10A,C10AA,C10AA05,81 MG,1,,,,,1,1,,,,,"","",,,,,,,,,,,,1,0,0,0,0,1,1,0,0,0,0,,1.61,55.28,2,011309CJB,360.994,2.09,5,209.3,5,115.416,8,13826,13826,34.5,0,1,1,81,0,2,0,0,0,0,0,0,0,0,0,0,0,154,65.5,0,0,0,0,0,0,1,,,,,4,6,,0,1,0,0,0,0,0,1,1,1,0,2,0,567,1,0,0,66,25.2373490004249,0,0,0,1,0,,0,0,0,0,0,,0,,1,4,0,0,0,,,0,79.2,1,96.2479608482871,4.56692778695165,2,0,0,1,75,0,1,,17619,,,,19.6530723219141,1,Q3,high,high,Q1-Q3,Q1-Q3,,,,,,
1,2810942200,2017-11-13,2000.6,2,1,190,27,492,155,1.12,29.3,83.8,6.5,11483,2387.3508353222,7.77793959305113,,,,,56.68,,1047.25,1,1249.70167064439,7.1306601383272,1,54.37,2,11483,1,2,2,11483,0,,,1,4299,5650,11483,,,,,0,0,,,,0,0,3,0,11483,M01AH01,200 MG,M01,M01A,M01AH,M01AH01,81 MG,1,1,,,1,1,1,1,,,,"","",,,,,,,,,,,,1,1,0,0,1,1,1,1,0,0,0,,5.79,240.6,2,012709CJB,179.426,1.29,17,188.4,17,128.962,8,12772,12772,56.68,1,1,1,81,0,8,0,0,0,0,0,0,0,0,0,0,0,224,65.25,0,0,0,0,0,0,1,,,,,5,6,,0,1,1,0,0,0,0,,1,1,0,2,0,567,1,0,0,74,36.9907041835487,0,0,1,1,1,,0,0,0,0,1,5790,0,,,,0,0,1,1,11705,0,64.6,1,349.64200477327,5.85690978751712,3,1,0,1,64,1,1,11716,,5790,2,,37.3023568019093,1,Q4,high,high,Q4,Q4,MI,,,,,
1,2810945498,2018-02-22,737.8,2,1,140,44,53,118,0.67,65.1,76,7.1,12268,970.789473684211,6.87810963086434,1.47559591373439,0.389061917513449,1,,34.96,,845.56,1,1112.57894736842,7.01443597544925,1,55.83,1,12268,0,3,2,12268,1,260,12528,1,4367,5697,12268,14235,14235,1967,14599,1,0,215,12483,,0,1,4,1,12268,M01AX05,5 MG,C09,C09A,C09AA,C09AA07,31 MG,1,1,,1,,1,1,,,1,,C09AA07,"",,,,,1,,,,,,,1,1,0,1,1,1,1,0,0,1,0,,0.44,51.83,2,022109CJB,449.08,1.59,50,205.4,50,136.536,8,12897,12897,34.96,1,1,1,81,0,8,0,0,0,0,0,0,0,0,0,1,0,162,68.25,0,0,0,0,0,0,1,,,,,3,6,,0,1,1,0,1,0,0,,1,1,0,2,0,567,1,0,0,70,24.4520522853387,0,1,1,1,1,141,0,1,1,1,1,8064,0,,1,1,0,0,0,,,0,85.4,1,856.578947368421,6.75294648791033,3,1,0,1,97,0,0,14616,12374,3529,6,106,10.0081389039609,0,Q2,low,low,Q1-Q3,Q1-Q3,Angina,0.290212183436003,0,0,0,0
1,2810946221,2017-10-07,375.2,2,1,141,42,127,152,0.79,16.5,37.5,7,11224,1000.53333333333,6.9082884701438,2.20238095238095,0.789539026235011,0,,25.12,,1403.06,1,3741.49333333333,8.22724009770226,1,72.68,0,11224,0,3,,11224,0,,,2,4384,5616,11224,13300,13300,2076,,0,0,,,,0,0,4,0,11224,C10AA05,5/500 MG,A10,A10B,A10BA,A10BA02,325,1,,,,1,1,1,1,,1,,A10BA02,"",,,,,,,,,,1,,1,0,0,0,1,1,1,1,0,1,0,,1.1,41.72,2,012009CJB,321.282,3.57,10,157.9,10,105.613,8,12624,12624,25.12,1,1,1,325,1,2,0,0,0,0,0,0,0,0,0,1,0,200,62.75,0,0,0,0,0,0,1,,,,,4,1,,0,1,1,1,1,0,0,1,1,1,0,2,0,2275,2,0,0,62,35.7115045748639,0,1,1,1,1,140,0,1,1,0,0,,0,,,,0,0,0,,,0,73.6,1,440,6.08677472691231,3,1,0,1,80,0,0,,16416,10717,6,5192,12.5066666666667,1,Q2,low,low,Q1-Q3,Q1-Q3,Angina,14.2149212867899,1,1,1,0
1,2810946437,2017-08-30,1247.5,2,1,175,49,60,108,0.98,3,145.7,5.5,12118,856.211393273851,6.75251730041261,1.89794091316025,0.640769568596857,0,,71.18,,1746.37,1,1198.60672614962,7.08891509967998,1,60.66,0,12118,0,3,,12118,0,,,1,4584,5785,12118,14311,14311,2193,,0,0,,,,0,0,4,0,12118,C10AA05,20 MG,C10,C10A,C10AA,C10AA05,81 MG,1,,,,,1,1,,,,,"","",,,,,,,,,,,,1,0,0,0,0,1,1,0,0,0,0,,0.66,92.69,2,011209CJB,418.336,1.26,2,202.1,2,142.033,8,13664,13664,71.18,0,1,1,81,0,8,0,0,0,0,0,0,0,0,0,0,0,170,68,0,0,0,0,0,0,1,,,,,8,2,,0,1,0,0,0,0,0,,1,1,0,2,0,567,1,0,0,63,25.8485811089269,0,0,0,1,0,,0,0,0,0,0,,0,,,,0,0,1,,,0,114,0,20.5902539464653,3.02481785444909,1,0,0,1,82,0,0,,17458,,,,10.4416023569982,1,Q2,low,low,Q1-Q3,Q1-Q3,,,,,,
1,2810947569,2018-12-17,1796.2,2,1,135,25,121,92,0.82,90.4,127.6,5.9,11878,1407.6802507837,7.24969841631425,,,,,32.72,,842.22,1,660.047021943574,6.49231107785169,1,63.03,0,11878,0,3,4,11878,0,,,1,4437,5672,11878,,,,4728,1,1,-7150,4728,,0,0,4,0,11878,C09AA09,40 MG,C09,C09A,C09AA,C09AA09,325 MG,1,,,1,1,,,,,1,,"","",,,,,,,,,,,,1,0,0,1,1,0,0,0,0,1,0,,2.68,60.34,2,020509CJB,282.08,2.91,29,216.8,29,196.507,8,12993,12993,32.72,1,1,1,325,1,8,0,0,0,0,1,1,0,0,0,0,2,198,68.5,0,0,0,0,0,0,1,,,,,3,6,,1,0,1,1,0,0,1,,1,1,0,1,2,2275,2,1,0,80,29.6680949267914,0,1,1,0,1,,0,0,0,0,1,1224,0,,1,1,1,0,0,,,0,85.8,1,708.46394984326,6.56309917546958,3,1,0,0,84,0,1,12450,,1224,4,,16.7580982236155,1,Q3,high,low,Q1-Q3,Q1-Q3,MI,,,,,
1,2810947625,2017-11-18,952.3,2,1,218,39,177,327,1.08,88.6,112,13.4,12064,850.267857142857,6.745551425893,1.54466230936819,0.434805316471582,1,,43.62,,617.74,1,551.553571428572,6.31273897165247,1,71.41,0,12064,0,3,12,12064,1,3459,15523,1,4616,5879,12064,14315,14315,2251,,0,0,,,,0,1,4,1,12064,B01AC06,81 MG,B01,B01A,B01AC,B01AC06,81 MG,1,,,,,,,,,1,,"","",,,,,,,,,,,,1,0,0,0,0,0,0,0,0,1,0,,5.37,38.05,2,013009CJB,410.242,4.74,20,213.9,20,147.397,8,13313,13313,43.62,0,1,1,81,1,8,0,0,0,0,0,0,0,0,0,0,0,179,65.75,0,0,0,0,0,0,1,,,,,7,1,,0,1,0,1,0,0,0,,1,1,0,2,0,567,1,0,0,64,29.1116706508739,0,1,0,0,0,140,0,1,1,0,1,15522,1,15392,,,0,0,1,,,0,143.6,1,791.071428571429,6.67338826529808,3,1,0,0,72,0,0,15525,,15392,12,,11.8092757936508,1,Q1,low,low,Q1-Q3,Q1-Q3,TIA,,,,,
7,2810948082,2017-08-12,1185.4,2,1,124,41,172,172,1.41,46.3,143.9,7.7,4598,823.766504517026,6.71388712144851,1.02930914166085,0.0288878409457483,1,1.5,33.68,32.98,1894.82,2,1316.7616400278,7.18293069829238,1,71.05,0,4598,0,3,12,4598,0,,,1,4598,6285,,,6285,1687,,0,0,,,,0,0,4,0,4598,C10AA02,100 MG,C03,C03A,C03AA,C03AA03,81 MG,1,,1,1,1,1,1,1,,1,,C03AA03,"",,,,,,,,1,,,,1,0,1,1,1,1,1,1,0,1,0,,1.9,30.29,2,122208CJB,223.624,2.04,1,96,1,71.24,3,,,33.68,1,1,1,81,1,,0,0,0,0,0,0,,,,,0,177,64,0,0,0,0,0,0,,1,,,,7,1,,0,1,1,1,,,0,,2,2,0,2,0,567,1,0,0,80,30.3821799049848,0,1,1,1,1,,0,0,0,0,0,,1,9270,,,0,0,1,,,0,48.6,1,321.751216122307,5.773778626181,3,1,0,1,54,0,0,,9268,9270,12,4672,15.2549352688338,0,Q1,low,low,Q1-Q3,Q1-Q3,TIA,12.7912388774812,1,1,1,0
1,2810948514,2017-12-16,737.2,2,1,122,60,63,110,0.88,3,52.7,5.5,12646,1398.8614800759,7.24341395623644,1.33153846153846,0.286335011726581,1,,52.98,,1198.59,1,2274.36432637571,7.72945587536314,1,52.4,1,12646,1,2,12,12646,0,,,1,4527,5808,12646,,,,,0,0,,,,0,0,3,0,12646,C10AX06,10/20 MG,C10,C10A,C10AX,C10AX06,81 MG,1,,,,,1,1,,,,,"","",,,,,,,,,,,,1,0,0,0,0,1,1,0,0,0,0,,2.42,71.45,2,020409bCJ,522.988,2.91,27,178.1,27,118.998,8,13786,13786,52.98,1,1,1,81,0,8,0,0,0,0,0,0,,0,0,0,0,164,67.75,0,0,0,0,0,0,1,,,,,3,8,,0,1,1,0,0,0,0,,1,1,0,2,0,567,1,0,0,77,25.1206493616811,0,0,1,1,1,140,0,1,1,0,0,,1,7267,,,0,0,0,,,0,49.4,0,56.9259962049336,4.04175211210293,2,0,0,1,83,0,1,16602,,7267,12,,16.8537527719988,1,Q3,high,low,Q1-Q3,Q1-Q3,TIA,,,,,
1,2810949019,2017-10-07,776.3,2,1,115,48,82,91,0.97,3,100.3,5.7,11011,773.978065802592,6.65154353443184,3.0464504820333,1.11397713652321,0,,21.84,,1602.57,1,1597.77666999003,7.37636836060828,1,70.42,0,11011,0,3,14,11011,0,,,1,4347,,11011,13925,13925,2914,,0,0,,,,0,0,4,0,11011,C10AX09,"",C10,C10A,C10AA,C10AA01,81 MG,1,,,,1,1,1,,,,,C10AA01,"",,,,,,1,1,,,,,1,0,0,0,1,1,1,0,0,0,0,,0.33,21.11,2,012009CJB,438.146,1.39,10,163.7,10,106.708,8,12413,12413,21.84,,1,1,81,0,8,0,0,0,0,0,0,0,0,0,1,0,149,68.25,0,0,0,0,0,0,1,,,,,3,8,,0,1,,0,1,0,0,,1,1,0,2,0,567,1,0,0,70,22.4898505587375,0,0,0,1,0,140,0,1,1,0,0,,1,13593,,,0,0,1,,,0,50.6,0,29.9102691924227,3.39820187268236,1,0,0,1,79,0,0,,16205,13593,14,5194,9.79719070636193,1,Q1,low,low,Q1-Q3,Q1-Q3,Intracerebral Hemmorhage,14.2203969883641,1,1,1,0
1,2810949332,2018-01-08,382.2,2,1,232,57,116,97,0.9,3,50.4,5.3,12438,758.333333333333,6.63112304271694,4.46135831381733,1.49545327433218,0,,40.06,,532.32,1,1056.19047619048,6.96242382318094,1,75.77,0,12438,0,3,,12438,0,,,2,4494,5706,12438,14482,14482,2044,,0,0,,,,0,0,4,0,12438,M01AB05,75 MG,M01,M01A,M01AB,M01AB05,"",,1,,,,,,,,,,"","",,,,,,,,,,,,0,1,0,0,0,0,0,0,0,0,0,,1.17,67.44,2,021109bCJ,430.872,0.98,36,218.1,36,133.783,8,13449,13449,40.06,0,1,1,81,0,2,0,0,0,0,0,0,0,0,0,0,0,141,58.5,0,0,0,0,0,0,1,,,,,7,0,,0,1,0,0,0,0,0,1,1,1,0,2,0,567,1,0,0,64,28.9676318997608,0,0,0,0,0,,0,0,0,0,0,,0,,,,0,0,0,,,0,151.8,0,59.5238095238095,4.08637639257292,2,0,0,0,68,0,0,,17234,,,,11.1519607843137,1,Q1,low,low,Q1-Q3,Q1-Q3,,,,,,
1,2810949473,2018-01-08,361.4,2,1,187,45,150,91,0.89,3.2,43.1,5.6,11502,838.515081206496,6.73163256703652,3.37514384349827,1.21643794371206,0,,39.16,,338.98,1,786.496519721578,6.6675882974683,1,77.26,0,11502,0,3,,11502,0,,,2,,5179,11502,13497,13497,1995,13373,1,0,1219,12721,,0,0,4,0,11502,C10AA05,20 MG,C10,C10A,C10AA,C10AA05,325 MG,1,,,,1,1,1,,,,,"","",,,,,,,,,,,,1,0,0,0,1,1,1,0,0,0,0,,1.55,46.12,2,021109bCJ,308.844,1.36,36,187.1,36,154.999,8,12511,12511,39.16,1,1,1,325,0,2,0,0,0,0,0,0,0,0,0,0,0,134,58.25,0,0,0,0,0,0,1,,,,,3,0,,0,1,1,0,0,0,0,1,1,1,0,2,0,2275,2,0,0,82,27.7663345210461,0,0,1,1,1,141,1,1,0,1,0,,0,,1,1,0,0,1,,,0,112,0,74.245939675174,4.30738309167812,2,0,0,1,60,0,0,,16296,6898,11,4794,13.9752513534416,0,Q1,low,low,Q1-Q3,Q1-Q3,Atherothrombotic Infarction of Brain,13.1252566735113,1,1,1,0
